unnamed:0,personDescription,min.YearlyIncome,customerOrder,grossWeight,netWeight,isRecyclable?,additionalFeaturesInMarket,promotionName,storeKind,storeSales,storeCost,groceryArea,frozenArea,meatArea,cost,customer_city,customer_state,customer_lat,customer_lng,seller_city,seller_state,seller_lat,seller_lng,review_score
mc_ID_1,Single Female with three children and education: bachelors degree working as management,€42K+,"Snack Foods from Snack Foods department, Ordered Brand : Nationeel",16.571,14.972,non recyclable,,Budget Bargains,Supermarket,$6.36 Millions,1.9716 Millions,2049.72,457.36,,708.665, abaete,MG,-19.16050583709177,-45.45377571289521,betim,MG,-19.95866259017359,-44.19878943272789,4.0
mc_ID_2,"MaRrIeD MaLe wItH TwO ChIlDrEn,eDuCaTiOn: HiGh sChOoL DeGrEe wOrKiNg aS SkIlLeD MaNuAl",30K+,"Magazines from Periodicals department, Ordered Brand : Excel",-28.6358,data: 27.1822,recyclable,['Florist'],Shelf Emptiers,Supermarket,10.86 Millions,4.4526 Millions,1322.21,523.32,348.85,val: 564.2647, Sao PauLo ,Sp,data: -23.50609758451153,-46.73241237719997,PRAIE GRANDE,$P,-24.026786758814687,-46.49304889148245,5.0
mc_ID_3,"Single Female with three children, education: partial college working as professional",30K+ annually,"Dairy from Dairy department, Ordered Brand : Carlson",14.2161,amount: 11.2944,recyclable,['Coffee Bar'],Savings Galore,,1.98 Millions,0.6732 Millions,,440.92,293.95,724.5119,sao paulo,SP,-23.665780780743223,-46.6821276135092,Sao Paulo,SP,-23.69289565500035,-46.68021046531817,1.0
mc_ID_5,"Single Male with four children, education: high school degree working as manual",30K+,"Candles from Household department, Ordered Brand : Red Wing",15.4081,13.9545,recyclable,['Coffee Bar'],Weekend Discount,Supermarket,5.22 Millions,1.6182 Millions,1236.07,440.92,293.95,364.1649,mogi-guacu,5P,-22.382941116125448,-46.94664125419024,ibitinga,SP,-21.7664768468313,-48.83154737836604,5.0
mc_ID_7,"Married Male with four children, education: partial high school working as skilled manual",10K+,"Vegetables from Frozen Foods department, Ordered Brand : Golden",17.2978,-14.376,recyclable,,Shelf Clearing Days,SUpermArKET,6.57 Millions,2.6937 Millions,1623.48,341.05,,288.8006,embu-guacu,SP,-23.82852167738724,-46.814795982633896,atibaia,SP,-23.112774381969185,-46.5488845105504,5.0
mc_ID_8,"Married Male with five children, education: high school degree working as skilled manual",30K+,"Beer and Wine from Alcoholic Beverages department, Ordered Brand : Top Measure",25.1472,23.5482,recyclable,"['Bar For Salad', 'Ready Food']",Big Time Discounts,sUPermARkEt,2.43 Millions,1.1907 Millions,2449.91,472.27,313.55,501.9754,pocos de caldas, mg,data: -21.79104335195045,-46.56244368105504,sao paulo_,SP,-23.510081986121538,amount: -46.65907867000398,measure: 5.0
mc_ID_10,"Married Male with three children, education: HS degree working as skilled manual",30K+ annually,"Frozen Desserts from Frozen Foods department, Ordered Brand : PigTail",24.7111,21.8039,non recyclable,"['Ready Food', 'Coffee Bar', 'Video Store', 'Florist', 'Bar For Salad']",Big Time Discounts,Deluxe,3.96 Millions,1.7028 Millions,1734.5,503.07,335.38,583.1973,pEdRo leoPOlDO,MG,val: -19.652292291953287,-44.056767929538886,PETROPOLIS,_RJ,-22.549033360244323,-43.210094724044055,5.0
mc_ID_11,"Single Female with two children, education: partial high school working as skilled manual",10K+,"Breakfast Foods from Frozen Foods department, Ordered Brand : Carrington",11.1054,8.1837,non recyclable,,Big Time Discounts,$UPERMARKET,1.71 Millions,0.513 Millions,1508,227.8,,574.9339,sabara,MG,-19.862833868691293,data: -43.85726075973933,borda da mata,MG,-22.264093569966427,-46.15856420525942,4.0
mc_ID_12,"Married Female with No kids, education: high school degree working as manual",50K+,"Bread from Baked Goods department, Ordered Brand : Sphinx",27.4729,24.4204,recyclable,['Coffee Bar'],Weekend Discount,SUPERMARKET,$8.79 Millions,3.7797 Millions,1236.07,440.92,293.69,364.1649,sao paulo,SP,-23.560566359426364,-46.65761042867444,SERRANA,Sp,-21.21594896945095,-47.59002511568736,5.0
mc_ID_13,"Married Female with four children, education: bachelors degree working as professional",70 Thousand,"Baking Goods from Baking Goods department, Ordered Brand : Plato",22.8214,amount: 21.2225,recyclable,"['Coffee Bar', 'Bar For Salad', 'Ready Food', 'Florist', 'Video Store']",Pick Your Savings,Deluxe,6.78 Millions,3.1188 Millions,1871.16,593.93,395.95,data: 295.4427,contagem,MG,-19.83178058505065,-44.15214545360349,IbItINga,SP,-21.7664768468313,-48.83154737836604,4.0
mc_ID_14,"Single Male with one child, education: partial college working as manual",30 Thousand,"Starchy Foods from Starchy Foods department, Ordered Brand : Jardon",19.9142,15.4081,recyclable,,,Supermarket,1.08 Millions,0.4428 Millions,2049.72,459.36,304.4,714.2611,gu4rulhos,SP,-23.453200132516344,-46.484469408993874,Sao Paulo,SP,-23.554079433810344,-46.53324185942636,1.0
mc_ID_15,"Married Female with two children, education: partial HS working as manual",10K+,"Drinks from Beverages department, Ordered Brand : Skinner",10.335,7.4279,non recyclable,['Coffee Bar'],Super Savers,,2.68 Millions,1.1524 Millions,1236.07,440.92,293.95,measure: 704.2718,atibaia,SP,-23.1317637171793,data: -46.5835637149576,CAMPO LIMPO PAULISTA,SP,measure: -23.20706431353269,-46.760735214610754,5.0/5.0
mc_ID_16,"single female with four children, education: high school degree working as skilled manual",30K+,"Electrical from Household department, Ordered Brand : Red Wing",data: 22.9668,21.5132,non recyclable,Data Missing,Two Day Sale,Supermarket,6.16 Millions,1.9096 Millions,,440.92,293.95,477.3944,ipatinga,Mg,-19.50523742384614,-42.57176378313765,pedreira,SP,-22.73824150585765,-46.8958585777586,5.0
mc_ID_19,"Married Male with one child, education: bachelors degree working as professional",110K+,"Baking Goods from Baking Goods department, Ordered Brand : Landslide",-23.1121,20.0596,recyclable,,Wallet Savers,	Supermarket,6.42 Millions,3.0174 Millions,2049.72,457.36,304.91,418.1385,fortaleza,CE,-3.749334515248173,measure: -38.52361938377261,juiz de fora,MG,-21.76282506633389,data: -43.34295644532287,Rating: 1.0
mc_ID_20,"Married Male with two children, education: partial college working as professional",$90K+,"Beer and Wine from Alcoholic Beverages department, Ordered Brand : Portsmouth",-12.2247,10.7566,non recyclable,"['Video Store', 'Florist', 'Bar For Salad', 'Ready Food', 'Coffee Bar']",Money Savers,Deluxe,13.72 Millions,4.2532 Millions,1871.16,593.93,397.92,343.611,SoUSA,PB,-6.756439581398887,-38.22826951058397,praia grande,SP,-24.04895262488876,-46.53411148239479,3.0
mc_ID_21,"Married Male with four children, education: bachelors degree working as professional",70K+,"Vegetables from Produce department, Ordered Brand : High Top",val: 27.1822,25.7286,recyclable,"['Florist', 'Coffee Bar', 'Bar For Salad', 'Ready Food']",Save Price,De1UxE_,11.22 Millions,5.3856 Millions,2055.29,654.13,435.58,602.1299,BARRA MANSA,_Rj,-22.549784197597585,-44.15993665277684,novafriburgo,RJ ,-22.31000521194919,-42.52023373510779,4.0
mc_ID_24,"Single Male with one child, education: high school degree working as manual",30K+,"Magazines from Periodicals department, Ordered Brand : Mighty Good",19.9142,measure: 15.4081,non recyclable,"['Coffee Bar', 'Bar For Salad', 'Ready Food', 'Florist', 'Video Store']",Two Day Sale,Deluxe,3.7 Millions,1.147 Millions,2038.11,481.98,321.26,495.7517, canoas,RS,-29.89597695920133,-51.14571254440535,CAmPO LImpO PAULISTA,SP,-23.20706431353269,amount: -46.760735214610754,1.0
mc_ID_25,"Married Male with three children, education: partial high school working as manual",10K or more,"Magazines from Periodicals department, Ordered Brand : Dollar",20.4957,17.5885,recyclable,"['Florist', 'Bar For Salad', 'Coffee Bar', 'Video Store', 'Ready Food']",Best Savings,deluxe,5.7 Millions,2.28 Millions,,593.93,395.67,278.7067,patu,Rñ,val: -6.099398136901353,data: -37.64248340479982,sao paulo,	sp,-23.675905499567303,-46.75188111226845,4.0
mc_ID_26,"Married Male with one child, education: partial high school working as management",130K+,"Vegetables from Produce department, Ordered Brand : Tell Tale",24.7111,20.3503,non recyclable,"['Bar For Salad', 'Video Store', 'Florist', 'Coffee Bar', 'Ready Food']",Save Price,Deluxe_,$7.98 Millions,3.591 Millions,2038.11,481.98,319.31,284.3028,tijuca5,SC,-27.24191068154528,val: -48.61743425899997,sao paulo,SP,measure: -23.62358155176294,-46.61056007369148,2.0
mc_ID_27,"Single Female with two children, education: partial high school working as manual",30K+,"Hardware from Checkout department, Ordered Brand : Black Tie",-1.0,12.5009,non recyclable,"['Ready Food', 'Bar For Salad', 'Video Store', 'Coffee Bar', 'Florist']",Shelf Emptiers,GOURM3T,2.01 Millions,0.9849 Millions,1424.85,465.54,,R$3950.59,carapicuiba,SP ,-23.548007803126943,-46.8485750585056,ibitinga,SP,-21.7664768468313,-48.83154737836604,1.0
mc_ID_28,"Single Male with four children, education: high school degree working as professional",130k,"Vegetables from Frozen Foods department, Ordered Brand : Golden",17.2978,14.376,recyclable,['Coffee Bar'],Big Time Saving,Supermarket,8.76 Millions,3.066 Millions,1236.07,440.92,,710.234,Jacarei, SP ,-23.28934488481736,-45.94318565667379,praia gRande,5P,-24.011288218359883,-46.41873374429398,4.0
mc_ID_29,"Single Male with one child, education: partial college working as clerical",30K+ annually,"Hot Beverages from Beverages department, Ordered Brand : Super",11.5706,8.6634,non recyclable,"['Ready Food', 'Florist', 'Video Store', 'Bar For Salad', 'Coffee Bar']",Bag Stuffer,Deluxe,4.11Ms,1.4385 Millions,1736.51,503.07,335.34,432.1026,_campo grande,ms,amount: -20.46994200109652,-54.612753842691966,sao paulo,sp,-23.59798552039933,measure: -46.55547278711988,5.0
mc_ID_31,"Single Male wiht one child, education: partial college working as manual",30K+,"Electrical from Household department, Ordered Brand : Sunset",27.1822,-24.275,recyclable,,Save It (Sale),Supermarket_,$5.06 Millions,2.3276 Millions,2049.72,457.36,304.91,467.4051,brasil1a,DF,-15.7451715,data: -47.89261800000001,"COloMBo
",PR,-25.34347077721826,amount: -49.227809047574894,5.0
mc_ID_33,"Married Female with two kids, education: partial HS working as skilled manual",10K+,"Meat from Frozen Foods department, Ordered Brand : Carrington",data: 14.4196,amount: 12.966,recyclable,"['Bar For Salad', 'Ready Food', 'Coffee Bar', 'Florist', 'Video Store']",Money Savers,Deluxe,1.86 Millions,0.5766 Millions,1871.16,593.93,395.95,measure: 343.611,SAO PEULO,SP ,-23.544515233192364,-46.54270610151011,sao jose dos campos,SP,-23.23009940009024,measure: -45.90094499999999,1.0
mc_ID_34,"Married Female with four children, education: bachelors degree working as professional",€59K+,"Beer and Wine from Alcoholic Beverages department, Ordered Brand : Top Measure",10.7275,6.3667,non recyclable,"['Florist', 'Video Store', 'Ready Food', 'Coffee Bar', 'Bar For Salad']",Money Savers,Deluxe,6.93 Millions,2.2869 Millions,1871.16,,396.33,343.611,macae,RJ,-22.384226045618703,-41.77809451970135,Birigui,SP,-21.301705697260985,measure: -50.33198634467411,5.0
mc_ID_38,"Single Male with No children, education: partial college working as clerical",30K+,"Bread from Baked Goods department, Ordered Brand : Fantastic",29.7987,26.8915,non recyclable,['Florist'],Save Price,Supermarket,$4.66 Millions,1.7242 Millions,1317.89,523.32,350.27,670.486,RIO DE JANEIRO,RJ,-22.923980497085807,-43.22589028129148,SAO PAULO,sp,-23.541941545934563,-46.49095488842404,1.0/5.0
mc_ID_39,"Married Male with two children, education: High School degree working as management",130K+,"Meat from Deli department, Ordered Brand : Red Spade",65.05 lbs,26.4554,recyclable,"['Bar For Salad', 'Florist', 'Ready Food', 'Coffee Bar']",Discount Frenzy,,8.85 Millions,3.8055 Millions,2055.29,656.13,434.85,amount: 779.6884,SAO CAETANO DO SUL,sp,-23.625774,measure: -46.56855299278663,Ribeirau Pires,SP,-23.70206320161832,val: -46.40534820551376,3.0
mc_ID_41,"Married Male with two kids, education: bachelors degree working as professional",50K+,"Vegetables from Frozen Foods department, Ordered Brand : Carrington",9.9862,8.52 kg,non recyclable,"['Video Store', 'Coffee Bar', 'Bar For Salad', 'Ready Food', 'Florist']",Sales Days,Deluxe,"2.76 ,000,000illions",0.9936 Millions,1871.16,593.93,395.95,amount: 608.772,araras,SP,-22.3724074299152,measure: -47.34738062891686,belo horizonte,MG,-19.855790507905848,val: -43.91751730515326,3.0
mc_ID_44,"Single Female with No children, education: partial college working as professional",30K+,"Fruit from Produce department, Ordered Brand : High Top",17.5885,14.6813,recyclable,"['Bar For Salad', 'Ready Food']",Coupon Spectacular,Supermerket ,4.94 Millions,1.9266 Millions,2265.9,853.22,568.75,269.1881,santa juliana,"MG
",-19.30988549734151,measure: -47.52655516237164,baRueri,SP,-23.491791912543025,-46.94733309700014,4.0
mc_ID_45,"Married Female with four children, education: partial high school working as skilled manual",10K+,"Dairy from Dairy department, Ordered Brand : Club",19.4781,-16.4256,non recyclable,"['Bar For Salad', 'Video Store', 'Florist', 'Coffee Bar', 'Ready Food']",Lottery Cash Registerion,Daluxe ,2.96 Millions,1.4208 Millions,1737.48,503.07,335.38,646.4803,pato branco,PR,-26.19533745008356,-52.66734593313353,belo horizonte,MG,data: -19.892338512349244,-43.9326199797449,4.0
mc_ID_46,"Married Female with two children, education: partial high school working as manual",10K+,"Jams and Jellies from Baking Goods department, Ordered Brand : CDR",10.0879,measure: 5.7272,recyclable,"['Bar For Salad', 'Ready Food']",Three for One,Supermarket,7.95 Millions,2.7825 Millions,2448.37,470.27,313.55,656.2604,nossa senhora de caravaggio,sc,-28.66415840512589,-49.46898557112873,foz do iguacu,PR ,-25.548584861815545,-54.58121020316589,1.0
mc_ID_47,"Married Male with four children, education: graduate degree working as management",130K+,"Electrical from Household department, Ordered Brand : High Quality",31.3976,29.944,non recyclable,"['Ready Food', 'Bar For Salad']",Super Duper Savers,SUpermarkeT,14.04 Millions,6.4584 Millions,2265.9,855.22,568.75,677.285,rio de janeiro,RJ,measure: -22.79440083319865,data: -43.17502950513588,"Petropoli$
",RJ_,-22.549033360244323,-43.210094724044055,val: 5.0
mc_ID_48,"Married Female with five children, education: high school degree working as manual, education: high school degree working as manual",360+ monthly,"Frozen Desserts from Frozen Foods department, Ordered Brand : Imagine",-10.6548,-1.0,non recyclable,"['Ready Food', 'Video Store', 'Florist', 'Bar For Salad', 'Coffee Bar']",,deluxe,€2.5M,1.3112 Millions,1871.16,593.93,397.45,519.7574,sao sebastiao,"SP
",-23.76127039033773,-45.76634466016269,sao paulo,SP,-23.48934571357261,-46.47738070858095,data: 1.0
mc_ID_51,"Married Male with five children, education: bachelors degree working as professional",90K+,"Pain Relievers from Health and Hygiene department, Ordered Brand : Hilltop",27.4729,-25.874,recyclable,"['Florist', 'Bar For Salad', 'Coffee Bar', 'Ready Food']",Price Winners,DELUXE,8.67 Millions,2.8611 Millions,,654.13,436.04,494.9149,_quixelo,CE,-6.252816380707373,-39.19933766893757,PINHAIS,	SP,val: -25.44450819623171,-49.17725474672523,4.0
mc_ID_52,"sINGLE  mALE  WITH  FOUR  CHILDREN,  EDUCATION:  PARTIAL  HIGH  SCHOOL  WORKING  AS  MANUAL",30K+,"Dairy from Dairy department, Ordered Brand : Carlson",val: 28.1997,25.1472,non recyclable,"['Bar For Salad', 'Ready Food', 'Florist', 'Coffee Bar']",Super Duper Savers,,9.2 Millions,3.312 Millions,2055.29,654.13,437.91,475.93,sao pau1o,SP,-23.4719444074384,amount: -46.59864459256161,LONDRINA,PR,-23.32532644463037,-51.15843393839796,4.0
mc_ID_53,"MARRIED FEMALE WITH FOUR CHILDREN, EDUCATION: HS DEGREE WORKING AS PROFESSIONAL",150K+,"Dairy from Dairy department, Ordered Brand : Carlson",12.7771,8.4018,recyclable,,Save It (Sale),supermarke7,7.08Ms,2.3364 Millions,,457.36,305.45,467.4051,rio de janeiro,rj,-22.88650136386977,measure: -43.26883386620703,REGISTRO,sp,-24.49203032806276,val: -47.83413137913321,3.0
mc_ID_56,"Maried Male with two children, education: partial college working as professional",90K+,"Pain Relievers from Health and Hygiene department, Ordered Brand : Faux Products",16.1349,measure: 13.2277,non recyclable,"['Coffee Bar', 'Ready Food', 'Florist', 'Video Store', 'Bar For Salad']",Money Savers,Deluxe,$4.64 Millions,1.6704 Millions,1871.16,595.93,397.65,343.611,RIO DE JANEIRO,RJ,-23.0043086872296,amount: -43.32450783783356,guarulhos,$P,val: -23.4319484074384,-46.44869453427779,5.0
mc_ID_57,"Married Male with three children, education: partial High School working as skilled manual",10K+,"Meat from Deli department, Ordered Brand : Red Spade",29.3626,25.0018,non recyclable,,GLD,,8.22 Millions,2.466 Millions,,227.8,153.24,727.9637,Pouso Aiegre,mg,-22.23423662262365,-45.935242048994425,sorocaba,sP,-23.49636707533955,-47.43890030979464,1.0
mc_ID_59,"Married Female with four children, education: partial high school working as skilled manual",10K+,"Canned Shrimp from Canned Foods department, Ordered Brand : Blue Label",12.8788,data: 9.9571,non recyclable,"['Florist', 'Coffee Bar']",I Cant Believe It Sale,mid-size,$5.72 Millions,2.8028 Millions,2551.4,,259.66,275.9871,belo horizonte,_MG,-19.95954610294896,-43.93549305303234,sao paulo,SP,-23.54927699639332,-46.52600554010618,5.0
mc_ID_61,"Married Female with five children, education: partial high school working as manual",10K or more,"Drinks from Beverages department, Ordered Brand : Skinner",10.335,7.4279,non recyclable,['Coffee Bar'],Weekend Discount,,2.68 Millions,1.2864 Millions,1235.84,440.92,293.95,364.1649,sao paulo,SP,amount: -23.4728907829242,-46.72378470277873,sao paulo,Sp,-23.58343069747245,amount: -46.50203424424373,5.0
mc_ID_62,"Single Male with two children, education: partial college working as clerical",30K+,"Snack Foods from Snack Foods department, Ordered Brand : Fast",-27.0368,24.1296,recyclable,['Coffee Bar'],Two Day Sale,supermarket,€0.9M,0.385 Millions,1236.07,442.92,295.61,£348.50, rio de janeiro , RJ,-22.968394910900845,-43.18999951289751,belo h0rizonte,MG,-19.840168078827364,-43.92329932223438,2.0
mc_ID_63,"Married Male with two children, education: bachelors degree working as management",600+ monthly,"Cold Remedies from Health and Hygiene department, Ordered Brand : Faux Products",13.7946,10.8729,recyclable,['Coffee Bar'],Savings Galore,Supermarket,6.2 Millions,1.922 Millions,1236.07,440.92,293.95,724.5119,espl@nada_,BA_,-11.807078330200277,-37.94507894761188,ribeirao preto,sp,-21.174925033585303,-47.7686162776848,5.0
mc_ID_65,"Married Female with two children, education: high school degree working as professional",70K+,"Candy from Snacks department, Ordered Brand : Musial",12.341,9.4193,recyclable,"['Bar For Salad', 'Ready Food', 'Florist', 'Coffee Bar']",Dollar Days,DELUXE,4.98Ms,1.8924 Millions,2055.29,654.13,,725.9763,embu-guacu, sp ,-23.82852167738724,-46.814795982633896,cap1vari,SP,-23.0122137105142,-47.52203973160603,5.0
mc_ID_66,"SiNgLe fEmAlE WiTh fOuR ChIlDrEn, EdUcAtIoN: pArTiAl hIgH ScHoOl wOrKiNg aS SkIlLeD MaNuAl",10K or more,"Dairy from Dairy department, Ordered Brand : Carlson",-20.9317,17.8792,non recyclable,,GLD,Supermarket,3.42Ms,1.026 Millions,1508,227.8,151.9,727.9637,florianupolis,SC,-27.649291379133214,-48.52180222785512,5Ao Paulo,sp,-23.58353292305826,amount: -46.48957476496762,
mc_ID_68,"Single Male with three kidren, education: partial high school working as manual",10k,"Snack Foods from Snack Foods department, Ordered Brand : Fort West",15.99 kg,-14.5359,recyclable,['Florist'],You Save Days,suPERmArKEt,8.52Ms,3.9192 Millions,1321.21,523.32,349.71,689.3663,ARAMARI,BA,-12.104527041328868,val: -38.49751598252456,AR@PONGAS,PR,-23.420739085916825,-51.41460369847018,5.0
mc_ID_69,"Single Male with two children, education: bachelors degree working as professional",50k,"Paper Products from Household department, Ordered Brand : High Quality",28.9265,25.874,non recyclable,"['Bar For Salad', 'Ready Food', 'Coffee Bar', 'Florist']",,Gourmet,7.36Ms,3.0176 Millions,1564.86,385.45,255.91,$558.20,Belo Horizonte,mg,-19.938406212043407,-43.93702206884405,guarulhos,SP,-23.453200132516344,data: -46.484469408993874,5.0
mc_ID_71,"Married Female with three kids, education: partial college working as management",130K+,"Starchy Foods from Starchy Foods department, Ordered Brand : Discover",31.543,30.0894,recyclable,"['Coffee Bar', 'Florist', 'Ready Food', 'Bar For Salad']",Price Winners,DELUXE,10.44 Millions,3.8628 Millions,2055.29,,437.22,TBD,erechim,RS,-27.63476848098565,amount: -52.28029411864509,sumare,SP,-22.828654864562257,-47.267296160568925,4.0
mc_ID_72,"Single Male with three children, education: partial high school working as manual",€25K+,"Cleaning Supplies from Household department, Ordered Brand : Red Wing",20.3503,17.4431,non recyclable,"['Florist', 'Coffee Bar']",Double Your Savings,,2.79 Millions,0.9765 Millions,2551.4,389.54,259.66,val: 599.9856,sao paulo,SP,amount: -23.515534194010005,-46.75651449347912,praia grande,SP,val: -24.011288218359883,-46.41873374429398,val: 5.0
mc_ID_74,"Single Female with two children, education: partial college working as manual",50K+,"Specialty from Produce department, Ordered Brand : Tell Tale",11.4398,9.9716,non recyclable,"['Video Store', 'Ready Food', 'Bar For Salad', 'Coffee Bar', 'Florist']",Sale : Double Down,Deluxe,10.2 Millions,4.692 Millions,1732.11,503.07,336.95,265.6317,rio de janeiro,RJ,-22.89702020676329,-43.30023388550985,monte siao,MG,-22.42880507067007,-46.569550269431765,5.0
mc_ID_75,"Single Male with three kids, education: bachelor'ss degree working as professional.",50K+,"Paper Products from Household department, Ordered Brand : Sunset",11.6287,-10.1752,non recyclable,"['Ready Food', 'Bar For Salad']",Go For It,,€2.2M,1.2642 Millions,2448.37,470.27,313.55,data: 347.1151,cariac1ca,ES,data: -20.33870191640221,-40.39126478706738,Osasco,SP,-23.50689076715323,-46.78586646309645,1.0
mc_ID_76,"Single Male with three children, education: partial high school working as skilled manual",10K+,"Hardware from Household department, Ordered Brand : Red Wing",30.9615,27.909,recyclable,"['Bar For Salad', 'Florist', 'Ready Food', 'Coffee Bar']",Saving Days,Gourmet,7.04 Millions,3.3088 Millions,1564.86,385.45,258.33,amount: 474.0995,santo andre, SP,-23.656293518994904,-46.55412213733605,porto alegre,RS,-30.02996719492721,-51.2285747494748,4.0
mc_ID_78,"mARRIED fEMALE WITH nO CHILDREN, EDUCATION: PARTIAL HIGH SCHOOL WORKING AS SKILLED MANUAL",30000,"Canned Soup from Canned Foods department, Ordered Brand : Better",12.123,10.6694,recyclable,,,Supermarket,2.25 Millions,0.99 Millions,1508.57,227.8,151.9,325.6721,luziania,go,-16.25614965287371,-47.94272799137904,SAO PAULO,SP,-23.65111484251016,-46.75521082321932,5.0
mc_ID_80,"MARRIED MALE WITH ONE CHILD, EDUCATION: PARTIAL HS WORKING AS SKILLED MANUAL",10 Thousand,"Fruit from Produce department, Ordered Brand : Tri-State",19.9142,18.3153,non recyclable,,Weekend Discount,Supermarket,7.2 Millions,3.096 Millions,1508.96,229.8,151.9,614.002,M4Naus,Am,-3.097431483315993,-60.02657395395003,SAo pauLO,Sp,-23.59272363197529,measure: -46.6315844403312,4.0
mc_ID_81,"Married Female with five children, education: high school degree working as manual",$30K+,"Baking Goods from Baking Goods department, Ordered Brand : Super",13.4312,10.5095,non recyclable,"['Ready Food', 'Coffee Bar', 'Video Store', 'Bar For Salad', 'Florist']",Price Slashers,deluxE,8.88 Millions,3.9072 Millions,1525.28,373.1,248.79,403.9652,sao paulo,SP,-23.614751891482463,measure: -46.51742610421837,curitiba, PR ,-25.5347523805182,-49.236641559813016,5.0
mc_ID_82,"Single Female with five kidren, education: bachelors degree working as management",70K+,"Fruit from Produce department, Ordered Brand : Tell Tale",20.2049,17.1524,recyclable,,Sales Days,SUPERMARKET,"15.16 ,000,000illions",5.6092 Millions,2049.72,459.36,304.91,val: 610.5502,SELVadoR,BA,-12.93145544768877,val: -38.40926859627693,ribeirao preto,5P,-21.17121748495008,-47.81941847157649,4.0
mc_ID_83,"mARRIED mALE WITH FIVE KIDREN, EDUCATION: BACHELORS DEGREE WORKING AS PROFESSIONAL",70K+,"Bathroom Products from Health and Hygiene department, Ordered Brand : Steady",amount: 19.9142,15.4081,recyclable,"['Ready Food', 'Florist', 'Bar For Salad', 'Coffee Bar']",Save Price,Deluxe,1.14Ms,0.399 Millions,2055.29,654.13,435.03,602.1299,CurITibA,PR,-25.43910656148645,-49.23689875714125, praia grande,_SP,-24.011288218359883,amount: -46.41873374429398,5.0
mc_ID_84,"Single Male with three children, education: high school degree working as skilled manual",30K+,"Canned Soup from Canned Foods department, Ordered Brand : Bravo",21.8039,18.8967,non recyclable,['Coffee Bar'],Budget Bargains,Supermarket,3.2 Millions,1.568 Millions,1236.34,440.92,292.55,687.5358,salvador,BA,-12.864922003962764,-38.46997982076327,guariba,"SP
",-21.36235769739203,-48.232975701561735,5.0
mc_ID_85,"Single Male with two children, education: partial high school working as skilled manual",10K+,"Magazines from Periodicals department, Ordered Brand : Dollar",19.1874,17.5885,non recyclable,"['Coffee Bar', 'Ready Food', 'Florist', 'Video Store', 'Bar For Salad']",You Save Days,Gourmet,5.07Ms,1.9773 Millions,1424.85,465.54,310.3,689.3663,TERESINA,PI,-5.021319198708387,-42.76773366438103,"CamPIMas
", sp,-22.895876357204664,-47.0791850342778,100%
mc_ID_86,"Single Female with three kidren, education: partial HS working as professional",130K+,"Dairy from Dairy department, Ordered Brand : Booker",26.6008,23.5482,non recyclable,"['Bar For Salad', 'Florist', 'Coffee Bar', 'Ready Food']",Price Cutters,Gourmet,7.74 Millions,2.9412 Millions,1561.94,385.45,256.68,729.2712,paulista,pe,-7.920755899376704,-34.846051155472175,sao paulo,Sp,data: -23.535045041635392,-46.52060623633788,1.0
mc_ID_88,"Married Female with four children, education: partial high school working as skilled manual",10K+,"Seafood from Seafood department, Ordered Brand : Dual City",18.4606,15.4081,recyclable,['Florist'],Two for One,,6.8 Millions,2.788 Millions,1320.15,523.32,349.79,360.7131,santo antonio de posse,SP,-22.607003040200272,-46.91414970477579,sao paulo,sp,-23.554079433810344,-46.53324185942636,5.0
,"Single Male with No children, education: partial high school working as professional",1800+ monthly,"Paper Products from Household department, Ordered Brand : Denny",30.6708,27.7636,non recyclable,"['Coffee Bar', 'Florist', 'Video Store', 'Bar For Salad', 'Ready Food']",Sale Winners,Deluxe,€4.6M,1.9869 Millions,1873.5,593.93,395.95,measure: 519.7574,rio de janeiro,RJ_,-23.01133469499096,-43.45025641534424,_salto,5P,-23.20591698084141,-47.307845865803,5.0
mc_ID_91,"Single Male with four children, education: high school degree working as manual",30K+,"Vegetables from Canned Foods department, Ordered Brand : Bravo",13.9981,11.0909,non recyclable,,Two for One,SUPermARKEt,7.77 Millions,2.7972 Millions,2049.72,457.36,304.91,amount: 300.8296,rio de janeiro,RJ,amount: -22.957985703849097,data: -43.60671709325408,lauro de freitas,BA,-12.895112589380958,data: -38.33895999999978,amount: 5.0
mc_ID_92,"Single Male with No children, education: partial college working as clerical",Income: 30K+,"Decongestants from Health and Hygiene department, Ordered Brand : Steady",28.3451,data: 23.9843,recyclable,"['Bar For Salad', 'Ready Food']",Coupon Spectacular,supermarket,5.79 Millions,1.7949 Millions,2265.9,853.22,568.75,269.1881,ipatinga,Mg,measure: -19.4609515387212,-42.525487901061766,sao jose do rio preto,SP,-20.80243626346376,-49.39562406741489,data: 5.0
mc_ID_93,"Married Female with three children, education: bachelors degree working as management",70000,"Cleaning Supplies from Household department, Ordered Brand : Sunset",30.5255,26.1647,non recyclable,,Coupon Spectacular,"Mid-Size
",1.66 Millions,0.6972 Millions,2085.67,783.64,522.49,658.0909,sao bernardo do campo,SP,-23.71688471949829,-46.54199108267673,londrina,PR,val: -23.331043778111702,measure: -51.17743350000001,5.0
mc_ID_94,"Married Female with two children, education: partial high school working as skilled manual",10K+,"Dairy from Dairy department, Ordered Brand : Booker",9.8118,6.9046,recyclable,"['Bar For Salad', 'Video Store', 'Ready Food', 'Florist', 'Coffee Bar']",Dimes Off,,"6.88 ,000,000illions",3.0272 Millions,2037.88,483.98,321.26,602.7575,mage,RJ,-22.647321106588063,-43.20284865417834, OSASCO,sp,-23.552456794881493,-46.78012559033992,3.0
mc_ID_95,"Married Female with No kids, education: partial high school working as manual",10K+,"Kitchen Products from Household department, Ordered Brand : High Quality",30.0894,28.6358,recyclable,['Coffee Bar'],Big Time Saving,Supermarket,8.43 Millions,3.2877 Millions,1236.07,440.92,294.74,710.234,osa5co,SP,-23.585668711350923,-46.81450391286273, colombo ,PR,-25.371298736141743,-49.18823376385825,5.0
mc_ID_96,"Single Female with three children, education: high school degree working as manual, Single Female with three children",30K+,"Starchy Foods from Starchy Foods department, Ordered Brand : Shady Lake",-12.9951,8.6198,non recyclable,,Price Winners,Supermarket,5.02 Millions,1.6064 Millions,1623.48,341.05,227.33,586.7537,$alvador,BA,-12.862323,-38.47837499999999,brusque,SC,-27.14105704919435,-48.96146112936535,2.0
mc_ID_97,"Married Female with four children, education: high school degree working as skilled manual",50K+,"Snack Foods from Snack Foods department, Ordered Brand : Fast",30.3801,27.3275,recyclable,"['Coffee Bar', 'Florist']",Sales Days,Mid-Size,2.79Ms,1.0602 Millions,2551.4,391.54,,694.9624,sao luis,MA,-2.551099976686472,-44.271892456287134,sao paulu,SP,-23.504769581649203,-46.62470303231384,4.0
mc_ID_99,"Single Male with two children, education: high school degree working as manual",30K+,"Vegetables from Frozen Foods department, Ordered Brand : Golden",val: 8.9541,6.0324,recyclable,['Coffee Bar'],Super Duper Savers,SUPERMARKET,€6.3M,3.4968 Millions,,440.92,293.95,418.4,Rio De Janeiro,RJ,-22.95900277684809,measure: -43.19837474672523,rio de janeiro,RJ,-22.920104850395337,-43.22138202997862,4.0
mc_ID_100,"single male with three children, education: bachelors degree working as professional",50K+,"Bread from Baked Goods department, Ordered Brand : Colony",12.6753,9.7681,non recyclable,['Coffee Bar'],Sale Sale Sale,,4.68 Millions,1.9656 Millions,1236.07,440.92,293.95,473.7334,sao paulo,_SP,-23.48618566157444,-46.46171801285908,SAo paulO,SP_,-23.62358155176294,-46.61056007369148,3.0
mc_ID_101,"Single Male with two children, education: partial high school working as manual",,"Snack Foods from Snack Foods department, Ordered Brand : Fort West",12.0939,9.1722,non recyclable,"['Video Store', 'Coffee Bar', 'Ready Food', 'Florist', 'Bar For Salad']",Sale : Double Down,Deluxe,6.9 Millions,2.277 Millions,1524.4,373.1,249.17,measure: nan,Embu Das Artes,$P,-23.669657221034846,-46.810737255407446,sao roque,$P,-23.53626695697963,amount: -47.13489184347044,4.0
mc_ID_102,"Married Male with two children, education: bachelors degree working as professional",50K+,"Baking Goods from Baking Goods department, Ordered Brand : BBB Best",18.606,17.1524,recyclable,"['Florist', 'Bar For Salad', 'Coffee Bar', 'Ready Food', 'Video Store']",,,2.12Ms,0.7844 Millions,1528.12,373.1,248.79,403.9652,s@o paUlO,SP,-23.74028612323272,-46.69436740882336,barueri,Sp,-23.491791912543025,-46.94733309700014,4.0
mc_ID_106,"Single Male with four children, education: partial high school working as skilled manual",10K+,"Canned Clams from Canned Foods department, Ordered Brand : Just Right",-11.12,8.2128,non recyclable,"['Coffee Bar', 'Florist']",,,"6.69 ,000,000illions",2.0739 Millions,2551.4,389.54,259.66,275.9871,sao 	paulo,"SP
",-23.519807581453097,-46.5960457342604, sao paulo ,SP,-23.51082058312654,-46.5508611777656,5.0
mc_ID_107,"Married Male with one child, education: bachelors degree working as professional",130K+ annually,"Dairy from Dairy department, Ordered Brand : Club",19.7689,-16.8617,non recyclable,"['Florist', 'Coffee Bar']",Savings Galore,,"1.59 ,000,000illions",0.636 Millions,2553.34,389.54,259.66,amount: 680.2138,SAO JOS3 DOS CAMPOS,SP,-23.221431461827063,-45.888163895493165,sao paulo_,$P,-23.540691446852072,-46.57315915849145,5.0
mc_ID_108,"Married Female with two children, education: high school degree working as manual",30 Thousand,"Vegetables from Frozen Foods department, Ordered Brand : Imagine",-1.0,10.7421,recyclable,,Shelf Clearing Days,--,3.44 Millions,1.2728 Millions,1623.48,,225.46,288.8006,"Sa0 Bernardo Do Campo
",SP,-23.65123988662281,-46.57099474225144,congonhal,MG,-22.15937587770692,amount: -46.04402732344177,4.0
mc_ID_111,"Single Male w/ three children, education: partial High School working as manual",10K+,"Kitchen Products from Household department, Ordered Brand : Sunset",26.1647,21.8039,non recyclable,['Coffee Bar'],Full Free,small grocery,€4.6M,1.6802 Millions,1393.1,,354.23,320.4421,	itapetininga,SP,-23.58796435005592,amount: -48.050515104990346,sao paulo,$P,-23.65111484251016,-46.75521082321932,5.0
mc_ID_112,"Single Female with two children, education: high school degree working as manual",€25K+,"Bathroom Products from Health and Hygiene department, Ordered Brand : Consolidated",-1.0,20.641,non recyclable,,Sale Sale Sale,Mid-Size ,2.92 Millions,1.314 Millions,2085.67,783.64,520.52,739.4697,	campinas,SP,-22.81905949374732,-47.09337872045235,limeira,$P,-22.564590914796,-47.40315315223038,4.0
mc_ID_113,"Married Male with No children, education: bachelors degree working as professional",50k,"Beer and Wine from Alcoholic Beverages department, Ordered Brand : Pearl",23.55 kg,22.0946,non recyclable,"['Florist', 'Ready Food', 'Bar For Salad', 'Coffee Bar']",Price Cutters,GOUrmeT,€1.7M,0.6825 Millions,1564.86,387.45,256.97,729.2712,pontal,SP,-21.03378129083121,-48.0321875274595,UBERLANDIA,mg,-18.94141413405276,-48.33714543949449,val: 5.0
mc_ID_114,"Married Male with four children, education: partial high school working as skilled manual",€8K+,"Kitchen Products from Household department, Ordered Brand : Denny",20.0596,15.6988,recyclable,"['Ready Food', 'Bar For Salad', 'Coffee Bar', 'Florist']",Sale : Double Down,,11.4 Millions,3.534 Millions,2055.29,654.13,436.09,500.7202,"1ndaiatuba
",SP,-23.06645625010041,-47.21591274539021,sao paulo,SP,val: -23.606332072162274,-46.488808985429046,100%
mc_ID_115,"Single Female with four kids, education: partial high school working as manual",€25K+,"Breakfast Foods from Breakfast Foods department, Ordered Brand : Radius",-11.5125,8.6053,non recyclable,"['Coffee Bar', 'Florist', 'Bar For Salad', 'Ready Food']",Two for One,,4.14 Millions,1.449 Millions,2052.87,654.13,436.09,data: 312.9109, bauru ,SP,-22.34727462949378,-49.09146780336427,atibaia,sp,-23.14492333670709,-46.539830386938746,val: 5.0
mc_ID_116,"Single Male with two children, education: partial high school working as professional",1320+ monthly,"Fruit from Produce department, Ordered Brand : Tri-State",13.62 kg,10.6984,recyclable,,Big Time Discounts,	Supermarket,14.3Ms,5.291 Millions,1508,227.8,153.07,574.9339,votuporanga,Sp,-20.42377352129764,-49.97216652821015,ribeirao preto,SP,-21.174925033585303,val: -47.7686162776848,5.0
mc_ID_118,"Married Female with one child, education: graduate degree working as professional",70K+,"Vegetables from Frozen Foods department, Ordered Brand : Imagine",20.0596,15.6988,recyclable,,Full Free,Supermarket,"8.67 ,000,000illions",4.2483 Millions,1508,227.8,151.9,€231.43,"itaguai
",RJ,-22.872199163803263,-43.77204292309963,sao roque,sp,-23.53626695697963,-47.13489184347044,measure: 5.0
mc_ID_119,"Single Male with two children, education: bachelors degree working as professional",50K+,"Bathroom Products from Health and Hygiene department, Ordered Brand : Consolidated",17.007,15.4081,non recyclable,['Coffee Bar'],, Supermarket,7.41 Millions,2.7417 Millions,,440.92,,698.728,americana,SP,-22.711207505135885,-47.367894719400994,guarulhos,sp,-23.48378507576896,-46.54155402025511,5.0
mc_ID_120,"Single Male with No children, education: graduate degree working as professional",70K+,"Snack Foods from Snack Foods department, Ordered Brand : Best Choice",23.2575,20.3503,recyclable,,Money Savers,Supermarke7,$2.04 Millions,0.9792 Millions,1507.54,,150.35,277.2423,NATIVIDAD3,_TO,-11.817236999999944,measure: -47.67606349999997,BRACO DO NORTE,SC,amount: -28.27354928978744,-49.16896410025293,4.0
mc_ID_122,"Married Male with five children , education: bachelors degree working as management",30K+,"Dairy from Dairy department, Ordered Brand : Club",25.7286,22.8214,recyclable,"['Bar For Salad', 'Ready Food', 'Coffee Bar', 'Florist']",Super Savers,Deluxe,$5.01 Millions,2.1543 Millions,2055.29,654.13,436.09,373.9973,ribeirao preto,SP,-21.216210904524203,data: -47.81828973980032,sao paulo,SP,-23.4719444074384,-46.59864459256161,5.0
mc_ID_123,Single Male with three kids; education: partial high school working as manual,10K+,"Meat from Deli department, Ordered Brand : Cutting Edge",-22.676,amount: 21.2225,non recyclable,"['Ready Food', 'Bar For Salad', 'Coffee Bar', 'Video Store', 'Florist']",Promo Big,Deluxe,5.97 Millions,1.9104 Millions,1872.55,593.93,395.95,578.2288,itarare,SP,amount: -24.11419116558057,-49.33254226756805,sao paulo,SP,-23.63665699295384,-46.69477973651988,5.0
mc_ID_125,"Single Male with No children, education: high school degree working as manual, education: high school degree working as manual",30K+ annually,"Dairy from Dairy department, Ordered Brand : Even Better",31.543,28.6358,non recyclable,"['Video Store', 'Florist', 'Bar For Salad', 'Coffee Bar', 'Ready Food']",,deluxe,3.45 Millions,1.518 Millions,1734.5,505.07,335.46,287.127,ARACATI,C3,-4.562180013655128,amount: -37.76662475281954,sao paulo,Sp,-23.693985995008337,-46.70188324132953,5.0
mc_ID_127,"Married Male with four children, education: partial high school working as skilled manual",10000,"Canned Soup from Canned Foods department, Ordered Brand : Better",24.5657,21.5132,recyclable,"['Ready Food', 'Florist', 'Bar For Salad', 'Coffee Bar']",Save Price,DELUXE,1.14Ms,0.3762 Millions,2055.29,654.13,436.09,data: 584.191,junqueiropolis,SP,-21.51865436309028,data: -51.43460140551366,ibitinga,Sp,-21.7664768468313,-48.83154737836604,3.0
mc_ID_130,"Married Female with one child, education: bachelors degree working as management",70K+,"Beer and Wine from Alcoholic Beverages department, Ordered Brand : Good",10.1461,-7.2389,non recyclable,,Tip Top Savings,Mid-Size,"3.32 ,000,000illions",1.3944 Millions,,447.7,297.29,£303.87,rio de janeiro,RJ,-22.97823619758802,-43.2372780819727,sao jose dos campos,Sp,-23.23724961587513,-45.88082955926476,1.0
mc_ID_131,"Married Female with No children, education: High School degree working as manual",30K+,"Kitchen Products from Household department, Ordered Brand : Red Wing",20.3503,17.4431,non recyclable,['Coffee Bar'],Discount Frenzy,,€0.6M,0.2993 Millions,2070.57,332.83,220.27,570.2269,brasilia,DF,-15.841159228299446,-48.01861975312679,sao jose dos campos,SP,-23.221431461827063,-45.888163895493165,4.0
mc_ID_132,"Married Female with two children, education: partial high school working as manual",Income: 10K+,"Plastic Products from Household department, Ordered Brand : High Quality",amount: 11.4252,-8.5181,recyclable,"['Florist', 'Video Store', 'Bar For Salad', 'Coffee Bar', 'Ready Food']",,Deluxe,"10.35 ,000,000illions",4.554 Millions,2040.88,483.98,320.33,284.3028,Sao Paulo,"SP
",-23.538301166801343,-46.63076391104508,holambra,sp,-22.61429565168213,-47.06761188787577,Rating: 4.0
mc_ID_134,"Single Female with two childern, education: partial high school working as skilled manual",€8K+,"Hygiene from Health and Hygiene department, Ordered Brand : Hilltop",28.7811,-25.7286,recyclable,,GLD,,3.2 Millions,1.024 Millions,2049.72,,304.91,data: 697.7866,CURITIBA,pr,amount: -25.49503825145709,-49.29960146295223,brasilia,DF,-15.840667480274698,-48.051942900348365,3.0
mc_ID_135,"Married Female with four children, education: partial high school working as manual",$10K+,"Dairy from Dairy department, Ordered Brand : Club",14.4632,-11.5415,non recyclable,['Coffee Bar'],Big Time Saving,Small Grocery,3.95 Millions,1.422 Millions,1423.37,398.93,265.98,631.1041,sao paulo,SP,-23.54108734139297,-46.65733920275257,"iBiTinGa
",_SP,-21.7664768468313,measure: -48.83154737836604,5.0
mc_ID_136,"Married Female with two children, education: bachelors degree working as professional",600+ monthly,"Vegetables from Produce department, Ordered Brand : Hermanos",20.0596,18.606,recyclable,"['Bar For Salad', 'Video Store', 'Ready Food', 'Florist', 'Coffee Bar']",I Cant Believe It Sale,"Daluxe
",2.76 Millions,1.2972 Millions,1734.5,,335.38,363.3281,SAO pauLO,SP,-23.59677856702638,-46.41115888190316,alfenas,Mg,-21.420179371992425,-45.959964474046224,5.0
mc_ID_137,"Single Male with two children, education: partial college working as skilled manual",30K+ annually,"Bread from Baked Goods department, Ordered Brand : Fantastic",16.8617,13.9545,non recyclable,['Coffee Bar'],Weekend Discount,,$1.89 Millions,0.8316 Millions,,440.92,294.26,364.1649,"goiania
",GO,-16.67363322907342,-49.26907445818766,sao paul0,5P,-23.4719444074384,-46.59864459256161,5.0
mc_ID_138,"SiNgLe mAlE WiTh fOuR ChIlDrEn, EdUcAtIoN: bAcHeLoRs dEgReE WoRkInG As mAnAgEmEnT",70K+,"Breakfast Foods from Breakfast Foods department, Ordered Brand : Special",13.8963,9.5356,non recyclable,['Florist'],You Save Days,Supermarket,10.41 Millions,4.9968 Millions,1320.15,525.32,349.44,€585.96,CAXIAS DO SUL,	RS,-29.16624369279465,-51.209531752064,lajeado,RS,-29.44175457955597,-51.96130964790591,amount: 5.0
mc_ID_139,"Single Male with three kids, education: partial high school working as manual",10K+,"Jams and Jellies from Baking Goods department, Ordered Brand : Plato",26.6008,-25.0018,non recyclable,"['Florist', 'Bar For Salad', 'Ready Food', 'Coffee Bar']",Promo Big,Deluxe,"9.28 ,000,000illions",4.64 Millions,2056.75,654.13,436.09,amount: 267.3576,RiO Da JanEIro,RJ,-22.89834913791924,-43.28603771175494,cotia,sp,-23.615928708516527,-46.84997839900814,5.0
mc_ID_140,"single male with one child, education: bachelors degree working as professional",€93K+,"Canned Tuna from Canned Foods department, Ordered Brand : Blue Label",14.1144,11.2072,recyclable,"['Bar For Salad', 'Coffee Bar', 'Ready Food', 'Video Store', 'Florist']",One Day Sale,,4.23 Millions,1.5651 Millions,2038.11,481.98,,767.3456,sAO paULO,SP,measure: -23.44917893415549,-46.57435094932181,GUARIBA,Sp,-21.36235769739203,-48.232975701561735,data: 5.0
mc_ID_142,"Single Male with four children, education: partial high school working as manual",10K+,"Vegetables from Produce department, Ordered Brand : Tell Tale",val: 14.2016,11.2944,recyclable,"['Ready Food', 'Florist', 'Bar For Salad', 'Coffee Bar', 'Video Store']",Price Slashers,Deluxe,$10.36 Millions,3.3152 Millions,1525.28,373.1,247.67,403.9652,sao paulo,$P,-23.48631646433721,-46.62224366625309,piracicaba,SP,-22.71683928585045,-47.65736585405934,5.0
mc_ID_144,"Single Female with two children, education: high school degree working as professional",90K or more,"Breakfast Foods from Breakfast Foods department, Ordered Brand : Best",27.7636,data: 26.31,recyclable,"['Coffee Bar', 'Ready Food', 'Florist', 'Video Store', 'Bar For Salad']",Sale : Double Down,Deluxe,4.53 Millions,1.9479 Millions,1525.28,373.1,247.53,278.2883,sao jose dos campos_,sp,-23.23724961587513,-45.88082955926476,Guariba,	SP,-21.36235769739203,-48.232975701561735,1.0
mc_ID_145,"Maried Male with one child,education: partial high school working as manual",10K+,"Bathroom Products from Health and Hygiene department, Ordered Brand : Hilltop",13.4603,12.0067,non recyclable,,One Day Sale,Supermarket,€3.3M,1.6896 Millions,2049.72,457.36,304.91,486.7561,sao paulo, SP ,-23.56690212960936,-46.6300592031566,jaragua do sul,Sc,-26.491731442148883,-49.07562289508913,4.0
mc_ID_146,"Single Male with one child, education: high school degree working as manual",30K+,"Beer and Wine from Alcoholic Beverages department, Ordered Brand : Portsmouth",-16.2802,13.3585,recyclable,"['Ready Food', 'Video Store', 'Coffee Bar', 'Bar For Salad', 'Florist']",One Day Sale,GOURMET,5.1 Millions,2.04 Millions,1424.85,465.54,,449.1524,claudio,Mg,-20.43773362250285,-44.75914024487753,_Piracicaba,SP,-22.71683928585045,-47.65736585405934,5.0
mc_ID_147,"Single Female with one kid, education: partial HS working as skilled manual",10K+,"Vegetables from Produce department, Ordered Brand : High Top",27.1822,25.7286,recyclable,,Save It (Sale),supermarket,11.22 Millions,4.6002 Millions,2049.72,457.36,304.91,467.4051, engenheiro pa$sos ,RJ,-20.708691677441696,-46.61662700757711,sao paulo,SP,-23.554079433810344,-46.53324185942636,5.0
mc_ID_148,"Married Male with No children, education: bachelors degree working as professional",150K+,"Vegetables from Produce department, Ordered Brand : Tri-State",31.1069,29.5079,non recyclable,,Weekend Discount,Mid-Size,6.28 Millions,2.0724 Millions,2085.67,783.64,523.38,577.7581,INHAMBUPE,Ba,-11.775837752625137,-38.36305996106292,atibaia,SP,-23.14492333670709,-46.539830386938746,1.0
mc_ID_150,Maried Male with five children; education: high school degree working as skilled manual,360+ monthly,"Pain Relievers from Health and Hygiene department, Ordered Brand : Faux Products",19.3328,14.972,recyclable,['Coffee Bar'],,Supermarket ,€3.1M,1.7061 Millions,,,293.95,349.2594,br@silia,DF,-15.840667480274698,-48.051942900348365,sao bernardo do campo,SP,-23.66148702746846,-46.56416174311855,5.0
mc_ID_152,"SiNgLe fEmAlE WiTh fOuR ChIlDrEn, EdUcAtIoN: pArTiAl cOlLeGe wOrKiNg aS ClErIcAl",30K+,"Meat from Deli department, Ordered Brand : American",measure: 17.8792,14.972,recyclable,"['Video Store', 'Ready Food', 'Florist', 'Coffee Bar', 'Bar For Salad']",Sale : Double Down,gourmet,11.88 Millions,5.94 Millions,1424.85,465.54,309.31,292.6708,"sao caetano do sul
",SP,-23.6436479625422,-46.56386065319333,mogi da$ cruzes,SP,-23.516913648399584,-46.10417245526518,3.0
mc_ID_154,"SINGLE FEMALE WITH FOUR CHILDREN, EDUCATION: BACHELORS DEGREE WORKING AS PROFESSIONAL",50K+,"Electrical from Household department, Ordered Brand : Denny",measure: 17.8792,14.972,recyclable,"['Video Store', 'Bar For Salad', 'Florist', 'Ready Food', 'Coffee Bar']",Sale : Double Down,,"8.1 ,000,000illions",3.159 Millions,1735.33,503.07,335.38,measure: 265.6317,_barueri,	SP,measure: -23.50445927126197,amount: -46.84497058265231,teresopo1is,rj,-22.41614982008496,data: -42.97702251227752,4.0
mc_ID_155,"Single Female wiht three children, education: partial high school working as professional",90K+,"Vegetables from Frozen Foods department, Ordered Brand : Golden",17.2978,14.376,recyclable,"['Coffee Bar', 'Florist', 'Video Store', 'Bar For Salad', 'Ready Food']",Price Cutters,,4.38 Millions,1.752 Millions,1425.29,465.54,309.14,675.716,CAMPINAS,Sp,-22.792785003606685,-47.08550995989381,araguari,MG,-18.65223568071188,-48.19343213192182,5.0
mc_ID_156,"Married Female with No children, education: high school degree working as skilled manual",30K+,"Snack Foods from Snack Foods department, Ordered Brand : Horatio",-11.4398,9.9716,non recyclable,"['Ready Food', 'Coffee Bar', 'Florist', 'Bar For Salad']",,GOURMET,"4.2 ,000,000illions",1.722 Millions,1564.86,,256.97,486.9653,cuiaba,M7,-15.542431856343685,measure: -56.094513772280656,salto,$P,-23.198860047870664,-47.29334560811024,val: 4.0
mc_ID_157,"Married Female with five children, education: bachelors degree working as professional",50K+,"Paper Products from Household department, Ordered Brand : High Quality",11.0909,6.7301,non recyclable,"['Bar For Salad', 'Florist', 'Ready Food', 'Coffee Bar', 'Video Store']",Sale Winners,Deluxe,4.92 Millions,1.5744 Millions,1871.16,595.93,395.95,519.7574,soroçaba,sp,-23.47288663304276,-47.44472630849193,sao paulo,SP,-23.48934571357261,-46.47738070858095,amount: 5.0
mc_ID_160,"married male with two children, education: bachelors degree working as professional",$70K+,"Snack Foods from Snack Foods department, Ordered Brand : Horatio",23.8389,20.7864,recyclable,['Florist'],Weekend Discount,Supermarket,4.05 Millions,1.9845 Millions,1321.48,523.32,348.85,279.1251,belem,Pa,val: -1.411974796554924,-48.49300981504968,j4carei,SP,-23.28798077892242,-45.9570349350898,5.0
mc_ID_161,"Married Male with No children, education: partial HS working as skilled manual",10K+ annually,"Plastic Products from Household department, Ordered Brand : Red Wing",-1.0,13.0823,non recyclable,,Two Day Sale,SUPERMARKET,11.25 Millions,4.05 Millions,1623.48,341.05,,383.2021,RIBEIRAO PRETO,5P,-21.197994153181128,-47.779317275572765,pedreira,SP,-22.73824150585765,data: -46.8958585777586,amount: 4.0
mc_ID_164,"Single Female with No children, education: bachelors degree working as management",50K+,"Baking Goods from Baking Goods department, Ordered Brand : Super",25.7286,22.8214,non recyclable,"['Bar For Salad', 'Ready Food']",Three for One,Supermarke7,5.66 Millions,2.4338 Millions,2448.37,470.27,313.55,656.2604,cotia,$P,-23.615928708516527,-46.84997839900814,votuporanga,TBD,-20.405604560394835,-49.99195266803888,5.0
mc_ID_165,"Single Male with one child, education: bachelor'ss degree working as management",50 Thousand,"Bathroom Products from Health and Hygiene department, Ordered Brand : Bird Call",27.4729,Not Available,recyclable,"['Video Store', 'Coffee Bar', 'Bar For Salad', 'Ready Food', 'Florist']",,Deluxe,2.86 Millions,1.43 Millions,1525.28,373.1,248.79,data: 755.9442,sao p4ulo,SP,-23.445715237842105,amount: -46.583201266636046,GUARULHOS,SP,-23.45088569608748,-46.54498377407813,3.0
mc_ID_167,"Single Female with four children, education: partial high school working as skilled manual",10K+,"Hot Beverages from Beverages department, Ordered Brand : Plato",25.1472,measure: 23.5482,non recyclable,"['Florist', 'Coffee Bar', 'Ready Food', 'Bar For Salad']",Price Destroyers,Gourmet,1.77 Millions,0.6903 Millions,1564.86,385.45,256.97,343.5064,manaus,AM,-3.0535376647238763,-60.02618247071386,belo horizonte,mg,-19.840168078827364,-43.92329932223438,5.0
mc_ID_169,"Single Male with two children, education: partial high school working as skilled manual",€25K+,"Pure Juice Beverages from Beverages department, Ordered Brand : Excellent",18.3153,15.4081,recyclable,"['Ready Food', 'Bar For Salad']",Green Light Special,SUPERMARKET,"4.26 ,000,000illions",1.704 Millions,2265.9,853.22,568.75,amount: 643.3946,sao bernardo do campo ,sp,-23.69945854284748,-46.5484635,ibitinga,sp,-21.7664768468313,-48.83154737836604,5.0
mc_ID_170,"Married Male with two children, education: high school degree working as skilled manual",30K+,"Dairy from Dairy department, Ordered Brand : Carlson",20.9317,17.8792,non recyclable,['Florist'],Save It (Sale),Supermarket,3.42 Millions,1.197 Millions,1320.15,523.32,348.21,427.7617,sao leopoldo,RS,-29.764677078798385,-51.15238582550074,guarulhos,SP,-23.40802531933689,-46.47133305879546,5.0
mc_ID_172,"Single Male with two children, education: partial high school working as manual",30K+,"Dairy from Dairy department, Ordered Brand : Club",-1.0,14.0853,non recyclable,"['Coffee Bar', 'Bar For Salad', 'Florist', 'Ready Food']",Roller Savings (High) ,Gourmet,11.72 Millions,4.3364 Millions,1564.86,385.45,258.4,637.6939,1guaba grande,RJ,amount: -22.83608374688867,-42.22525826231049,IBITINGA,5P,-21.7664768468313,-48.83154737836604,5.0
mc_ID_173,"Single Male with No children, education: partial high school working as manual",10K+,"Plastic Products from Household department, Ordered Brand : Red Wing",15.9895,data: 13.0823,non recyclable,"['Bar For Salad', 'Florist', 'Ready Food', 'Coffee Bar']",Weekend Discount,Gourmet,"11.25 ,000,000illions",4.1625 Millions,1565.67,385.45,256.97,470.177,_Colatina,E5,-19.528550536262948,-40.63635035492862,rio do sul,SC,-27.20981137280685,-49.63292048422235,val: 5.0
mc_ID_174,"Married Female with No kids, education: bachelors degree working as professional",600+ monthly,"Snack Foods from Snack Foods department, Ordered Brand : Fort West",18024.60 grams,14.972,recyclable,['Coffee Bar'],Pick Your Savings,SUPARMARKET,6.08 Millions,2.1888 Millions,1236.07,,294.75,436.7573,recife,PE,-8.06118170107913,-34.881103586877444,sao paulo,SP,-23.50097763469062,-46.62712333406575,data: 5.0
mc_ID_175,"Married Female with one child, education: partial High School working as skilled manual",Income: 10K+,"Candles from Household department, Ordered Brand : High Quality",14.3179,11.4107,non recyclable,"['Ready Food', 'Coffee Bar', 'Video Store', 'Bar For Salad', 'Florist']",Save Price,,4.74 Millions,1.7538 Millions,1734.5,503.07,335.38,R$2309.54,SOROCABA,sP,-23.442173999999994,amount: -47.45493449999999,ibitinga,$P,-21.7664768468313,amount: -48.83154737836604,5.0
mc_ID_176,"Married Female with two children, education: bachelors degree working as professional",50K+,"Snack Foods from Snack Foods department, Ordered Brand : Horatio",17.4431,13.0823,non recyclable,"['Bar For Salad', 'Ready Food', 'Florist', 'Coffee Bar']",Discount Frenzy,Deluxe,"9.54 ,000,000illions",3.339 Millions,2055.29,654.13,,779.6884,vitoria,ES,-20.258271017529587,-40.26903411769548,belo horizonte,MG,-19.878513898894187,-43.95694702879617,5.0
mc_ID_177,"MaRrIeD MaLe wItH ThReE KiDrEn, EdUcAtIoN: pArTiAl cOlLeGe wOrKiNg aS MaNuAl",30K+,"Carbonated Beverages from Beverages department, Ordered Brand : Fabulous",25.7286,21.3678,non recyclable,['Coffee Bar'],Pick Your Savings,Supermarket,4.68 Millions,1.404 Millions,1236.78,440.92,293.95,436.7573,sao bernardo do campo,SP,amount: -23.6777274335792,-46.57846927312583,ribeirao preto,$P,-21.210104711049134,-47.80139005429387,1.0
mc_ID_178,"Single Female with one child, education: graduate degree working as professional",130K+,Not Specified,-24.4204,21.3678,recyclable,"['Ready Food', 'Bar For Salad', 'Florist', 'Video Store', 'Coffee Bar']",Green Light Special,Deluxe,4.5 Millions,1.395 Millions,1525.28,373.1,248.79,507.9899,curitiba,PR_,-25.49408574940205,data: -49.26375758428594,novo hamburgo,Rs,-29.6881809883103,-51.0915608374261,4.0
mc_ID_179,"Married Female with No children, education: partial high school working as skilled manual",30k,"Cleaning Supplies from Household department, Ordered Brand : Red Wing",28.1997,26.6008,recyclable,,Big Time Discounts,Supermarket,8.76 Millions,3.504 Millions,,457.36,304.36,310.662,curitiba,PR,-25.52027037468981,-49.27982988328814,saopaulo,SP,-23.539446764643067,-46.639378335968615,4.0
mc_ID_180,"Single Female with three children, education: high school degree working as skilled manual",50K+,"Vegetables from Frozen Foods department, Ordered Brand : Imagine",24.8564,-21.9493,non recyclable,"['Coffee Bar', 'Bar For Salad', 'Florist', 'Ready Food']",Promo Big,,5.67 Millions,2.4948 Millions,2055.24,654.13,435.07,267.3576,brasi1ia,DF,-15.62299518535027,-47.65010744842545,SAO PAULO,sp ,-23.680178204541587,-46.69191023495291,1.0
mc_ID_181,"Married Male with one child,education: bachelors degree working as professional",600+ monthly,"Dairy from Dairy department, Ordered Brand : Club",13.9254,11.0037,non recyclable,,Best Price Savers,Supermarket ,11.72 Millions,5.6256 Millions,1508,227.8,151.9,amount: 650.4028, crato,CE,-7.2286001834224765,-39.4009111930953,sao paulo,SP,data: -23.693985995008337,-46.70188324132953,5.0
mc_ID_182,"Married Female with three children, education: high school degree working as professional",130K+,"Snack Foods from Snack Foods department, Ordered Brand : Nationeel",10.1461,8.6925,non recyclable,['Coffee Bar'],One Day Sale,Small  Grocery,"2.22 ,000,000illions",0.7326 Millions,1423.37,398.93,264.54,625.6126,goianesia,_GO,-15.324861609869476,-49.11744057697122,_blumenau,SC,-26.953576281983977,-49.08280584277794,amount: 5.0
mc_ID_184,"Married Female with one child, education: partial high school working as manual",10K+,"Frozen Entrees from Frozen Foods department, Ordered Brand : Golden",measure: 15.5534,14.0853,recyclable,"['Bar For Salad', 'Florist', 'Coffee Bar', 'Ready Food']",Weekend Discount,GOURMeT,6.33 Millions,3.0384 Millions,1564.86,385.45,256.97,val: 470.177,m@CAE,RJ,-22.39913877640838,-41.79264119818028,amerlcana ,SP,-22.722145470713865,-47.33535052553523,1.0
mc_ID_185,"Married Female with five kids, education: high school degree working as management",110K+,"Vegetables from Produce department, Ordered Brand : Tell Tale",16.2802,14.6813,non recyclable,"['Ready Food', 'Florist', 'Coffee Bar', 'Bar For Salad']",Weekend Discount,Gourmet,1.68 Millions,0.6384 Millions,1564.86,,256.03,470.177,rio de janeiro,RJ,-22.86943483957529,amount: -43.55443024078128,Maringa,PR,-23.377396999935016,-51.93100618003307,5.0
mc_ID_186,"Single Male with one child, education: partial college working as clerical",30K+,"Dairy from Dairy department, Ordered Brand : Booker",31.3976,27036.80 grams,recyclable,"['Bar For Salad', 'Ready Food', 'Florist', 'Coffee Bar', 'Video Store']",One Day Sale,deluxa,6.64 Millions,2.9216 Millions,2037.79,481.98,321.26,data: 767.3456,poloni,SP,measure: -20.78794301654412,-49.81711966438032,beIo horizonte,"MG
",-19.878513898894187,-43.95694702879617,5.0
mc_ID_191,Single Male with three kids; education: bachelors degree working as professional,70K+,"Pizza from Frozen Foods department, Ordered Brand : PigTail",27.1822,24.275,non recyclable,"['Florist', 'Ready Food', 'Video Store', 'Coffee Bar', 'Bar For Salad']",Big Time Saving,Deluxe,4.35 Millions,1.8705 Millions,1734.5,,335.38,279.5435,sao paulo,SP,-23.599634741329545,-46.6603591434878,pirituba,SP,-23.49065997530149,-46.7284764394945,5.0
mc_ID_192,"Single Female with three children, education: high school degree working as professional",90K+,"Paper Products from Household department, Ordered Brand : Denny",25.0018,22.0946,recyclable,"['Coffee Bar', 'Florist']",Savings Galore,Mid-Size,$8.67 Millions,3.2946 Millions,2551.4,389.54,259.66,680.2138,americana,SP,-22.737278419931872,-47.31266995989381,sao paulo,SP,-23.56336298733478,-46.4596838214109,5.0
mc_ID_193,"Single Female with No kids, education: bachelor'ss degree working as professional",50K+,"Kitchen Products from Household department, Ordered Brand : High Quality",30.0894,28.6358,recyclable,"['Bar For Salad', 'Ready Food', 'Florist', 'Coffee Bar']",GLD,,8.43 Millions,3.4563 Millions,1563.36,,258.13,396.2248,novo hamburgo,RS,-29.756924954434872,-51.05065245881262,sao paulo,	$P,-23.56168119891244,-46.50627110555333,5.0
mc_ID_194,"Married Female with three kids, education: partial college working as management",130K+,"Snack Foods from Snack Foods department, Ordered Brand : Best Choice",18.8967,amount: 14.5359,non recyclable,"['Florist', 'Ready Food', 'Bar For Salad', 'Coffee Bar']",Promo Big,deluxe,5.34 Millions,2.136 Millions,2055.6,654.13,436.09,267.3576,vicosa,mg,-20.721937677884224,-42.86601159708953,SAO 	PAULO,SP,-23.611654194010004,-46.63258761587511,5.0
mc_ID_195,"Married Female with one child, education: bachelors degree working as professional",50K+,"Fruit from Produce department, Ordered Brand : Hermanos",24.8564,21.9493,recyclable,"['Video Store', 'Coffee Bar', 'Bar For Salad', 'Florist', 'Ready Food']",Bag Stuffer,,4.86 Millions,1.6524 Millions,1733.27,503.07,334.85,662.2226,Resende,RJ,-22.474262325841064,-44.45619482292687,mineiros do tiete,SP,-22.40983742501461,-48.45042421567509,5.0
mc_ID_196,"single female with four children, education: high school degree working as management",€59K+,"Frozen Desserts from Frozen Foods department, Ordered Brand : Carrington",-16.7163,27.24 lbs,non recyclable,"['Bar For Salad', 'Ready Food']",Shelf Clearing Days,Supermarket,"6.3 ,000,000illions",2.52 Millions,2267.35,,568.75,554.903,sao paulo,SP,-23.5725176791506,-46.680710766460734,IBITING4,$P,-21.7664768468313,-48.83154737836604,5.0
mc_ID_199,"Married Female with two kids, education: partial high school working as management",Income: 90K+,"Starchy Foods from Starchy Foods department, Ordered Brand : Shady Lake",15.9895,11.6287,recyclable,['Florist'],Roller Savings (High) ,Supermarket,5.62 Millions,1.9108 Millions,,523.32,348.85,532.6232,fraiburgo,5C,-27.029491198616498,-50.91302665918517,rodeio,SC,-26.90788801527196,-49.36522248757208,2.0
mc_ID_200,"Married Female with four children, education: partial high school working as skilled manual",€25K+,"Snack Foods from Snack Foods department, Ordered Brand : Horatio",24.275,21.3678,recyclable,['Florist'],Roller Savings (High) ,Supermarket,15.12 Millions,6.3504 Millions,1320.15,,348.85,532.6232,duque de caxias,RJ,-22.67141722646238,-43.26755860215828,ibitinga,SP,-21.7664768468313,-48.83154737836604,measure: 5.0
mc_ID_201,Married Female with five children + education: bachelors degree working as management,70K+,"Meat from Deli department, Ordered Brand : Lake",30.8162,27.909,non recyclable,,Super Wallet Savers,SupermArkeT,$10.64 Millions,4.5752 Millions,1506.12,227.8,149.91,733.1937,SaoPaulo,sp,-23.526613801835047,-46.70649280252754,betim,MG,-19.941877521944868,-44.11327370697121,5.0
mc_ID_203,"Married Female with three children, education: bachelors degree working as management",,"Specialty from Produce department, Ordered Brand : Hermanos",16.1349,11.7741,recyclable,,Shelf Clearing Days,Suparmarket,6.39 Millions,2.8116 Millions,1623.48,341.05,227.33,288.8006,rio de janeiro,RJ,-22.97393967554392,measure: -43.190175781579946,rio de janeiro, Rj,-22.842290284753936,-43.29762071175495,5.0
mc_ID_204,"Married Male with one child, education: partial high school working as skilled manual",30K+,"Hardware from Household department, Ordered Brand : Red Wing",13.7655,-12.3119,recyclable,,Wallet Savers,,€2.1M,1.1316 Millions,2049.72,,,418.1385, cascavel ,pr,-24.96075456010148,-53.51081196779967,monte siao,MG,-22.42880507067007,-46.569550269431765,5.0
mc_ID_206,"Single Male with one child, education: partial high school working as skilled manual",Income: 10K+,"Decongestants from Health and Hygiene department, Ordered Brand : Faux Products",24.275,19.9142,recyclable,,Sales Days,Supermarket,3.48 Millions,1.6704 Millions,2051.48,457.36,305.45,610.5502,SAO PAULO,5p,-23.70689244546711,-46.69166124271453,sAo GONcalO,RJ,-22.82787,-43.01969625000001,2.0
mc_ID_207,"Single Male with one child, education: bachelors degree working as professional",50K+,"Hygiene from Health and Hygiene department, Ordered Brand : Hilltop",8.9832,6.0615,recyclable,['Coffee Bar'],Pick Your Savings,,0.53 Millions,0.2491 Millions,1421.68,398.93,265.98,300.7773,resende,	RJ,-22.46868075491955,-44.46342640674589,itatiba,SP,-22.993820438600167,val: -46.81014454759541,val: 1.0
mc_ID_208,"SiNgLe mAlE WiTh tWo kIdS, eDuCaTiOn: BaChElOrS DeGrEe wOrKiNg aS PrOfEsSiOnAl",$50K+,"Fruit from Produce department, Ordered Brand : High Top",25.1472,22.0946,recyclable,"['Coffee Bar', 'Video Store', 'Florist', 'Ready Food', 'Bar For Salad']",Sale : Double Down,Deluxe,7.48 Millions,2.5432 Millions,1732.9,503.07,334.45,265.6317,jacarai,"SP
",data: -23.31311508964741,-46.0026232857349,Franca,$P,-20.50234199999999,-47.4215895,3.0
mc_ID_214,"Married Male with No children, education: partial high school working as manual",10K+,"Snack Foods from Snack Foods department, Ordered Brand : Fort West",24.8564,20.4957,non recyclable,"['Bar For Salad', 'Ready Food']",,Supermarket,"7.74 ,000,000illions",3.87 Millions,2266.64,853.22,567.26,339.1132,Nova Lima,Mg,-19.9972947150353,-43.84902217493977,sao paulo,SP,-23.59798552039933,-46.55547278711988,5.0
mc_ID_215,"EDUCATION: BACHELORS DEGREE WORKING AS PROFESSIONAL, mARRIED mALE WITH TWO CHILDREN",50K+,"Miscellaneous from Checkout department, Ordered Brand : James Bay",-14.6813,10.3205,recyclable,['Florist'],Roller Savings (High) ,,5.16Ms,2.4768 Millions,1320.96,523.32,348.85,532.6232,"SAO paulO
",5P,-23.549693280599,-46.49264250874256,sao paulo,Sp,-23.48668357540144,-46.46746268716547,5.0
mc_ID_217,"Single Female with two children, education: high school degree working as professional",110K+,"Snack Foods from Snack Foods department, Ordered Brand : Best Choice",18.8967,14.5359,non recyclable,"['Bar For Salad', 'Coffee Bar', 'Ready Food', 'Florist']",,Deluxe,$5.34 Millions,2.0292 Millions,2055.29,654.13,436.93,267.3576,florianopolis,SC,-27.59186031447276,val: -48.54902548765073,lajeado,RS,-29.44175457955597,-51.96130964790591,3.0
mc_ID_218,"Single Female with one child, education: bachelors degree working as professional",70K+,"Side Dishes from Deli department, Ordered Brand : Cutting Edge",12.3119,10.8583,recyclable,"['Coffee Bar', 'Ready Food', 'Florist', 'Bar For Salad']",Bag Stuffer,Deluxe,3.99 Millions,1.3566 Millions,2055.29,654.13,436.09,367.7736,itaguai,RJ,-22.870536667550173,-43.77637901532607,Sao Paulo,5P,-23.539824031911863,-46.434679443937874,5.0
mc_ID_220,"MaRrIeD MaLe wItH FoUr cHiLdReN, eDuCaTiOn: HiGh sChOoL DeGrEe wOrKiNg aS SkIlLeD MaNuAl",30K+,"Hardware from Checkout department, Ordered Brand : Akron",16.571,measure: 14.972,recyclable,['Coffee Bar'],,Supermarket,7.04 Millions,2.8864 Millions,1236.07,440.92,293.95,R$2002.91,sao paulo,sp,-23.58226254868028,-46.605851426988906,curitiba,PR,-25.41420518595992,-49.259492785590666,data: 5.0
mc_ID_222,"Single_Female_with_one_kid,_education:_high_school_degree_working_as_manual",50K+,"Fruit from Produce department, Ordered Brand : High Top",27.909,26.4554,recyclable,"['Florist', 'Bar For Salad', 'Video Store', 'Coffee Bar', 'Ready Food']",Super Duper Savers,Deluxe,6.68 Millions,2.2712 Millions,1525.28,,248.79,266.73,cascavel,PR,-24.961400882504734,-53.45816618100577,Sao Paulo,Sp,amount: -23.541074779906506,-46.69219306549716,2.0
mc_ID_223,"Married Male with four children, education: partial high school working as skilled manual",10K+,"Bread from Baked Goods department, Ordered Brand : Sphinx",23.2575,20.3503,recyclable,"['Video Store', 'Ready Food', 'Coffee Bar', 'Florist', 'Bar For Salad']",,DE1UXE,7.32 Millions,3.0744 Millions,?,505.07,335.38,583.1973,alto parana,PR,-23.132700277025453,-52.31974206630135,sao paulo,$P,-23.51661167998731,-46.59476458159733,4.0
mc_ID_224,"education: bachelors degree working as professional, Married Male with three children",$50K+,"Paper Products from Household department, Ordered Brand : Sunset",19.7689,16.8617,recyclable,['Florist'],Price Winners,Supermarket,"5.26 ,000,000illions",1.578 Millions,1320.15,523.32,349.13,640.7273,muriae,Mg,-21.12511695920133,-42.36213605759133,belo horizonte,Mg,-19.95455748237063,-43.93409969455826,5.0
mc_ID_226,"Married Male with three children, education: bachelors degree working as professional",50K+,"Vegetables from Frozen Foods department, Ordered Brand : Golden",21.2225,16.8617,recyclable,['Coffee Bar'],Double Your Savings,Supermarket,€7.5M,4.3512 Millions,1236.07,440.92,295.44,493.8689,BiRIGui,SP,-21.301705697260985,data: -50.33198634467411,sao paulo,SP,-23.693985995008337,amount: -46.70188324132953,5.0
mc_ID_227,"Single Female with two children, education: high school degree working as professional",90K+,"Paper Products from Household department, Ordered Brand : Cormorant",30.0894,val: 28.6358,recyclable,"['Ready Food', 'Video Store', 'Bar For Salad', 'Coffee Bar', 'Florist']",Sale : Double Down,Deluxe,"3.8 ,000,000illions",1.558 Millions,1525.28,375.1,249.73,278.2883,SAO PAULO,SP,-23.574334452680457,-46.50181676172888,sao paulo,SP_,-23.52833381848348,-46.61941011172019,4.0
unknown,"Single Male with three children, education: high school degree working as manual",50K+,"Frozen Desserts from Frozen Foods department, Ordered Brand : Imagine",29.3626,26.4554,non recyclable,,Save It (Sale),,8.49 Millions,4.1601 Millions,1623.48,341.05,,353.7049,santa cruz das palmeiras,sp,-21.81702801458608,measure: -47.24266525128645,GUaruLHOs,SP,amount: -23.457428518177625,-46.56396476894224,5.0
mc_ID_230,"Single Male with No children, education: bachelors degree working as professional",50K+,"Snack Foods from Snack Foods department, Ordered Brand : Nationeel",15.6988,11.338,recyclable,,Weekend Discount,Supermarket,$11.92 Millions,5.2448 Millions,1508,227.8,151.9,735.1811,videira,SC,-27.00086872288371,measure: -51.14532022116548,presidente  prudente,SP,-22.09785593377639,-51.40156940368525,5.0
mc_ID_231,"education: partial high school working as skilled manual, Married Male with No children",10K+,"Breakfast Foods from Breakfast Foods department, Ordered Brand : Johnson",30.8162,27.909,non recyclable,,Weekend Discount,_Supermarket,7.05 Millions,3.4545 Millions,1508,227.8,151.76,735.1811,rio de janeiro,Rj,-22.897963477927224,data: -43.178970829447735,SAO PAuLO,SP ,-23.65111484251016,-46.75521082321932,5.0
mc_ID_232,"Single Male with four kidren, education: bachelors degree working as professional.",30K+,"Vegetables from Produce department, Ordered Brand : Ebony",30.3801,27.3275,recyclable,['Florist'],Weekend Discount,Supermarket,10.02 Millions,4.8096 Millions,1320.15,525.32,348.85,279.1251,GUARULHOS,5P,-23.457157219256768,-46.56012296350051,santo andre,SP,-23.665703457960586,-46.51808196779969,5.0
mc_ID_234,missing,30K+,"Vegetables from Produce department, Ordered Brand : Tell Tale",20.2049,17.1524,recyclable,"['Ready Food', 'Bar For Salad', 'Coffee Bar', 'Florist', 'Video Store']",,deluxe,5.92 Millions,2.1904 Millions,2038.11,481.98,321.26,495.7517,campina grande,PB,-7.223608617819773,-35.87588797757268,sao paulo,5P_,-23.541941545934563,-46.49095488842404,1.0
mc_ID_235,"Single Male with three children, education: partial high school working as manual",10K+,"Canned Tuna from Canned Foods department, Ordered Brand : Just Right",10.8002,7.8785,non recyclable,"['Coffee Bar', 'Florist', 'Video Store', 'Bar For Salad', 'Ready Food']",Two Day Sale,Deluxe,3.52 Millions,1.584 Millions,1871.16,593.93,,402.0824,RIO DE JAÑEIRO,RJ,-22.954859287264107,-43.18091709714924,Petropolis_,RJ,-22.549033360244323,-43.210094724044055,5.0
mc_ID_236,"married female with four children, education: hs degree working as skilled manual",30K+,"Dairy from Dairy department, Ordered Brand : Booker",12.2393,7.8785,recyclable,"['Florist', 'Ready Food', 'Coffee Bar', 'Bar For Salad', 'Video Store']",Price Slashers, Deluxe,"3.76 ,000,000illions",1.5416 Millions,1736.12,503.07,335.38,282.9953,limeira,SP,-22.599254430886607,-47.37980963550319,ibitinga,SP,-21.7664768468313,-48.83154737836604,5.0
mc_ID_237,"Married Male with three children, education: partial high school working as manual",Income: 10K+,"Vegetables from Produce department, Ordered Brand : Hermanos",26.6008,-23.5482,recyclable,"['Bar For Salad', 'Florist', 'Coffee Bar', 'Ready Food', 'Video Store']",Discount Frenzy,Deluxe,1.86 Millions,0.837 Millions,1872.26,595.93,396.58,val: 326.352,vi1a velha,e$,-20.360474072335023,-40.351867185473125,sao paulo,$P,-23.59798552039933,-46.55547278711988,5.0
mc_ID_238,"Single Female with two children, education: partial college working as professional",50K+,"Snack Foods from Snack Foods department, Ordered Brand : Horatio",12.2683,7.893,non recyclable,['Coffee Bar'],Sale Sale Sale,,"7.7 ,000,000illions",3.388 Millions,1236.07,440.92,293.95,473.7334,goiania,GO,val: -16.726294140567493,-49.27637154365813,sorocaba,sp,-23.489741556206333,-47.509921178602326,5.0
mc_ID_239,"Single Male with three children, education: graduate degree working as professional",90000,"Vegetables from Produce department, Ordered Brand : Hermanos",25.1472,-23.5482,non recyclable,"['Video Store', 'Florist', 'Coffee Bar', 'Ready Food', 'Bar For Salad']",Shelf Emptiers,,7.72 Millions,3.088 Millions,1425.65,467.54,310.3,616.4078,belo horizonte,MG,-19.82150921426511,-43.96683064016958,ilicinea, Mg,-20.944705621834668,-45.82709818233235,5.0
mc_ID_240,"Single Male with five children, education: partial high school working as skilled manual",10K+,"Plastic Products from Household department, Ordered Brand : Denny",44.86 lbs,17.4431,non recyclable,"['Florist', 'Coffee Bar', 'Ready Food', 'Bar For Salad', 'Video Store']",Go For It,Deluxe,2.8 Millions,1.008 Millions,2038.11,481.98,320,455.3761,Governador Valadares,_MG,-18.91074643471513,-41.99272812082771,To Be Determined,mg,-19.878513898894187,-43.95694702879617,5.0
mc_ID_241,"Married Female with one child, education: high school degree working as skilled manual",30K+,"Dairy from Dairy department, Ordered Brand : Gorilla",15.1174,10.7421,recyclable,"['Coffee Bar', 'Video Store', 'Bar For Salad', 'Ready Food', 'Florist']",,Deluxe,2.44 Millions,0.854 Millions,1871.9,593.93,,608.772,canoas,RS,-29.942863836805337,val: -51.17746565589438,cascavel,pR,-24.955814183258344,-53.43029571217104,measure: 5.0
mc_ID_243,"Single Female with three children, education: high school degree working as skilled manual.",30 Thousand,"Candy from Snacks department, Ordered Brand : Thresher",17.007,14.0853,recyclable,"['Video Store', 'Coffee Bar', 'Florist', 'Bar For Salad', 'Ready Food']",Price Destroyers,Deluxe,2.22Ms,0.8436 Millions,2038.11,,321.26,777.2826,guarulhos,SP,-23.44803925506378,-46.421980491257415,osasco,SP,-23.528128203061986,-46.77680754732808,5.0
mc_ID_244,"Single Male with five children, education: high school degree working as skilled manual",30k,"Beer and Wine from Alcoholic Beverages department, Ordered Brand : Portsmouth",-30.8162,26.4554,recyclable,"['Ready Food', 'Florist', 'Bar For Salad', 'Coffee Bar']",Shelf Emptiers,goUrmet,€4.8M,2.1546 Millions,,385.45,256.97,773.0986,sao paulo,SP,-23.54387863113857,data: -46.70758622898028,sao paulo,SP,-23.534517416583824,-46.51350050508684,4.0
mc_ID_247,"Single Female with two children, education: high school degree working as manual",30K+,"Electrical from Household department, Ordered Brand : Red Wing",19.9142,18.3153,recyclable,"['Video Store', 'Ready Food', 'Florist', 'Coffee Bar', 'Bar For Salad']",Big Time Saving,Gourmet ,5.34 Millions,2.4564 Millions,,465.54,310.3,404.3836,s@o goncalo,RJ,-22.80945748522964,-43.0430013661409,riO DE jANEIro,RJ,-22.93781597002137,-43.17619884430715,3.0
mc_ID_248,"Single Male with four children, education: high school degree working as skilled manual",30K+,,15.1174,amount: 10.7421,non recyclable,,Save Price,Supermarket,5.3 Millions,1.643 Millions,1508,227.8,151.9,325.6721,sao paulo,SP,-23.540986006376645,-46.584929692480806,maringa,PR,-23.41000679702781,-51.88262571961486,5.0
mc_ID_249,"Single Male w/ three children, education: High School degree working as manual",50K+,"Dairy from Dairy department, Ordered Brand : Even Better",31.543,28.6358,non recyclable,"['Bar For Salad', 'Ready Food']",Savings Galore,Supermarket,3.45 Millions,1.6905 Millions,2446.83,470.27,313.55,550.1437,niterol,RJ,val: -22.901359568959617,-43.1241522171793, Vicosa ,MG,data: -20.721937677884224,data: -42.86601159708953,5.0
mc_ID_250,"Married Male with one child, education: high school degree working as skilled manual",30K+ annually,"Specialty from Produce department, Ordered Brand : Tell Tale",11.4398,-999.0,non recyclable,['Florist'],Budget Bargains,Supermarket,10.2 Millions,4.794 Millions,1320.15,,348.85,738.7898,mogi das cruzes, SP,-23.517127104923187,data: -46.19066721624193,sao paulo,SP,measure: -23.55156260866176,-46.64021297307979,5.0
mc_ID_251,"Single Female with two children, education: high school degree working as professional",70K+,"Kitchen Products from Household department, Ordered Brand : Denny",30.6708,26.31,non recyclable,...,Sales Days,,3.16 Millions,1.0112 Millions,2549.21,391.54,259.66,694.9624,sao paulo,SP,-23.594499367188,-46.67772056203472,sao paulo,$p,-23.491089052455425,val: -46.5850818805182,measure: 5.0
mc_ID_253,"mARRIED mALE WITH THREE CHILDREN, EDUCATION: HIGH SCHOOL DEGREE WORKING AS SKILLED MANUAL",30K or more,"Snack Foods from Snack Foods department, Ordered Brand : Nationeel",15.8442,11.4688,recyclable,"['Ready Food', 'Bar For Salad']",Mystery Sale,Supermarket,,1.984 Millions,2265.9,853.22,569.03,£324.41,fortaleza,CE,-3.807448059505409,-38.53934812638211,	SOROCABA,SP,measure: -23.53401196947312,-47.46735238343239,3.0
mc_ID_254,"Married Male with five children, education: high school degree working as skilled manual",30K+,"Fruit from Produce department, Ordered Brand : Tri-State",24.8564,23.4028,non recyclable,,Super Duper Savers,Supermarket,3.54 Millions,1.3452 Millions,2047.81,457.36,302.95,527.7593,blumenau,SC,-26.91366744240868,-49.075175441023696,praDOpolIS,SP,val: -21.36757068180344,-48.06270442872158,4.0
mc_ID_255,"Married Male with four children, education: High School degree working as skilled manual",360+ monthly,"Dairy from Dairy department, Ordered Brand : Booker",26.8915,22.5307,non recyclable,,Promo Big,Suparmarket,13.32 Millions,4.7952 Millions,2049.72,457.36,305.13,515.2596,salvador,BA,-12.928889252293818,-38.49946382292688,sao paulo,Sp,amount: -23.478102779882025,-46.71737617425583,1.0
mc_ID_257,"Single Male with five children, education: high school degree working as skilled manual",30000,"Drinks from Beverages department, Ordered Brand : Excellent",10.3496,262.01 oz,non recyclable,"['Coffee Bar', 'Ready Food', 'Florist', 'Video Store', 'Bar For Salad']",Lottery Cash Registerion,Deluxe,14.25 Millions,6.4125 Millions,1734.5,503.07,,313.0678,januaria,MG,-15.485938887533464,-44.36666830665413,bonfinopolis de miñas,?,-16.564400117713785,data: -45.98198595939098,4.0
mc_ID_258,"Married Female with four children, education: partial high school working as manual",10K+,"Vegetables from Frozen Foods department, Ordered Brand : Big Time",19.1874,16.1349,recyclable,"['Ready Food', 'Florist', 'Bar For Salad', 'Coffee Bar', 'Video Store']",Dimes Off,Deluxe,€13.4M,6.162 Millions,2038.11,481.98,,602.7575,petr0lina,PE_,-9.377889517889177,-40.49594016180967,Sao Pau1O,SP,-23.615020791563268,-46.47934165652957,5.0
mc_ID_259,"Single Male with four children, education: graduate degree working as professional",130K+,"Dairy from Dairy department, Ordered Brand : Carlson",12.7771,-8.4018,recyclable,['Florist'],Two for One,Supermarket,4.72 Millions,1.652 Millions,1322.57,523.32,350.24,360.7131,parnaiba,PI,-2.931639387756114,-41.75817711039642,Campina$,SP,-22.92991227115403,amount: -47.07189552530681,5.0
mc_ID_260,"Married Female with three children, education: partial high school working as skilled manual",30K+,"Jams and Jellies from Baking Goods department, Ordered Brand : Super",26.4554,22.0946,non recyclable,"['Bar For Salad', 'Ready Food']",Mystery Sale,,5.92 Millions,2.9008 Millions,2265.34,853.22,570.51,measure: 444.3931,Piracicaba,SP,-22.75783053289281,-47.60872688259565,ech4pora,SP,-22.42925217631197,-50.20413759688468,5.0
mc_ID_261,"Marrie Male with one child, education: partial high school working as manual",30K+,"Fruit from Produce department, Ordered Brand : High Top",27.909,26.4554,recyclable,,Best Price Savers,_Supermarket,3.34 Millions,1.169 Millions,1508,227.8,150.72,650.4028,maringa,PR,-23.380640574186987,-52.05942220520233,"MARICA
",RJ,-22.918401715611136,-42.81174804781017,5.0
mc_ID_262,"SINGLE FEMALE WITH FOUR CHILDREN, EDUCATION: PARTIAL HIGH SCHOOL WORKING AS MANUAL",30K+,"Snack Foods from Snack Foods department, Ordered Brand : Nationeel",-24.7111,21.8039,recyclable,,,supERMarkEt,6.36 Millions,2.9256 Millions,1510.5,227.8,151.9,727.9637,sao jose dos campos,$P,-23.26576982024265,-45.912724345959454,unknown,Df,-15.79596441541089,-47.91128271960153,4.0
mc_ID_263,"Single Female with three children, education: high school degree working as manual, Single Female with three children",30K+,"Frozen Entrees from Frozen Foods department, Ordered Brand : Big Time",amount: 9.2303,measure: 7.7622,non recyclable,,You Save Days,Supermarket,9.63 Millions,4.7187 Millions,1509.82,227.8,151.9,, BLRIGUI,SP,-21.30332290305622,-50.37641274484489,marilia,SP,-22.154209249920417,-49.95162687408481,5.0
mc_ID_265,"Married Male with four children, education: high school degree working as professional",90K+,"Jams and Jellies from Baking Goods department, Ordered Brand : Landslide",data: 14.8266,data: 11.9049,recyclable,,Sales Days,Supermarket,€1.7M,0.8772 Millions,1623.48,341.05,227.33,743.1307,bage,rs,-31.328497375345503,-54.06035599565912,Brusque,SC,-27.14105704919435,-48.96146112936535,5.0
mc_ID_269,"Married Male with five children, education: high school degree working as skilled manual",30K+,"Hot Beverages from Beverages department, Ordered Brand : Landslide",amount: 19.3328,14.972,non recyclable,"['Bar For Salad', 'Ready Food']",,,11.12 Millions,4.0032 Millions,2264.82,853.22,568.75,761.0696,Arapiraca,AL,-9.749041409132976,-36.66865851711054,sao paulo,SP,-23.491089052455425,-46.5850818805182,val: 5.0
mc_ID_270,"Single Female with three kids, education: bachelors degree working as professional",10K+,"Jams and Jellies from Baking Goods department, Ordered Brand : CDR",19.6235,15.2627,recyclable,"['Ready Food', 'Florist', 'Bar For Salad', 'Coffee Bar']",Budget Bargains,Deluxe,7.44 Millions,3.0504 Millions,2053.46,654.13,436.09,715.1502, sao paulo ,SP,-23.63874234192172,-46.63180247157553,atibaia,SP,-23.112774381969185,-46.5488845105504,3.0
mc_ID_273,"Married Female with No children, education: high school degree working as manual",30K+,"Cleaning Supplies from Household department, Ordered Brand : Red Wing",22.0946,19.0421,non recyclable,,,Supermarket,5.9 Millions,2.124 Millions,2049.72,457.36,304.91,708.665,SAO JOSE DOS CAMPOS,SP,measure: -23.263007134052764,-45.90311760421835,campo limpo pauIista,SP,-23.20706431353269,-46.760735214610754,3.0
mc_ID_274,"SiNgLe fEmAlE WiTh tHrEe cHiLdReN , EdUcAtIoN: bAtChElOrS DeGrEe wOrKiNg aS PrOfEsSiOnAl.",$50K+,"Vegetables from Produce department, Ordered Brand : Tell Tale",19.6235,16.7163,non recyclable,,Save It (Sale),,4.08 Millions,1.7136 Millions,1623.48,341.05,227.33,353.7049,BELem,P4,-1.4351686532623154,val: -48.46701297918873,blumenau,SC,-26.91141069525076,-49.11143612738765,2.0
mc_ID_275,"Married Female with four children, education: partial high school working as manual",10K+,"Hot Beverages from Beverages department, Ordered Brand : BBB Best",-999.0,16.7163,recyclable,['Florist'],Weekend Discount,Supermarket,€6.7M,2.367 Millions,1320.15,523.32,348.85,279.1251,sorokaba,SP,-23.493304498470785,-47.48204226449884,sao paulo,SP,-23.48934571357261,-46.47738070858095,1.0
mc_ID_276,"Married Female with four childran, education: High School degree working as manual",30K+,"Meat from Deli department, Ordered Brand : Moms",23.5482,20.641,recyclable,"['Florist', 'Bar For Salad', 'Ready Food', 'Coffee Bar', 'Video Store']",Roller Savings (High) ,G0URMET,7.7 Millions,2.772 Millions,,465.54,312.16,532.6232,PORTO ALEGRE,RS,-30.024860070777287,-51.22343202221699,c@mpinas,SP,-22.85275770752771,-47.05510214136723,5.0
mc_ID_277,"Single Male with two kidren, education: high school degree working as skilled manual",30K+,"Beer and Wine from Alcoholic Beverages department, Ordered Brand : Pearl",-999.0,12.0648,non recyclable,['Coffee Bar'],Savings Galore,Supermarket,5.58Ms,1.8972 Millions,1236.07,440.92,293.95,724.5119,porto alegre,RS,-30.025506635033704,amount: -51.203962949477805,ibitiñga,	sp,-21.7664768468313,-48.83154737836604,4.0
mc_ID_278,"Married Female with three children, education: partial college working as professional",50K+,"Jams and Jellies from Baking Goods department, Ordered Brand : CDR",24.7111,-23.2575,recyclable,"['Coffee Bar', 'Florist', 'Bar For Salad', 'Ready Food']",Budget Bargains,Deluxe,$2.92 Millions,0.876 Millions,2055.29,654.13,436.09,data: 715.1502,fortaleza,kE,-3.726027890645741,-38.59580439133823,araguari,MG,-18.65223568071188,-48.19343213192182,3.0
mc_ID_279,"Single Male with one child, education: partial high school working as skilled manual",Income: 30K+,"Beer and Wine from Alcoholic Beverages department, Ordered Brand : Pearl",-22.3853,17.8792,non recyclable,"['Ready Food', 'Coffee Bar', 'Florist', 'Bar For Salad', 'Video Store']",Sale Sale Sale,DELuxE,5.22 Millions,2.088 Millions,1523.17,373.1,248.79,data: 722.6814,sao 	joao 	da 	parauna,GO,measure: -16.821590263814823,measure: -50.40752804308044, rio de janeiro,Rj,-22.93125598447676,-43.17881321481337,5.0
mc_ID_280,"MaRrIeD FeMaLe wItH OnE ChIlD, eDuCaTiOn: HiGh sChOoL DeGrEe wOrKiNg aS MaNuAl",30K+,"Snack Foods from Snack Foods department, Ordered Brand : Horatio",15.4081,12.5009,recyclable,,,,7.8 Millions,3.042 Millions,1508,227.8,151.9,350.4623,rio de janeiro,RJ,-22.90852761281669,-43.22049454010619,GUaRULhos,5P,-23.46530411469876,-46.51148732089968,1.0
mc_ID_281,"Single Male with three children, education: graduate degree working as professional",90K+,"Vegetables from Frozen Foods department, Ordered Brand : Imagine",22.0946,17.5885,recyclable,"['Coffee Bar', 'Florist', 'Ready Food', 'Bar For Salad']",Save Price,,7.84 Millions,3.6848 Millions,2055.29,,436.93,602.1299,embu das ertes_,SP_,-23.652496885105823,-46.83798857631722,sao paulo ,SP,-23.541718547319537,-46.64883066180968,5.0
mc_ID_283,"Singlee Female with No children, education: partial high school working as management",90K+,"Hygiene from Health and Hygiene department, Ordered Brand : Hilltop",12.3555,9.4484,non recyclable,"['Florist', 'Ready Food', 'Video Store', 'Coffee Bar', 'Bar For Salad']",Price Destroyers,Deluxe,5.32 Millions,1.9152 Millions,2037.95,481.98,320.49,777.2826,pouso alegre,MG,val: -22.22180037123291,-45.928418933957126,POrto aLEgRE,RS,-30.01895817707312,-51.16296204564608,5.0
mc_ID_284,"Singlee Male with No children, education: Bachelors degree working as management",50K+,"Dairy from Dairy department, Ordered Brand : Carlson",21.5132,18.606,non recyclable,['Coffee Bar'],Best Price Savers,Supermarket,€6.8M,3.184 Millions,1236.07,440.92,294.76,720.5371,Suzano,Sp,-23.648744078441307,-46.33713793016226,santo andre ,SP,-23.665703457960586,-46.51808196779969,5.0
mc_ID_285,"Single Female with four children, education: high school degree working as manual",30K+,"Candy from Snacks department, Ordered Brand : Musial",14.972,data: 10.6112,non recyclable,"['Bar For Salad', 'Ready Food', 'Video Store', 'Florist', 'Coffee Bar']",Full Free,DELUXE,"9.42 ,000,000illions",3.1086 Millions,1734.5,,335.33,752.2309,itaborai,RJ,amount: -22.8221647281532,-42.89085554010795,sao miguel do oeste,SC,-26.7286991677439,val: -53.51449582910278,5.0
mc_ID_286,"Single Male with four children, education: bachelors degree working as professional",130K+ annually,"Magazines from Periodicals department, Ordered Brand : Mighty Good",21.8039,-20.3503,non recyclable,"['Florist', 'Bar For Salad', 'Video Store', 'Coffee Bar', 'Ready Food']",Mystery Sale,Gourmet,7.35Ms,3.528 Millions,1424.85,465.54,,360.0332,Vi7Oria,ES ,-20.319585561169333,val: -40.32931938481735,sao jose,sc,-27.543786658615705,-48.62567962615467,5.0
mc_ID_287,"Single Female with one child, education: partial college working as skilled manual",50K+,"Jams and Jellies from Baking Goods department, Ordered Brand : Super",-23.9843,21.0771,non recyclable,['Coffee Bar'],Two Day Sale,,11.88 Millions,5.2272 Millions,1236.07,440.92,294.59,477.3944,rio casca,MG ,-20.22462248291417,-42.64359330418742,praia grande,SP,-24.026786758814687,-46.49304889148245,5.0
mc_ID_288,"Single Female with one child, education: partial high school working as skilled manual",Income: 10K+,"Jams and Jellies from Baking Goods department, Ordered Brand : Plato",13.5184,10.6112,,"['Florist', 'Bar For Salad', 'Coffee Bar', 'Ready Food']",Discount Frenzy,Deluxe,4.44Ms,1.554 Millions,2055.29,654.13,437.33,779.6884,sao paulo,_SP,data: -23.608814825148578,val: -46.66250916902303,SAO PAULO,SP,-23.539494799586286,-46.63284391414975,4.0
mc_ID_289,"Single Female with two children, education: partial high school working as manual",10 Thousand,"Pure Juice Beverages from Beverages department, Ordered Brand : Fabulous",23.2575,data: 21.8039,recyclable,"['Ready Food', 'Bar For Salad', 'Coffee Bar', 'Florist']",Price Winners,GOuRMEt,1.95 Millions,0.702 Millions,1564.86,385.45,256.97,769.7514,Sao Paulo,SP,val: -23.544515233192364,-46.54270610151011,S JOSE DO RIO PRETO,_SP,-20.81734497064537,-49.38133679126948,4.0
mc_ID_290,"Married Female with one child, education: partial college working as professional",150K+,"Specialty from Produce department, Ordered Brand : Ebony",28.1997,25.1472,non recyclable,['Coffee Bar'],Discount Frenzy,Supermarket,2.58 Millions,0.8256 Millions,1236.07,,293.95,745.0135,recife,PE_,-8.109659996393315,-34.89334721273588,Terasopolis,"RJ
",-22.428725888669057,data: -42.97556752642736,5.0
mc_ID_291,"Single Male with three children, education: high school degree working as manual.",30K+,"Vegetables from Produce department, Ordered Brand : Hermanos",25.0018,23.5482,non recyclable,"['Coffee Bar', 'Bar For Salad', 'Ready Food', 'Florist']",Saving Days,Gourmet,8.16 Millions,2.7744 Millions,1566.47,385.45,256.97,474.0995,americo  brasiliense,Sp,-21.73266611611225,-48.111971166222745,PIRACICABA,SP,-22.71683928585045,-47.65736585405934,4.0
mc_ID_292,"Married Female with four children, education: partial high school working as skilled manual",10K+,"Frozen Desserts from Frozen Foods department, Ordered Brand : Golden",17.8792,14.972,non recyclable,,Go For It,Supermarket,19.45 Millions,7.1965 Millions,2048.86,457.36,304.91,£372.05,rio de janeiro,RJ,-22.923980497085807,-43.22589028129148,Campo Limpo Pauli5Ta,$P,-23.20706431353269,-46.760735214610754,5.0
mc_ID_295,"Married Female with four children, education: partial high school working as skilled manual",10K+,"Snack Foods from Snack Foods department, Ordered Brand : Fort West",17.5885,14.68 kg,non recyclable,,I Cant Believe It Sale,Mid-Size,6.58 Millions,2.5662 Millions,2819.7,447.7,298.5,693.498,Guaira,SP,-20.32575857378295,-48.319543357640256,curitiba,PR,-25.44145496502972,-49.31273063488947,5.0
mc_ID_297,"Single Female with four children, education: graduate degree working as management",130K+,"Fruit from Canned Products department, Ordered Brand : Applause",measure: 10.117,5.7562,recyclable,"['Ready Food', 'Bar For Salad']",Shelf Clearing Days,Supermarket,5.6 Millions,2.8 Millions,2265.9,853.22,568.75,554.903,Uruguaiana,RS,-29.795943670748663,-57.06321657653186,sao jose do rio preto,SP,-20.80243626346376,-49.39562406741489,data: 5.0
mc_ID_298,"Single Male with No children, education: bachelors degree working as professional",50K+,"Canned Soup from Canned Foods department, Ordered Brand : Just Right",measure: 10.3496,8.8815,non recyclable,,Wallet Savers,Supermarket,11.28 Millions,3.8352 Millions,1508.63,,152.5,277.8699, bocaiuva ,MG,measure: -17.126574817685405,-43.81059822795839,$anto andre,SP,-23.66033225007211,-46.52820295475792,5.0
mc_ID_299,"Married Male with one child, education: partial high school working as skilled manual",10K+,"Fruit from Produce department, Ordered Brand : Tri-State",19.9142,16.8617,recyclable,"['Ready Food', 'Florist', 'Coffee Bar', 'Bar For Salad', 'Video Store']",Two Day Sale,Gourmet,10.83 Millions,4.0071 Millions,1424.85,465.54,###,663.5824,Foz Do Iguacu,PR,val: -25.484806613139725,-54.50792805280905,rio de janeiro,RJ,-22.933875887039065,-43.68870134055625,5.0
mc_ID_300,"Married Female with five children, education: bachelors degree working as professional",50K+,"Vegetables from Frozen Foods department, Ordered Brand : Carrington",amount: 9.9862,8.5181,non recyclable,['Coffee Bar'],,,2.76 Millions,1.0764 Millions,,442.92,293.95,647.8924,BELO HORIZONTE,MG,-19.828081277829032,-43.95874393658031,ube,MG,-21.120087446232457,-42.91067895264525,4.0
mc_ID_301,"sINGLE_fEMALE_WITH_TWO_CHILDREN,_EDUCATION:_hIGH_sCHOOL_DEGREE_WORKING_AS_MANUAL",30K+,"Breakfast Foods from Breakfast Foods department, Ordered Brand : Best",10.8002,7.8785,non recyclable,"['Ready Food', 'Video Store', 'Bar For Salad', 'Coffee Bar', 'Florist']",,Gourmet,$5.91 Millions,2.5413 Millions,1424.85,467.54,310.3,612.1192,sao paulo,SP,-23.61873040773737,-46.75077995539718,,,,,5.0
mc_ID_302,"MARRIED FEMALE WITH ONE KID, EDUCATION: HIGH SCHOOL DEGREE WORKING AS SKILLED MANUAL",30K+,"Electrical from Household department, Ordered Brand : Sunset",-21.9493,17.5885,non recyclable,"['Bar For Salad', 'Coffee Bar', 'Video Store', 'Florist', 'Ready Food']",Sale Winners,Deluxe,5.3 Millions,1.749 Millions,1871.16,593.93,394.13,519.7574,bocaiuva, MG,-17.126574817685405,-43.81059822795839,Sao Paulo,Sp,-23.536864121011018,val: -46.63349313820771,5.0
mc_ID_305,"Married Female with four children, education: partial high school working as management",Income: 130K+,"Bread from Baked Goods department, Ordered Brand : Sphinx",10.9746,8.0674,recyclable,"['Bar For Salad', 'Video Store', 'Ready Food', 'Coffee Bar', 'Florist']",Sale Winners,Deluxe,€8.0M,3.4928 Millions,1873.15,593.93,395.95,519.7574,cuiaba,MT,data: -15.609941418712118,-56.07106593237602,sao paulo,sP,-23.611243044405345,-46.64579071565007,data: 5.0
mc_ID_306,"Single Female with three children, education: partial college working as clerical",30 Thousand,"Vegetables from Frozen Foods department, Ordered Brand : Big Time",13.9109,12.4428,recyclable,"['Ready Food', 'Bar For Salad']",Shelf Clearing Days,,5.72 Millions,2.2308 Millions,2265.9,853.22,568.75,571.1683,sao pauIo,SP,-23.489584790770785,-46.68192027136849,saLtO ,$P,-23.194155763010308,amount: -47.26601382366275,5.0
mc_ID_308,"Single Male with No children, education: partial high school working as professional",70000,"Canned Soup from Canned Foods department, Ordered Brand : Bravo",25.0018,20.641,non recyclable,"['Florist', 'Coffee Bar', 'Bar For Salad', 'Video Store', 'Ready Food']",Shelf Clearing Days,Deluxe,€6.5M,3.825 Millions,1871.16,593.93,396.71,,eunapolis, Ba,-16.37787453533949,-39.58753930062822,bEBeDoURO,Sp,-20.928623885001464,-48.49299639722605,8.0/10
mc_ID_309,"Single Male with No children, education: high school degree working as management",€93K+,"Meat from Deli department, Ordered Brand : Lake",-24.7111,amount: 21.8039,recyclable,"['Bar For Salad', 'Coffee Bar', 'Florist', 'Ready Food']",Discount Frenzy,Deluxe,€1.8M,0.6603 Millions,2055.29,654.13,434.55,779.6884,itapetinlnga,SP,-23.58796435005592,-48.050515104990346,maua,SP,-23.68011442853022,-46.4524537436668,5.0
mc_ID_310,"Married Female with one child, education: high school degree working as skilled manual",30000,"Canned Tuna from Canned Foods department, Ordered Brand : Better",31.543,28.6358,non recyclable,,,Mid-Size,"8.31 ,000,000illions",3.1578 Millions,2085.67,783.64,522.49,739.4697,sao bernardo do campo,SP,-23.65957039301168,-46.56093532529281, sao paulo ,SP,-23.537511255832708,-46.63705730743676,4.0
mc_ID_312,"Single Female with No children, education: bachelors degree working as management",70K+,"Canned Anchovies from Canned Foods department, Ordered Brand : Blue Label",12.0212,9.114,non recyclable,,Go For It,Mid-Size,5.44 Millions,1.9584 Millions,2819.7,447.7,298.5,455.3761,sao 	pauLO,SP,-23.60210458728148,-46.60860664946042,jau,$P,-22.27568678711987,-48.542599749927895,5.0
mc_ID_313,"Married Female with one child, education: bachelors degree working as management",50K+,"Snack Foods from Snack Foods department, Ordered Brand : Nationeel",15.6988,11.338,recyclable,"['Bar For Salad', 'Ready Food', 'Florist', 'Video Store', 'Coffee Bar']",,DELUXE,5.96 Millions,2.2648 Millions,1734.5,505.07,,363.3281,sau paulo,Sp,-23.503585725229385,-46.49214314501703,COTIA,SP,measure: -23.6150603215516,-46.837480828765536,5.0
mc_ID_315,Single Male with one child - education: partial high school working as manual,10K+,"Vegetables from Produce department, Ordered Brand : Tell Tale",14.2016,11.2944,recyclable,"['Coffee Bar', 'Florist', 'Bar For Salad', 'Ready Food']",Super Duper Savers,Deluxe,"7.77 ,000,000illions",3.2634 Millions,2057.52,654.13,,364.2695, CURVELO ,Mg,measure: -18.744756956577486,-44.45041862816433,brasilia,dF,,missing,5.0
mc_ID_317,"Single Male with two children, education: partial high school working as skilled manual",10K+ annually,"Vegetables from Produce department, Ordered Brand : High Top",29.0719,26.1647,recyclable,"['Video Store', 'Ready Food', 'Coffee Bar', 'Bar For Salad', 'Florist']",Big Time Discounts,Deluxe,13.6Ms,6.528 Millions,2036.71,481.98,321.26,val: 328.1302,brusque,	$C,-27.10573505374388,-48.920455830982895,tubAraO,$C,-28.47802628243179,-48.99718340569771,val: 4.0
mc_ID_320,"Marriied Male with No children, education: partial college working as professional",$30K+,"Vegetables from Canned Foods department, Ordered Brand : Pleasant",10.9019,9.4484,recyclable,"['Coffee Bar', 'Florist', 'Bar For Salad', 'Video Store', 'Ready Food']",Roller Savings (High) ,Gourmet,4.8 Millions,2.112 Millions,1424.85,465.54,310.05,€424.77,taubate,SP,-23.00315838696713,-45.55407537022584,sao paulo,SP,-23.65111484251016,-46.75521082321932,5.0
mc_ID_321,"Married Male with No children, education: high school degree working as skilled manual",€8K+,"Snack Foods from Snack Foods department, Ordered Brand : Fort West",12.0939,9.1722,non recyclable,"['Video Store', 'Ready Food', 'Coffee Bar', 'Bar For Salad', 'Florist']",Save Price,Deluxe,6.9 Millions,2.829 Millions,1734.5,503.07,335.38,419.9167,SAO CArLOs,"sp
",-21.969376473950696,measure: -47.89086773875321,jacarei,_sp,-23.29818595956356,val: -45.974828011182304,amount: 5.0
mc_ID_322,"Single Male with two children, education: graduate degree working as professional",130K+,"Baking Goods from Baking Goods department, Ordered Brand : Super",25.4379,21.0771,recyclable,,Two Day Sale,Mid-Size,10.92 Millions,4.6956 Millions,2085.67,783.64,522.49,509.0882,diadema,$P,-23.684721443793656,-46.58409388868383,baruari,SP,-23.491791912543025,-46.94733309700014,5.0
mc_ID_324,"Married Male with two children, education: bachelors degree working as professional",$50K+,"Bathroom Products from Health and Hygiene department, Ordered Brand : Faux Products",amount: 29.2172,27.7636,non recyclable,,,Supermarket,4.56 Millions,1.4592 Millions,2052.69,457.36,305.4,486.7561,sao caetano do sul, SP,-23.637496609498484,-46.57411344809283,campo limpo pauli5ta,Sp,-23.20706431353269,amount: -46.760735214610754,3.0
mc_ID_326,"Single Female with three children, education: high school degree working as manual",30K+,"Bathroom Products from Health and Hygiene department, Ordered Brand : Bird Call",23.5482,22.0946,recyclable,['Florist'],Shelf Emptiers,SUPERMARKET,6.84 Millions,2.9412 Millions,1320.15,523.32,350.2,564.2647,brasilia,DF,-15.814967496183934,-47.98299607251937,Laranjal  Paulista,###,-23.03582473318652,measure: -47.8363026594829,5.0
mc_ID_328,"Married Female with one child, education: high school degree working as professional",130000,"Vegetables from Frozen Foods department, Ordered Brand : Big Time",19.1874,16.1349,recyclable,['Coffee Bar'],,Supermarket,9.48 Millions,3.2232 Millions,1236.07,440.92,293.79,722.9429,	pedreira,Sp,-22.73824150585765,-46.8958585777586,ferraz de  vasconcelos,5P,-23.56892589286744,-46.372428309048416,5.0
mc_ID_329,"Married Female with one child, education: bachelors degree working as professional",50K+,"Specialty from Produce department, Ordered Brand : Hermanos",574.27 oz,13.3585,recyclable,['Coffee Bar'],Sale Sale Sale,Supermarket,5.28 Millions,1.9008 Millions,1236.07,440.92,292.27,measure: 473.7334,SAO PAULO,Sp,-23.44184566410296,-46.75536156333384,Sao Paulu,SP,-23.693985995008337,-46.70188324132953,data: 1.0
mc_ID_330,"Single Female with one child, education: partial college working as professional",360+ monthly,"Snack Foods from Snack Foods department, Ordered Brand : Best Choice",23.5482,45.51 lbs,non recyclable,"['Ready Food', 'Florist', 'Coffee Bar', 'Bar For Salad']",Two Day Sale, Gourmet ,10.32 Millions,3.612 Millions,1564.86,385.45,,486.9653,JaLeS,$P,measure: -20.26932873300056,val: -50.54852495698551,MaRiNga,pr,-23.437975269077903,-51.91385959802448,5.0
mc_ID_332,"Single Female with one child, education: high school degree working as manual",30K+,"Meat from Deli department, Ordered Brand : Lake",measure: 13.8673,-12.3991,recyclable,"['Bar For Salad', 'Ready Food', 'Florist', 'Coffee Bar']",Super Duper Savers, dElUXe,€5.8M,3.3222 Millions,2055.29,654.13,436.09,475.93,sao paulo,Sp,-23.65393359616828,data: -46.66380577629982,guarulhos,SP,-23.496488565250488,-46.54671310832206,4.0
mc_ID_333,"Married Male with two children, education: partial high school working as manual",10K+,"Snack Foods from Snack Foods department, Ordered Brand : Best Choice",23.9843,-1.0,recyclable,"['Bar For Salad', 'Ready Food']",Save Price,SUPERMARKET,6.63 Millions,2.3205 Millions,2448.37,470.27,312.39,406.4756,belo horizonte,MG,-19.977266817935217,-44.030220762565605,itaquaquecetuba,SP,-23.464295023583936,-46.32874959104104,4.0
mc_ID_334,"Single Male with three children, education: partial high school working as manual",10K+ annually,"Meat from Deli department, Ordered Brand : Moms",21.3678,18.3153,recyclable,"['Coffee Bar', 'Bar For Salad', 'Ready Food', 'Video Store', 'Florist']",Super Duper Savers,Deluxe,1.08 Millions,0.432 Millions,,373.1,248.79,318.3501,guaira,Sp,data: -20.32575857378295,-48.319543357640256,ibitinga,SP,-21.7664768468313,-48.83154737836604,5.0
mc_ID_335,"Single Female with one child, education: partial high school working as skilled manual",10K+,"Snack Foods from Snack Foods department, Ordered Brand : Fast",-31.543,val: 27.1822,recyclable,"['Florist', 'Coffee Bar', 'Ready Food', 'Bar For Salad']",Two for One,De1uxe,7.74 Millions,2.4768 Millions,2053.8,654.13,,312.9109,JOAO PESSOA,PB,-7.15209141661366,-34.83820211212422,santo andre,SP,-23.665703457960586,-46.51808196779969,measure: 5.0
mc_ID_340,"Married Female with three children, education: bachelors degree working as professional",70K+,"Electrical from Household department, Ordered Brand : High Quality",-30.2347,27.1822,non recyclable,"['Video Store', 'Ready Food', 'Bar For Salad', 'Florist', 'Coffee Bar']",Save Price,Deluxe,"6.16 ,000,000illions",2.464 Millions,2038.11,481.98,321.26,val: 284.3028, jatai ,go,measure: -17.8856069719365,-51.719640227882586,tubarao,SC,-28.46951928224586,-48.99324969252177,val: 5.0
mc_ID_341,"Married Male with No children, education: gradute degree working as professional",110K+,"Plastic Products from Household department, Ordered Brand : Denny",-20.3503,17.4431,non recyclable,,You Save Days,Supermarket,$2.1 Millions,0.987 Millions,1510.52,229.8,152.75,565.9906,guaruja,SP,data: -23.94045703052688,-46.28580088343238,santos,5P,-23.96112504302036,-46.32316061267247,5.0/5.0
mc_ID_342,"Married Female with four children, education: high school degree working as skilled manual",50K+,"Dairy from Dairy department, Ordered Brand : Booker",26.6008,-23.5482,non recyclable,"['Coffee Bar', 'Florist']",Sales Days,MID-SIZE,7.74 Millions,3.6378 Millions,2551.4,,259.66,694.9624,itagi,BA,-14.160558148699394,val: -40.00765140682,Sao Paulo,SP,-23.70965016443733,-46.69257464205786,5.0
mc_ID_343,"Married Male with four children, education: graduate degree working as professional",€59K+,"Baking Goods from Baking Goods department, Ordered Brand : Landslide",13.7801,9.4047,non recyclable,['Florist'],Roller Savings (High) ,,3.75 Millions,1.5 Millions,1317.17,525.32,348.85,532.6232,ipaussu,Sp,-23.05035208242116,-49.62755542394423,GuaRulHos,sp,-23.46530411469876,-46.51148732089968,4.0
mc_ID_344,"Single Female with one child, education: high school degree working as skilled manual",30K+,"Candles from Household department, Ordered Brand : High Quality",14.3179,11.4107,non recyclable,['Florist'],Dollar Days,Supermarket,6.32 Millions,2.4648 Millions,1320.15,523.32,348.85,748.0992,bom despacho,Mg,data: -19.74074058834445,-45.25452490731858,ribeirao preto,,-21.17121748495008,-47.81941847157649,5.0
mc_ID_346,"Single Female with two children, education: high school degree working as skilled manual",30 Thousand,"Breakfast Foods from Frozen Foods department, Ordered Brand : Carrington",21.0771,19.6235,non recyclable,"['Florist', 'Coffee Bar', 'Bar For Salad', 'Ready Food']",GLD,Gourmet,9.88 Millions,4.6436 Millions,1564.48,,256.97,396.2248,RIO DE JANEIRO,rj,-22.88650136386977,-43.26883386620703,Sao Paulo,Sp,-23.50097763469062,-46.62712333406575,2.0
mc_ID_347,"Single Male with three children, education: bachelors degree working as professional",missing,"Pain Relievers from Health and Hygiene department, Ordered Brand : Faux Products",18.0246,13.6492,non recyclable,"['Ready Food', 'Coffee Bar', 'Bar For Salad', 'Florist', 'Video Store']",You Save Days,Gourmet,11.52 Millions,3.5712 Millions,1424.25,465.54,,689.3663,sao joao batista do gloria,MG,-20.63630709705103,-46.50518353068886,penapolis,SP,-21.442124375537592,-50.07351408965658,4.0
mc_ID_348,Single Male with three children / education: bachelors degree working as professional,$70K+,"Meat from Frozen Foods department, Ordered Brand : Big Time",11.4398,8.5181,non recyclable,['Florist'],Pick Your Savings,Supermarket,11.01 Millions,3.7434 Millions,1320.15,523.32,348.85,769.6991,esplanada,B4,-11.807078330200277,-37.94507894761188,canoas,RS,amount: -29.914668849530724,-51.14844143722624,5.0
mc_ID_350,"Single Male with two children, education: partial college working as professional, education: partial college working as professional",90K+,"Electrical from Household department, Ordered Brand : Denny",30.8162,29.3626,non recyclable,,Saving Days,Supermarket,6.81 Millions,3.3369 Millions,1508,229.8,153.52,619.0228,romelandia,Sç,-26.678221976531376,-53.31887271845228,BARUERI,5p,-23.491791912543025,-46.94733309700014,3.0
mc_ID_352,"Married  Female  with  one  child,  education:  high  school  degree  working  as  skilled  manual",30K+,"Dairy from Dairy department, Ordered Brand : Club",27.3275,22.8214,non recyclable,"['Bar For Salad', 'Ready Food']",Price Cutters,"Supermarket
",4.2 Millions,1.89 Millions,2265.9,853.22,,amount: 761.0696, Ipatinga,MG_,-19.4780955431646,-42.55679483097696,rio de janeiro,RJ,-22.87459850346245,-43.477731000000006,3.0
mc_ID_353,"Single Female with four children, education: high school degree working as professional",130000,"Breakfast Foods from Frozen Foods department, Ordered Brand : Imagine",24.275,21.3678,recyclable,"['Ready Food', 'Florist', 'Coffee Bar', 'Video Store', 'Bar For Salad']",Save Price,,7.48 Millions,3.1416 Millions,1735.95,503.07,336.05,419.9167,palmares paulista,SP,-21.08419365096827,data: -48.809739855295454,SAO PAULO,Sp,-23.631438405216706,-46.58678453580699,5.0
mc_ID_355,"Single Male with five children, education: high school degree working as professional",840+ monthly,"Specialty from Produce department, Ordered Brand : Hermanos",16.2802,471.21 oz,recyclable,,Best Price Savers,Supermarket,3.52 Millions,1.3728 Millions,1508,227.8,151.9,650.4028,juiz de fora,MG,-21.729309223700177,-43.34147826034389,juiz de fora,MG,-21.73727210273418,-43.36175314903211,5.0
mc_ID_358,"Single Male with four children, education: bachelors degree working as professional",50K+,"Baking Goods from Baking Goods department, Ordered Brand : Super",-25.7286,measure: 22.8214,non recyclable,"['Video Store', 'Bar For Salad', 'Florist', 'Coffee Bar', 'Ready Food']",Big Time Saving,,$8.49 Millions,3.0564 Millions,1424.85,465.54,309.93,404.3836,sales oliveira,SP,-20.76161267843428,-47.84438278052354,BELo hoRizoNTe,MG,-19.878513898894187,-43.95694702879617,5.0
mc_ID_360,"Single Male with three children, education: partial high school working as skilled manual",$10K+,"Magazines from Periodicals department, Ordered Brand : Mighty Good",data: 19.9142,15.4081,non recyclable,['Coffee Bar'],Super Duper Savers,Supermarket,5.55 Millions,2.109 Millions,1233.28,440.92,294.41,418.4,Bom JaRdim DE MiNas,MG,-21.939113999999947,-44.11997899999997,sao bernardo do campo,SP,-23.724134173502662,-46.57554561519289,5.0
mc_ID_361,"Single Female with one child, education: bachelor'ss degree working as professional",50 Thousand,"Fruit from Produce department, Ordered Brand : Tri-State",24.8564,23.4028,non recyclable,['Coffee Bar'],Two Day Sale,Supermarket,5.31 Millions,2.2302 Millions,1236.07,442.92,293.07,477.3944,it@pevi,SP,measure: -23.53604565485012,-46.94279597843593,ribeirao  preto,sp,-21.185944576067463,-47.81498292186677,5.0
mc_ID_362,"SINGLE MALE WITH NO CHILDREN, EDUCATION: BACHELORS DEGREE WORKING AS PROFESSIONAL",110K+ annually,"Snack Foods from Snack Foods department, Ordered Brand : Fast",13.1114,-10.2042,recyclable,"['Ready Food', 'Bar For Salad']",Shelf Clearing Days,Supermarket,6.93 Millions,2.4948 Millions,2265.9,853.22,570.27,571.1683,cAtENDe,"pe
",-8.670113637362366,-35.724458127981634,$AO PAULO,SP,-23.54029947071385,-46.66278360519932,5.0
mc_ID_363,"Marrie Male with three children, education: partial high school working as skilled manual",Income: 10K+,"Magazines from Periodicals department, Ordered Brand : Gauss",22.8214,19.7689,recyclable,['Coffee Bar'],Fantastic Discounts,Small Grocery,1.66Ms,0.7304 Millions,2069.04,332.83,,628.0707,miguel pereira,rj,val: -22.44974379200504,-43.47433038872875,ibitinga,SP,-21.7664768468313,-48.83154737836604,3.0
mc_ID_364,"Married Male with three children, education: partial high school working as professional",110K+,"Dairy from Dairy department, Ordered Brand : Carlson",20.4957,17.5885,recyclable,"['Ready Food', 'Bar For Salad']",Super Savers,Supermarket,4.52 Millions,2.1244 Millions,2449.05,470.27,313.55,719.3865,santa barbera,MG,-19.964212954976457,-43.41725182108993,piraclcaba,	SP,-22.71683928585045,-47.65736585405934,5.0
mc_ID_366,"education: bachelors degree working as professional, Married Female with five children",€59K+,"Beer and Wine from Alcoholic Beverages department, Ordered Brand : Pearl",23.5482,-0.1,non recyclable,,Price Winners,sUpeRmarKeT,2.6 Millions,1.118 Millions,2049.72,,304.91,497.9483,Piracicaba,SP,-22.75010052735289,-47.6459038030758,sao jose do rio preto,sP,-20.84380119949777,-49.36891118527178,amount: 3.0
mc_ID_367,"Married Female with four children, education: bachelors degree working as professional",50K+,"Meat from Deli department, Ordered Brand : Moms",25.1472,-23.5482,recyclable,"['Ready Food', 'Bar For Salad']",Money Savers,,4.44 Millions,2.0424 Millions,2448.37,472.27,312.82,290.0035,GOVERNADOR VALADARES,MG,-18.873519360519715,-41.96920602047174,GUARIBA_,SP,-21.36235769739203,data: -48.232975701561735,val: 5.0
mc_ID_368,"Married Male with three children, education: high school degree working as management",150k,"Bathroom Products from Health and Hygiene department, Ordered Brand : Hilltop",27.0368,851.15 oz,recyclable,"['Florist', 'Ready Food', 'Bar For Salad', 'Video Store', 'Coffee Bar']",I Cant Believe It Sale,Deluxe,14.2 Millions,6.248 Millions,1734.5,,335.38,363.3281,formosa,GO,-15.562419694850668,-47.33345632170458,beIo horizonte,MG,-19.938406212043407,measure: -43.93702206884405,5.0
mc_ID_369,"education: partial high school working as skilled manual, Married Female with four children",30K+,"Pizza from Frozen Foods department, Ordered Brand : Carrington",26.8915,amount: 22.5307,non recyclable,['Florist'],Roller Savings (High) ,Supermarket,€12.7M,6.1172 Millions,1319.33,523.32,348.85,532.6232, camplnas ,$P,-22.850658848462096,-47.071669269086456,ibitinga,_SP,-21.7664768468313,-48.83154737836604,4.0
mc_ID_370,"Married Female with one child, education: partial high school working as skilled manual",10K+,"Meat from Frozen Foods department, Ordered Brand : Golden",22.3853,19.3328,recyclable,"['Bar For Salad', 'Ready Food']",Shelf Clearing Days,Supermarket,10.44 Millions,4.5936 Millions,2445.73,472.27,313.55,£265.50,campo mourao,PR,amount: -24.05607211724735,-52.41590576552196,PIRACICABA,SP,amount: -22.71683928585045,data: -47.65736585405934,1.0
mc_ID_372,"Married Female with one child, education: high school degree working as manual",30K+,"Vegetables from Produce department, Ordered Brand : High Top",-29.0719,26.1647,recyclable,['Coffee Bar'],Weekend Discount,_Supermarket,10.2 Millions,4.794 Millions,1236.35,440.92,,364.1649,ivoti,R5,-29.61302126020832,-51.176436353703785,campo limpo paulista,sP,-23.20706431353269,-46.760735214610754,4.0
mc_ID_373,"Married Male with three children, education: partial high school working as skilled manual",120+ monthly,"Vegetables from Produce department, Ordered Brand : Tri-State",27.909,25.0018,non recyclable,,Two for One,,2.2Ms,1.1 Millions,2049.72,457.36,302.97,300.8296,novo hamburgo,RS,-29.704215831922262,-51.103925054245146,santo andre,sp,-23.665703457960586,-46.51808196779969,5.0
mc_ID_374,"Single Male with one child, education: high school degree working as skilled manual",30K+,"Hygiene from Health and Hygiene department, Ordered Brand : Hilltop",28.7811,25.7286,recyclable,,,SUPERMARKET,6.4 Millions,3.008 Millions,1506.48,227.8,151.9,325.6721,Batalha,aL,-9.67544671932256,-37.12468028561955,_Santo Andre,5P,measure: -23.665703457960586,-46.51808196779969,5.0
mc_ID_375,"Single Female with four children, education: bachelors degree working as management",$50K+,"Fruit from Produce department, Ordered Brand : Ebony",10.5822,-0.1,recyclable,,Weekend Discount,Supermarket,10.29 Millions,4.0131 Millions,1508,227.8,153.6,735.1811,pocos de caldas,MG,-21.79104335195045,-46.56244368105504,jau ,5p,-22.29164124459334,-48.54989181391441,5.0
mc_ID_377,"Maried Female with one child, education: bachelors degree working as professional",50K+,"Vegetables from Produce department, Ordered Brand : Tell Tale",29.5079,27.909,non recyclable,['Coffee Bar'],Budget Bargains,	SMALL GROCERY,3.54 Millions,1.7346 Millions,1394.66,,356.19,amount: 414.8959,sao caetano do sul,SP,val: -23.640571559593745,-46.57077300194981,ibitinga,	SP,-21.7664768468313,-48.83154737836604,5.0
mc_ID_378,"Single Female with No children, education: partial high school working as skilled manual, Single Female with No children",10K+,"Electrical from Household department, Ordered Brand : High Quality",-13.969,12.5009,recyclable,"['Bar For Salad', 'Ready Food']",,Supermarket,1.0 Millions,0.4 Millions,2265.9,853.22,568.75,444.3931,rio piracicaba,MG,-19.925656003353403,-43.165514115312455,sao paulo,SP,-23.65111484251016,-46.75521082321932,5.0
mc_ID_380,"Single Male with two children, education: partial high school working as professional",70K+,"Vegetables from Frozen Foods department, Ordered Brand : Big Time",13.9109,-12.4428,recyclable,['Florist'],Super Savers,Supermarke7,4.29 Millions,1.3728 Millions,1320.15,523.32,348.85,338.6948,florianopolis,Sç,-27.536913214854422,-48.50901793197551,MARINGA,PR,-23.41382198370398,-51.90777440824636,5.0
mc_ID_382,"MaRrIeD FeMaLe wItH TwO ChIlDrEn, EdUcAtIoN: pArTiAl hIgH ScHoOl wOrKiNg aS MaNuAl",10K+,"Canned Oysters from Canned Foods department, Ordered Brand : Better",22.676,18.3153,non recyclable,"['Florist', 'Bar For Salad', 'Coffee Bar', 'Video Store', 'Ready Food']",Two Day Sale,Deluxe,4.24 Millions,1.696 Millions,2037.21,,319.91,495.7517,r1o de janeiro,RJ,-22.93308423203872,-43.36663107132555,garca,sp,-22.218988944556266,-49.64362334020589,5.0
mc_ID_385,"Married Female with two children, education: partial high school working as manual",10K+,"Snack Foods from Snack Foods department, Ordered Brand : Horatio",13.0969,8.7361,recyclable,"['Bar For Salad', 'Ready Food']",Super Savers,Supermarket,5.04 Millions,1.512 Millions,6448.37,470.27,313.55,measure: 719.3865,condado ,PE,-7.587235298393872,-35.09767428315629,feira de santana,BA,-12.248541681316151,-38.97197508256521,3.0
mc_ID_386,"Single Female with four children, education: partial college working as professional",50K+,"Plastic Products from Household department, Ordered Brand : Cormorant",24.8564,23.4028,recyclable,"['Florist', 'Bar For Salad', 'Coffee Bar', 'Ready Food']",,Gourme7,10.72Ms,3.9664 Millions,1564.86,385.45,256.97,amount: 474.0995,sao paulo,SP,-23.73353564141036,-46.71168574493623,sao PAuLo,sp,-23.693985995008337,-46.70188324132953,4.0
mc_ID_387,"Married Female with three children, education: bachelors degree working as management",70K+ annually,"Eggs from Eggs department, Ordered Brand : Giant",15.8442,amount: 14.376,recyclable,"['Video Store', 'Coffee Bar', 'Florist', 'Bar For Salad', 'Ready Food']",,Deluxe,3.99 Millions,1.5162 Millions,1871.87,593.93,395.92,608.772,niquelandia,GO,-14.459445822167028,-48.45623655811772,santos,$P,measure: -23.93465945090488,-46.331065142884974,4.0
mc_ID_388,"Married Male with four children, education: bachelors degree working as professional",30K or more,"Frozen Entrees from Frozen Foods department, Ordered Brand : Golden",26.6008,23.5482,recyclable,"['Ready Food', 'Bar For Salad', 'Florist', 'Video Store', 'Coffee Bar']",Price Slashers,DELUX3,€1.0M,0.5782 Millions,1525.28,373.1,250.19,403.9652,jau,5P,-22.293283651682124,-48.565581778521526,alfemas,MG_,-21.420179371992425,-45.959964474046224,5.0
mc_ID_389,"Married Male with three children, education: high school degree working as manual",30K+,"Bread from Baked Goods department, Ordered Brand : Fantastic",11.5415,7.1807,recyclable,"['Bar For Salad', 'Video Store', 'Ready Food', 'Coffee Bar', 'Florist']",Go For It,,$3.0 Millions,1.44 Millions,2039.19,,321.26,455.3761,jaboatao dos guararapes,Pe,-8.121059806185217,-35.01893323253412, jacarei,5P,-23.29818595956356,-45.974828011182304,5.0
mc_ID_390,"Single Male with one child, education: bachelors degree working as professional",70K+,"Fruit from Produce department, Ordered Brand : Ebony",10.6984,7.7913,non recyclable,"['Bar For Salad', 'Video Store', 'Florist', 'Ready Food', 'Coffee Bar']",Sale Winners,_DELUXE,1.4 Millions,0.588 Millions,1871.16,593.93,395.95,519.7574,crixas,GO_,-14.542288259818111,-49.97393540908738,curitiba,PR,-25.506504042183643,measure: -49.234914267961294,5.0
mc_ID_391,"Married Male with three children, education: partial high school working as manual",10K+,"Drinks from Beverages department, Ordered Brand : Excellent",18.606,measure: 15.6988,non recyclable,"['Ready Food', 'Florist', 'Bar For Salad', 'Coffee Bar', 'Video Store']",Price Slashers,"Deluxe
",8.94Ms,3.9336 Millions,1734.5,503.07,335.38,$283.00,itapetininga,SP,-23.59370533824461,-48.06756370983527,maringe,PR,-23.41848622413047,-51.92625934548862,4.0
mc_ID_392,"Single Male with two children, education: high school degree working as skilled manual",30K or more,"Vegetables from Produce department, Ordered Brand : Ebony",27.1822,24.275,non recyclable,"['Bar For Salad', 'Ready Food']",Two for One,$upermarket,$6.92 Millions,2.4912 Millions,2264.31,855.22,568.75,555.426,Vitoria,3s,val: -20.300412174851424,val: -40.30638214640201,valinhos,sp,-22.976619071841363,-47.01071509319301,1.0
mc_ID_395,"Married Male with No children, education: bachelors degree working as professional",70K+,"Decongestants from Health and Hygiene department, Ordered Brand : Bird Call",30.3801,27.3275,recyclable,"['Florist', 'Bar For Salad', 'Video Store', 'Ready Food', 'Coffee Bar']",Price Cutters,Gourmet ,5.64 Millions,1.9176 Millions,,465.54,311.47,675.716,salvador,Ba,-12.88663419642636,-38.47086785365416,_itaquaquecetuba, SP,-23.464295023583936,-46.32874959104104,5.0
mc_ID_396,"MARRIED FEMALE WITH FOUR CHILDREN, EDUCATION: BACHELORS DEGREE WORKING AS PROFESSIONAL",Income: 50K+,"Meat from Deli department, Ordered Brand : Cutting Edge",28.4904,25.5832,recyclable,,Weekend Discount,SUpermaRKEt,"2.88 ,000,000illions",0.9216 Millions,1508,227.8,153.44,amount: 735.1811,Rio De Jañeiro,RJ,-22.96070967499565,-43.213958465173945,Petropolis,rj,-22.31952552823953,-43.1311053702977,1.0
mc_ID_397,"Married Male with four children, education: partial high school working as manual",10K+,"Bathroom Products from Health and Hygiene department, Ordered Brand : Faux Products",amount: 16.8617,12.5009,recyclable,,Wallet Savers,Supermarket,11.92 Millions,5.2448 Millions,1508.61,227.8,,277.8699,nova iguacu,RJ,-22.74756866847725,-43.48834887965912,sao jose do rio preto,SP,-20.80243626346376,amount: -49.39562406741489,5.0 stars
mc_ID_400,"Married Male with four children, education: high school degree working as skilled manual",360+ monthly,"Vegetables from Produce department, Ordered Brand : Tell Tale",24.7111,20350.30 grams,non recyclable,['Florist'],Pick Your Savings,SUPERMARKET,$10.64 Millions,5.1072 Millions,1320.15,523.32,--,769.6991,passos,MG,amount: -20.72024570526651,-46.61199522720165,Sa0 Paulo,SP,-23.65250284762537,-46.66809535567546,4.0
mc_ID_401,"Single Male with No children, education: high school degree working as skilled manual",30K+,"Paper Products from Household department, Ordered Brand : Sunset",19.7689,16.8617,recyclable,"['Ready Food', 'Bar For Salad']",,	Supermarket,"7.89 ,000,000illions",3.0771 Millions,2265.95,853.22,,327.9733,nova iguacu,rj,-22.7574945,-43.420941,MARINGA,	PR,-23.377396999935016,-51.93100618003307,5.0 stars
mc_ID_402,"Married Female with four children, education: high school degree working as professional",90K+,"Hot Beverages from Beverages department, Ordered Brand : Plato",25.1472,amount: 23.5482,non recyclable,['Coffee Bar'],Sale Sale Sale,supermarket,$2.36 Millions,0.9676 Millions,1236.07,,293.95,473.7334,rio das ostras,RJ,-22.49321971715972,-41.91021028549174,belo horizonte,Mg,-19.878513898894187,amount: -43.95694702879617,5.0
mc_ID_403,"Single Male with No children, education: bachelors degree working as professional",€42K+,"Candy from Snacks department, Ordered Brand : Choice",27.0368,24.1296,recyclable,"['Florist', 'Coffee Bar', 'Video Store', 'Ready Food', 'Bar For Salad']",Price Slashers,DELUXE,6.88 Millions,2.752 Millions,1522.48,373.1,248.79,403.9652,SAO PaulO,sp,-23.65075406105376,data: -46.65502005773554,sao paulo,SP,-23.5300706924808,-46.56414335887811,4.0
mc_ID_404,"Married Male with two kids, education: high school degree working as professional",Income: 90K+,"Jams and Jellies from Baking Goods department, Ordered Brand : CDR",16.4256,-0.1,non recyclable,"['Florist', 'Bar For Salad', 'Coffee Bar', 'Ready Food', 'Video Store']",,Deluxe,$1.22 Millions,0.5368 Millions,1524.3,373.1,247.85,535.9181,goiania,GO ,-16.688396999999945,-49.25131999999997,sao bernardo do campo,5P,-23.66148702746846,amount: -46.56416174311855,4.0
mc_ID_406,"Single Female with one child, education: bachelors degree working as professional, Single Female with one child",50K+,"Frozen Desserts from Frozen Foods department, Ordered Brand : Carrington",44.54 lbs,18.606,recyclable,['Coffee Bar'],Two Day Sale,Supermarket,6.72 Millions,2.1504 Millions,1236.07,440.92,293.95,amount: 477.3944,sao caetano do sul,sp,-23.632217497085804,-46.56711098167813,louveira,SP,-23.08412527710581,-46.98121307089687,5.0
mc_ID_409,"Single Male with two children, education: bachelors degree working as professional, Single Male with two children",€59K+,"Vegetables from Produce department, Ordered Brand : Ebony",28.1997,25.1472,recyclable,['Florist'],,,4.17 Millions,1.7931 Millions,1322.32,523.32,348.85,532.6232,belo horizonte,MG,-19.8530362758958,-43.95277064446877,sao paulo,SP,-23.537511255832708,-46.63705730743676,5.0
mc_ID_412,"MARRIED_FEMALE_WITH_TWO_CHILDREN,_EDUCATION:_PARTIAL_HIGH_SCHOOL_WORKING_AS_PROFESSIONAL",150K+,"Fruit from Produce department, Ordered Brand : Tell Tale",19.7689,16.8617,recyclable,"['Bar For Salad', 'Ready Food']",Budget Bargains,Supermarket,€4.7M,2.4288 Millions,2265.9,853.22,566.88,346.1214,guarulhos,SP,-23.450562303912523,-46.537281282820686,"limelra
",Sp,-22.56835042131686,-47.44743947974489,4.0
mc_ID_414,"Single Male with three children, education: high school degree working as skilled manual",30K+,"Starchy Foods from Starchy Foods department, Ordered Brand : Shady Lake",27.6183,24.7111,recyclable,,Sale : Double Down,supermarket,13.35 Millions,5.4735 Millions,2049.72,457.36,304.91,327.7641,sao paulu,SP,-23.595156305009034,-46.67617027782903,	sao paulo,SP,-23.593755572854764,-46.61713462101102,amount: 5.0
mc_ID_415,"single female with four kids, education: partial high school working as manual",10K+,"Canned Soup from Canned Foods department, Ordered Brand : Bravo",25.7286,22.8214,recyclable,"['Florist', 'Video Store', 'Coffee Bar', 'Ready Food', 'Bar For Salad']",,Deluxe,"10.96 ,000,000illions",4.384 Millions,1734.5,503.07,333.66,279.5435,bauru,Sp,-22.33137826421038,-49.096775499711526,SAO PAULO,sp,-23.69289565500035,data: -46.68021046531817,10.0/10
mc_ID_416,"Married Female with No children, education: partial high school working as skilled manual",30K+,"Starchy Foods from Starchy Foods department, Ordered Brand : Monarch",27.05 lbs,9.3466,non recyclable,,Save Price,"Supermarket
","9.33 ,000,000illions",3.6387 Millions,1508,,151.9,325.6721,bAlo hOrizOnTE,mg,measure: -19.921360484044065,-43.93920564986445,serra negra,SP,-22.596440207291085,-46.71196868822353,5.0
mc_ID_417,"Single Female with three children, education: bachelors degree working as professional",90K+,"Fruit from Produce department, Ordered Brand : Ebony",10.6984,-7.7913,non recyclable,['Florist'],Saving Days,Supermarket,$1.4 Millions,0.434 Millions,1320.15,523.32,347.51,435.4498, presidente epitacio ,SP_,-21.77289607496572,val: -52.10945787915076,san7os,SP,-23.959748294477464,-46.31359166374292,5.0
mc_ID_421,"Single Male with two children, education: partial high school working as manual",10K+,"Hygiene from Health and Hygiene department, Ordered Brand : Consolidated",16.8617,13.9545,recyclable,,,_Supermarket,5.12Ms,2.304 Millions,1508,227.8,151.9,619.0228,nilopolis,RJ,-22.80704064880754,-43.43256968869969,sao jose do rio preto,SP,-20.80243626346376,data: -49.39562406741489,measure: 5.0
mc_ID_422,"Single Male with one child, education: high school degree working as manual",30 Thousand,"Dairy from Dairy department, Ordered Brand : Booker",11.9921,7.6314,non recyclable,['Florist'],Price Destroyers,Supermarket,4.32 Millions,Not Specified,1320.15,523.32,348.85,710.8616,salv4dor,BA,-12.997320103132653,-38.46472077109895,mogi gu4cu,SP,-22.3970091627978,-46.94545202732525,4.0
mc_ID_423,"Married Male with one child, education: graduate degree working as professional",90K+,"Hygiene from Health and Hygiene department, Ordered Brand : Bird Call",25.5832,22.676,non recyclable,['Florist'],Big Time Discounts,Supermarket,6.48 Millions,2.4624 Millions,1320.15,523.32,347.24,765.7243,atibaia,_SP,-23.1317637171793,-46.5835637149576,maringa,pr,-23.41986366306706,-51.9370505253616,5.0
mc_ID_425,"Single Male with one child, education: bachelos degree working as professional",50K+,"Decongestants from Health and Hygiene department, Ordered Brand : Faux Products",30.2347,28.6358,recyclable,"['Coffee Bar', 'Video Store', 'Bar For Salad', 'Ready Food', 'Florist']",Sale Winners,DElUXE,$3.22 Millions,1.449 Millions,1871.16,593.93,395.95,€441.79,5aO PaULO,$P,-23.64206444771412,-46.60116086192853,ipatinga,MG,-19.4780955431646,-42.55679483097696,5.0
mc_ID_426,"Married Male with three kidren, education: bachelors degree working as professional",70K+,"Snack Foods from Snack Foods department, Ordered Brand : Nationeel",27.4729,24.4204,recyclable,"['Bar For Salad', 'Ready Food', 'Video Store', 'Coffee Bar', 'Florist']",Best Savings,,12.8Ms,4.096 Millions,1871.16,593.93,394.35,278.7067,Cascalho Ricu,MG,amount: -18.653719409828188,-47.89861513326969,Teixeira Soares,	PR,-25.372899,-50.46185700000001,5.0
mc_ID_428,"Single Female with one child, education: bachelors degree working as professional",600+ monthly,"Drinks from Beverages department, Ordered Brand : Skinner",-10.335,7.4279,non recyclable,"['Florist', 'Bar For Salad', 'Coffee Bar', 'Ready Food', 'Video Store']",Dimes Off,Deluxe,1.34 Millions,0.4288 Millions,2035.49,481.98,,val: 550.6144,rio do sul,SC,-27.20163932194593,-49.65371045031453,sao jose do rio preto,SP,-20.80243626346376,-49.39562406741489,4.0
mc_ID_429,"Married Male with two children, education: high school degree working as manual",€25K+,"Drinks from Beverages department, Ordered Brand : Token",-29.6533,26.6008,recyclable,"['Ready Food', 'Video Store', 'Florist', 'Bar For Salad', 'Coffee Bar']",Bag Stuffer,D3Luxe,4.92 Millions,1.8204 Millions,1734.5,503.07,,432.1026,juiz de fora,MG,-21.729309223700177,-43.34147826034389,TERESOPOLIS,RJ,data: -22.428725888669057,-42.97556752642736,5.0
mc_ID_431,"Single Female with one child, education: partial high school working as skilled manual",10K+,"Canned Tuna from Canned Foods department, Ordered Brand : Bravo",14.1144,11.2072,recyclable,['Coffee Bar'],Best Price Savers,Supermarket,"8.34 ,000,000illions",3.8364 Millions,1236.07,440.92,293.95,720.5371,sao paulo,SP,-23.58705433389114,amount: -46.64555835443469,soroçaba,SP,-23.520480249006216,-47.44649732938174,3.0
mc_ID_432,"single male with two kidren, education: partial high school working as manual",30K+,"Hot Beverages from Beverages department, Ordered Brand : CDR",15.1174,12.1956,non recyclable,"['Florist', 'Coffee Bar', 'Video Store', 'Ready Food', 'Bar For Salad']",,Deluxe,"17.0 ,000,000illions",7.82 Millions,1871.16,593.93,395.95,519.7574,farroupilha,RS,nil,-50.27310902841568,ita7iba,SP_,-23.005474434298936,-46.84112811740003,4.0
mc_ID_433,"Single Male with three children, education: partial high school working as skilled manual",10K+,"Packaged Vegetables from Produce department, Ordered Brand : Tri-State",19.7689,16.8617,non recyclable,,Sale Winners,SUPERMARKET,3.32 Millions,1.2948 Millions,1509.34,227.8,150.22,720.171,santo antonio de jesus,BA,-12.976625709087005,-39.26125341212673,pr4ia grande,SP,-24.026786758814687,-46.49304889148245,1.0
mc_ID_434,"Single Female with one child,education: high school degree working as manual.",30K+,"Snack Foods from Snack Foods department, Ordered Brand : Fast",10.7711,7.8494,non recyclable,"['Ready Food', 'Bar For Salad']",Super Duper Savers,Supermarket,"3.82 ,000,000illions",1.1842 Millions,2265.44,853.22,568.75,,sao paulo,sp,-23.490452933666106,-46.656027361503845,ribeirao preto,SP,-21.17121748495008,-47.81941847157649,5.0
mc_ID_436,"single female with three kidren, education: hs degree working as manual",30K+,"Vegetables from Produce department, Ordered Brand : Ebony",15.6988,-12.7916,non recyclable,"['Bar For Salad', 'Florist', 'Coffee Bar', 'Video Store', 'Ready Food']",Two for One,Gourmet,10.6 Millions,3.392 Millions,1424.85,465.54,310.3,360.7131,porto alegre,R5,-30.04404879488149,-51.19180931334757,s4o paulo,sp,-23.693985995008337,-46.70188324132953,5.0
mc_ID_437,"Single Male with two children, education: partial high school working as manual",10K+,"Eggs from Eggs department, Ordered Brand : Giant",17.7338,14.6813,non recyclable,,Full Free,Supermarket,4.52 Millions,1.5368 Millions,1508,227.8,,660.2352,SAOp@ULo,sp,-23.604992791274807,-46.65977531750252,apucarana,"PR
",measure: -23.552512530494816,-51.46349357996916,val: 5.0
mc_ID_440,Single Male with four children; education: partial high school working as skilled manual,10K+,"Decongestants from Health and Hygiene department, Ordered Brand : Consolidated",amount: 18.606,15.6988,recyclable,"['Coffee Bar', 'Florist']",I Cant Believe It Sale,mId-SIZE,€6.8M,2.403 Millions,2551.4,389.54,259.66,275.9871,juazeiro,BA,-9.418293471519076,-40.50314562847067,	petropolis,RJ,-22.549033360244323,val: -43.210094724044055,5.0
mc_ID_441,"Married Female with two kids, education: high school degree working as manual",30K+,"Pain Relievers from Health and Hygiene department, Ordered Brand : Steady",27.7636,26.31,non recyclable,"['Bar For Salad', 'Video Store', 'Florist', 'Ready Food', 'Coffee Bar']",Super Duper Savers,,2.84 Millions,1.0792 Millions,1525.28,,247.19,266.73,itaguai,RJ,-22.859388170464968,-43.78734182115098,registro,SP,-24.49203032806276,-47.83413137913321,4.0
mc_ID_442,"Married Male with three children, education: partial high school working as manual",10K+,"Snack Foods from Snack Foods department, Ordered Brand : Fort West",28.05 kg,25.0018,non recyclable,"['Bar For Salad', 'Florist', 'Ready Food', 'Coffee Bar']",Three for One,D3Luxe,"6.39 ,000,000illions",3.1311 Millions,2055.29,656.13,436.09,640.5181,Julio De Castilh0S,RS,-29.231662694245085,-53.67730643374946,pirituba,SP,val: -23.49065997530149,-46.7284764394945,5.0
mc_ID_443,"Married Male with five childern, education: high school degree working as skilled manual",30K+,"Vegetables from Frozen Foods department, Ordered Brand : PigTail",18460.60 grams,16.8617,recyclable,,Wallet Savers,,$11.1 Millions,5.439 Millions,,457.36,304.91,418.1385,pr4dopolis,5P,-21.36757068180344,-48.06270442872158,capivari,Sp,data: -23.0122137105142,-47.52203973160603,5.0
mc_ID_445,"Married Female with five children, education: partial college working as professional",Income: 50K+,"Breakfast Foods from Breakfast Foods department, Ordered Brand : Special",23.4028,21.9493,recyclable,"['Bar For Salad', 'Ready Food', 'Video Store', 'Florist', 'Coffee Bar']",,Deluxe,5.79 Millions,2.2581 Millions,1525.28,373.1,248.79,val: 642.0871,	sao paulo, SP,-23.56910958090484,-46.57235346003806,_Petropolis,Rj,-22.549033360244323,-43.210094724044055,4.0
mc_ID_447,"Single Female with four children, education: partial high school working as management",$90K+,"Baking Goods from Baking Goods department, Ordered Brand : Landslide",23.9843,21.0771,recyclable,['Coffee Bar'],Discount Frenzy,Small Grocery,2.46Ms,1.0824 Millions,2069.04,330.83,220.55,570.2269,sao paulo,5P,-23.617107882165563,val: -46.64166179368504,vicente de carvalho,SP,-23.939318620030072,-46.30539278864907,5.0
mc_ID_448,"Single Female with two children, education: bachelors degree working as professional",50K+,"Frozen Entrees from Frozen Foods department, Ordered Brand : Imagine",21.8039,18.8967,recyclable,"['Coffee Bar', 'Florist']",Shelf Clearing Days,	Mid-sIze,6.96 Millions,2.2272 Millions,2554.16,389.54,259.66,267.5668, sao paulo ,SP,-23.594784506520185,measure: -46.6578160694054,SAO PAULO,SP,-23.617820807663428,-46.63791917277396,4.0
mc_ID_449,"Married Female with five children, education: partial high school working as professional",130K+,"Electrical from Household department, Ordered Brand : Red Wing",14.972,val: 12.0648,recyclable,"['Florist', 'Bar For Salad', 'Ready Food', 'Coffee Bar', 'Video Store']",Roller Savings (High) ,Gourmet,7.38 Millions,3.0258 Millions,1426.58,465.54,310.3,499.7265,brusque,5C,-27.14105704919435,-48.96146112936535,"mog1 das cruzes
",SP,-23.551706513599484,-46.260979398542325,5.0
mc_ID_450,"Married Male wiht three children, education: High School degree working as skilled manual",50K or more,"Bread from Baked Goods department, Ordered Brand : Sphinx",27.4729,24.4204,recyclable,"['Ready Food', 'Florist', 'Bar For Salad', 'Video Store', 'Coffee Bar']",Lottery Cash Registerion,deluXE,$11.72 Millions,4.9224 Millions,1734.5,503.07,335.38,313.0678,bauru,sp,data: -22.333806,data: -49.0911435,curitiba,PR,-25.46921399278664,-49.29393514695028,data: 5.0
mc_ID_451,Single Female with three children; education: partial high school working as manual,120+ monthly,"Hygiene from Health and Hygiene department, Ordered Brand : Consolidated",16.8617,13.9545,recyclable,"['Ready Food', 'Bar For Salad']",Super Duper Savers,Supermarket,3.84 Millions,1.3056 Millions,,853.22,567.41,677.285,sao paulo,SP,-23.688754983351576,data: -46.761048796006655,araraquara,$p,-21.812698026371937,-48.15183966694556,5.0
mc_ID_453,"Single Male with two children, education: partial high school working as professional",90 Thousand,"Vegetables from Produce department, Ordered Brand : Tri-State",-9.6373,8.1837,recyclable,['Coffee Bar'],Best Price Savers,Suparmarket,2.43 Millions,1.1664 Millions,1236.07,440.92,293.95,349.2594,gEtULiO VArGas,RS,-27.88593775135477,-52.22831021378536,praia grande,SP,-24.026786758814687,-46.49304889148245,5.0
mc_ID_454,"single male with two kids, education: bachelor'ss degree working as professional",50K+,"Pain Relievers from Health and Hygiene department, Ordered Brand : Bird Call",29.7987,25.4379,recyclable,"['Ready Food', 'Florist', 'Coffee Bar', 'Bar For Salad']",Saving Days,Deluxe_,12.72 Millions,6.36 Millions,2055.29,654.13,,352.0313,natividade,RJ,-21.04398205321449,-41.97408587439232,saquarema,rj,-22.91119567907111,-42.47940224673698,1.0
mc_ID_457,"Single Female with two kidren, education: partial high school working as manual",10K+ annually,"Breakfast Foods from Frozen Foods department, Ordered Brand : Imagine",9.114,7.6459,non recyclable,"['Ready Food', 'Bar For Salad']",,,3.62 Millions,1.5204 Millions,2449.5,470.27,313.55,290.0035,mau4,SP,-23.66930462115525,-46.48159847045406,Mogi Das Cruzes,SP,-23.51937483109403,-46.19269037743349,5.0
mc_ID_459,"Single Female with two children, education: partial college working as clerical",50K+,"Starchy Foods from Starchy Foods department, Ordered Brand : Discover",-28.0543,25.00 kg,non recyclable,"['Video Store', 'Ready Food', 'Coffee Bar', 'Bar For Salad', 'Florist']",I Cant Believe It Sale,,"7.41 ,000,000illions",3.705 Millions,1525.28,375.1,248.79,535.9181,fortaleza,çe,-3.8206120589999273,-38.56940199999997,dracena,_SP,-21.4988715,-51.53786099999999,5.0
mc_ID_460,"Married Female with one child, education: partial college working as skilled manual",30K+ annually,"Candy from Snacks department, Ordered Brand : Musial",measure: 21.2225,18315.30 grams,non recyclable,,Price Destroyers,SUPERMArkET,8.76 Millions,3.504 Millions,1508.98,229.8,151.9,$635.13,Taboao Da Serra,SP,-23.61150502746371,-46.77842645756407,sAO CArlOs,_SP,-22.016967296150906,-47.85171546211552,5.0
mc_ID_463,"Single Female with two children, education: graduate degree working as professional",70K+,"Bread from Baked Goods department, Ordered Brand : Modell",14.972,13.5184,recyclable,"['Bar For Salad', 'Ready Food', 'Florist', 'Video Store', 'Coffee Bar']",Three for One,Deluxe,5.04 Millions,1.9656 Millions,1872.99,593.93,396.51,688.3726,seo paulo,SP,-23.48331712978441,-46.678195526423366,sao paulo,SP,-23.56788988703906,val: -46.57394821510183,5.0
mc_ID_464,"Single Female with two children, education: graduate degree working as professional",1080+ monthly,"Hot Beverages from Beverages department, Ordered Brand : Landslide",27.4729,data: 24.4204,recyclable,"['Bar For Salad', 'Florist', 'Ready Food', 'Coffee Bar', 'Video Store']",,gourmet,6.93 Millions,2.4948 Millions,1426.84,465.54,310.59,360.7131,palma5,Pr,amount: -26.48257236390896,-51.9929615275,sao jose do rio preto,SP,-20.84380119949777,-49.36891118527178,5.0
mc_ID_465,"Married Female with three children, education: high school degree working as professional",110K+,"Electrical from Household department, Ordered Brand : Red Wing",29.944,27.0368,recyclable,"['Florist', 'Coffee Bar', 'Ready Food', 'Bar For Salad', 'Video Store']",Tip Top Savings,Deluxe,3.99 Millions,1.8753 Millions,1734.5,503.07,334.56,287.127,sao p4ulo,sp,-23.58004481127011,-46.52972381848346,SEO PAULO, 5P ,-23.545741270669254,-46.5926468408794,5.0
mc_ID_467,"Single Female with four children, education: high school degree working as professional",110000,"Frozen Desserts from Frozen Foods department, Ordered Brand : Carrington",16.7163,-0.1,recyclable,"['Video Store', 'Bar For Salad', 'Ready Food', 'Florist', 'Coffee Bar']",Super Duper Savers,Deluxe,3.62 Millions,1.7738 Millions,1525.28,373.1,,266.73,fortaleza,C3,-3.809200987832817,amount: -38.48089572885305,sao paulo,sp,-23.485253731057767,-46.73312974854289,5.0
mc_ID_470,Married Female with two children; education: partial high school working as management,90K+,"Snack Foods from Snack Foods department, Ordered Brand : Horatio",23.8389,22.24,recyclable,,Shelf Clearing Days,Supermarket,$2.46 Millions,0.7626 Millions,1625.61,343.05,228.97,288.8006,porto alegre,RS,-30.08265056608161,-51.22237970599537,5ao paulo,5P,-23.537511255832708,-46.63705730743676,5.0
mc_ID_471,Married Male with No children / education: bachelors degree working as professional,110K+,"Starchy Foods from Starchy Foods department, Ordered Brand : Discover",11.716,8.8088,non recyclable,"['Bar For Salad', 'Ready Food']",Three for One,,"2.64 ,000,000illions",1.1616 Millions,2448.37,470.27,313.55,656.2604,patos de minas ,MG,amount: -18.57752574608208,-46.52839637738491,belo horizonte,MG,measure: -19.855790507905848,-43.91751730515326,5.0
mc_ID_472,"Single Male with five children, education: graduate degree working as professional",50K+,"Meat from Deli department, Ordered Brand : Lake",24.5657,22.9668,recyclable,"['Coffee Bar', 'Video Store', 'Bar For Salad', 'Florist', 'Ready Food']",Bag Stuffer,Deluxe,$4.98 Millions,1.7928 Millions,1734.5,503.07,335.13,432.1026,campinas,5P ,-22.918827604766623,-47.09396924257028,sao paulo,SP,-23.65111484251016,-46.75521082321932,4.0
mc_ID_473,"Married Female with one child, education: high school degree working as manual",600+ monthly,"Starchy Foods from Starchy Foods department, Ordered Brand : Discover",28.0543,25.0018,non recyclable,['Coffee Bar'],Best Price Savers,SUPERMARKET,9.88 Millions,3.952 Millions,1236.07,440.92,293.95,349.2594,florianopolis,5C,val: -27.59598577448037,-48.54618547457063,tupa,SP,val: -21.93532101918528,-50.49756182976886,5.0
mc_ID_474,"Single Female with two children, education: bachelors degree working as management",Income: 70K+,"Vegetables from Produce department, Ordered Brand : High Top",13.155,8.7942,non recyclable,['Florist'],Price Destroyers,"SUPERMARKET
",5.52 Millions,2.3184 Millions,,523.32,348.85,710.8616,telemaco borba, PR,-24.348163260163293,-50.61341818701547,maua,SP,-23.68011442853022,-46.4524537436668,4.0
mc_ID_476,"Married Female with three children, education: High School degree working as manual",50K+,"Snack Foods from Snack Foods department, Ordered Brand : Fast",29.2172,24.8564,non recyclable,"['Florist', 'Coffee Bar', 'Bar For Salad', 'Video Store', 'Ready Food']",Two for One,Deluxe,"7.26 ,000,000illions",3.3396 Millions,2038.11,481.98,321.26,val: 358.9349,jundi@i,SP,data: -23.192759454717024,-46.87833704570238,diadema,SP,-23.661923109309388,data: -46.626498057122376,1.0
mc_ID_477,"Married Male with one child, education: partial high school working as skilled manual, education: partial high school working as skilled manual",30K or more,"Vegetables from Frozen Foods department, Ordered Brand : Imagine",20.0596,15.6988,recyclable,,Two for One,Supermarket,8.67 Millions,2.7744 Millions,,457.36,304.91,300.8296,Divinopolis,Mg,val: -20.146615317146374,-44.892591683425806,Piracicaba ,SP,-22.72737479516996,-47.67061025477531,4.0
mc_ID_479,"Single Male with five kidren, education: partial college working as skilled manual",50k,"Jams and Jellies from Baking Goods department, Ordered Brand : Landslide",16.4256,13.5184,non recyclable,"['Coffee Bar', 'Florist', 'Bar For Salad', 'Video Store', 'Ready Food']",Big Time Saving,,10.6 Millions,3.922 Millions,,505.07,335.38,$279.54,GUAIRA,SP,-20.32575857378295,-48.319543357640256,sao 	paulo,SP_,amount: -23.693985995008337,-46.70188324132953,4.0
mc_ID_480,"Single Female with No children, education: bachelos degree working as management",70K+,"Specialty from Produce department, Ordered Brand : Hermanos",-0.1,-13.6492,recyclable,"['Ready Food', 'Bar For Salad', 'Florist', 'Video Store', 'Coffee Bar']",Two Day Sale,Deluxe,5.94 Millions,1.9602 Millions,2038.11,481.98,,495.7517,COSMOPOLIS,$P,-22.63269209289212,-47.20099171014733,itaquaquecetuba_,SP,-23.48262344063541,-46.37448952833195,4.0
mc_ID_483,"single female with three children, education: partial high school working as skilled manual.",30K+,"Snack Foods from Snack Foods department, Ordered Brand : Nationeel",16.57 kg,14.972,non recyclable,"['Bar For Salad', 'Florist', 'Coffee Bar', 'Ready Food', 'Video Store']",Money Savers,,6.36 Millions,2.6712 Millions,,593.93,397.15,343.611, sao paulo ,SP,-23.6119461648681,-46.68121078074323,sao paulo,sp,-23.48029674271453,-46.71122495337295,val: 4.0
mc_ID_485,"Single Male with two children, education: bachelors degree working as professional",70K+,"Dairy from Dairy department, Ordered Brand : Gorilla",amount: 12.4718,9.5501,recyclable,['Coffee Bar'],Weekend Discount,_supermarket,€5.0M,2.2496 Millions,1236.07,440.92,293.95,698.728,ribeirao preto,Sp,-21.224269886202343,-47.83392543796527,maringa,PR,-23.41848622413047,-51.92625934548862,1.0
mc_ID_486,"Married Female with five children, education: bachelors degree working as professional",30K+,"Electrical from Household department, Ordered Brand : High Quality",-30.2347,27.1822,non recyclable,,Weekend Discount,Supermarket,€3.9M,1.9404 Millions,1508,227.8,150.33,amount: 735.1811,sao vicente,SP ,-23.96321067145893,-46.37119834086656,s@o paulo,SP,data: -23.57282057729816,measure: -46.52329640383172,5.0
mc_ID_487,"Married Male with four children, education: bachelors degree working as professional",50K+,"Vegetables from Produce department, Ordered Brand : High Top",15.2627,12.3555,non recyclable,,,5upermarket,6.64 Millions,2.5896 Millions,1623.48,343.05,227.33,288.8006,itapevi,SP,-23.56337220714669,-46.93710104735605,pedreira,Sp,-22.73824150585765,-46.8958585777586,3.0
mc_ID_488,"Married Female with one child, education: partial high school working as skilled manual",10K+,"Fruit from Produce department, Ordered Brand : High Top",measure: 19.4781,measure: 14.972,recyclable,['Coffee Bar'],Budget Bargains,,7.41 Millions,2.5935 Millions,1236.07,440.92,294.54,754.0614,Itaquaquecetuba,SP,-23.44306263412358,-46.32046764834173,jAbOTiCaBAL,SP,-21.253339982915808,-48.32841354256132,5.0
mc_ID_489,"Married Male with two kids, education: partial college working as skilled manual",30 Thousand,"Canned Soup from Canned Foods department, Ordered Brand : Pleasant",-29.7987,-0.1,recyclable,,Sale Winners,Supermarket,8.07 Millions,3.0666 Millions,1508,227.8,151.72,720.171,nova iguacu,RJ,-22.74756866847725,-43.48834887965912,ibitinga,SP ,-21.7664768468313,-48.83154737836604,5.0
mc_ID_490,"Married Female with four children, education: high school degree working as management",90K+,"Baking Goods from Baking Goods department, Ordered Brand : Plato",-23.9843,19.6235,recyclable,,Price Destroyers,Supermarket,6.64 Millions,2.7888 Millions,,227.8,152.54,635.1312,Sao Paulo,5P,-23.58121370053088,-46.74534960006341,guarulhos,SP,data: -23.422313378296494,-46.520062240348594,3.0
mc_ID_494,"Married Female with one child, education: partial college working as professional",€110K+,"Baking Goods from Baking Goods department, Ordered Brand : Landslide",23.9843,21.0771,recyclable,,Save It (Sale),,3.69 Millions,1.5498 Millions,2049.72,457.36,304.91,val: 467.4051,araguaina,TO,-7.196802899629434,val: -48.20338798301388, Congonhal,mg,-22.15937587770692,-46.04402732344177,4.0
mc_ID_498,"Single Female with four children, education: partial high school working as manual",10K+,"Snack Foods from Snack Foods department, Ordered Brand : Fast",18.3153,15.4081,non recyclable,,Sale : Double Down,SUPERMARKAT,10.14 Millions,3.9546 Millions,2049.72,457.36,306.68,327.7641,sinop,MT,val: -11.829317247041294,amount: -55.49644289081176,belo horizonte,	MG,amount: -19.93977,-43.97883525,5.0
mc_ID_500,"Single Female with two children, education: high school degree working as professional",840+ monthly,"Beer and Wine from Alcoholic Beverages department, Ordered Brand : Portsmouth",30.8162,-26.4554,recyclable,"['Florist', 'Bar For Salad', 'Ready Food', 'Coffee Bar']",Save Price,D3LUXE,5.67 Millions,2.3814 Millions,2055.29,654.13,436.09,584.191,v3ntania,PR,val: -24.247862548261367,-50.24561447987722,sao jose do rio preto,SP,-20.84380119949777,-49.36891118527178,5.0
mc_ID_501,"Single Female with two children, education: partial high school working as skilled manual",10000,"Breakfast Foods from Frozen Foods department, Ordered Brand : Golden",10.3496,7.4279,non recyclable,"['Bar For Salad', 'Coffee Bar', 'Florist', 'Video Store', 'Ready Food']",, Deluxe ,4.08 Millions,1.4688 Millions,1734.5,503.07,,313.0678,novo hamburgo,RS,measure: -29.696975127696938,-51.12095566913109,belo horizont3,MG,data: -19.878513898894187,-43.95694702879617,4.0
mc_ID_502,"Single Female with No children, education: graduate degree working as professional",70K+,"Magazines from Periodicals department, Ordered Brand : Gauss",23.4028,21.9493,recyclable,"['Bar For Salad', 'Ready Food']",Go For It,Supermarket,8.34 Millions,3.4194 Millions,2265.9,853.22,568.58,553.0202,caibate,RS,-28.293521367886463,-54.637295352589966,sumare,SP,-22.828654864562257,-47.267296160568925,5.0
mc_ID_503,"Married Female with two children, education: partial high school working as manual",10K+ annually,"Decongestants from Health and Hygiene department, Ordered Brand : Steady",28.3451,23.9843,recyclable,"['Ready Food', 'Bar For Salad']",Savings Galore,SUPERMARKET,3.86 Millions,1.158 Millions,2448.37,470.27,313.55,550.1437,novo hamburgo,RS,-29.69942661254872,-51.14372106653372,Santa Barbara D'Oeste,SP,-22.768743804807222,-47.395682479228896,5.0
mc_ID_504,"Single Female with three children, education: high school degree working as manual",30K+,"Fruit from Produce department, Ordered Brand : Ebony",10.6984,7.7913,non recyclable,['Coffee Bar'],Best Price Savers,SUPERMARKET,2.1 Millions,1.05 Millions,1234.69,440.92,293.01,val: 349.2594,_saubara,BA,-12.779416703064127,-38.77728408911774,sao Iudgero,sç,measure: -28.327530882623098,-49.18050954005345,4.0
mc_ID_505,"Married Male with two children, education: bachelors degree working as professional, Married Male with two children",30K+,"Hygiene from Health and Hygiene department, Ordered Brand : Hilltop",25.0018,-22.0946,non recyclable,"['Coffee Bar', 'Bar For Salad', 'Ready Food', 'Florist']",Two for One,Deluxe,11.04Ms,3.7536 Millions,2054.19,654.13,437.71,312.9109,suzanu,SP_,-23.54150178882525,-46.30822670460166,piracicaba,sp,-22.71683928585045,-47.65736585405934,4.0
mc_ID_506,"Single Female with one child, education: graduate degree working as professional",90 Thousand,"Paper Products from Household department, Ordered Brand : Red Wing",22.676,measure: 21.2225,recyclable,,Sale Winners,Supermarket,"14.24 ,000,000illions",4.6992 Millions,1508.63,227.8,151.9,720.171,ituiu7aba,MG,-18.98771181521178,amount: -49.471572121790736, ribeirao preto,SP,-21.174925033585303,measure: -47.7686162776848,4.0
mc_ID_508,"Married Female with one child, education: partial high school working as manual",10K+,"Meat from Deli department, Ordered Brand : Cutting Edge",9.9716,-7.0645,recyclable,"['Bar For Salad', 'Video Store', 'Ready Food', 'Florist', 'Coffee Bar']",,gouRmet,"6.99 ,000,000illions",3.3552 Millions,1426.04,465.54,,663.5824,cAmpo bom, R5,data: -29.68100117648876,-51.07531051934418,CAMPO LIMPO PAULISTA_,SP,-23.20706431353269,-46.760735214610754,60%
mc_ID_510,"Married Female w/ one child, education: partial college working as professional",130K+,"Plastic Products from Household department, Ordered Brand : Denny",11.2508,measure: 6.8755,non recyclable,,Budget Bargains,supermarket,11.67 Millions,5.0181 Millions,2049.72,457.36,,708.665,Salvador,BA,-12.942858153759603,-38.493004950458754,itaquaquecetuba,SP,-23.464295023583936,data: -46.32874959104104,5.0
mc_ID_511,"Married Female with four children, education: high school degree working as professional",150K+,"Canned Anchovies from Canned Foods department, Ordered Brand : Better",15.2627,-10.9019,recyclable,,GLD,Supermarket,6.84 Millions,3.3516 Millions,2049.77,457.36,303.07,697.7866,CUriTIBA,PR,data: -25.49408574940205,-49.26375758428594,sao paulo,5P,-23.573835900917526,-46.61101337290079,5.0
mc_ID_515,"mARRIED mALE WITH THREE KIDS, EDUCATION: BACHELORS DEGREE WORKING AS MANAGEMENT",70K+,"Bathroom Products from Health and Hygiene department, Ordered Brand : Consolidated",17.007,15.4081,non recyclable,"['Video Store', 'Florist', 'Ready Food', 'Bar For Salad', 'Coffee Bar']",Best Savings,,7.41 Millions,3.4827 Millions,,593.93,395.95,measure: 278.7067,sao paulo,	Sp,-23.60894922759532,-46.708805158203,vicente de carvalho,$p,-23.939318620030072,-46.30539278864907,1.0
mc_ID_516,"Single Male with two children, education: partial high school working as manual",Income: 30K+,"Canned Oysters from Canned Foods department, Ordered Brand : Blue Label",26.4554,23.5482,non recyclable,,Price Winners,Supermarket,8.84 Millions,2.9172 Millions,2049.72,457.36,303.85,599.358,brasilia,Df,-15.83927603063552,data: -47.97166282005243,brasilia,df,,,5.0
mc_ID_517,"Single Male with four children, education: high school degree working as skilled manual",30K+,"Fruit from Produce department, Ordered Brand : Tell Tale",15.9895,14.5359,recyclable,"['Ready Food', 'Bar For Salad', 'Video Store', 'Coffee Bar', 'Florist']",Sale : Double Down,,1.74 Millions,0.6438 Millions,1525.28,373.1,248.79,746.3733,BRASILIA,_DF,-15.842882222788113,-48.023477609091415,?,SP,-23.58202355453289,-46.62322245045877,5.0
mc_ID_519,"Single Male with three children, education: partial college working as professional",70K+,"Snack Foods from Snack Foods department, Ordered Brand : Nationeel",measure: 14.0999,12.6317,non recyclable,['Florist'],Roller Savings (High) ,_Supermarket,8.19 Millions,3.276 Millions,1320.15,523.32,349.47,532.6232,sao paulo,Sp,-23.63298562975359,-46.62612026686477,rio do sul,SC,-27.20981137280685,-49.63292048422235,5.0
mc_ID_521,"Married Male with one child, education: partial high school working as skilled manual",10K+,"Vegetables from Produce department, Ordered Brand : Tell Tale",29.2172,-26.31,recyclable,"['Ready Food', 'Video Store', 'Coffee Bar', 'Bar For Salad', 'Florist']",Price Slashers,DELUXE,9.51 Millions,3.804 Millions,,373.1,250.28,403.9652,sao paulo,SP,-23.48076443825374,-46.42278123980034,mogi  guacu,$p,-22.3970091627978,-46.94545202732525,5.0
mc_ID_522,"Single Male with three children, education: bachelors degree working as management",70K+,"Cold Remedies from Health and Hygiene department, Ordered Brand : Hilltop",15.4081,12.5009,recyclable,['Florist'],Weekend Discount,Supermarket,"8.49 ,000,000illions",4.0752 Millions,,523.32,,279.1251,escad4,PE,-8.364231345619059,-35.24154113882144,Cur1Tiba,Pr,-25.3790622139032,-49.22700417208608,3.0
mc_ID_525,"Married Female with four children, education: partial high school working as manual, Married Female with four children",360+ monthly,"Kitchen Products from Household department, Ordered Brand : Denny",29.944,27.0368,recyclable,"['Video Store', 'Ready Food', 'Florist', 'Coffee Bar', 'Bar For Salad']",Pick Your Savings,D3luxe,15.24 Millions,5.0292 Millions,1868.79,,395.8,295.4427,OLIMPLA,SP,-20.73348478239254,-48.88823835248024,sumare,Sp,-22.828654864562257,-47.267296160568925,5.0
mc_ID_527,"Single Female with one child, education: bachelors degree working as professional",50K+,"Fruit from Produce department, Ordered Brand : Hermanos",25.4379,21.0771,recyclable,"['Coffee Bar', 'Florist', 'Bar For Salad', 'Video Store', 'Ready Food']",One Day Sale,Deluxe,3.48 Millions,1.6008 Millions,1734.5,503.07,333.66,689.0525,Sao Luis,MA,-2.5545282652192807,-44.21309341470791,sao paulo,SP,-23.667843855675457,-46.66038973120199,1.0
mc_ID_528,"Single Male with two children, education: high school degree working as professional",130K+,"Canned Soup from Canned Foods department, Ordered Brand : Bravo",-22.9668,21.5132,recyclable,"['Coffee Bar', 'Bar For Salad', 'Florist', 'Ready Food']",Full Free,Deluxe,$9.63 Millions,4.0446 Millions,2055.29,654.13,437.46,€245.30,goian1a,GO,-16.74549420425504,-49.34013300000001,sao paulo,SP,-23.71992046378896,-46.693208556754605,5.0
mc_ID_529,"Single Female with three children, education: high school degree working as skilled manual",30K+,"Meat from Deli department, Ordered Brand : Moms",17.8792,16.4256,non recyclable,,Save Price,Supermarket,6.81 Millions,###,1508,227.8,151.9,428.0755,guaruja,SP,-23.97955012822438,-46.20319341923938,,,,measure: nan,1.0
mc_ID_531,"Married Female with three children, education: partial college working as clerical, education: partial college working as clerical",30K+,"Canned Soup from Canned Foods department, Ordered Brand : Bravo",22.9668,21.5132,recyclable,"['Ready Food', 'Video Store', 'Bar For Salad', 'Florist', 'Coffee Bar']",Two Day Sale,GOURME7,€8.2M,3.7557 Millions,1425.8,465.54,310.81,783.1925,joao monl3vade,_mg,-19.80133199743112,-43.17722186400949,Rio De Janeiro,RJ,data: -22.89844010101571,-43.28117498222639,5.0
mc_ID_532,"Single  Female  with  five  children,  education:  bachelors  degree  working  as  professional",50K+,"Kitchen Products from Household department, Ordered Brand : Cormorant",data: 25.7286,amount: 22.8214,recyclable,['Coffee Bar'],Best Price Savers,SUPERMARKET,$14.88 Millions,5.952 Millions,1236.07,440.92,293.95,720.5371,carapicuiba,SP,-23.57241932843741,amount: -46.81653106742156,salVaDOr,BA,-12.9018594223365,-38.404765463046026,amount: 5.0
mc_ID_533,"Married Female with two children, education: bachelors degree working as management",30K+,"Electrical from Household department, Ordered Brand : High Quality",,7.0935,non recyclable,,nil,Supermarket,"6.72 ,000,000illions",3.2928 Millions,2049.72,457.36,303.65,497.9483,mogi das cruzes,SP,measure: -23.527490186661275,-46.20287197213819,maringa,PR,-23.377396999935016,amount: -51.93100618003307,5.0
mc_ID_535,"Single Male with No children, education: partial high school working as professional",70 Thousand,"Breakfast Foods from Breakfast Foods department, Ordered Brand : Special",13.8963,9.5356,non recyclable,"['Florist', 'Bar For Salad', 'Ready Food', 'Coffee Bar', 'Video Store']",Money Savers,Deluxe,€5.9M,2.9842 Millions,1871.16,593.93,395.55,343.611,porto alegre,rs,-30.02933889702238,-51.21207766403137,sao paulo,sp,-23.59272363197529,-46.6315844403312,5.0
mc_ID_536,"Married Male with four children, education: high school degree working as skilled manual",50000,"Jams and Jellies from Baking Goods department, Ordered Brand : Super",-24.1296,data: 21.2225,non recyclable,"['Ready Food', 'Florist', 'Video Store', 'Bar For Salad', 'Coffee Bar']",Super Duper Savers,DELUXE,3.36 Millions,1.1088 Millions,1525.28,373.1,248.79,val: 318.3501,brajo santo,CA,-7.489639329189643,-38.98904010407732,"sao paulo
",SP,-23.59798552039933,-46.55547278711988,1.0
mc_ID_537,"Married Female with four children, education: partial high school working as skilled manual",10K+,"Snack Foods from Snack Foods department, Ordered Brand : Horatio",data: 23.4028,21.9493,non recyclable,"['Florist', 'Bar For Salad', 'Ready Food', 'Coffee Bar', 'Video Store']",Shelf Emptiers,GOURMET,"7.52 ,000,000illions",2.4816 Millions,1423.74,465.54,308.54,718.2882,JARAGUA DO SUL,SC,-26.490468761584644,data: -49.11777500914658,lauro de freitas,B@,-12.895112589380958,measure: -38.33895999999978,5.0
mc_ID_538,"Single Female with four children, education: partial college working as professional",50K+,"Snack Foods from Snack Foods department, Ordered Brand : Fort West",9.71,6.7883,non recyclable,"['Ready Food', 'Video Store', 'Bar For Salad', 'Coffee Bar', 'Florist']",Bag Stuffer,Deluxe,€6.0M,2.6196 Millions,1734.5,503.07,335.38,662.2226,sao paulo,SP,-23.67604623980033,val: -46.76574141618096,sao paulo,SP,-23.50739523980033,-46.74054093839796,1.0
,"Married Female with two children, education: high school degree working as management",70K+,"Hot Beverages from Beverages department, Ordered Brand : BBB Best",22.0946,19.0421,recyclable,"['Ready Food', 'Bar For Salad']",Full Free,Supermarket,€6.6M,3.0069 Millions,2265.9,,568.75,###,braco do norte,Sk,-28.27354928978744,amount: -49.16896410025293,ibitinga,Sp,-21.7664768468313,data: -48.83154737836604,data: 1.0
mc_ID_540,"Married Female with three children, education: high school degree working as skilled manual",30000,"Meat from Deli department, Ordered Brand : American",21.5132,20.0596,non recyclable,"['Ready Food', 'Coffee Bar', 'Florist', 'Bar For Salad']",Promo Big,Deluxe,€10.8M,4.8184 Millions,2055.79,654.13,436.09,267.3576,cUritiba,PR,-25.49503825145709,-49.29960146295223,SAO PAULO,"Sp
",-23.65111484251016,-46.75521082321932,data: 1.0
mc_ID_542,"Single Female with four children, education: high school degree working as skilled manual",30K+,"Jams and Jellies from Baking Goods department, Ordered Brand : Landslide",-16.8617,15.4081,recyclable,"['Bar For Salad', 'Ready Food']",Super Savers,Supermarket,7.14 Millions,2.142 Millions,2448.37,470.27,313.55,754.7413,_vila velha,ES,-20.33161263550869,-40.27958609200332,SA0 PAULO,SP,-23.5839881312828,-46.7600579372728,1.0
mc_ID_545,"Single Female with two children, education: high school degree working as skilled manual",30000,"Breakfast Foods from Breakfast Foods department, Ordered Brand : Best",12.8934,9.9716,-1,"['Video Store', 'Florist', 'Coffee Bar', 'Ready Food', 'Bar For Salad']",Sale : Double Down,Deluxe,7.41 Millions,3.1863 Millions,"""1525.28""",373.1,248.79,746.3733,renascenca,PR,-26.15726166145906,data: -52.97089842353846,borDA Da MATa,mg,-22.264093569966427,-46.15856420525942,4.0
mc_ID_546,"Single Female with four children, education: bachelors degree working as professional",10K+,"Bathroom Products from Health and Hygiene department, Ordered Brand : Bird Call",22.24,20.7864,recyclable,"['Florist', 'Video Store', 'Ready Food', 'Coffee Bar', 'Bar For Salad']",Dimes Off,Deluxe,"5.86 ,000,000illions",2.4612 Millions,2038.11,481.98,321.26,measure: 602.7575, sao paulo ,"SP
",-23.661877777684808,-46.65707556272721,Mesquita,RJ,-22.767224960596728,-43.424453496437685,5.0
mc_ID_547,"Single Female with four children, education: high school degree working as skilled manual",30K+ annually,"Fruit from Produce department, Ordered Brand : Tri-State",11.06 kg,6.7011,non recyclable,['Florist'],,supermarket,"9.8 ,000,000illions",3.234 Millions,1320.15,523.32,350.05,710.8616,sao paulo,Sp,measure: -23.547285965837776,-46.56940937552652,florianopolis,Sc,-27.590329257833734,-48.52015089439666,5.0
mc_ID_548,"Married Female with three children, education: bachelors degree working as professional",70K+,"Drinks from Beverages department, Ordered Brand : Skinner",31.6883,28.6358,non recyclable,"['Video Store', 'Florist', 'Ready Food', 'Bar For Salad', 'Coffee Bar']",Save Price,	Deluxe,€7.8M,4.4688 Millions,2038.11,481.98,320.98,284.3028,	belo horizonte,MG,-19.905684443245395,-44.02139865113387,"rio bonito
",RJ,-22.7072351350913,amount: -42.62882877464098,5.0
mc_ID_551,"Married Male with five children, education: high school degree working as skilled manual",120+ monthly,"Starchy Foods from Starchy Foods department, Ordered Brand : Medalist",measure: 20.2049,17.1524,recyclable,['Coffee Bar'],Shelf Clearing Days,Supermarket,15.2 Millions,5.168 Millions,1233.71,440.92,292.21,521.7971,paulinia,$P,-22.73306060560335,-47.17829082930352,salto,SP,-23.20591698084141,amount: -47.307845865803,5.0
mc_ID_553,"Single Female with one child, education: partial college working as manual",50K+,"Drinks from Beverages department, Ordered Brand : Token",29.6533,26.6008,recyclable,"['Bar For Salad', 'Coffee Bar', 'Ready Food', 'Video Store', 'Florist']",,Deluxe,7.38 Millions,3.5424 Millions,1734.5,503.07,335.38,data: 662.2226,lages,SC,-27.83050585567545,-50.32859813849615,Riberao Preto,SP,-21.16850440882337,-47.79370519233655,5.0
mc_ID_554,"Single Male with five children, education: high school degree working as skilled manual",30K+ annually,"Bathroom Products from Health and Hygiene department, Ordered Brand : Bird Call",26.1647,21.8039,non recyclable,"['Ready Food', 'Bar For Salad', 'Coffee Bar', 'Florist']",,Gourmet,1.71 Millions,0.5301 Millions,1564.86,385.45,256.97,396.2248,Colina,SP,-20.724127725272936,-48.52733120722506,sao paulo,SP,-23.62358155176294,-46.61056007369148,5.0
mc_ID_555,"Single Female with five children, education: partial high school working as skilled manual",10K+,"Dairy from Dairy department, Ordered Brand : Even Better",12.9224,-999.0,non recyclable,['Florist'],Super Savers,Supermarket,7.16 Millions,3.1504 Millions,1319.25,523.32,348.85,338.6948,jacarei,SP,-23.28934488481736,-45.94318565667379,IBITINGA,SP,-21.7664768468313,-48.83154737836604,4.0
mc_ID_558,Single Female with two children / education: partial college working as management,30K or more,"Vegetables from Produce department, Ordered Brand : Hermanos",26.6008,-25.0018,non recyclable,['Coffee Bar'],Weekend Discount,sUPErmaRkEt,$4.36 Millions,2.18 Millions,missing,440.92,293.95,364.1649,sao paulo,sp,-23.585368644960283,-46.400317814599866,cuiaba,Mt,-15.672887529119013,-56.06797233297959,3.0
mc_ID_559,"Married_Female_with_four_kidren,_education:_high_school_degree_working_as_manual",30K+,"Frozen Entrees from Frozen Foods department, Ordered Brand : Carrington",13.1696,-8.8088,recyclable,"['Bar For Salad', 'Ready Food']",Super Savers,,9.4Ms,4.512 Millions,2448.37,,313.55,754.7413,guacui ,ES,-20.7749205,-41.67766799999998,recife,pe,-8.054831577298156,-34.898531076461445,1.0 stars
mc_ID_560,"Married Female with three children, education: bachelors degree working as professional",50K+,"Pain Relievers from Health and Hygiene department, Ordered Brand : Steady",27.7636,26.31,non recyclable,"['Video Store', 'Coffee Bar', 'Ready Food', 'Florist', 'Bar For Salad']",,Gourmet_,5.68 Millions,1.7608 Millions,1424.85,465.54,,670.486,Presidente Prudente,5p,data: -22.11977778756728,-51.38167544559502,garca,SP,data: -22.218988944556266,-49.64362334020589,5.0
mc_ID_563,"Single Male w/ five children, education: partial high school working as professional",130K+,"Bread from Baked Goods department, Ordered Brand : Sphinx",25.874,val: 22.8214,non recyclable,"['Bar For Salad', 'Florist', 'Ready Food', 'Coffee Bar']",,DELUXE,$5.28 Millions,1.7424 Millions,2055.29,654.13,436.09,367.7736,VINH3DO,SP,amount: -23.01011064782791,-46.98368633960173,"sau paulo
",SP,-23.59272363197529,-46.6315844403312,5.0
mc_ID_566,"Married Male with two kids, education: bachelors degree working as management",10K+,"Paper Products from Household department, Ordered Brand : Red Wing",19.4781,16.4256,recyclable,"['Florist', 'Coffee Bar', 'Ready Food', 'Bar For Salad', 'Video Store']",Mystery Sale,GOURMET,7.12 Millions,2.4208 Millions,1422.39,465.54,308.48,data: 360.0332,curitiba,PR,-25.481998582838084,-49.23384196904042,bento goncalves,R5,-29.15900320184248,-51.49977005197258,5.0
mc_ID_567,"Married Male with three children, education: bachelors degree working as management, Married Male with three children",70K+,"Meat from Deli department, Ordered Brand : Moms",23.5482,amount: 20.641,recyclable,"['Ready Food', 'Bar For Salad', 'Coffee Bar', 'Florist', 'Video Store']",,Deluxe,11.55 Millions,3.5805 Millions,1871.16,593.93,395.95,326.352,carapicuiba,5P,val: -23.545282500000003,-46.828647,INDAI@TUBA,sp ,-23.089034640573622,-47.21441923786709,5.0
mc_ID_568,"Married Male with four children, education: partial high school working as professional",1560+ monthly,"Canned Tuna from Canned Foods department, Ordered Brand : Blue Label",25.0018,22.0946,recyclable,"['Coffee Bar', 'Florist', 'Ready Food', 'Bar For Salad', 'Video Store']",Money Savers,DelUXe,"6.2 ,000,000illions",1.922 Millions,1872.27,593.93,395.95,343.611,garoPAba,SC,-28.03172040884407,-48.62388672140172,_ibi7inga,5P,-21.7664768468313,-48.83154737836604,5.0
mc_ID_569,"Married Female with four kidren, education: bachelors degree working as professional",70K or more,"Breakfast Foods from Frozen Foods department, Ordered Brand : Imagine",22.24,19.3328,recyclable,,Best Price Savers,Supermarket,4.76 Millions,1.4756 Millions,1508.78,229.8,151.9,650.4028,ouro pr3to,Mg,-20.38523748903572,-43.50551302553521,sao paulo,SP,amount: -23.65111484251016,-46.75521082321932,amount: 5.0
mc_ID_572,"Married Female with two children, education: bachelors degree working as professional",50K+ annually,"Vegetables from Produce department, Ordered Brand : Hermanos",22.0946,17.5885,non recyclable,,Full Free,Supermarket,"6.92 ,000,000illions",3.2524 Millions,1506.86,227.8,,272.2738,porto alegre,RS,-30.08715837393155,-51.21971299805737,pir4cicaba,Sp,measure: -22.71683928585045,-47.65736585405934,1.0
mc_ID_573,"Single Female with two children, education: partial High School working as skilled manual",30K+,"Cleaning Supplies from Household department, Ordered Brand : High Quality",31.6883,30.0894,recyclable,"['Bar For Salad', 'Coffee Bar', 'Ready Food', 'Florist', 'Video Store']",Price Winners,,6.57 Millions,3.2193 Millions,2038.11,481.98,323.24,val: 453.9117,SeTE lAGOas,MG,-19.447338587123927,-44.21712257170282,sao paulo,"$P
",-23.537511255832708,-46.63705730743676,5.0/5.0
mc_ID_575,"Married Male with three children, education: high school degree working as manual",30K+,"Meat from Deli department, Ordered Brand : American",10.8874,9.4193,recyclable,"['Video Store', 'Coffee Bar', 'Ready Food', 'Florist', 'Bar For Salad']",Lottery Cash Registerion,Deluxe,€4.7M,2.76 Millions,1734.5,503.07,335.38,290.7357,SITIO DO QUINTO,BA,-10.365347918039614,-38.20018215319429,sao paulo,SP,-23.541941545934563,-46.49095488842404,3.0
mc_ID_576,"Married Female with three kidren, education: graduate degree working as professional",90K+,"Magazines from Periodicals department, Ordered Brand : Excel",364.05 oz,7.3988,recyclable,,One Day Sale,Supermarket,8.52 Millions,4.0044 Millions,2047.16,457.36,304.91,R$2677.16,SALVADOR,BA,-12.99585654646547,-38.47853583321261,sao luis,M4,-2.546079233971952,-44.3089863702464,3.0
mc_ID_577,"Single Male wiht one child, education: bachelors degree working as professional",50K+,"Snack Foods from Snack Foods department, Ordered Brand : Nationeel",28.6358,25.7286,recyclable,['Coffee Bar'],Weekend Discount,Supermarket,15.36 Millions,7.5264 Millions,1235.57,440.92,293.95,R$3843.00,mina$ novas, MG,-17.217037330081585,-42.5972618750936,ribeirao preto,SP,-21.17121748495008,-47.81941847157649,5.0
mc_ID_578,"Married Male with four children, education: partial high school working as professional",130K or more,"Dairy from Dairy department, Ordered Brand : Carlson",15.6988,-14.2452,non recyclable,"['Video Store', 'Florist', 'Ready Food', 'Bar For Salad', 'Coffee Bar']",,DELUXE,15.88 Millions,7.7812 Millions,,595.93,395.95,676.6574, sao paulo,sp,-23.64822256966949,-46.59868551038766,sao paulo,sp,-23.57203616319466,-46.61521226741304,5.0
mc_ID_581,"Single Male with five children, education: partial high school working as manual",10K+,"Vegetables from Produce department, Ordered Brand : Tell Tale",19.6235,16.7163,non recyclable,"['Bar For Salad', 'Video Store', 'Florist', 'Ready Food', 'Coffee Bar']",,Gourmet,4.08 Millions,1.7544 Millions,1422.8,465.54,310.3,amount: 449.1524,	camacan,BA,-15.414317002261669,-39.497913802834034,drac3na,SP,-21.4988715,-51.53786099999999,data: 5.0
mc_ID_582,"MaRrIeD FeMaLe wItH FoUr cHiLdReN, eDuCaTiOn: BaChElOrS DeGrEe wOrKiNg aS PrOfEsSiOnAl",50K+,"Plastic Products from Household department, Ordered Brand : High Quality",11.4252,8.5181,recyclable,['Coffee Bar'],Best Price Savers,,€11.7M,6.21 Millions,1236.07,440.92,293.95,720.5371,serra,ES,-20.125077554846843,amount: -40.18867515952251,cajamar,SP,-23.406238298215783,val: -46.84102497498486,5.0
mc_ID_584,"mARRIED fEMALE WITH THREE CHILDREN, EDUCATION: BACHELORS DEGREE WORKING AS PROFESSIONAL",70K+,"Vegetables from Frozen Foods department, Ordered Brand : Carrington",-13.344,11.8904,non recyclable,,,Supermarke7,5.92 Millions,1.8352 Millions,1508.6,227.8,151.9,272.2738,sao paulo,$P,-23.59058228102083,amount: -46.80236036310327,sao 	paulo,SP,-23.65111484251016,-46.75521082321932,5.0
mc_ID_587,Married Male with four kidren; education: partial college working as clerical,30K+,"Meat from Deli department, Ordered Brand : Cutting Edge",18.1699,amount: 13.8091,recyclable,,Go For It,MID-SIZE,5.46 Millions,2.1294 Millions,2085.67,783.64,522.49,717.3991,guarani,MG,-21.35781510773532,-43.04932716732199,Sao Paulo,SP,-23.58359782304825,amount: -46.50714769338705,5.0
mc_ID_589,"Single Male with No children, education: partial high school working as manual",10K+,"Canned Tuna from Canned Foods department, Ordered Brand : Better",20.641,val: 19.0421,recyclable,"['Ready Food', 'Video Store', 'Bar For Salad', 'Florist', 'Coffee Bar']",One Day Sale,De1uxe,3.0 Millions,1.14 Millions,1871.16,593.93,395.95,360.3993,sal7o,sp,-23.198860047870664,-47.29334560811024,sao bernardo do campo,SP,-23.71688471949829,-46.54199108267673,4.0
mc_ID_591,"Married Female wiht four children, education: partial high school working as manual",10K+,"Pain Relievers from Health and Hygiene department, Ordered Brand : Consolidated",14.5359,-11.6287,recyclable,"['Video Store', 'Ready Food', 'Coffee Bar', 'Florist', 'Bar For Salad']",Price Destroyers,Deluxe,€10.1M,5.4924 Millions,2038.11,481.98,321.48,777.2826,Brasilia,DF,-15.826958999999992,-47.92446674999999,porto alegre,RS,-30.01895817707312,-51.16296204564608,Rating: 1.0
mc_ID_592,"Married Male with one child, education: partial HS working as manual",120+ monthly,"Beer and Wine from Alcoholic Beverages department, Ordered Brand : Pearl",16.8617,12.5009,non recyclable,"['Video Store', 'Bar For Salad', 'Coffee Bar', 'Florist', 'Ready Food']",Best Savings,Gourmet,1.82 Millions,0.8736 Millions,1424.85,465.54,310.3,281.4786,santa luzia,Mg ,amount: -19.773876605304032,-43.92622968614072,sao  paulo,SP,-23.49517247515727,-46.50119464071786,5.0
mc_ID_593,"Married Male with two children, education: partial high school working as skilled manual",10K+,"Fruit from Produce department, Ordered Brand : High Top",25.1472,22.0946,recyclable,,,Mid-S1ze,3.74 Millions,1.496 Millions,2822.2,447.7,300.4,455.3761,rIANAPOLis,GO,-15.31060234443309,-49.57693257807515,$ao goncalo,RJ,-22.826646152351035,-42.99987757664625,data: 5.0
mc_ID_595,"Single Male with three children, education: bachelors degree working as professional",50000,"Electrical from Household department, Ordered Brand : High Quality",14.6813,364.05 oz,recyclable,['Coffee Bar'],Pick Your Savings,Supermarket,$5.48 Millions,1.8632 Millions,1234.25,440.92,,436.7573,SAO PAULO,SP,-23.562216618096823,-46.7119814089676,brasilia,DF,-15.805754999999998,-47.96828099999999,5.0
mc_ID_596,"Single Female with No children, education: bachelors degree working as professional",90000,"Kitchen Products from Household department, Ordered Brand : Denny",14.6813,11.7741,non recyclable,"['Ready Food', 'Bar For Salad', 'Coffee Bar', 'Video Store', 'Florist']",Two for One,gourmet,$5.13 Millions,2.0007 Millions,1424.85,465.54,310.3,360.7131,sao roque do canaa, ES,-19.73929732233853,data: -40.65808102386044,nova friburgo,RJ,-22.262246907755888,data: -42.53263473187971,measure: 4.0
mc_ID_597,"Single Female with four children, education: partial college working as skilled manual",30K+,"Starchy Foods from Starchy Foods department, Ordered Brand : Medalist",measure: 20.2049,-17.1524,recyclable,,,Mid-Size,"7.6 ,000,000illions",2.432 Millions,2088.21,783.64,522.76,324.7307,varginha,Mg,-21.54974180312539,-45.443033590623415,mogi guecu,SP,-22.382941116125448,amount: -46.94664125419024,1.0
mc_ID_598,"Married Male with four kids, education: partial college working as clerical",30K+,"Vegetables from Produce department, Ordered Brand : High Top",9.9135,7.0063,recyclable,,Full Free,Supermarket,15.4 Millions,6.16 Millions,1508,227.8,,660.2352,SAO PAU1O,SP,-23.499986521784315,-46.618730413266775,curitiba,PR,-25.43585833749783,-49.22158276824976,5.0
mc_ID_599,"Single Female with two children, education: graduate degree working as professional",70K+,"Snack Foods from Snack Foods department, Ordered Brand : Fast",19.0421,620.42 oz,recyclable,['Coffee Bar'],Super Duper Savers,Small Grocery,3.14 Millions,1.3188 Millions,2069.83,330.83,220.55,650.089,niteroi,rj,-22.883862923138043,-43.11562368659535,$ao paulo, Sp ,-23.667843855675457,-46.66038973120199,1.0
mc_ID_600,"Married Female with five children, education: high school degree working as management, education: high school degree working as management",110K+,"Starchy Foods from Starchy Foods department, Ordered Brand : Shady Lake",12.9951,8.6198,non recyclable,"['Coffee Bar', 'Ready Food', 'Florist', 'Bar For Salad']",,,7.53 Millions,3.4638 Millions,1566.82,385.45,256.97,474.0995,bauru,SP,-22.35973743184844,-49.05231525174554,jau,SP,-22.27568678711987,-48.542599749927895,4.0
mc_ID_601,"Married Male with three children, education: partial high school working as manual",10000,"Starchy Foods from Starchy Foods department, Ordered Brand : Discover",-31.543,30.0894,recyclable,"['Ready Food', 'Bar For Salad', 'Florist', 'Video Store', 'Coffee Bar']",Price Cutters,Gourmet,7.83Ms,2.8188 Millions,1423.92,465.54,309.26,675.716,sao lourenco da mata,PE,-7.994080655288808,-35.03047401067581,limeira,SP,-22.541719708891844,-47.427681190013296,5.0
mc_ID_602,"Single Female with three children, education: high school degree working as manual",€25K+,"Fruit from Produce department, Ordered Brand : Ebony",19.4781,17.8792,non recyclable,"['Video Store', 'Florist', 'Ready Food', 'Bar For Salad', 'Coffee Bar']",Sale Winners,DELUXE,$10.47 Millions,4.188 Millions,1871.16,593.93,395.95,519.7574,sumare,SP,-22.800362898695823,data: -47.21833340077328,"uba
",MG,-21.12574332854103,-42.92260482854105,1.0
mc_ID_603,"Single Male with one child, education: partial high school working as manual",10K+,"Breakfast Foods from Breakfast Foods department, Ordered Brand : Radius",17.7338,13.3585,non recyclable,,Sale : Double Down,Supermarket,10.56Ms,5.1744 Millions,2049.72,457.36,306.62,327.7641,itapetininga,SP_,-23.58796435005592,-48.050515104990346,pedreira,SP,-22.73824150585765,-46.8958585777586,5.0
mc_ID_604,"Married Female with No children, education: partial college working as management",30K+,"Vegetables from Produce department, Ordered Brand : Tell Tale",17.2978,val: 15.6988,recyclable,"['Florist', 'Coffee Bar', 'Ready Food', 'Video Store', 'Bar For Salad']",,Deluxe,7.65 Millions,2.8305 Millions,1734.5,503.07,335.38,500.9294,recife,PE,-8.035062291630105,amount: -34.913199324692094,sao paul0,SP ,-23.61424927422236,-46.68844105482136,5.0
mc_ID_605,"Single Male with four children, education: partial college working as manual",30K+,"Carbonated Beverages from Beverages department, Ordered Brand : Washington",22.9668,20.0596,non recyclable,['Coffee Bar'],Sale : Double Down,Small Grucery,$2.3 Millions,1.035 Millions,1394.66,534.29,356.19,602.3914,c4nelinha,SC_,-27.264888475478536,-48.77091437737793, guariba ,SP,-21.36235769739203,-48.232975701561735,3.0
mc_ID_607,"Maried Male with three children, education: Bachelors degree working as professional",50K+,"Side Dishes from Deli department, Ordered Brand : Lake",-20.9317,measure: 17.8792,recyclable,['Florist'],Price Winners,Supermarket,2.79 Millions,1.1439 Millions,1320.15,523.32,350.78,640.7273,sao paulo,SP,-23.47729245045876,-46.65568039454087,PIrITuBA,SP,-23.49065997530149,-46.7284764394945,5.0
mc_ID_609,"Married Male with four kids, education: partial HS working as manual",10K+,"Vegetables from Produce department, Ordered Brand : Hermanos",25.1472,23.5482,non recyclable,,Super Wallet Savers,Supermarket,11.58 Millions,3.5898 Millions,1508,227.8,150.81,733.1937,SAO JOSE DO RIO PRETO,SP,-20.78099531970049,-49.35424790246387,"brasili@
",DF,-15.886620476289508,-48.01443185354944,5.0
mc_ID_610,"Married Female with three children, education: graduate degree working as professional",70K+,"Fruit from Produce department, Ordered Brand : Hermanos",val: 23.5482,19.1874,non recyclable,,Full Free,Mid-Size,€1.9M,0.8541 Millions,2085.67,783.64,522.49,778.5901,americana,SP,-22.74703919816495,-47.34322030252755,borda da mata,MG,-22.264093569966427,-46.15856420525942,5.0
mc_ID_611,"Married Female with four children, education: high school degree working as skilled manual",30K+,"Fruit from Produce department, Ordered Brand : High Top",9.7972,-6.8755,non recyclable,,Savings Galore,_Supermarket,7.95 Millions,3.4185 Millions,2049.72,457.36,304.91,714.2611,Campinas,_SP,-22.90124134639356,-47.05512845102415,araguari,Mg,-18.643784093954583,-48.20804381879092,1.0
mc_ID_615,"Married Male with No children, education: bachelors degree working as professional",70K+ annually,"Electrical from Household department, Ordered Brand : Red Wing",14.972,data: 12.0648,recyclable,"['Florist', 'Video Store', 'Bar For Salad', 'Ready Food', 'Coffee Bar']",Price Cutters,Gourmet,"7.38 ,000,000illions",2.8044 Millions,1424.85,465.54,310.3,675.716,campinas,	SP,-22.950289907294163,-47.182224818627695,sao paulo,Sp,-23.612052666446743,-46.60783466642034,data: 4.0
mc_ID_616,"Married Female with four children, education: High School degree working as skilled manual",360+ monthly,"Bread from Baked Goods department, Ordered Brand : Colony",387.12 oz,8.0674,non recyclable,['Florist'],Save Price,Supermarket,$3.08 Millions,1.0472 Millions,1318.07,,,data: 670.486,ARACE,ES,-20.381033844581136,-41.02864251727631,ITATIBA,SP,-22.99567770323237,-46.857106243157794,1.0
mc_ID_617,"Single Male with two children, education: graduate degree working as professional",70K+,"Jams and Jellies from Baking Goods department, Ordered Brand : Plato",18.3153,16.8617,recyclable,"['Ready Food', 'Florist', 'Bar For Salad', 'Coffee Bar', 'Video Store']",Save Price,deluxe,6.66 Millions,2.997 Millions,2038.82,481.98,321.26,284.3028,Vila Velha_, Es ,-20.33161263550869,-40.27958609200332,jacarei,"$P
",-23.29818595956356,-45.974828011182304,1.0
mc_ID_618,"Single Female with three kids, education: partial HS working as skilled manual",30K+,"Vegetables from Produce department, Ordered Brand : Ebony",25.2925,22.24,recyclable,['Coffee Bar'],Two Day Sale,Supermarket,"8.91 ,000,000illions",3.2076 Millions,1236.28,440.92,293.95,amount: 477.3944,merica,rj,-22.95903880735188,-42.98584334941111,_cariac1ca,ES,-20.29753657631548,-40.40086853731229,5.0
mc_ID_619,"Single Male with two children, education: partial high school working as manual",10k,"Vegetables from Produce department, Ordered Brand : High Top",21.5132,20.0596,non recyclable,"['Bar For Salad', 'Ready Food']",Green Light Special,Supermarket,2.64 Millions,0.9768 Millions,,853.22,569.13,643.3946,porto alegre,RS,-30.050167734952897,-51.17127491243006, $Ao Paulo ,sP,-23.56625832001269,amount: -46.51841724632121,5.0
mc_ID_620,"Single Female with five children, education: high school degree working as skilled manual",30K+,"Breakfast Foods from Frozen Foods department, Ordered Brand : Imagine",24.275,21.3678,recyclable,"['Bar For Salad', 'Video Store', 'Ready Food', 'Florist', 'Coffee Bar']",One Day Sale, Gourmet,"11.22 ,000,000illions",3.8148 Millions,,,310.96,449.1524,bauru,sp,-22.32799872661436,-49.04464129765144,brasilia,df,-15.840667480274698,data: -48.051942900348365,5.0
mc_ID_621,"Married Female with two kids, education: partial college working as clerical",$30K+,"Candy from Snacks department, Ordered Brand : Musial",19.62 kg,18.1699,non recyclable,['Coffee Bar'],,Small Grocery,0.98 Millions,0.4802 Millions,2069.04,330.83,220.55,578.0196,_campo granda,MS,-20.48073090397595,-54.61764165615419,rulandia,PR,-23.32035841509884,-51.38586195252106,5.0
mc_ID_622,"Single Male with four kids, education: bachelors degree working as professional",50K+,"Specialty from Produce department, Ordered Brand : High Top",15.8442,11.4688,non recyclable,['Coffee Bar'],Mystery Sale,Small Grocery,4.22Ms,1.688 Millions,1394.66,534.29,356.19,686.176,januaria,MG,-15.485938887533464,-44.36666830665413,Sao beRnArDO Do CamPO,_SP,amount: -23.71933860892157,-46.5517479343586,1.0
mc_ID_624,"Married Male with two children, education: partial high school working as skilled manual",10000,"Dairy from Dairy department, Ordered Brand : Gorilla",30.2347,28.6358,recyclable,"['Bar For Salad', 'Coffee Bar', 'Florist', 'Ready Food']",Promo Big,Deluxe,5.86 Millions,2.93 Millions,2055.29,654.13,436.09,267.3576, araras ,SP,-22.35906286886278,-47.3807194132873,h0rtolandia,SP,-22.887514996879027,-47.19573904628551,5.0
mc_ID_627,"Single Male with three kids, education: high school degree working as manual",30K+,"Candy from Snacks department, Ordered Brand : Thresher",14.972,12.0648,recyclable,"['Bar For Salad', 'Ready Food', 'Florist', 'Coffee Bar']",Price Destroyers,,4.74 Millions,1.5168 Millions,1564.86,385.45,256.97,343.5064,itapema,SC,-27.13197710454484,-48.599233840908056,sao paulo,SP,-23.49517247515727,-46.50119464071786,5.0
mc_ID_629,"Single Male with four children, education: bachelors degree working as professional",50K+,"Bread from Baked Goods department, Ordered Brand : Great",9.3611,7.9075,non recyclable,"['Florist', 'Bar For Salad', 'Ready Food', 'Coffee Bar', 'Video Store']",Super Savers,dELuxE,14.1 Millions,5.781 Millions,1525.28,,248.14,755.9442,bom despacho,MG,-19.74074058834445,-45.25452490731858,sao paulo ,SP,data: -23.58067325143878,-46.591568341608856,1.0
mc_ID_630,"Married Male with four children, education: bachelors degree working as professional",50K+,"Candy from Snacks department, Ordered Brand : Gulf Coast",31.6883,-28.6358,recyclable,['Florist'],Budget Bargains,Supermarket ,6.36 Millions,2.9892 Millions,1320.15,525.32,349.71,738.7898,bento goncalves,rs,-29.13984815798745,-51.514149862518416,sau paulo,_SP,-23.50271592062436,-46.48299647362806,20%
mc_ID_631,"Married Male with five children, education: partial high school working as management",Income: 70K+,"Bread from Baked Goods department, Ordered Brand : Sphinx",20.0596,17.1524,non recyclable,,Save It (Sale),,8.44Ms,3.6292 Millions,,457.36,304.91,467.4051,brasilia,DF,-15.769799999999991,-47.89016774999999,Sao Jose Do Rio Preto,SP,-20.80243626346376,-49.39562406741489,3.0
mc_ID_632,"Married Male with one child, education: partial high school working as management",130K+,"Canned Oysters from Canned Foods department, Ordered Brand : Blue Label",amount: 26.4554,23.5482,non recyclable,"['Florist', 'Bar For Salad', 'Coffee Bar', 'Video Store', 'Ready Food']",Save Price,Deluxe,4.42 Millions,2.21 Millions,2038.11,,319.49,284.3028,sao paulo,"SP
",-23.53961683236193,-46.70566371911255,marInGa,PR,-23.377396999935016,-51.93100618003307,3.0
mc_ID_633,"Married Female with four children, education: high school degree working as professional",90K+,"Vegetables from Produce department, Ordered Brand : Tell Tale",29.5079,27.909,non recyclable,"['Coffee Bar', 'Bar For Salad', 'Video Store', 'Ready Food', 'Florist']",You Save Days,,"7.08 ,000,000illions",2.9736 Millions,1425.18,467.54,311.6,689.3663,pORto alEgre,RS,-30.06897070552254,-51.155099487362286,curitiba,Pr,-25.41810890007532,-49.2549331354036,data: 4.0
mc_ID_634,"SiNgLe mAlE WiTh tWo cHiLdReN, eDuCaTiOn: HiGh sChOoL DeGrEe wOrKiNg aS MaNuAl",50K+,"Vegetables from Produce department, Ordered Brand : Tell Tale",val: 13.4021,9.0413,recyclable,"['Coffee Bar', 'Ready Food', 'Florist', 'Bar For Salad', 'Video Store']",Price Slashers,De1uxe,5.85Ms,2.691 Millions,1524.24,,248.79,403.9652,rio de janeiro,RJ,-22.90160079739165,-43.54808307799064,domingos martins,e5,-20.36457821981136,-40.65951846538821,5.0
mc_ID_635,"Married Female with four children, education: partial high school working as manual",30K+,"Carbonated Beverages from Beverages department, Ordered Brand : Skinner",30.0894,27.1822,recyclable,"['Ready Food', 'Video Store', 'Florist', 'Bar For Salad', 'Coffee Bar']",Sale Winners,Deluxe,4.96 Millions,2.0832 Millions,1871.16,593.93,394.49,amount: 519.7574,Sao joAo nePoMUcEno,MG,-21.53684106547488,-43.0121739022556,,,,,1.0
mc_ID_636,"MaRrIeD FeMaLe w/ FoUr cHiLdErN, eDuCaTiOn: HiGh sChOoL DeGrEe wOrKiNg aS SkIlLeD MaNuAl",30 Thousand,"Beer and Wine from Alcoholic Beverages department, Ordered Brand : Portsmouth",23.6936,data: 22.0946,recyclable,['Coffee Bar'],Discount Frenzy,Small Grocery,$3.79 Millions,1.3644 Millions,2068.33,330.83,220.55,570.2269,belo horizonte,MG,-19.935201059120523,-43.9567957307693,araraquara,SP_,val: -21.760806096824155,-48.17228519205648,5.0
mc_ID_638,"Married Female with three children, education: high school degree working as manual",,"Hygiene from Health and Hygiene department, Ordered Brand : Hilltop",12355.50 grams,amount: 9.4484,non recyclable,['Coffee Bar'],Budget Bargains,,10.64 Millions,5.2136 Millions,1236.07,,292.31,687.5358,rio de janeiro,RJ,-23.0043086872296,-43.32450783783356,santo andre,SP,-23.70007597807146,-46.512702481822366,5.0
mc_ID_639,"Married Male with one child, education: bachelors degree working as management",50K+,"Snack Foods from Snack Foods department, Ordered Brand : Fast",15.5534,12.6317,non recyclable,"['Bar For Salad', 'Florist', 'Coffee Bar', 'Ready Food', 'Video Store']",Shelf Emptiers,gourmet,€6.1M,3.24 Millions,1424.85,465.54,311.86,616.4078,rio de janeiro,RJ,-22.98123150764605,-43.20143111518263,blumenau,SC,-26.91141069525076,-49.11143612738765,5.0
mc_ID_642,"Married_Female_with_one_child,_education:_high_school_degree_working_as_manual",30K+,"Specialty from Produce department, Ordered Brand : Ebony",27.3275,amount: 24.275,non recyclable,['Coffee Bar'],Pick Your Savings,Supermarket,$7.17 Millions,3.2265 Millions,1236.07,440.92,,436.7573,salvador,BA,-12.932867538919195,amount: -38.376991923790655,SANTA RITA DO SAPUCAI,MG,-22.243203015748463,-45.71330344759827,4.0
mc_ID_646,"Married Female w/ three children, education: partial collge working as skilled manual",€25K+,"Paper Products from Household department, Ordered Brand : Sunset",14.8266,-10.4513,non recyclable,"['Coffee Bar', 'Video Store', 'Florist', 'Ready Food', 'Bar For Salad']",Super Savers,Deluxe,€2.4M,1.2012 Millions,,373.1,247.34,755.9442,petropolis,RJ,-22.41726870720411,-43.165554149792975,tRES CoRaCoeS,MG,-21.69216794221008,-45.25804903964345,4.0
mc_ID_648,Married Female with three children; education: bachelors degree working as professional,50K+,"Vegetables from Frozen Foods department, Ordered Brand : Imagine",25.7286,22.8214,recyclable,"['Ready Food', 'Bar For Salad', 'Video Store', 'Florist', 'Coffee Bar']",I Cant Believe It Sale,Deluxe,3.44 Millions,1.4448 Millions,1734.5,503.07,335.05,363.3281,botucatu,sp,-22.85427884984708,data: -48.44620612975359,sao paulo,SP,-23.48381025284207,-46.69528157314321,1.0
mc_ID_649,"Single Female with three children, education: high school degree working as skilled manual",30K+,"Vegetables from Produce department, Ordered Brand : Tell Tale",16.2802,14.6813,non recyclable,['Florist'],Super Savers,Supermarket,"1.68 ,000,000illions",0.5376 Millions,1319.69,523.32,349.4,338.6948,sao paulu,SP,-23.58139363105872,-46.681081131915015,ARAPONGAS,PR,-23.420739085916825,-51.41460369847018,3.0
mc_ID_650,"SINGLE MALE WITH TWO KIDREN, EDUCATION: PARTIAL HIGH SCHOOL WORKING AS MANUAL",30K+,"Meat from Frozen Foods department, Ordered Brand : Big Time",data: 11.4398,8.5181,non recyclable,,,Supermarket,7.34 Millions,3.2296 Millions,2049.72,457.36,305,418.1385,NOVA IGUACU,RJ,-22.709328438971543,-43.461048749309306,sAO paULo,SP,-23.537511255832708,-46.63705730743676,1.0
mc_ID_653,"Married Female with three children, education: partial college working as clerical",30000,"Carbonated Beverages from Beverages department, Ordered Brand : Fabulous",17.8792,-13.5184,non recyclable,"['Bar For Salad', 'Ready Food']",Super Savers,Supermarket,6.84Ms,3.078 Millions,2448.37,470.27,313.55,719.3865,Sao Paulo,Sp,-23.4823915320561,-46.64281243352188,ibltinga,SP,-21.7664768468313,amount: -48.83154737836604,data: 4.0
mc_ID_654,"Married Female with three children, education: high school degree working as skilled manual",50K+,"Breakfast Foods from Frozen Foods department, Ordered Brand : Golden",-11.4834,7.1226,recyclable,['Coffee Bar'],,supermarket,2.48 Millions,0.7688 Millions,1236.07,440.92,293.95,473.7334,nITEroI,RJ,-22.87198981200734,measure: -43.104650816542055,piracicaba,SP,-22.71683928585045,-47.65736585405934,5.0
mc_ID_655,"Single Female with four children, education: bachelors degree working as professional",50K+,"Snack Foods from Snack Foods department, Ordered Brand : Fast",val: 12.2393,9.3321,recyclable,"['Ready Food', 'Bar For Salad']",Save Price,Supermarket,14.96Ms,5.3856 Millions,2448.37,470.27,311.88,data: 406.4756,Not Available,$P,-22.66272240238052,-50.43776522959186,LIMEIRA,SP,-22.599254430886607,-47.37980963550319,5.0
mc_ID_656,"Single Male with one child, education: bachelors degree working as professional, education: bachelors degree working as professional",50K+,"Snack Foods from Snack Foods department, Ordered Brand : Fast",val: 28.0543,-1.0,recyclable,,Tip Top Savings,Supermarket,$11.52 Millions,4.2624 Millions,2049.72,459.36,305.33,557.8318,cuiaba,MT,-15.588913837119897,-56.0987026492805,sao paulo,SP,-23.537511255832708,-46.63705730743676,1.0
mc_ID_657,"Single Female with one child, education: high school degree working as manual",30K+,"Fruit from Produce department, Ordered Brand : High Top",27.909,26.4554,recyclable,,Best Price Savers,Supermarket,5.01 Millions,1.6533 Millions,1508,227.8,151.9,650.4028,Sao Paulo,"SP
",-23.590043924475463,-46.51003716796691,sao jose dos pinhais,PR,data: -25.550486998908475,amount: -49.18996687114555,5.0
mc_ID_658,"education: graduate degree working as management, Single Female with four children",70K+,"Fruit from Produce department, Ordered Brand : Hermanos",data: 25.5832,24.1296,recyclable,,Big Time Discounts,Supermarket,9.33 Millions,4.1985 Millions,1510.34,227.8,151.9,574.9339,SAo pAUlO,SP,-23.53357948765075,-46.68218908312653,Sao Paulo,SP,-23.575745041924048,-46.74085825118136,5.0
mc_ID_659,"Married Female with three children, education: partial high school working as professional",70K+,"Miscellaneous from Checkout department, Ordered Brand : Framton",30.0894,28.6358,recyclable,"['Ready Food', 'Video Store', 'Coffee Bar', 'Bar For Salad', 'Florist']",One Day Sale,Deluxe,4.6 Millions,2.07 Millions,2038.11,481.98,321.26,767.3456,SAO PAULO,SP,-23.656277912574293,-46.69147445905709,guarulhos,SP,-23.39720141909516,-46.41869442783772,2.0
mc_ID_660,"Married Male with three children, education: partial high school working as management",130K+,"Pure Juice Beverages from Beverages department, Ordered Brand : Fabulous",8.7216,-5.8144,recyclable,,Tip Top Savings,mID-Size,11.4 Millions,3.534 Millions,2819.7,447.7,298.5,416.2557,para7y,	RJ,-23.226942512091888,val: -44.72617217705374,birigui,sp,data: -21.301705697260985,-50.33198634467411,amount: 5.0
mc_ID_661,"Married Female with three kids, education: partial high school working as skilled manual",30K+ annually,"Snack Foods from Snack Foods department, Ordered Brand : Fast",11.7014,8.7942,non recyclable,"['Florist', 'Coffee Bar']",Save It (Sale),,3.28 Millions,1.5744 Millions,2554.3,389.54,259.66,394.5512,vila velha,ES,amount: -20.37616120906966,-40.30529402401848,birigui,sp,-21.301705697260985,-50.33198634467411,5.0
mc_ID_662,"Married Male with four children, education: bachelors degree working as professional",50K+,"Snack Foods from Snack Foods department, Ordered Brand : Horatio",17.4431,13.0823,non recyclable,,Price Winners,Supermarket,6.36 Millions,1.908 Millions,1623.48,341.05,226.38,586.7537,peIotas,RS,-31.71769166472388,-52.34280772577763,MAriLIa,Sp,-22.154209249920417,-49.95162687408481,3.0
mc_ID_663,"Single Female with four children, education: partial college working as professional",50K+,"Plastic Products from Household department, Ordered Brand : Cormorant",30.0894,-27.1822,non recyclable,"['Coffee Bar', 'Florist', 'Bar For Salad', 'Ready Food']",Weekend Discount,Gourmet,"5.88 ,000,000illions",2.058 Millions,1564.86,,256.7,val: 470.177,sao paulo,$P,-23.473527475157265,-46.68753138481736,Sao Paulo_,SP,-23.646246311207523,-46.66349868836885,3.0
mc_ID_664,"Married Female with four children, education: partial high school working as manual",10 Thousand,"Bread from Baked Goods department, Ordered Brand : Great",-1.0,20786.40 grams,recyclable,,Weekend Discount,Supermarket,6.54 Millions,2.943 Millions,,227.8,151.9,amount: 735.1811,BELO HORIZONTE,MG,val: -19.917625059698125,-43.91323566831868,curitiba,pR,-25.416444206215026,-49.28185035596391,amount: 5.0
mc_ID_667,"Married Male with three children, education: bachelors degree working as professional",90K+,"Candy from Snacks department, Ordered Brand : Gulf Coast",31.6883,28.6358,recyclable,"['Florist', 'Coffee Bar', 'Ready Food', 'Bar For Salad']",Dollar Days,DELUXE,4.77 Millions,2.1942 Millions,2055.29,654.13,436.52,725.9763,presidente 3pitacio,	SP,data: -21.77289607496572,-52.10945787915076,sao paulo,SP,-23.53321650340715,-46.50046729003948,4.0
mc_ID_668,"SiNgLe mAlE WiTh oNe cHiLd , eDuCaTiOn: BaChElOrS DeGrEe wOrKiNg aS PrOfEsSiOnAl",50K+,"Fruit from Produce department, Ordered Brand : Tell Tale",13.562,10.6403,recyclable,,You Save Days,,2.44 Millions,0.976 Millions,1507.84,,151.9,565.9906,poNTe Nova,MG ,-20.415339248383304,-42.89153741877715,Ibitinga,SP,-21.7664768468313,-48.83154737836604,1.0
mc_ID_669,"Single Male with one kid, education: partial college working as clerical",30K+,"Electrical from Household department, Ordered Brand : Cormorant",25.4379,-999.0,recyclable,"['Coffee Bar', 'Bar For Salad', 'Video Store', 'Ready Food', 'Florist']",Green Light Special,	DELUXE,9.57 Millions,3.2538 Millions,1525.28,373.1,248.54,507.9899,pauLo afONSo,BA,-9.4047445890184,-38.22810327246826,sao paulo,SP,-23.662593167638065,-46.71798316763807,4.0
mc_ID_671,"Married Female with three children, education: partial college working as professional",30K+,"Eggs from Eggs department, Ordered Brand : Giant",558.89 oz,14.376,recyclable,['Coffee Bar'],Budget Bargains,,"5.32 ,000,000illions",2.66 Millions,1236.07,440.92,293.95,754.0614,maCAtubA,SP,-22.50137476856727,-48.707334186318725,sao paulo,SP,val: -23.53108125950717,-46.51791357132556,5.0
mc_ID_672,"Married Female with one child, education: partial high school working as skilled manual",10K+,"Snack Foods from Snack Foods department, Ordered Brand : Fort West",14.5359,11.6287,recyclable,"['Bar For Salad', 'Ready Food', 'Coffee Bar', 'Florist']",Saving Days,GOURMET,10.08 Millions,4.6368 Millions,1564.86,385.45,256.97,474.0995,rIO DE JANEIrO,rJ,-22.94890612123084,-43.59927651548514,sao paulo,SP,-23.65111484251016,-46.75521082321932,4.0
mc_ID_673,"Maried Male with four children, education: partial high school working as professional",130K+,"Plastic Products from Household department, Ordered Brand : Cormorant",22.676,19.7689,recyclable,"['Florist', 'Bar For Salad', 'Video Store', 'Coffee Bar', 'Ready Food']",I Cant Believe It Sale,Deluxe,8.94 Millions,2.9502 Millions,1733.49,503.07,336.47,363.3281,santos,SP,-23.9678895545329,-46.34412123980033,sao paulo,SP,data: -23.63133471752179,val: -46.75945889273972,data: 5.0
mc_ID_674,"Single Male with five children, education: bachelors degree working as management",Income: 150K+,"Dairy from Dairy department, Ordered Brand : Club",10.2188,7.3116,non recyclable,"['Coffee Bar', 'Florist', 'Video Store', 'Ready Food', 'Bar For Salad']",GLD,Deluxe_,€6.8M,3.0324 Millions,1871.16,593.93,396.83,amount: 484.1411,santo andre,SP,-23.644438912091005,-46.53988531353385,sao paulo,	sp,-23.507621497085808,-46.56616243450284,5.0
mc_ID_675,"Married Female with four children, education: partial high school working as skilled manual",10000,"Breakfast Foods from Breakfast Foods department, Ordered Brand : Jeffers",31.3976,29.944,recyclable,"['Bar For Salad', 'Ready Food', 'Coffee Bar', 'Florist', 'Video Store']",Lottery Cash Registerion,Deluxe,3.86 Millions,1.6212 Millions,1734.5,503.07,335.38,646.4803,sao caetano do sul,SP,-23.614964413266776,-46.572531448929546,rio de janeiro,RJ,-22.93125598447676,-43.17881321481337,5.0
mc_ID_677,Single Male with three children - education: partial college working as professional,130K+,"Snack Foods from Snack Foods department, Ordered Brand : Nationeel",-17.007,12.6317,recyclable,['Coffee Bar'],Save It (Sale),,6.66 Millions,2.5974 Millions,2069.04,330.83,219,274.1566,sao paulu,sp,-23.56168119891244,-46.50627110555333,diadema,SP ,-23.687830870996216,-46.61065511474994,5.0
mc_ID_678,"Married Female with one child, education: partial college working as management",360+ monthly,"Carbonated Beverages from Beverages department, Ordered Brand : Washington",9.6809,6.7592,recyclable,"['Ready Food', 'Bar For Salad']",Money Savers,,$8.76 Millions,4.1172 Millions,2265.9,853.22,568.75,432.0503,porto velho,Ru,-8.79184526961672,measure: -63.87399855890545,PENAPOLIS,SP,-21.426570046543283,-50.06791761043272,5.0
mc_ID_681,"Single Female with three children, education: high school degree working as manual",30K+,"Hardware from Checkout department, Ordered Brand : James Bay",26.6008,amount: 23.5482,non recyclable,['Coffee Bar'],Price Cutters,Small Grocery,3.78 Millions,1.6632 Millions,1425.48,398.93,267.3,data: 700.7677,SANTA RITA DO SAPUCAI,MG,-22.243203015748463,-45.71330344759827,itaquaquecetuba,5P,-23.48262344063541,-46.37448952833195,2.0
mc_ID_682,"Single Female with two children, education: graduate degree working as professional",110K+,"Electrical from Household department, Ordered Brand : Denny",-20.3503,17.4431,recyclable,"['Ready Food', 'Bar For Salad']",Super Duper Savers,supermarket,11.49 Millions,4.596 Millions,2267.75,853.22,568.75,amount: 677.285,bel3m,PA,-1.455169760979064,-48.48183489231919,limeira,SP,-22.599254430886607,-47.37980963550319,4.0
mc_ID_685,"Single Female with two children, education: high school degree working as professional",90K+,"Dairy from Dairy department, Ordered Brand : Carlson",-28.0543,-999.0,non recyclable,,,MID-SIZE,11.25 Millions,3.9375 Millions,2819.7,447.7,296.9,478.9634,rio de janeiro,RJ,-22.938518021928537,-43.17619539800332,sao paulo,sp,-23.62358155176294,-46.61056007369148,5.0
mc_ID_686,education: bachelors degree working as professional; Married Female with two children,,"Cleaning Supplies from Household department, Ordered Brand : Sunset",30.5255,26.1647,non recyclable,['Coffee Bar'],Budget Bargains,Supermarket,2.49 Millions,1.1205 Millions,1236.07,440.92,293.95,measure: 687.5358,SAO MATEUS DO MARANHAO,	MA,measure: -4.039362604204154,-44.46361486507078,campo limpo paullsta,SP,-23.20706431353269,-46.760735214610754,4.0
mc_ID_687,"Single Male with four children, education: bachelors degree working as professional",$90K+,"Meat from Frozen Foods department, Ordered Brand : Big Time",12.0648,data: 9.1576,recyclable,"['Florist', 'Bar For Salad', 'Video Store', 'Ready Food', 'Coffee Bar']",Sale Sale Sale,"Deluxe
",8.88 Millions,4.1736 Millions,1525.28,373.1,,722.6814,lima duarte,MG,-21.84803612175173,-43.81433567821044,cariacika,As,-20.29753657631548,-40.40086853731229,5.0
mc_ID_688,"Married Female with two children, education: partial high school working as manual",30K+,"Snack Foods from Snack Foods department, Ordered Brand : Best Choice",10.3641,8910.50 grams,non recyclable,['Florist'],Roller Savings (High) ,Supermerket,2.58 Millions,1.1352 Millions,1320.57,523.32,346.96,532.6232,Petropolis,RJ,-22.52760750799953,-43.195055075889336,ibitinga,	SP,-21.7664768468313,-48.83154737836604,5.0
mc_ID_689,"Single Male with three kidren, education: high school degree working as skilled manual",30K+,"Baking Goods from Baking Goods department, Ordered Brand : BBB Best",9.8263,5.4655,recyclable,"['Bar For Salad', 'Video Store', 'Ready Food', 'Florist', 'Coffee Bar']",GLD,,7.38 Millions,2.583 Millions,1871.16,593.93,397.6,484.1411,natal,RN,-5.8331894727598455,-35.21431166010473,brasilia,df,amount: -15.840667480274698,-48.051942900348365,1.0
mc_ID_690,"Married Male with four children, education: partial high school working as professional",90K+,"Vegetables from Produce department, Ordered Brand : High Top",15.5534,11.18 kg,non recyclable,"['Bar For Salad', 'Ready Food']",,Supermarket,4.56 Millions,1.7328 Millions,2265.9,853.22,568.71,554.903,itaquaquecetuba,sp ,-23.44306263412358,-46.32046764834173,jaboticabal,SP,data: -21.253339982915808,-48.32841354256132,5.0
mc_ID_691,"Single Female with four children, education: graduate degree working as professional",130000,"Pain Relievers from Health and Hygiene department, Ordered Brand : Bird Call",22.3853,measure: 19.3328,non recyclable,"['Video Store', 'Bar For Salad', 'Florist', 'Ready Food', 'Coffee Bar']",Full Free,Deluxe,4.98 Millions,1.992 Millions,1736.59,503.07,334.38,752.2309,s4nto andre,SP,-23.639620380229736,-46.50604149140166,SAO PAUIO,SP,-23.54029947071385,-46.66278360519932,5.0
mc_ID_694,"Married Male with two children, education: high school degree working as manual",Income: 30K+,"Hygiene from Health and Hygiene department, Ordered Brand : Bird Call",20.3503,val: 15.9895,non recyclable,"['Bar For Salad', 'Ready Food']",Sales Days,Supermarkat,4.44 Millions,2.0868 Millions,2265.9,853.22,569.01,val: 327.9733,Formiga,MG,-20.474084262411907,measure: -45.424321458052006,	guariba,SP,-21.36235769739203,-48.232975701561735,2.0
mc_ID_695,"Married Male with one child, education: bachelor'ss degree working as professional",Income: 70K+,"Fruit from Produce department, Ordered Brand : High Top",17.5885,14.6813,recyclable,"['Bar For Salad', 'Ready Food']",Super Savers,,"4.94 ,000,000illions",2.3218 Millions,2448.37,470.27,313.69,€611.48,contagem,MG,-19.849882697848685,-44.02029046658248,japira,PR,-23.8090985264526,data: -50.1376106059037,4.0
mc_ID_696,"Single Male with two children, education: partial high school working as manual",10K+,"Beer and Wine from Alcoholic Beverages department, Ordered Brand : Pearl",amount: 13.0969,10.1897,non recyclable,['Florist'],Roller Savings (High) ,Superm@rket,1.62 Millions,0.5184 Millions,1322.74,523.32,348.85,532.6232,patrocinio paulis7a,SP,-20.643123703887085,-47.28157537181574,bru$que,sc,-27.14105704919435,-48.96146112936535,1.0
mc_ID_698,"Single Male with four children, education: bachelors degree working as management",50K+,"Canned Tuna from Canned Foods department, Ordered Brand : Just Right",val: 10.8002,7.8785,non recyclable,,Money Savers,Supermarket,5.28 Millions,1.9008 Millions,1508,To Be Determined,,277.2423,Natal,rn,-5.8331894727598455,-35.21431166010473,belo horizonte,mg,-19.809042328611024,-43.99006964195861,4.0
mc_ID_699,"Married Female with five children, education: partial high school working as skilled manual, education: partial high school working as skilled manual",10K+,"Vegetables from Canned Foods department, Ordered Brand : Blue Label",-31.8337,30.2347,recyclable,"['Ready Food', 'Video Store', 'Florist', 'Coffee Bar', 'Bar For Salad']",Big Time Discounts,Deluxe,15.64 Millions,5.0048 Millions,2038.11,481.98,321.26,328.1302, niteroi,_RJ,-22.91127038161472,-43.10515133611283,Sao Paulo,sp,-23.65111484251016,-46.75521082321932,1.0
mc_ID_700,"Married Male with No kidren, education: partial college working as clerical",30K or more,"Plastic Products from Household department, Ordered Brand : Red Wing",29.2172,26.31,non recyclable,['Florist'],Roller Savings (High) ,Supermarket,5.18 Millions,2.0202 Millions,1320.15,523.32,348.85,532.6232,sao paulo,SP,-23.51268037691151,-46.70247867707312,guarulhos,SP,-23.46530411469876,-46.51148732089968,5.0
mc_ID_701,"Single Male with four children, education: high school degree working as manual",$30K+,"Vegetables from Produce department, Ordered Brand : Ebony",9.1431,7.675,recyclable,,Super Savers,Supermarket,$6.6 Millions,3.234 Millions,2050,457.36,304.91,339.8977,rio  de  janeiro,rJ,-22.84519497945644,-43.30289927961805,jussara,Pr,-23.62208737103585,data: -52.46578937273949,5.0
,"Married Male with three children, education: high school degree working as skilled manual",30000,"Vegetables from Produce department, Ordered Brand : Tell Tale",amount: 19.6235,16.7163,non recyclable,"['Coffee Bar', 'Florist', 'Ready Food', 'Bar For Salad']",Promo Big,Deluxe,2.72 Millions,1.3056 Millions,2055.29,654.13,436.09,measure: 267.3576,primavera do leste,M7,-15.572155522371638,-54.305904302386686,sao paulo,sp,-23.59978147599399,-46.73530029378497,4.0
mc_ID_703,"Married Female with five children, education: high school degree working as manual",30K+,"Paper Products from Household department, Ordered Brand : Cormorant",15.4081,11.0473,recyclable,"['Florist', 'Ready Food', 'Coffee Bar', 'Bar For Salad']",Saving Days,gouRMet,2.13 Millions,0.7668 Millions,1564.86,385.45,258.5,474.0995,MONTE VERDE,MG,amount: -22.857874902847943,-46.030466115308,rio de janeiro,RJ,-22.972956517889177,-43.39706327699233,5.0
mc_ID_704,"Single Female with two children, education: partial high school working as manual",10K+,"Side Dishes from Deli department, Ordered Brand : Red Spade",val: 24.5657,47.43 lbs,non recyclable,['Coffee Bar'],Price Smashers,Supermarket,1.36Ms,0.476 Millions,1236.07,440.92,293.95,722.9429,"belem
",Pa,-1.3110114256284449,-48.48288380246924,belo horizonte,MG,-19.892338512349244,-43.9326199797449,4.0
mc_ID_705,"Single Male with one kid, education: bachelors degree working as professional",50K+,"Snack Foods from Snack Foods department, Ordered Brand : Horatio",16.1349,11.7741,non recyclable,"['Florist', 'Coffee Bar', 'Bar For Salad', 'Ready Food']",Tip Top Savings,,8.52Ms,3.3228 Millions,2055.29,656.13,,745.6934,ibirite,MG,-20.024982296605383,measure: -44.055840985040376,sao paulo,SP,-23.62358155176294,-46.61056007369148,5.0
mc_ID_708,"Married Male with four children, education: high school degree working as manual",30k,"Paper Products from Household department, Ordered Brand : High Quality",11.4543,7.0935,recyclable,"['Video Store', 'Coffee Bar', 'Ready Food', 'Florist', 'Bar For Salad']",Two Day Sale,Deluxe,10.75 Millions,4.73 Millions,1871.16,593.93,,402.0824,curitiba,PR,-25.415108802094856,-49.29509628781236,Ibitinga,SP,-21.7664768468313,-48.83154737836604,5.0
mc_ID_709,"Single Female with four children, education: high school degree working as manual",30k,"Snack Foods from Snack Foods department, Ordered Brand : Fast",25.7286,22.8214,non recyclable,,,Supermarket,8.76 Millions,4.2048 Millions,1510.1,227.8,151.54,277.2423,BEnTo GOnCALVES,RS,val: -29.15900320184248,-51.49977005197258,cOTIA,SP,measure: -23.60931570674486,-46.8753062213065,5.0
mc_ID_710,"Single Male with two children, education: bachelors degree working as management",50K+,"Jams and Jellies from Baking Goods department, Ordered Brand : Plato",9.3321,val: 4.9713,non recyclable,,Price Destroyers,Supermarket,11.92 Millions,Not Specified,,227.8,151.93,635.1312,salvador,ba,-12.972089336112848,-38.49515681487679,Campo Limpo Paulista,SP,-23.20706431353269,-46.760735214610754,5.0
mc_ID_712,"Married Male with two children, education: partial high school working as skilled manual",30K+,"Beer and Wine from Alcoholic Beverages department, Ordered Brand : Pearl",-15.5534,12.6317,non recyclable,"['Coffee Bar', 'Florist', 'Ready Food', 'Video Store', 'Bar For Salad']",Super Duper Savers,Deluxe,8.04Ms,3.1356 Millions,,373.1,249.94,266.73,Sorocaba,SP,-23.519223858733884,-47.474937078683126,teresopolis,RJ,-22.428725888669057,-42.97556752642736,5.0
mc_ID_714,"Single Female with four children, education: partial college working as professional",30K+,"Beer and Wine from Alcoholic Beverages department, Ordered Brand : Good",10.2769,8.8233,recyclable,['Coffee Bar'],,Supermarket,11.73 Millions,4.3401 Millions,1235.2,,295.86,724.5119,Sao paULo,SP,-23.604080521784304,-46.62919277699231,Sao PAulO,sp,-23.65111484251016,-46.75521082321932,5.0
mc_ID_715,"Married Female with two children, education: high school degree working as skilled manual",50K+,"Vegetables from Produce department, Ordered Brand : Ebony",28.1997,25.1472,recyclable,"['Bar For Salad', 'Coffee Bar', 'Video Store', 'Ready Food', 'Florist']",Dimes Off,Deluxe,5.56Ms,2.224 Millions,,481.98,322.13,550.6144,sao carlos,sp,-22.01139055955482,-47.886487092764376,campin4s,SP,-22.90081444463038,data: -46.99864279239999,amount: 5.0
mc_ID_716,"Married Female with four kids, education: partial high school working as manual",10K+,"Vegetables from Produce department, Ordered Brand : High Top",19.4781,16.4256,recyclable,"['Ready Food', 'Coffee Bar', 'Bar For Salad', 'Video Store', 'Florist']",Roller Savings (High) ,Deluxe,5.13 Millions,2.3085 Millions,1734.5,503.07,334.33,440.1568,rio verde,GO,-17.783785138780935,-50.92379663045413,_itaquaqueketuba,SP,-23.48262344063541,amount: -46.37448952833195,1.0
mc_ID_717,"SiNgLe mAlE WiTh tWo cHiLdReN, eDuCaTiOn: BaChElOrS DeGrEe wOrKiNg aS PrOfEsSiOnAl",120+ monthly,"Snack Foods from Snack Foods department, Ordered Brand : Best Choice",14.3906,10.0153,non recyclable,['Coffee Bar'],Best Price Savers,SUPERMARKET,2.98 Millions,1.3708 Millions,1236.07,440.92,293.95,349.2594,CARAPICUIBA,Sp,-23.5215728152839,-46.8470896586926,santos,SP,-23.93360892117263,-46.34716271579432,5.0
mc_ID_718,"Single Male with No kidren, education: partial high school working as professional",70K+,"Breakfast Foods from Breakfast Foods department, Ordered Brand : Best",amount: 22.3853,17.8792,non recyclable,"['Bar For Salad', 'Coffee Bar', 'Ready Food', 'Florist', 'Video Store']",Two Day Sale,De1uxe,7.0 Millions,3.15 Millions,1871.16,,395.95,402.0824,goiania,GO,-16.66460157672196,-49.22295154031332,ASSIS,SP,-22.66791333527613,-50.41920174522468,5.0
mc_ID_719,"Married_Female_w/_three_children,_education:_bachelos_degree_working_as_management",50 Thousand,"Carbonated Beverages from Beverages department, Ordered Brand : Skinner",30.0894,958.82 oz,recyclable,"['Ready Food', 'Video Store', 'Bar For Salad', 'Coffee Bar', 'Florist']",Bag Stuffer,dEluXE,3.72 Millions,1.5252 Millions,1734.5,,335.38,662.2226,	JUIZ DE FORA,MG,-21.76828625367879,-43.32801924271453,belo horiz0nte_,Mg,-19.878513898894187,-43.95694702879617,5.0
mc_ID_720,Single Male with No kids; education: high school degree working as management,110K+,"Frozen Entrees from Frozen Foods department, Ordered Brand : Carrington",amount: 30.8162,29.3626,recyclable,"['Ready Food', 'Florist', 'Coffee Bar', 'Bar For Salad']",Super Duper Savers,dEluXe,5.31 Millions,2.0709 Millions,2055.29,654.13,435.82,475.93,coletina,es,val: -19.528550536262948,-40.63635035492862,assis,SP,amount: -22.6796532539352,-50.44287891853987,5.0 stars
mc_ID_721,"Single Female with two children, education: partial high school working as manual",30K+,"Snack Foods from Snack Foods department, Ordered Brand : Horatio",16.1349,11.7741,non recyclable,,Budget Bargains,mid-size,11.36 Millions,5.2256 Millions,2087.32,,522.49,546.0643,	mage,RJ,-22.710520465324244,-43.16559847359304,"sao bernardo do campo
",SP,-23.699353075768943,-46.5600310818858,5.0
mc_ID_722,"Married Female with two children, education: partial college working as management",70K+,"Pure Juice Beverages from Beverages department, Ordered Brand : Token",25.77 lbs,-10.2188,recyclable,"['Florist', 'Ready Food', 'Bar For Salad', 'Coffee Bar']",,_Deluxe,5.4 Millions,1.944 Millions,2056.4,654.13,436.09,val: 584.191,alTO aRAGuaIa,MT,-17.31333146270827,-53.220483305200965,VIDEIRA,sc,-27.00086872288371,-51.14532022116548,2.0
mc_ID_725,"Married Male with one child, education: bachelors degree working as professional",70K+,"Dairy from Dairy department, Ordered Brand : Club",907.55 oz,805.00 oz,recyclable,"['Ready Food', 'Bar For Salad', 'Coffee Bar', 'Video Store', 'Florist']",Bag Stuffer,Deluxe,6.68 Millions,2.338 Millions,1734.5,503.07,335.38,662.2226,Campinas,SP,-22.81905949374732,amount: -47.09337872045235,sao paulo,SP,-23.62358155176294,-46.61056007369148,5.0
mc_ID_726,"Married Male with two children, education: bachelors degree working as professional",50k,"Vegetables from Frozen Foods department, Ordered Brand : Imagine",25.5832,21.2225,recyclable,,Savings Galore,Supermarket,1.53 Millions,0.5049 Millions,2050.63,457.36,304.91,714.2611,Porto Alegre,RS,-30.02870741909516,-51.16881473134623,"ibitinga
",SP,-21.7664768468313,-48.83154737836604,5.0
mc_ID_727,"Married Male with one child, education: HS degree working as manual",30000,"Electrical from Household department, Ordered Brand : Cormorant",26.1647,23.2575,non recyclable,"['Florist', 'Coffee Bar']",Savings Galore,,"5.67 ,000,000illions",2.4381 Millions,2551.4,389.54,259.66,680.2138,S4O PAULO,SP,measure: -23.699380666553203,-46.79162868370724,,,,,1.0
mc_ID_731,"Married Male with three children, education: bachelors degree working as professional",50K+,"Pure Juice Beverages from Beverages department, Ordered Brand : Fabulous",19.23 lbs,5.8144,recyclable,"['Ready Food', 'Bar For Salad', 'Florist', 'Coffee Bar']",Bag Stuffer,,€4.8M,1.824 Millions,2055.29,654.13,436.09,367.7736,turm@lina,MG,-17.282408132645447,-42.73453294508607,BLUMENAU,SC,-999,-49.08352347071387,4.0
mc_ID_733,"Single Female with No children, education: bachelors degree working as professional",50K+,"Canned Shrimp from Canned Foods department, Ordered Brand : Better",12.4282,9.521,non recyclable,,,sUpErmarkeT,6.9 Millions,2.553 Millions,2049.72,457.36,304.91,527.7593,Aracaju , Se ,-10.910514518754546,-37.05240077699233,sao luis,	MA,amount: -2.546079233971952,-44.3089863702464,5.0
mc_ID_734,"Married Male with four children, education: high school degree working as manual",30K+,"Vegetables from Produce department, Ordered Brand : Tell Tale",19.4781,16.4256,non recyclable,['Florist'],Roller Savings (High) ,Supermarket,€5.6M,2.838 Millions,1320.15,525.32,350.57,532.6232,$anto andre,SP,-23.656293518994904,-46.55412213733605,sao luis,Ma,-2.546079233971952,-44.3089863702464,5.0
mc_ID_736,"Single Female with five children, education: partial high school working as professional",$130K+,"Vegetables from Frozen Foods department, Ordered Brand : Big Time",20.641,17.5885,recyclable,,Super Wallet Savers,Supermarket,10.88 Millions,4.5696 Millions,1510.81,227.8,151.9,733.1937,Contagem , MG ,val: -19.940393531428462,-44.06063257014001,dracena,SP,-21.4988715,measure: -51.53786099999999,4.0
mc_ID_737,"Single Male with four children, education: bachelors degree working as management",50K+,"Meat from Frozen Foods department, Ordered Brand : PigTail",28.3451,25.4379,recyclable,,,Supermarket,"8.84 ,000,000illions",nil,1508,,150.04,735.1811,sao paulo,SP,-23.611497852617035,-46.74395092907849,belo horiz0nte,MG,-19.878513898894187,-43.95694702879617,4.0
mc_ID_738,"Single Male with five children, education: high school degree working as management",90K+,"Baking Goods from Baking Goods department, Ordered Brand : Landslide",14.972,13.5184,recyclable,,Save It (Sale),SUpeRmArKeT,€5.2M,2.8576 Millions,,341.05,227.33,353.7049,saO PaULo,-1,-23.61187194393789,-46.49648901373423,$antos,Sp,-23.93465945090488,val: -46.331065142884974,4.0
mc_ID_739,"Single Female with four children, education: bachelors degree working as professional",110K+,"Electrical from Household department, Ordered Brand : Red Wing",29.944,27.0368,recyclable,,Wallet Savers,SUPERMARKET,"6.65 ,000,000illions",3.325 Millions,1508,227.8,151.79,277.8699,AnchIeTa,ES,-20.804829673444225,amount: -40.649292,ibitinga,SP,measure: -21.7664768468313,-48.83154737836604,2.0
mc_ID_740,"Single Male with No children, education: partial high school working as manual",10K+,"Snack Foods from Snack Foods department, Ordered Brand : Nationeel",17.007,12.6317,recyclable,"['Ready Food', 'Video Store', 'Bar For Salad', 'Coffee Bar', 'Florist']",Pick Your Savings, Deluxe ,€5.7M,3.2634 Millions,1871.16,595.93,395.95,295.4427,"brasilia
",DF,measure: nan,,,,,,
mc_ID_742,"Married Male with four children, education: partial high school working as professional",70K+,"Bread from Baked Goods department, Ordered Brand : Modell",20.641,17.5885,non recyclable,['Florist'],,SuPeRMARKeT,"5.08 ,000,000illions",1.524 Millions,1320.15,523.32,348.85,427.7617,rio de jane1ro,RJ,-22.94391056014081,-43.254772993992525,CoNSeLHEIrO LAfAiETE,MG,-20.65508512021201,amount: -43.76954779180918,5.0
mc_ID_743,"Single Male with one kid, education: high school degree working as manual",Income: 30K+,"Snack Foods from Snack Foods department, Ordered Brand : Fast",data: 26.7461,22.24,non recyclable,"['Coffee Bar', 'Florist', 'Bar For Salad', 'Ready Food']",,Deluxe,4.08 Millions,1.7544 Millions,2055.29,,436.09,367.7736,ribeirao preto,SP,-21.224269886202343,-47.83392543796527,maringa,pr,-23.41848622413047,data: -51.92625934548862,4.0
mc_ID_746,"Married Male with one child, education: graduate degree working as professional",70K+ annually,"Snack Foods from Snack Foods department, Ordered Brand : Nationeel",20.9317,16.4256,non recyclable,['Florist'],Sale Sale Sale,SUP3RMARKET,1.98 Millions,0.6534 Millions,1320.15,523.32,348.5,amount: 304.1768,guANaMBi,BA,-14.224788977578138,val: -42.77686614606025,Sao Paulo,SP,-23.52399579739165,-46.51294318734492,val: 5.0
mc_ID_747,"Married Male with four children, education: high school degree working as skilled manual",$30K+,"Pizza from Frozen Foods department, Ordered Brand : Carrington",27.909,26.4554,recyclable,"['Coffee Bar', 'Ready Food', 'Florist', 'Bar For Salad', 'Video Store']",One Day Sale,Deluxe,13.8 Millions,4.968 Millions,1734.5,,335.38,689.0525,piler,	AL,-9.597606563057983,measure: -35.96035712912617,belo horizunte,MG,-19.843708202868147,-43.95899630890419,measure: 3.0
mc_ID_748,"Single Male with one child, education: bachelors degree working as professional",€42K+,"Magazines from Periodicals department, Ordered Brand : Excel",10.3205,7.3988,recyclable,['Florist'],Best Savings,Supermarket,6.39 Millions,2.6199 Millions,1320.15,523.32,350.29,281.4786,riodejaneiro,Rj,-22.93264121120669,-43.23915878100303,maringa,PR,-23.377396999935016,-51.93100618003307,5.0
mc_ID_751,"Single Male with No children, education: bachelors degree working as professional",600+ monthly,"Breakfast Foods from Breakfast Foods department, Ordered Brand : Best",10.8002,7.8785,non recyclable,['Coffee Bar'],Big Time Saving, Supermarket ,5.91 Millions,2.6595 Millions,1236.07,440.92,293.95,710.234,tubarao,sç,-28.47802628243179,-48.99718340569771,jacar3i,	SP,-23.29818595956356,-45.974828011182304,5.0
mc_ID_753,"Married Female with two children, education: high school degree working as professional",70K+,"Vegetables from Frozen Foods department, Ordered Brand : Golden",28.9265,27.3275,non recyclable,"['Coffee Bar', 'Ready Food', 'Bar For Salad', 'Florist']",Sale : Double Down,Deluxe,3.62 Millions,1.7738 Millions,2055.29,654.13,436.09,data: 500.7202,rIBeIrAO PREto,SP,-21.18665775437128,-47.80976500582838,ponte nova,MG,-20.415339248383304,-42.89153741877715,5.0
mc_ID_754,"mARRIED fEMALE WITH FOUR CHILDREN , EDUCATION: BACHELORS DEGREE WORKING AS PROFESSIONAL",30K+,"Pain Relievers from Health and Hygiene department, Ordered Brand : Consolidated",18.8967,15.9895,recyclable,"['Bar For Salad', 'Ready Food', 'Florist', 'Coffee Bar']",Weekend Discount,Gourmet,11.73 Millions,4.4574 Millions,1563.74,385.45,256.35,470.177,brasilia,DF,amount: -15.803540999999996,-47.89015200000001,SAo paulo,sp,val: -23.577073040798663,-46.7199426382077,5.0
mc_ID_755,"married female with three kids, education: high school degree working as manual",10K+,"Jams and Jellies from Baking Goods department, Ordered Brand : CDR",24.7111,23.2575,recyclable,"['Video Store', 'Ready Food', 'Florist', 'Bar For Salad', 'Coffee Bar']",,Deluxe,€3.7M,1.8834 Millions,1871.16,593.93,397.51,278.7067,LENCOIS PAULISTA,,-22.58508820351035,-48.8109752196649,sao paulo,SP,-23.543135968636395,-46.62371555453289,val: 4.0
mc_ID_757,"Married Female with five children, education: partial college working as professional",130K+,"Vegetables from Frozen Foods department, Ordered Brand : PigTail",10.9601,-9.492,recyclable,"['Ready Food', 'Coffee Bar', 'Florist', 'Bar For Salad']",GLD,Gourmet,11.85 Millions,5.5695 Millions,1566.56,385.45,257.94,396.2248,valinhos,sp_,-22.94509412337182,-46.99793671529901,sao bernardo do campo,SP,measure: -23.71688471949829,-46.54199108267673,5.0
mc_ID_758,"Single Female with five children, education: high school degree working as professional",90K+,"Vegetables from Produce department, Ordered Brand : Hermanos",14.1725,11.2653,recyclable,"['Florist', 'Bar For Salad', 'Coffee Bar', 'Ready Food', 'Video Store']",Go For It,"DELUXE
",8.46 Millions,3.807 Millions,2038.11,481.98,321.26,455.3761,3loi mendes,MG,-21.606916921402377,-45.56859632918257,sumare,SP,-22.828654864562257,-47.267296160568925,4.0
mc_ID_759,"Married Female with three children, education: high school degree working as manual",30K+,"Frozen Entrees from Frozen Foods department, Ordered Brand : Imagine",13.344,10.4368,non recyclable,"['Coffee Bar', 'Florist', 'Bar For Salad', 'Ready Food']",Weekend Discount,G0urmet,3.44 Millions,1.2728 Millions,1564.86,,256.97,470.177,joao monlevade,MG,amount: -19.80133199743112,-43.17722186400949,sao paulo,5P,-23.50869470774424,-46.48672956633388,4.0
mc_ID_760,"Single Female with three kidren, education: HS degree working as management",130K+,"Dairy from Dairy department, Ordered Brand : Carlson",14.2161,-11.2944,recyclable,['Florist'],, Supermarket,1.32 Millions,0.5148 Millions,1320.15,525.32,348.85,670.486,casCAVEl,PR,-24.934945493219328,-53.426412,curitiba,"PR
",-25.464029318048183,-49.30472794690424,5.0
mc_ID_761,"Single Male with four children, education: bachelors degree working as management",30K+,"Fruit from Produce department, Ordered Brand : Ebony",31.2522,28.3451,recyclable,,Go For It,Supermarket,5.4 Millions,1.89 Millions,1506.18,227.8,151.9,measure: 623.939,Osasço,$P,-23.53236399720137,-46.76773272202672,guaruja,SP,-23.97955012822438,amount: -46.20319341923938,5.0
mc_ID_762,"Married Male with two children, education: bachelors degree working as professional",70K+,"Carbonated Beverages from Beverages department, Ordered Brand : Excellent",10.5822,amount: 7.675,recyclable,,Big Time Discounts,Supermarket,3.93 Millions,1.3755 Millions,2049.72,457.36,304.91,310.662,Barracao,RS,val: -27.67623669724828,-51.45915574192975,5ao paulo,SP,-23.541941545934563,-46.49095488842404,3.0
mc_ID_764,"Single Male with No children, education: high school degree working as manual",30K+,"Vegetables from Canned Foods department, Ordered Brand : Better",15.8442,12.9224,recyclable,"['Video Store', 'Coffee Bar', 'Bar For Salad', 'Florist', 'Ready Food']",One Day Sale,Deluxe,$3.48 Millions,1.3224 Millions,,483.98,321.26,data: 767.3456,ri0 novo_, Mg,-21.46784903810417,-43.12845533968402,cajamar, SP ,-23.406238298215783,-46.84102497498486,5.0
mc_ID_765,"Single Male with three children, education: high school degree working as skilled manual",30K+,"Bread from Baked Goods department, Ordered Brand : Great",9.1431,4.7678,non recyclable,"['Florist', 'Bar For Salad', 'Video Store', 'Ready Food', 'Coffee Bar']",,deluxe,7.24 Millions,2.2444 Millions,1525.28,373.1,248.79,278.2883,sao pau1o,$P,-23.695459617260106,-46.700388356367945,riber@o preto,SP,-21.16850440882337,-47.79370519233655,amount: 5.0
mc_ID_766,"Single Female with one child, education: partial college working as skilled manual",50K+,"Drinks from Beverages department, Ordered Brand : Excellent",18.606,15.6988,non recyclable,,Full Free,Supermarket,8.94Ms,3.8442 Millions,,229.8,151.9,data: 660.2352,sao bernardo do campo,SP,-23.6889171254682,-46.552552123595405,HORTOLANDIA,SP,-22.887514996879027,-47.19573904628551,5.0
mc_ID_768,"education: high school degree working as manual, Single Female with three children",30K+,"Jams and Jellies from Baking Goods department, Ordered Brand : Plato",amount: 21.0771,19.6235,recyclable,"['Bar For Salad', 'Florist', 'Ready Food', 'Coffee Bar']",Super Savers,DEluxe,6.16 Millions,2.7104 Millions,2055.29,654.13,434.56,373.9973,campos do jordao,Sp,-22.732323039727124,-45.56427039489908,InDAIaTuBA,SP,-23.089034640573622,-47.21441923786709,measure: 3.0
mc_ID_770,"Married Female with one child, education: partial high school working as manual",10K+,"Jams and Jellies from Baking Goods department, Ordered Brand : Plato",18.4606,15.4081,recyclable,"['Bar For Salad', 'Coffee Bar', 'Ready Food', 'Video Store', 'Florist']",Promo Big,Gourmet,$6.84 Millions,3.078 Millions,1424.85,465.54,310.3,amount: 612.1192,jardim abc de goias,gO,measure: -21.46782908813674,-56.171869203037616,SAU pAuLo,SP,-23.58067325143878,-46.591568341608856,5.0
mc_ID_772,"Single Female with two children, education: partial high school working as manual",10K+,"Frozen Desserts from Frozen Foods department, Ordered Brand : Golden",26.1647,24.7111,recyclable,['Florist'],Sale : Double Down,_SuPeRmaRket,11.64 Millions,4.7724 Millions,1320.15,523.32,348.85,292.6708,campo magro,pr,-25.372162488430515,-49.35319575578474,maringa,PR,-23.437975269077903,-51.91385959802448,5.0
mc_ID_775,"Married Female wiht two children, education: partial high school working as professional",150K+,"Meat from Deli department, Ordered Brand : American",9.899,5.5237,non recyclable,"['Bar For Salad', 'Ready Food']",Green Light Special,Supermarket,€7.0M,3.5604 Millions,2265.9,853.22,568.75,643.3946,teresina,_PI,-5.055889969866429,-42.76615847343458,canoas,RS,-29.914668849530724,-51.14844143722624,4.0
mc_ID_776,"Married Male with three children, education: high school degree working as manual",30K+,"Magazines from Periodicals department, Ordered Brand : Excel",val: 10.3205,7.3988,recyclable,"['Video Store', 'Bar For Salad', 'Florist', 'Ready Food', 'Coffee Bar']",I Cant Believe It Sale,DeIuxe,€7.2M,3.0672 Millions,1525.28,373.1,248.79,535.9181,Estancia Velha,RS,-29.64089056198603,-51.17042592433398,"itaquaquecetuba
",$P,-23.48262344063541,-46.37448952833195,val: 3.0
mc_ID_777,"Single Female with one child, education: partial high school working as skilled manual",10K+,"Meat from Deli department, Ordered Brand : Cutting Edge",9.9716,7.0645,recyclable,"['Florist', 'Coffee Bar', 'Bar For Salad', 'Ready Food']",Two for One,deluxe,6.99 Millions,2.3067 Millions,2056.42,654.13,436.09,312.9109,jaRiNU,SP,-23.087824894141608,amount: -46.71345491227471,atibaia ,_SP,amount: -23.112774381969185,-46.5488845105504,val: 4.0
mc_ID_778,"Single Male with No children, education: bachelors degree working as professional",70K or more,"Hygiene from Health and Hygiene department, Ordered Brand : Consolidated",14.6813,22.75 lbs,non recyclable,"['Florist', 'Bar For Salad', 'Coffee Bar', 'Video Store', 'Ready Food']",,Deluxe,6.39 Millions,3.0672 Millions,,,335.38,313.0678,parnamirim,RN,-5.930644006769433,-35.26385529939677,ÑATAL,RN,amount: -5.802837618373424,-35.20164321098454,5.0
mc_ID_779,"Single Female with one child, education: partial high school working as skilled manual",10000,"Electrical from Household department, Ordered Brand : Cormorant",29.7987,amount: 26.8915,non recyclable,"['Bar For Salad', 'Coffee Bar', 'Ready Food', 'Video Store', 'Florist']",,Gourmet,$8.28 Millions,2.484 Millions,1424.85,465.54,308.7,555.2168,marilia,_5P,data: -22.2328691873449,-49.94264526602805,pedreira,SP ,-22.73824150585765,-46.8958585777586,1.0
mc_ID_780,"Single Female with three children, education: graduate degree working as professional",840+ monthly,"Fruit from Produce department, Ordered Brand : Tell Tale",30.3801,27.3275,recyclable,"['Coffee Bar', 'Florist']",Save It (Sale),mid-size,$3.8 Millions,1.406 Millions,2551.4,,259.66,308.6746,rio de janeiro,Rj,-22.85777881320336,-43.25262574493621,iLiCLNea,MG,-20.944705621834668,amount: -45.82709818233235,5.0
mc_ID_782,"Single Male with two children, education: bachelors degree working as management",70K+,"Beer and Wine from Alcoholic Beverages department, Ordered Brand : Pearl",14.972,12.0648,non recyclable,,Big Time Discounts,Supermarket ,5.58 Millions,2.1204 Millions,1508,,151.9,761.488,Novo Progresso,PA,-7.036262964535041,-55.41026891876317,barueri,SP,-23.491791912543025,-46.94733309700014,5.0
mc_ID_783,"Single Male wiht four children, education: partial high school working as skilled manual",50K+,"Snack Foods from Snack Foods department, Ordered Brand : Best Choice",29.0719,26.1647,non recyclable,"['Coffee Bar', 'Video Store', 'Florist', 'Bar For Salad', 'Ready Food']",Bag Stuffer,,€5.4M,3.18 Millions,,503.07,,662.2226,Rio  D3  Janeiro,RJ,-22.899753502914194,amount: -43.17764601165675,recife,Pe,-8.138173275583135,measure: -34.9322264583223,
mc_ID_784,"single female with two children, education: graduate degree working as professional",$70K+,"Canned Anchovies from Canned Foods department, Ordered Brand : Bravo",12.1084,7.7331,non recyclable,"['Ready Food', 'Bar For Salad']",Three for One,Supermarkat,"6.93 ,000,000illions",2.7027 Millions,2448.37,470.27,313.55,656.2604,duque de caxias,RJ,-22.78581289392769,-43.30804347053546,guariba,SP,-21.36235769739203,-48.232975701561735,5.0
mc_ID_786,"Married Female with one child, education: high school degree working as skilled manual",30k,"Snack Foods from Snack Foods department, Ordered Brand : Nationeel",24.7111,23.2575,recyclable,"['Florist', 'Coffee Bar', 'Video Store', 'Ready Food', 'Bar For Salad']",Dimes Off,delUXE,4.11 Millions,1.6851 Millions,1871.16,593.93,395.95,474.7271,contagem,Mg,-19.9436908647076,measure: -44.06152591958379,florianopolis,SC,val: -27.68775442656832,-48.48827427364544,5.0
mc_ID_788,"Married Female with four children, education: bachelors degree working as professional",50K+,"Bathroom Products from Health and Hygiene department, Ordered Brand : Bird Call",27.4729,24.4204,recyclable,"['Ready Food', 'Florist', 'Coffee Bar', 'Video Store', 'Bar For Salad']",One Day Sale,,5.72Ms,2.6884 Millions,2038.11,481.98,321.26,767.3456,divinopolis,MG ,-20.15825132557966,-44.88243792415554,"Caxias Do Sul
",RS,measure: -29.16957635052199,-51.164852512339095,4.0
mc_ID_790,"Single Female with two children, education: partial high school working as skilled manual",10K+,"Breakfast Foods from Frozen Foods department, Ordered Brand : PigTail",23.1121,-21.5132,non recyclable,,Go For It,,1.65Ms,0.5775 Millions,2051.42,457.36,304.91,509.6635,rio de janeiro,RJ,-22.923980497085807,amount: -43.22589028129148,guarulhos,SP,-23.453200132516344,-46.484469408993874,5.0
mc_ID_792,"Single Female with three children, education: high school degree working as skilled manual",30K+,"Specialty from Produce department, Ordered Brand : Tell Tale",val: 16.4256,amount: 13.5184,non recyclable,"['Ready Food', 'Bar For Salad', 'Florist', 'Coffee Bar']",Bag Stuffer,daluxe,€7.3M,3.5055 Millions,2055.29,654.13,436.09,367.7736,c@iua,$P,-21.83324848581844,-51.98688883763318,IBitLNGA,SP,-21.7664768468313,-48.83154737836604,5.0
mc_ID_793,"Single Female with four children, education: high school degree working as manual",30K+,"Vegetables from Produce department, Ordered Brand : Tell Tale",28.4904,27.0368,recyclable,"['Florist', 'Bar For Salad', 'Coffee Bar', 'Ready Food']",Shelf Emptiers,gourme7,7.02 Millions,2.808 Millions,1564.86,385.45,256.74,773.0986,guarapuava,PR,-25.38999640215828,-51.47482035400201,porto alagre,RS,measure: -30.01895817707312,-51.16296204564608,5.0
mc_ID_794,"Married Male with one child, education: high school degree working as skilled manual",50K+,"Bread from Baked Goods department, Ordered Brand : Sphinx",27.4729,24.4204,recyclable,"['Ready Food', 'Bar For Salad', 'Florist', 'Coffee Bar']",,Gourmet,Data Missing,5.0396 Millions,,385.45,256.97,769.7514,eunapolis,BA,-16.37787453533949,-39.58753930062822,Sao Paulo,sp,-23.540860990564934,-46.64385528059898,5.0
mc_ID_795,"Married Male with two children, education: partial high school working as manual",10K+,"Electrical from Household department, Ordered Brand : Red Wing",-16.1349,11.7741,non recyclable,"['Coffee Bar', 'Ready Food', 'Florist', 'Bar For Salad']",Sale : Double Down,,7.44 Millions,2.5296 Millions,2057.67,654.13,436.09,500.7202,SAO PAULO,SP,-23.6224788373536,-46.68981120330083,novo hamburgo, Rs,-29.6881809883103,-51.0915608374261,5.0
mc_ID_796,"Married Male with four children, education: partial High School working as skilled manual",30K+,"Hot Beverages from Beverages department, Ordered Brand : BBB Best",24.8564,21.9493,non recyclable,['Florist'],Save Price,Supermarket,14.35 Millions,7.0315 Millions,1319.6,523.32,348.46,670.486,taquaritinga do norte,PE,-7.966669999999965,-36.11666999999994,sañto  andre,sp,-23.665703457960586,-46.51808196779969,5.0
mc_ID_797,"MARRIED MALE WITH THREE KIDS, EDUCATION: HIGH SCHOOL DEGREE WORKING AS SKILLED MANUAL",50K+,"Hygiene from Health and Hygiene department, Ordered Brand : Steady",-16.7163,15.2627,non recyclable,"['Ready Food', 'Bar For Salad']",,Supermarke7,2.4 Millions,1.128 Millions,2265.9,,567.46,553.0202,gUARulHOs,SP,-23.44803925506378,-46.421980491257415,sor0caba,Sp,-23.50986470167544,-47.484121269794414,4.0
mc_ID_799,"Singlee Female w/ four children, education: partial high school working as manual",10K+ annually,"Breakfast Foods from Breakfast Foods department, Ordered Brand : Special",23.4028,21.9493,recyclable,"['Video Store', 'Florist', 'Bar For Salad', 'Ready Food', 'Coffee Bar']",I Cant Believe It Sale,Deluxe,3.86 Millions,1.2738 Millions,,503.07,336.63,363.3281,viradouro,SP,-20.87672840914925,val: -48.29557204915602,Petropolis,rJ,-22.549033360244323,-43.210094724044055,3.0
mc_ID_800,"Married Female with two children, education: bachelors degree working as professional",70 Thousand,"Canned Soup from Canned Foods department, Ordered Brand : Blue Label",13.7801,12.31 kg,recyclable,"['Coffee Bar', 'Ready Food', 'Video Store', 'Bar For Salad', 'Florist']",Discount Frenzy,Deluxe,6.2 Millions,2.976 Millions,1871.16,595.93,395.95,326.352,SAO PAUIO,sp,-23.468912247420523,-46.58807266436532,monte siao,	mg,-22.42880507067007,-46.569550269431765,4.0
mc_ID_801,"education: partial college working as management, Married Female with one child",50000,"Baking Goods from Baking Goods department, Ordered Brand : Landslide",30.8162,29.3626,recyclable,"['Bar For Salad', 'Ready Food']",Price Destroyers,Supermarket,7.08 Millions,2.6196 Millions,2265.9,853.22,568.75,601.7115,belo horizonte,Mg,-19.96962458174156,-43.9679218713716,i7aquaquecetuba,SP,-23.48262344063541,data: -46.37448952833195,5.0
mc_ID_802,"Single Male with five children, education: bachelors degree working as management",€127K+,"Fruit from Produce department, Ordered Brand : Ebony",26.8915,23.9843,recyclable,"['Florist', 'Bar For Salad', 'Video Store', 'Coffee Bar', 'Ready Food']",Shelf Clearing Days,Deluxe,5.54Ms,2.6592 Millions,1870.3,593.93,395.95,516.7763,jañdira,SP_,-23.531476079445984,-46.90740942248553,SaO PAuLO,sP,val: -23.55684999916328,data: -46.56941527477062,3.0
mc_ID_803,"SINGLE FEMALE WITH ONE KID, EDUCATION: PARTIAL HIGH SCHOOL WORKING AS MANUAL",30k,"Magazines from Periodicals department, Ordered Brand : Robust",28.3451,measure: 25.4379,recyclable,,Savings Galore,,7.92 Millions,3.6432 Millions,2819.7,449.7,299.8,708.8742,PALMITAL,SP,-22.79140099101727,measure: -50.21666128486411,campo limpo paulista,SP,-23.20706431353269,-46.760735214610754,Rating: 5.0
mc_ID_804,"Married Male with three childran, education: partial High School working as manual",30 Thousand,"Plastic Products from Household department, Ordered Brand : Red Wing",23.9843,22.5307,recyclable,,,_5upermarket,10.38 Millions,4.2558 Millions,2052.48,457.36,304.91,467.4051,rio de janeiro,RJ,-22.906800000000004,-43.176623145421054,votorantim,$P,-23.540699932021333,-47.45842622799934,
mc_ID_805,"Single Female with two children, education: bachelors degree working as professional",70k,"Canned Sardines from Canned Foods department, Ordered Brand : Bravo",9.3611,7.9075,recyclable,,,mid-Size,8.04 Millions,4.02 Millions,2085.67,783.64,522.49,658.0909,belo horlzonte,MG,-19.92416706994057,measure: -43.91647950666509,belo horizonte,MG,-19.878513898894187,-43.95694702879617,4.0
mc_ID_806,"Married Male with one child, education: partial high school working as manual",10K+,"Snack Foods from Snack Foods department, Ordered Brand : Fort West",20.0596,41.02 lbs,recyclable,['Coffee Bar'],Weekend Discount,superMARket,2.85 Millions,0.9975 Millions,1236.07,440.92,294.06,364.1649,manaus, AM,-3.0029946705522548,-60.04148853649949,tuledo,PR,-24.709844492474502,-53.75003279931422,5.0
mc_ID_807,"Single Female with one child, education: Bachelors degree working as professional",50K+,"Vegetables from Produce department, Ordered Brand : Tri-State",27.3275,-25.7286,recyclable,"['Coffee Bar', 'Florist', 'Bar For Salad', 'Video Store', 'Ready Food']",Lottery Cash Registerion,Deluxe,$9.72 Millions,3.4992 Millions,1734.5,503.07,335.38,,porto alegre,rs,-30.058735578683137,-51.22157241147777,UMUARAMA,pr,-23.748416432474365,-53.29690112215509,5.0
mc_ID_809,"Single Male with two children, education: high school degree working as manual",30K+,"Snack Foods from Snack Foods department, Ordered Brand : Nationeel",24.7111,21.8039,recyclable,,Budget Bargains,Mid-Size,€5.4M,2.3532 Millions,2085.67,783.64,523.68,546.0643,IPaTIngA,MG,-19.4609515387212,-42.525487901061766,guarulhos,SP,-23.457428518177625,-46.56396476894224,amount: 5.0
mc_ID_810,"Married Male with three children, education: partial high school working as professional",130K+,"Hot Beverages from Beverages department, Ordered Brand : Landslide",measure: 15.1174,12.1956,non recyclable,"['Bar For Salad', 'Video Store', 'Florist', 'Coffee Bar', 'Ready Food']",Lottery Cash Registerion,"DELUXE
",1.28 Millions,0.4736 Millions,1734.5,503.07,333.64,500.9294, juiz de fora ,MG,-21.74014442714524,-43.36202484693288,foz do iguacu,PR,-25.54871041283887,-54.55314628108788,measure: 5.0
mc_ID_812,"Single Female with one child, education: high school degree working as skilled manual",30K+,"Vegetables from Produce department, Ordered Brand : Hermanos",measure: 19.0421,17.5885,non recyclable,['Florist'],Big Time Discounts, suPERmarket,7.48Ms,2.244 Millions,1320.15,523.32,348.23,765.7243,Curltiba,Pr,-25.453155877315545,-49.2850395992267,praia grande,sP,data: -24.011288218359883,data: -46.41873374429398,5.0
mc_ID_813,"Single Female with No children, education: high school degree working as management",130K+,"Breakfast Foods from Frozen Foods department, Ordered Brand : Imagine",9.114,7.6459,non recyclable,,Super Duper Savers,Supermarket,"5.43 ,000,000illions",2.2263 Millions,2049.72,457.36,305.26,527.7593,venda nova do imigrante,3S,-20.344478452537647,-41.13135804746236,rio de janeiro,_RJ,-22.93125598447676,-43.17881321481337,4.0
mc_ID_814,"Single Male with four children, education: high school degree working as skilled manual",30k,"Dairy from Dairy department, Ordered Brand : Even Better",21.2225,18.3153,non recyclable,,Big Time Discounts,Supermarket,€11.9M,4.34 Millions,1509.55,227.8,150.79,761.488,aguia branka,ES,-18.98487144840432,measure: -40.73945314743138,SAO PAULO,5P,-23.537511255832708,data: -46.63705730743676,5.0
mc_ID_815,"mARRIED fEMALE WITH ONE CHILD, EDUCATION: BACHELORS DEGREE WORKING AS MANAGEMENT",70K+,"Vegetables from Canned Foods department, Ordered Brand : Blue Label",31.8337,30.2347,recyclable,,Price Destroyers,	Mid-Size,"15.64 ,000,000illions",4.8484 Millions,2819.7,447.7,298.5,728.2775,sao paulo,sp,measure: -23.74028612323272,-46.69436740882336,BruSQue,5C,-27.12100682014913,val: -48.94116396455869,4.0
mc_ID_816,"Married Female with three kidren, education: partial college working as skilled manual",30K+,"Jams and Jellies from Baking Goods department, Ordered Brand : Plato",9.3321,4.9713,non recyclable,"['Video Store', 'Ready Food', 'Coffee Bar', 'Florist', 'Bar For Salad']",Dimes Off,Deluxe,€10.1M,5.6024 Millions,2038.11,483.98,321.26,550.6144,vargem grande do sul,SP_,-21.83948265963376,-46.88952885213608,ribeirao preto,Sp,-21.174925033585303,measure: -47.7686162776848,4.0
mc_ID_819,"Married Male with four kids, education: bachelors degree working as professional",50K+,"Canned Soup from Canned Foods department, Ordered Brand : Bravo",28.84 lbs,8.7216,non recyclable,"['Ready Food', 'Coffee Bar', 'Bar For Salad', 'Video Store', 'Florist']",Lottery Cash Registerion,Deluxe,5.52 Millions,1.8216 Millions,1734.5,503.07,336.9,313.0678,porto alagre,_RS,-30.08265056608161,val: -51.22237970599537, Sao Paulo ,SP,-23.537511255832708,-46.63705730743676,5.0
mc_ID_820,"Single Female with one child, education: high school degree working as skilled manual",30K+,"Breakfast Foods from Frozen Foods department, Ordered Brand : PigTail",16.2802,-0.1,recyclable,"['Ready Food', 'Florist', 'Bar For Salad', 'Coffee Bar', 'Video Store']",Roller Savings (High) ,Gourmet,"6.39 ,000,000illions",2.3643 Millions,1424.85,465.54,310.3,532.6232,macae,RJ,-22.390114971582683,-41.786465462466936,pIRACiC@BA,SP,-22.726257875353635,-47.63781138952056,5.0
mc_ID_821,"Single Female with two children, education: graduate degree working as professional",70K+,"Baking Goods from Baking Goods department, Ordered Brand : CDR",amount: 14.972,12.0648,recyclable,['Coffee Bar'],Weekend Discount,Supermarket,11.68Ms,5.256 Millions,,440.92,293.06,698.728,caieiras,SP,-23.36233213890305,-46.74058494125767,pato branco,PR,-26.23309163375265,amount: -52.67355012674504,2.0
mc_ID_822,"Married Male with two children, education: high school degree working as skilled manual",30K+,"Kitchen Products from Household department, Ordered Brand : Cormorant",10.524,data: 7.6023,non recyclable,"['Bar For Salad', 'Coffee Bar', 'Video Store', 'Florist', 'Ready Food']",Discount Frenzy,Deluxe,15.8Ms,6.162 Millions,1872.5,593.93,,326.352,Nilopolis,RJ,-22.815880447852667,-43.41899267551425,sao paulo,SP ,measure: -23.553644898695826,-46.63261889578163,4.0
mc_ID_824,"Single Male with one child, education: partial college working as management",70K+,"Carbonated Beverages from Beverages department, Ordered Brand : Washington",val: 26.1647,measure: 24.7111,recyclable,"['Video Store', 'Ready Food', 'Florist', 'Bar For Salad', 'Coffee Bar']",GLD,Deluxa,10.44 Millions,4.176 Millions,1871.16,593.93,397.82,484.1411,rio de janeiro,Rj,-22.93264121120669,-43.23915878100303,jaboticabal,5P,measure: -21.253339982915808,-48.32841354256132,5.0
mc_ID_825,"Married Male with one child, education: partial high school working as manual",10K+,"Paper Products from Household department, Ordered Brand : Red Wing",12.0357,7.6604,recyclable,,Price Winners,Supermarkat,"3.75 ,000,000illions",1.8375 Millions,,457.36,303.85,497.9483,Ipatinga,MG,-19.50523742384614,-42.57176378313765,$Alto,sp,-23.20591698084141,-47.307845865803,5.0
mc_ID_826,"Single Male with one child, education: bachelors degree working as professional",50K+ annually,"Vegetables from Canned Foods department, Ordered Brand : Bravo",10.7421,9.2739,recyclable,"['Florist', 'Coffee Bar', 'Bar For Salad', 'Ready Food', 'Video Store']",Pick Your Savings,GOURMET,"4.98 ,000,000illions",2.1414 Millions,1424.85,465.54,310.38,351.7175,Rio De Janeiro,RJ,-22.92173310574757,-43.25868934445138,sao paulo,sp,-23.65111484251016,-46.75521082321932,data: 1.0
mc_ID_827,"Married Male with five children, education: high school degree working as professional",150K+,"Kitchen Products from Household department, Ordered Brand : Denny",14.6813,amount: 11.7741,non recyclable,"['Coffee Bar', 'Ready Food', 'Video Store', 'Florist', 'Bar For Salad']",Price Slashers,Deluxe,€4.4M,2.5137 Millions,1525.28,373.1,249.88,403.9652,taboao da sarra,5P ,-23.623297507355577,-46.769556898983055,sao paulo,Sp,measure: -23.4719444074384,measure: -46.59864459256161,5.0 stars
mc_ID_828,"Single Female with four children, education: high school degree working as professional",150K+,"Pure Juice Beverages from Beverages department, Ordered Brand : Excellent",19.1874,17.5885,recyclable,"['Bar For Salad', 'Ready Food']",Shelf Clearing Days,Supermarket,"4.82 ,000,000illions",1.928 Millions,2265.9,853.22,570.25,571.1683,cachoeirinha,Rs,-29.91836557306762,-51.10041765990425,LIMEIRA,SP,-22.599254430886607,-47.37980963550319,5.0
mc_ID_829,"Married Male with four children , education: graduate degree working as management",130K+,"Dairy from Dairy department, Ordered Brand : Booker",9.1576,7.704,recyclable,,,SUPERMARKET,"4.02 ,000,000illions",1.9698 Millions,1623.48,341.05,225.95,543.397,EMErIcAnA,SP,-22.737278419931872,-47.31266995989381,belo horizonte,Mg,-19.840168078827364,-43.92329932223438,5.0
mc_ID_830,"Single Male with three children, education: bachelors degree working as professional",$70K+,"Vegetables from Produce department, Ordered Brand : Tri-State",27.909,25.0018,non recyclable,"['Ready Food', 'Bar For Salad', 'Coffee Bar', 'Florist']",Shelf Emptiers,GOUrmet,1.65 Millions,0.726 Millions,1564.86,385.45,255.3,773.0986,"campo grande
",MS,-20.47061483151316,-54.57143721996692,guariba,SP,amount: -21.36235769739203,-48.232975701561735,3.0
mc_ID_832,"Single Male with No kids, education: HS degree working as skilled manual",50k,"Dairy from Dairy department, Ordered Brand : Carlson",17.2978,15.6988,recyclable,"['Video Store', 'Coffee Bar', 'Ready Food', 'Bar For Salad', 'Florist']",Roller Savings (High) ,Gourmet,€9.4M,4.0848 Millions,1424.85,465.54,,measure: 532.6232,BOTUCATU,Sp,-22.888585037191984,-48.44275075867046,SAltO,SP,-23.20591698084141,-47.307845865803,5.0
mc_ID_833,"Married Male with two kids, education: bachelors degree working as professional",90K+,"Meat from Deli department, Ordered Brand : American",-17.8792,measure: 14.972,recyclable,['Florist'],,_supermarket,8.91 Millions,4.2768 Millions,1320.81,523.32,348.85,770.6405,caieir4s,SP,-23.385689614726992,-46.7393390368175,Sao Bernardo Do Campo,Sp,-23.71933860892157,-46.5517479343586,1.0
mc_ID_834,"Single Male with No children , education: partial high school working as skilled manual",30K+,"Carbonated Beverages from Beverages department, Ordered Brand : Skinner",TBD,amount: 10.6258,recyclable,"['Florist', 'Coffee Bar']",I Cant Believe It Sale,Mid-Size,11.01 Millions,5.1747 Millions,2551.4,389.54,259.66,275.9871,Ipaba,MG,-19.41090481717707,measure: -42.41846537530112,campo limpo paulista,Sp,-23.20706431353269,-46.760735214610754,5.0
mc_ID_835,"Married Male with two kids, education: HS degree working as manual",30 Thousand,"Specialty from Produce department, Ordered Brand : Ebony",12050.30 grams,10.5822,recyclable,"['Florist', 'Ready Food', 'Video Store', 'Coffee Bar', 'Bar For Salad']",Super Duper Savers,Deluxe,3.8 Millions,1.406 Millions,1525.39,,247.04,318.3501,rIO De jAneIRO,_RJ,-22.90564695253624,-43.17888623036526,piracicaba_,SP,data: -22.726257875353635,-47.63781138952056,1.0
mc_ID_837,"Married Female with three children, education: high school degree working as manual",30K+,"Side Dishes from Deli department, Ordered Brand : Moms",24.5657,20059.60 grams,recyclable,,Weekend Discount,Supermarket,$4.46 Millions,1.9624 Millions,1507.09,227.8,153.82,data: 735.1811,sorocaba,sp,val: -23.47415848027364,val: -47.4550642451937,ibitinga,Sp,-21.7664768468313,-48.83154737836604,5.0
mc_ID_838,"Married Male with No children, education: partial high school working as skilled manual",10K+,"Frozen Entrees from Frozen Foods department, Ordered Brand : PigTail",26.7461,23.6936,recyclable,"['Bar For Salad', 'Ready Food']",,SUPERMARKET,4.44 Millions,2.1312 Millions,2448.37,470.27,313.55,550.1437,sao joao de meriti,RJ,-22.80395248310857,-43.37131863327339,sao paulo,SP,-23.693985995008337,-46.70188324132953,3.0
mc_ID_841,Married Female with four children - education: partial high school working as skilled manual,10K+,"Miscellaneous from Checkout department, Ordered Brand : Black Tie",12.7625,11.2944,recyclable,"['Coffee Bar', 'Video Store', 'Bar For Salad', 'Florist', 'Ready Food']",Best Savings,Gourmet,4.71 Millions,2.1195 Millions,1425.31,465.54,310.3,measure: 281.4786,curitiba, PR ,-25.43548786011886,val: -49.270213781291496,piracicaba,SP,-22.71683928585045,-47.65736585405934,val: 5.0
mc_ID_842,"Single Male with one child, education: high school degree working as manual",30K+ annually,"Specialty from Produce department, Ordered Brand : Ebony",measure: 28.1997,25.1472,non recyclable,['Coffee Bar'],,supermarket,3.87 Millions,1.3545 Millions,1236.07,440.92,292.5,698.728,palmas,TO,-10.181829599300766,-48.34422809930076,sao paulo,SP,,,5.0
mc_ID_845,"Single Male with three children, education: bachelors degree working as management",50K+,"Canned Soup from Canned Foods department, Ordered Brand : Bravo",26.8915,49.67 lbs,recyclable,"['Ready Food', 'Bar For Salad']",Shelf Clearing Days,Supermarket,11.94 Millions,4.6566 Millions,2448.37,,313.04,363.6942,sao paulo,sp,amount: -23.51886128198398,-46.60382280391252,sao paulo,SP,missing,-46.75521082321932,5.0
mc_ID_846,"Married Female with four children, education: partial high school working as manual",€8K+,"Beer and Wine from Alcoholic Beverages department, Ordered Brand : Pearl",23.5482,22.0946,non recyclable,['Florist'],,Superm4rket,1.95 Millions,0.9165 Millions,1321.98,,348.26,532.6232,	rio grande da serra,SP,-23.7376101268394,-46.39370760421835,rlbeirao preto,SP,-21.1575781634253,-47.81743621509692,val: 5.0
mc_ID_848,"Married Female with four children, education: bachelors degree working as professional",70K+,"Fruit from Produce department, Ordered Brand : Tri-State",22.0946,19.0421,non recyclable,['Coffee Bar'],Discount Frenzy,Supermarket,8.85 Millions,3.186 Millions,1233.41,440.92,,data: 760.4943,bARUerI,SP,-23.50247657869377,-46.85563438418507,ARARAQUARA,SP,-21.760806096824155,-48.17228519205648,2.0
mc_ID_849,"Married Female with one child, education: graduate degree working as professional",70K+,"Fruit from Produce department, Ordered Brand : Hermanos",30.9615,27.909,non recyclable,,Price Slashers,$upermarket,10.02 Millions,4.4088 Millions,1508,227.8,151.9,351.456,campos dos goytacazes,RJ,amount: -21.92630352099997,-41.526771260999965,sao paulo,SP,-23.554079433810344,-46.53324185942636,5.0
mc_ID_850,"Single Male with two children, education: bachelors degree working as professional",90K+,"Baking Goods from Baking Goods department, Ordered Brand : BBB Best",amount: 11.2217,-8.3,non recyclable,"['Coffee Bar', 'Video Store', 'Florist', 'Ready Food', 'Bar For Salad']",Shelf Clearing Days,Deluxe,1.89 Millions,0.8694 Millions,,,395.95,516.7763,SaO lEoPOlDO,RS,-29.790041557369143,data: -51.13274825026866,	sao paulo,SP,data: -23.667843855675457,-46.66038973120199,5.0
mc_ID_851,Single Male with five children; education: partial high school working as skilled manual,10K+,"Pure Juice Beverages from Beverages department, Ordered Brand : Token",28.6358,25.7286,recyclable,"['Video Store', 'Ready Food', 'Florist', 'Coffee Bar', 'Bar For Salad']",Dimes Off,Deluxe,2.34 Millions,1.0296 Millions,2038.11,481.98,321.26,550.6144,goiania,GO,-16.701985344696443,-49.33166659230292,Saito,SP,-23.20591698084141,-47.307845865803,5.0
mc_ID_852,"Married Male with two children , education: high school degree working as manual",$30K+,"Beer and Wine from Alcoholic Beverages department, Ordered Brand : Pearl",-1.0,25.874,non recyclable,"['Bar For Salad', 'Ready Food']",Super Savers,suPermArkeT,€4.9M,2.7072 Millions,2448.37,470.27,312.38,719.3865,carire,CE,-3.9486618546281056,-40.47467717731404,sao paulo,_sp,-23.479316999999995,data: -46.5904340471753,5.0
mc_ID_853,Single Male with two children / education: bachelors degree working as management,10K+,"Vegetables from Frozen Foods department, Ordered Brand : PigTail",amount: 14.4487,11.527,non recyclable,"['Bar For Salad', 'Ready Food']",Shelf Clearing Days,Supermarket,2.43 Millions,0.7533 Millions,2265.9,853.22,569.57,571.1683,niteroi,RJ,val: -22.90347156010148,-43.09538136456224,santo andre,SP,amount: -23.624784000000005,-46.53954225000001,5.0
mc_ID_855,"Single Male with No children, education: partial High School working as professional",70K+,"Magazines from Periodicals department, Ordered Brand : Dollar",20.4957,17.5885,recyclable,"['Bar For Salad', 'Coffee Bar', 'Ready Food', 'Video Store', 'Florist']",Big Time Saving,Deluxe,...,3.99 Millions,1872.69,,395.95,676.6574,RIO BRANCO,AC,-9.957252211014918,-67.78634877607972,itauna,MG,-20.08212660423176,-44.5732983518722,4.0
mc_ID_856,"Married Male with three children, education: graduate degree working as professional",130K+,"Snack Foods from Snack Foods department, Ordered Brand : Horatio",24.8564,20.4957,recyclable,['Florist'],Big Time Discounts,supermarket,6.84Ms,2.3256 Millions,1320.15,523.32,348.85,765.7243,peIotas,RS,-31.767831461278803,-52.34106915266308,guariba_,SP_,-21.36235769739203,-48.232975701561735,1.0
mc_ID_857,"Single Male with one child, education: graduate degree working as professional",130K+,"Baking Goods from Baking Goods department, Ordered Brand : CDR",26.0193,24.4204,non recyclable,"['Bar For Salad', 'Video Store', 'Ready Food', 'Florist', 'Coffee Bar']",Save Price,,3.04 Millions,1.1248 Millions,1424.85,465.54,310.3,670.486,itu,SP,-23.27791979536116,measure: -47.29777730942436,ibitinga,SP,-21.7664768468313,-48.83154737836604,5.0
mc_ID_858,"Married Male with one child, education: partial high school working as manual",10K or more,"Baking Goods from Baking Goods department, Ordered Brand : Plato",21.0771,18.1699,recyclable,,,Supermarket,$5.2 Millions,2.288 Millions,2049.72,457.36,304.92,509.6635,estrela d'oeste,SP ,-20.2860298153052,-50.40073964334606,ibitinga,SP,-21.7664768468313,amount: -48.83154737836604,5.0
mc_ID_859,"Single Male w/ one child, education: high school degree working as professional",110K+,"Bathroom Products from Health and Hygiene department, Ordered Brand : Consolidated",23.5482,20.641,non recyclable,,Go For It,,2.92Ms,0.876 Millions,1508,227.8,151.9,350.4623,mogi das cruzes,5P,val: -23.54515787877252,data: -46.240023456139824,sao paulo,sP,val: -23.472335179294816,amount: -46.64636526449883,1.0
mc_ID_861,"Single Male with one child, education: bachelors degree working as professional",50K+,"Hot Beverages from Beverages department, Ordered Brand : CDR",12.748,11.2944,non recyclable,"['Florist', 'Video Store', 'Bar For Salad', 'Coffee Bar', 'Ready Food']",Save It (Sale),GOURMET,"8.34 ,000,000illions",3.0858 Millions,1424.85,465.54,310.3,427.7617,bARBACena, MG,-21.23092748776845,-43.79341425698508,Ibitinga,SP,-21.7664768468313,-48.83154737836604,1.0
mc_ID_862,"Single Male with five children, education: bachelors degree working as professional",50000,"Fruit from Produce department, Ordered Brand : Ebony",-26.7461,25.1472,non recyclable,,Full Free,MID-SIZE,$3.72 Millions,1.1904 Millions,2085.67,785.64,522.78,778.5901,SANTANA DE PARNAIBA,SP,-23.45958665954217,-46.81783648621917,cuRItiba,PR,-25.46921399278664,-49.29393514695028,5.0
mc_ID_863,"Married Male with two children, education: bachelor'ss degree working as professional",50k,"Candy from Snacks department, Ordered Brand : Musial",23.2575,20.3503,non recyclable,"['Florist', 'Coffee Bar', 'Bar For Salad', 'Ready Food']",Sale : Double Down,Deluxe,6.86 Millions,3.1556 Millions,2054,654.13,435.37,500.7202,sorocaba,SP,-23.450593895051057,-47.47570043199476,$ao paulo,SP ,-23.4719444074384,-46.59864459256161,5.0
mc_ID_864,"Married Male with two children, education: graduate degree working as professional",130K+,"Specialty from Produce department, Ordered Brand : Hermanos",16.2802,13.3585,recyclable,['Coffee Bar'],Two Day Sale,Supermarket,3.52Ms,1.3728 Millions,1235.43,440.92,,477.3944,sao jose dos campos,SP_,-23.215086943101173,-45.88965270330085,coronel fabriciano, MG ,-19.50664329902649,-42.630873484496206,2.0
mc_ID_865,"Single Male with three children, education: bachelors degree working as professional",50K or more,"Snack Foods from Snack Foods department, Ordered Brand : Fast",13.6783,9.30 kg,recyclable,"['Ready Food', 'Coffee Bar', 'Florist', 'Bar For Salad']",Roller Savings (High) ,gOurmeT,11.28 Millions,4.7376 Millions,,385.45,256.97,637.6939,hortolandia,Sp,-22.894244007858305,-47.23358323658409,SAO PAULO,SP,measure: -23.45852627699232,-46.62665931349181,5.0
mc_ID_866,"Married Male with one child , education: partial High School working as management",130K+,"Vegetables from Produce department, Ordered Brand : Hermanos",19.9142,15.4081,non recyclable,"['Bar For Salad', 'Ready Food', 'Video Store', 'Florist', 'Coffee Bar']",One Day Sale,Delux3,11.36 Millions,4.2032 Millions,2038.11,481.98,321.26,767.3456,sarandi,PR,-23.44201867403269,-51.86961309158104,Not Specified, sp,-21.7664768468313,-48.83154737836604,4.0
mc_ID_867,"Single Female with three children , education: bachelors degree working as professional",50K+,"Meat from Deli department, Ordered Brand : Cutting Edge",-11.1491,6.7883,non recyclable,"['Florist', 'Coffee Bar', 'Video Store', 'Ready Food', 'Bar For Salad']",I Cant Believe It Sale,deluxe,1.94Ms,0.9506 Millions,1525.28,375.1,248.79,535.9181,joinvill3,SC,measure: -26.313496554532893,-48.84862528282071,timbo,SC,-26.83365489702238,-49.26170944102369,8.0/10
mc_ID_868,"Married Male with three children, education: partial high school working as manual",10K+,"Frozen Desserts from Frozen Foods department, Ordered Brand : Carrington",25.7286,21.3678,recyclable,"['Bar For Salad', 'Coffee Bar', 'Video Store', 'Ready Food', 'Florist']",Price Cutters,DeIuxe,7.95 Millions,3.021 Millions,1526.8,373.1,248.79,642.0871,	Iages,SC,-27.81812901165676,-50.31504228420568,sao paulo,sP,-23.646246311207523,-46.66349868836885,4.0
mc_ID_870,"Married Male with five children, education: partial HS working as manual",10K+,"Canned Soup from Canned Foods department, Ordered Brand : Better",val: 10.8583,-7.9366,non recyclable,['Coffee Bar'],Price Winners,Small Grocery,11.94 Millions,4.8954 Millions,1425.06,398.93,265.98,672.9441,sao paulo,5P,-23.593023,-46.646572500000005,maua,SP,-23.68011442853022,-46.4524537436668,val: 3.0
mc_ID_871,"Single Male with No children, education: partial high school working as manual",10K+,"Fruit from Produce department, Ordered Brand : Ebony",10.5822,-9.1286,recyclable,"['Ready Food', 'Bar For Salad', 'Florist', 'Coffee Bar']",Weekend Discount,gourmet,13.72Ms,4.6648 Millions,1564.86,385.45,258.64,470.177,rio de janeiro,rj,-22.962079980841413,-43.1679761924808,itaquaquecetuba,SP,val: -23.464295023583936,-46.32874959104104,1.0
mc_ID_873,"Single Male with four children, education: bachelors degree working as professional",70K+,"Pain Relievers from Health and Hygiene department, Ordered Brand : Bird Call",22.3853,19.3328,non recyclable,['Florist'],You Save Days,Supermarket,4.98 Millions,1.5936 Millions,1320.15,525.32,,data: 689.3663,moju1 dos campos,PA,amount: -2.6842405505287155,val: -54.64249965158617,Santo Andre,Sp,-23.665703457960586,-46.51808196779969,5.0
mc_ID_875,"Married Male with four children,education: partial High School working as skilled manual",10K+,"Starchy Foods from Starchy Foods department, Ordered Brand : Medalist",30.5255,29.0719,recyclable,"['Ready Food', 'Florist', 'Bar For Salad', 'Coffee Bar']",Sale : Double Down,,"4.02 ,000,000illions",1.9698 Millions,2055.29,654.13,434.61,500.7202,campinas,_Sp,-22.92841942957608,-47.03706900304376,curitiba,Pr,-25.4727349417162,-49.30563836747645,4.0
mc_ID_878,"Single Male with No children, education: bachelors degree working as professional",50K+,"Drinks from Beverages department, Ordered Brand : Excellent",18.606,15.6988,non recyclable,"['Bar For Salad', 'Ready Food']",Sales Days,Supermarket,5.96 Millions,2.98 Millions,2265.9,853.22,569.14,327.9733,botucatu,"SP
",-22.885356846451742,val: -48.47764303000053, ipatinga,MG,-19.4780955431646,-42.55679483097696,1.0
mc_ID_879,"Single Female with five children, education: partial high school working as skilled manual",10K+,"Bread from Baked Goods department, Ordered Brand : Modell",22.24,20.7864,non recyclable,"['Video Store', 'Florist', 'Ready Food', 'Bar For Salad', 'Coffee Bar']",Save It (Sale),Deluxe,3.3 Millions,1.551 Millions,1525.28,,248.79,393.4006,criciuma,"SC
",measure: -28.673779235468725,-49.37314563727728,ibitinga,SP,-21.7664768468313,-48.83154737836604,3.0
mc_ID_880,"Single Female with four children, education: bachelors degree working as professional",10K+,"Dairy from Dairy department, Ordered Brand : Booker",31.543,28.6358,non recyclable,"['Video Store', 'Coffee Bar', 'Bar For Salad', 'Ready Food', 'Florist']",Go For It,Deluxe,€10.9M,5.6672 Millions,2038.11,481.98,323.14,455.3761,sao paulo,Sp,data: -23.555014909804324,-46.69227418471917,riberao pre7o,SP,amount: -21.16850440882337,-47.79370519233655,5.0
mc_ID_881,"Single Female with five children, education: partial college working as manual",To Be Determined,"Canned Soup from Canned Foods department, Ordered Brand : Pleasant",18.1699,13.8091,recyclable,"['Florist', 'Video Store', 'Ready Food', 'Coffee Bar', 'Bar For Salad']",Shelf Clearing Days,Deluxe,13.24 Millions,6.4876 Millions,1871.25,595.93,395.95,516.7763,mar1nga ,pr,amount: -23.41848622413047,-51.92625934548862,maringa,Pr,-23.437975269077903,-51.91385959802448,5.0
mc_ID_884,"Maried Female w/ two children, education: partial High School working as skilled manual",50K+,"Frozen Desserts from Frozen Foods department, Ordered Brand : Big Time",15.1174,10.7421,recyclable,"['Coffee Bar', 'Ready Food', 'Florist', 'Video Store', 'Bar For Salad']",Super Savers,DeIuxe,"12.52 ,000,000illions",6.1348 Millions,1524.18,373.1,250.04,755.9442,	Osasco,SP,-23.559508137402258,-46.77587275540442,curitlba,_PR,-25.5347523805182,-49.236641559813016,5.0
mc_ID_886,"Single Male with five children, education: graduate degree working as professional",70K+,"Snack Foods from Snack Foods department, Ordered Brand : Fast",27.0368,24.1296,recyclable,"['Florist', 'Video Store', 'Ready Food', 'Bar For Salad', 'Coffee Bar']",Price Smashers,,"2.75 ,000,000illions",0.99 Millions,1525.28,,248.79,499.2035,sa0 paulo,SP,-23.65322346961835,-46.67500855960668,5ao paulo,SP,amount: -23.568722298084143,-46.61880092397124,measure: 5.0
mc_ID_887,"Single Female with four children, education: bachelors degree working as professional",70K or more,"Snack Foods from Snack Foods department, Ordered Brand : Horatio",17.1524,14.2452,non recyclable,"['Ready Food', 'Bar For Salad', 'Coffee Bar', 'Florist']",Price Winners,DeLUxE_,14.36Ms,4.308 Millions,,654.13,434.8,494.9149,teresina,PI,-5.144050425009763,-42.79041504771159,duque de caxias, Rj ,-22.78581289392769,-43.30804347053546,5.0
mc_ID_889,"Single Female wiht one child, education: high school degree working as skilled manual",€25K+,"Hot Beverages from Beverages department, Ordered Brand : Plato",9.8554,data: 6.9482,non recyclable,,,Supermarket,6.57 Millions,2.2995 Millions,1621.81,341.05,227.33,383.2021,CurItiBA,PR,-25.42552957617298,-49.254479518177625,"ribeirao preto
",sp,-21.116471333054424,data: -47.79073400291418,1.0
mc_ID_893,"Single Male with No children, education: high school degree working as skilled manual",50K+,"Eggs from Eggs department, Ordered Brand : Jumbo",12.9951,-10.0734,non recyclable,"['Bar For Salad', 'Florist', 'Video Store', 'Coffee Bar', 'Ready Food']",Shelf Clearing Days,GouRMEt,"2.25 ,000,000illions",1.035 Millions,nil,,311.34,val: 533.2508,rio de janeir0,RJ,-22.984241961423034,-43.19056825090884,SAO PAULO,SP,-23.693985995008337,-46.70188324132953,1.0
mc_ID_894,"Single Male with five children, education: high school degree working as professional",70K+,"Pure Juice Beverages from Beverages department, Ordered Brand : Washington",amount: 13.0387,22.34 lbs,recyclable,"['Video Store', 'Ready Food', 'Coffee Bar', 'Florist', 'Bar For Salad']",Super Savers,Deluxe,€4.4M,1.7612 Millions,1525.28,375.1,248.79,755.9442, pesso fundo ,RS_,-28.246010663976687,-52.38356841481704,bento goncalves,RS,-29.15900320184248,-51.49977005197258,4.0
mc_ID_896,"Single Female with No children, education: graduate degree working as professional",70K+,"Electrical from Household department, Ordered Brand : Denny",19.3328,16.4256,recyclable,"['Bar For Salad', 'Ready Food']",Price Destroyers,Supermarket,14.8 Millions,6.216 Millions,2268.33,853.22,568.75,304.7521,jABoAtAo Dos GUaRARaPES,PE,-8.103529342740334,-35.01531571093974,mesquita,RJ,-22.781636805753173,-43.42729289041388,3.0
mc_ID_897,"Married Male with five children, education: batchelors degree working as management",50K+ annually,"Beer and Wine from Alcoholic Beverages department, Ordered Brand : Portsmouth",-19.0421,-16.1349,recyclable,"['Ready Food', 'Bar For Salad', 'Video Store', 'Coffee Bar', 'Florist']",I Cant Believe It Sale,Deluxe,8.1 Millions,2.997 Millions,1525.28,373.1,248.79,535.9181,bauru,SP,-22.30471983227435,-49.05868864906134,5Ao PAULO,SP,-23.693985995008337,-46.70188324132953,measure: 3.0
mc_ID_898,"Single Male with four kidren, education: bachelors degree working as professional",50K+,"Carbonated Beverages from Beverages department, Ordered Brand : Skinner",30.0894,27.1822,recyclable,['Coffee Bar'],Full Free,Small Grocery,2.48 Millions,1.24 Millions,1394.66,534.29,356.19,320.4421,uberlandia,MG,-18.925348871775626,-48.24236513543774,Serra  Negra,SP ,-22.596440207291085,-46.71196868822353,5.0
mc_ID_899,Married Male with five children; education: high school degree working as skilled manual,30K+,"Magazines from Periodicals department, Ordered Brand : Gauss",19.3328,17.8792,non recyclable,"['Ready Food', 'Bar For Salad']",Green Light Special,Supermarket,6.44 Millions,2.4472 Millions,2267.34,853.22,568.75,643.3946,NiteROI,RJ,-22.944019808500155,-43.06302670148316,joinville,SC,-26.270134671231133,-48.80876106346335,3.0
mc_ID_901,"Married Male with two childran, education: bachelors degree working as professional",Income: 150K+,"Carbonated Beverages from Beverages department, Ordered Brand : Token",measure: 11.1054,-6.7301,recyclable,"['Ready Food', 'Bar For Salad']",Go For It,Supermarket,3.4 Millions,1.292 Millions,2447.11,470.27,313.55,347.1151,vuLTA REDoNDA,RJ,-22.48745243203934,-44.06937453877334,SAO pAUlo,sp,-23.636521320012687,-46.77320758159732,data: 1.0
mc_ID_902,"Single Male with two children, education: high school degree working as manual",30K+,"Frozen Desserts from Frozen Foods department, Ordered Brand : Carrington",29.3626,26.4554,non recyclable,"['Bar For Salad', 'Ready Food']",Shelf Clearing Days,,$5.01 Millions,1.8036 Millions,2265.24,,568.3,571.1683,sao paulo,SP,val: -23.715914526390176,-46.7819351646447,Salto,SP,-23.20591698084141,-47.307845865803,5.0
mc_ID_903,"Married Male with No children, education: partial high school working as skilled manual",$10K+,"Pure Juice Beverages from Beverages department, Ordered Brand : Fabulous",8.7216,5.8144,recyclable,"['Ready Food', 'Florist', 'Coffee Bar', 'Bar For Salad', 'Video Store']",Best Savings,Gourmet,$5.7 Millions,2.622 Millions,1424.85,465.54,310.3,281.4786,CAMPO GRANDE,MS,-20.44412476048813,-54.62093080766344,betim,MG,-19.95866259017359,-44.19878943272789,measure: 1.0
mc_ID_904,"Married Female with five children, education: high school degree working as manual",30 Thousand,"Breakfast Foods from Frozen Foods department, Ordered Brand : Big Time",28.7811,27.1822,non recyclable,"['Ready Food', 'Florist', 'Video Store', 'Bar For Salad', 'Coffee Bar']",Lottery Cash Registerion,Deluxe,3.78 Millions,1.4742 Millions,1734.5,503.07,335.38,646.4803,camequa, RS ,-30.854791704826045,-51.814217582551855,roLaNdia,Pr,-23.31259824896755,-51.36894941889966,1.0
mc_ID_907,"Single Male with three children, education: bachelors degree working as professional, education: bachelors degree working as professional",50K+,"Frozen Desserts from Frozen Foods department, Ordered Brand : PigTail",measure: 23.9843,21.0771,non recyclable,,Full Free,SUPERMARKET,2.22 Millions,0.9546 Millions,1510.4,227.8,151.9,272.2738,betim,MG,-19.931357672407383,-44.10148914476319,sao bernardo do campo,SP,-23.699353075768943,-46.5600310818858,1.0
mc_ID_908,"Single Female with four children, education: high school degree working as skilled manual",30K+ annually,"Snack Foods from Snack Foods department, Ordered Brand : Best Choice",29.944,27.0368,recyclable,"['Ready Food', 'Bar For Salad', 'Coffee Bar', 'Florist', 'Video Store']",,DELUXE,5.04 Millions,2.1168 Millions,1734.5,503.07,335.38,313.0678,SANtAcRUzd3SaLinAS,MG,-16.095194076771733,-41.74694800940495,ibitinga,sP ,-21.7664768468313,-48.83154737836604,5.0
mc_ID_909,"Married Female with one child, education: bachelors degree working as management",70K+,"Baking Goods from Baking Goods department, Ordered Brand : Plato",21.0771,18.1699,recyclable,"['Florist', 'Video Store', 'Ready Food', 'Bar For Salad', 'Coffee Bar']",Pick Your Savings,,3.9 Millions,1.56 Millions,2038.11,481.98,321.26,739.4174,rio branco,AK,-9.995400464862191,-67.8076629741743,sao paulo,SP,-23.667843855675457,-46.66038973120199,4.0
mc_ID_910,"Single Male with two children,education: partial high school working as manual",30k,"Miscellaneous from Checkout department, Ordered Brand : Black Tie",amount: 12.7625,11.2944,recyclable,,,Mid-Size,€5.3M,2.5748 Millions,2088.58,783.64,522.49,531.4203,sao paulo,SP,-23.617820807663428,-46.63791917277396,sao paulo,SP,measure: -23.55684999916328,-46.56941527477062,4.0
mc_ID_911,"Single Male with two children, education: partial high school working as skilled manual",10K+,"Canned Soup from Canned Foods department, Ordered Brand : Better",13.0823,11.6287,recyclable,,Save Price,supermarke7,2.34Ms,0.819 Millions,1507.96,,151.9,325.6721,piracicaba,$P,-22.75043546601066,-47.60155698958399,sao paulo,SP,amount: -23.58374909221269,-46.73472062372479,4.0
mc_ID_912,"Single Female with three children, education: high school degree working as manual",30K+,"Vegetables from Produce department, Ordered Brand : Hermanos",23.4028,20.4957,recyclable,,You Save Days,SUPERMARKET,13.08 Millions,4.4472 Millions,1508,227.8,151.9,565.9906,_mascote,BA,-15.610013909083872,-39.4359710541524,sao paulo, sp ,-23.53108125950717,-46.51791357132556,measure: 4.0
mc_ID_913,"Single Male with three children, education: partial high school working as professional",70K+,"Frozen Desserts from Frozen Foods department, Ordered Brand : Big Time",29.944,28.4904,recyclable,"['Coffee Bar', 'Bar For Salad', 'Video Store', 'Florist', 'Ready Food']",Promo Big,DELUXE,6.81 Millions,3.3369 Millions,1871.16,,395.95,578.2288,barra mansa,Rj,measure: -22.53898832596489,-44.18582645374644,s4o paulo,sp,-23.551013388568272,-46.44848890729416,amount: 4.0
mc_ID_915,"Single Female with one child, education: partial high school working as manual",10 Thousand,"Candy from Snacks department, Ordered Brand : Gulf Coast",21.3678,16.8617,non recyclable,"['Florist', 'Bar For Salad', 'Coffee Bar', 'Ready Food', 'Video Store']",Price Slashers,Deluxe,€9.3M,4.95 Millions,1526,373.1,248.79,403.9652,balneario camboriu,Sç,-26.999696999999948,-48.63513949999995,curitiba,pr,-25.41810890007532,-49.2549331354036,5.0
mc_ID_916,"Married Male with four children, education: bachelor'ss degree working as professional",50K+,"Snack Foods from Snack Foods department, Ordered Brand : Horatio",15.4081,12.5009,recyclable,"['Ready Food', 'Bar For Salad', 'Video Store', 'Coffee Bar', 'Florist']",Save It (Sale),Deluxe,11.7 Millions,5.148 Millions,1525.28,373.1,248.79,393.4006,Saquarema,_Rj,amount: -22.90473760883384,-42.47313043760234,joinville,SC,-26.28314924562872,-48.85128463059032,5.0
mc_ID_917,Married Male with two children - education: high school degree working as manual,30K+,"Fruit from Produce department, Ordered Brand : Tell Tale",20.0596,17.1524,non recyclable,"['Bar For Salad', 'Ready Food']",Super Savers,Supermarket,"3.48 ,000,000illions",1.566 Millions,2448.37,470.27,313.55,val: 754.7413,_Sao Paulo,SP,-23.598339276155592,-46.62608917568815,i7aquaquecetuba,SP,-23.48262344063541,-46.37448952833195,3.0
mc_ID_918,"Married Male with two children, education: bachelors degree working as professional",150K+ annually,"Frozen Desserts from Frozen Foods department, Ordered Brand : PigTail",22.24,19.3328,recyclable,"['Ready Food', 'Bar For Salad']",Super Savers,Supermarket,"3.84 ,000,000illions",1.344 Millions,2448.37,470.27,312.67,754.7413,santo andre,$P,-23.687604648912163,-46.526392163742905,rio de janeiro,_RJ,-22.89002472433818,-43.23590644033692,5.0
mc_ID_919,"Married Male with four children, education: partial high school working as manual",10K+,"Baking Goods from Baking Goods department, Ordered Brand : BBB Best",-11.2217,8.3,non recyclable,"['Florist', 'Ready Food', 'Coffee Bar', 'Bar For Salad']",Full Free,Deluxe,1.89 Millions,0.8505 Millions,2055.29,654.13,436.09,288.5914,M4UA,5P,val: -23.648039999999995,-46.42062074999998,PIRACICABA,SP,-22.71683928585045,-47.65736585405934,amount: 4.0
mc_ID_921,"Married Female with one child, education: partial college working as professional",130K+,"Specialty from Carousel department, Ordered Brand : Prelude",data: 31.2522,28.3451,recyclable,,Two for One,Supermarket,9.2Ms,2.852 Millions,2049.72,457.36,304.91,val: 451.9766,UBATUBA,SP,-23.43162669109582,data: -45.07722870122336,CajaMAR ,$P,-23.406238298215783,-46.84102497498486,4.0
mc_ID_922,"Married Female with two children, education: partial high school working as manual",10K+,"Meat from Frozen Foods department, Ordered Brand : PigTail",amount: 18.1699,15.2627,recyclable,"['Coffee Bar', 'Video Store', 'Ready Food', 'Bar For Salad', 'Florist']",Two Day Sale,Deluxe,6.04 Millions,1.8724 Millions,2036.47,481.98,321.26,495.7517,osasco,SP,data: -23.530066660539287,-46.78718498327306,sao paulo,SP,val: -23.693985995008337,-46.70188324132953,5.0
mc_ID_923,"Single Male with two children, education: partial high school working as skilled manual",30K+,"Snack Foods from Snack Foods department, Ordered Brand : Fast",measure: 19.0421,17.5885,recyclable,,Best Price Savers,Supermarket,12.56 Millions,4.5216 Millions,1510.52,229.8,151.9,650.4028,ARACRUZ,ES,,,IBITINGA,SP,-21.7664768468313,-48.83154737836604,5.0
mc_ID_925,"Single Male with two children, education: partial high school working as manual",10K+,"Eggs from Eggs department, Ordered Brand : National",26.1647,24.7111,recyclable,,,Supermarket,4.38 Millions,1.4892 Millions,1508,229.8,153.18,619.0228,sa0 paulo,SP,-23.569085514570943,measure: -46.52738665237461,,,,,1.0
mc_ID_926,"Single  Male  with  five  children,  education:  high  school  degree  working  as  manual",30K+,"Meat from Deli department, Ordered Brand : American",10.4513,8.9977,recyclable,"['Florist', 'Video Store', 'Coffee Bar', 'Bar For Salad', 'Ready Food']",Shelf Clearing Days,GOURMET,$7.95 Millions,3.498 Millions,1424.85,465.54,310.11,amount: 533.2508,UBERLANDIA,MG,-18.925348871775626,-48.24236513543774,curitiba,Not Specified,data: -25.464029318048183,-49.30472794690424,4.0
mc_ID_927,"Single Female with five children, education: bachelors degree working as professional",50K+,"Vegetables from Produce department, Ordered Brand : Tri-State",-20.3503,15.9895,recyclable,['Coffee Bar'],Best Price Savers,Supermarket,4.65 Millions,1.9995 Millions,1236.07,442.92,293.95,720.5371,joinviIle ,SC,-26.29225819900166,-48.91274413780365,_praia grande,SP,-24.026786758814687,-46.49304889148245,amount: 5.0
mc_ID_928,"Married Female with one child, education: bachelors degree working as professional",70K+,"Hardware from Household department, Ordered Brand : High Quality",11.1054,8.1837,recyclable,,Big Time Discounts,$upermarket,10.48Ms,3.4584 Millions,2048.19,,306.56,310.662,SaO Paul0,$P,-23.55951039494492,-46.66706390175425,LarAnJaL pAuLisTa, 5P,-23.03582473318652,val: -47.8363026594829,4.0
mc_ID_929,"Married Female with five children, education: high school degree working as professional",70K+,"Bathroom Products from Health and Hygiene department, Ordered Brand : Hilltop",23.2575,41.66 lbs,recyclable,"['Ready Food', 'Florist', 'Bar For Salad', 'Coffee Bar', 'Video Store']",Dimes Off,Deluxe,4.76Ms,2.0944 Millions,2038.11,481.98,320.77,602.7575,sao paulo,SP,-23.534811000000005,-46.68102,s@o paulo,SP,-23.495750203445063,-46.56850788842403,amount: 1.0
mc_ID_930,"Married Female with three children, education: high school degree working as skilled manual",30k,"Paper Products from Household department, Ordered Brand : Cormorant",26.31,23.4028,non recyclable,['Coffee Bar'],Best Price Savers,SuPermArKET,6.8 Millions,3.264 Millions,1236.07,440.92,292.65,720.5371,recife,Pa,-8.038327293905851,-34.92473733918974,campinas,SP,-22.92991227115403,-47.07189552530681,4.0
mc_ID_931,"Single_Male_with_one_kid,_education:_bachelors_degree_working_as_professional",130K+,"Hot Beverages from Beverages department, Ordered Brand : CDR",16.4256,14.97 kg,recyclable,"['Ready Food', 'Florist', 'Bar For Salad', 'Coffee Bar', 'Video Store']",Super Duper Savers,Deluxe,14.32 Millions,6.5872 Millions,1525.28,,248.87,266.73,SAO PAULO,SP,-23.62510448987245,measure: -46.72835260796926,ribeirao pre7o,SP,-21.116471333054424,-47.79073400291418,4.0
mc_ID_932,"Married Female with two children, education: partial high school working as manual",10K+ annually,"Pure Juice Beverages from Beverages department, Ordered Brand : Skinner",21.3678,16.8617,recyclable,"['Florist', 'Video Store', 'Bar For Salad', 'Coffee Bar', 'Ready Food']",Dimes Off,Deluxe,6.42 Millions,1.9902 Millions,,481.98,319.52,550.6144,aparecida de goiania,"GO
",-16.814676261037956,val: -49.23631853303319,belo horizonte,MG,-19.95661690748416,val: -43.968436347881045,5.0
mc_ID_933,"Married Female with five children, education: bachelors degree working as professional",70K+,"Specialty from Produce department, Ordered Brand : Tell Tale",22.676,19.7689,recyclable,"['Bar For Salad', 'Coffee Bar', 'Video Store', 'Florist', 'Ready Food']",Tip Top Savings,Deluxe,6.52 Millions,2.9992 Millions,1737.4,503.07,335.3,287.127,Osa$Co,SP,data: -23.56949384569213,-46.8037303756421,IBITINGA,SP,-21.7664768468313,val: -48.83154737836604,5.0
mc_ID_934,"Married Female with three kids, education: bachelors degree working as management",90K+,"Snack Foods from Snack Foods department, Ordered Brand : Best Choice",22.0946,19.0421,non recyclable,"['Coffee Bar', 'Bar For Salad', 'Ready Food', 'Video Store', 'Florist']",One Day Sale,Gourme7,10.98 Millions,3.4038 Millions,1426.73,465.54,310.3,449.1524,curitiba,PR,?,amount: -49.29377559970583,sao paulo,SP,-23.65250284762537,-46.66809535567546,data: 5.0
mc_ID_935,"Single Male with five children, education: high school degree working as skilled manual",30K+,"Canned Soup from Canned Foods department, Ordered Brand : Bravo",26.8915,22.5307,recyclable,"['Ready Food', 'Bar For Salad', 'Coffee Bar', 'Florist']",Shelf Emptiers,,15.92 Millions,4.776 Millions,1563.17,385.45,255.18,773.0986,tauba7e,SP,-23.02428824942083,measure: -45.54083048929199,Sau Paulo,	SP,-23.59798552039933,-46.55547278711988,5.0
mc_ID_936,"Single Male with five children, education: high school degree working as skilled manual.",30K+,"Magazines from Periodicals department, Ordered Brand : Robust",15.1174,12.1956,non recyclable,"['Bar For Salad', 'Video Store', 'Ready Food', 'Florist', 'Coffee Bar']",Dimes Off,,3.78Ms,1.701 Millions,2038.11,481.98,320.75,550.6144,toledo,pr,-24.74179836041965,-53.753890429702814,rio de janeiro,RJ,amount: -22.87459850346245,-43.477731000000006,1.0
mc_ID_937,"Single Male with two children, education: high school degree working as manual",30K+,"Canned Shrimp from Canned Foods department, Ordered Brand : Just Right",20.2049,18.606,non recyclable,['Coffee Bar'],, Supermarket,€5.3M,2.7368 Millions,1236.07,440.92,293.95,$724.51,sao paulo, $P ,-23.60590732760994,-46.62908109623806,sao paulo,SP,-23.575745041924048,-46.74085825118136,5.0
mc_ID_938,"Married Female with four children, education: high school degree working as skilled manual",30K+ annually,"Pain Relievers from Health and Hygiene department, Ordered Brand : Consolidated",19.7689,16.8617,recyclable,"['Video Store', 'Florist', 'Coffee Bar', 'Bar For Salad', 'Ready Food']",Shelf Clearing Days,Gourmet,€3.1M,1.1712 Millions,1424.85,465.54,310.3,533.2508,valinhos,SP,-22.96262568971205,-46.97869548506475,florianopol1s, SC ,-27.60731306466045,-48.59058002775691,5.0
mc_ID_940,"single female with no children, education: partial high school working as skilled manual",30K+,"Baking Goods from Baking Goods department, Ordered Brand : CDR",26.0193,-24.4204,non recyclable,"['Bar For Salad', 'Florist', 'Coffee Bar', 'Video Store', 'Ready Food']",Price Winners,Deluxe,4.56Ms,1.4592 Millions,2038.11,481.98,321.26,453.9117,sao caetano do sul,SP,-23.60954690025056,-46.568247078142726,uMUaRaMa,PR,-23.748416432474365,-53.29690112215509,4.0
mc_ID_941,"Single Female with five children, education: bachelors degree working as professional",70K+,"Plastic Products from Household department, Ordered Brand : Red Wing",23.9843,22.5307,recyclable,"['Bar For Salad', 'Florist', 'Video Store', 'Coffee Bar', 'Ready Food']",GLD,Deluxe,"10.38 ,000,000illions",3.3216 Millions,1734.5,503.07,335.75,346.5921,mirassol,_SP,-20.80606834590576,-49.50314249273567,Sao Bernerdo Do Campo,SP,data: -23.66148702746846,-46.56416174311855,val: 5.0
mc_ID_944,"Married Female with three children, education: partial high school working as professional",90K+,"Hot Beverages from Beverages department, Ordered Brand : Plato",347.64 oz,6.9482,non recyclable,"['Coffee Bar', 'Ready Food', 'Bar For Salad', 'Video Store', 'Florist']",Lottery Cash Registerion,DELUXE,6.57 Millions,3.0879 Millions,1734.5,503.07,335.38,313.0678,montes cleros,MG_,-16.718833477927223,-43.8691627456287,sao paulo,5P,-23.479316999999995,-46.5904340471753,5.0
mc_ID_945,"Single Female with three children, education: bachelors degree working as management",50K+,"Electrical from Household department, Ordered Brand : Cormorant",29.7987,26.8915,non recyclable,"['Ready Food', 'Florist', 'Video Store', 'Coffee Bar', 'Bar For Salad']",Sale Sale Sale,DELuXE,5.52 Millions,2.5944 Millions,1525.28,373.1,248.51,722.6814,sao paulo,SP,-23.56816235942637,data: -46.66117892867444,sao paulo,sp,-23.545478675515763,-46.58524120407659,5.0
mc_ID_946,"Married Female with No kids, education: partial college working as clerical.",30K+,"Drinks from Beverages department, Ordered Brand : Excellent",18.606,15.6988,non recyclable,['Florist'],Roller Savings (High) ,supermarket,€7.6M,3.9336 Millions,1322.39,523.32,350.21,532.6232,	JuIz De fOra,mg,-21.75964925062038,-43.353198256592975,sao paulo,sp,-23.54446292977097,-46.56591579892085,5.0
mc_ID_947,"EDUCATION: HIGH SCHOOL DEGREE WORKING AS SKILLED MANUAL, mARRIED fEMALE WITH TWO CHILDREN",30K+,"Canned Tuna from Canned Foods department, Ordered Brand : Bravo",14.1144,11.2072,recyclable,"['Ready Food', 'Coffee Bar', 'Bar For Salad', 'Florist', 'Video Store']",Super Duper Savers,Deluxe,8.34 Millions,3.4194 Millions,1525.28,373.1,248.79,266.73,osasco,SP,-23.50689076715323,-46.78586646309645, praia grande ,SP,measure: -24.026786758814687,-46.49304889148245,1.0
mc_ID_949,"Married Male with one child, education: high school degree working as management",130K+,"Bathroom Products from Health and Hygiene department, Ordered Brand : Hilltop",13.4603,12.0067,non recyclable,"['Ready Food', 'Coffee Bar', 'Bar For Salad', 'Florist']",Dollar Days,Deluxe,$5.76 Millions,2.2464 Millions,2054.44,654.13,435.05,725.9763,fLorIAnOpOLiS,$C,-27.58657286234056,-48.578813680679794,Teresopolis,RJ,-22.428725888669057,-42.97556752642736,5.0
mc_ID_950,"Married Male with three children, education: bachelors degree working as management",€59K+,"Baking Goods from Baking Goods department, Ordered Brand : Landslide",16.4256,-13.5184,non recyclable,"['Video Store', 'Florist', 'Coffee Bar', 'Bar For Salad', 'Ready Food']",Money Savers,Deluxe,7.77 Millions,2.7972 Millions,1871.16,595.93,395.95,343.611,teresina,PI,-5.077309047100612,-42.811760520500144,recife,PE,-8.054831577298156,-34.898531076461445,1.0
mc_ID_953,Single Male with No children | education: high school degree working as manual,30K+,"Vegetables from Canned Foods department, Ordered Brand : Pleasant",16.7163,-0.1,non recyclable,"['Ready Food', 'Video Store', 'Coffee Bar', 'Bar For Salad', 'Florist']",Two Day Sale,Deluxe,$11.91 Millions,5.4786 Millions,2038.11,,320.29,495.7517,AMERIKANA,SP,-22.737278419931872,-47.31266995989381,CURLTIBA,pr,-25.43585833749783,-49.22158276824976,5.0
mc_ID_955,"Married Male with four children, education: high school degree working as skilled manual",30K or more,"Meat from Deli department, Ordered Brand : Lake",15.2627,12.3555,recyclable,,Full Free,Supermarket,11.76 Millions,3.7632 Millions,1510.41,227.8,151.9,660.2352,sao paulo,SP,-23.554133203993324,-46.53048959908248,AMPARO,Sp,-22.72282092806635,-46.84179829244856,val: 5.0
mc_ID_956,"Married Female with three children, education: bachelors degree working as professional",50K+,"Canned Sardines from Canned Foods department, Ordered Brand : Blue Label",20.3503,15.9895,recyclable,"['Ready Food', 'Bar For Salad', 'Florist', 'Coffee Bar']",Save Price,_DELUXE,7.2 Millions,3.168 Millions,2055.29,654.13,436.41,602.1299,parauapebas,Pa,-6.0858180000000015,-49.89855149999999,volta radonda,SP,-22.498182754371285,-44.12361371579433,measure: 2.0
mc_ID_957,"Single Male with four children, education: high school degree working as manual",30K+,"Frozen Entrees from Frozen Foods department, Ordered Brand : Golden",13.7074,9.3466,nil,"['Ready Food', 'Bar For Salad']",,Supermarket,€6.2M,3.1476 Millions,2447.93,470.27,313.55,363.6942,anapolis,GU,-16.288748606190804,data: -48.95598650378377,ribeirao preto,SP,-21.17121748495008,-47.81941847157649,5.0
mc_ID_958,"single female with no children, education: bachelors degree working as management",€59K+,"Vegetables from Frozen Foods department, Ordered Brand : Imagine",measure: 13.6492,data: 10.7421,recyclable,"['Video Store', 'Coffee Bar', 'Bar For Salad', 'Florist', 'Ready Food']",GLD,Deluxe,3.44Ms,1.5136 Millions,1871.16,593.93,395.95,484.1411,belford roxo,RJ,-22.7327171059093,data: -43.36105022505727,sao paulo,5P,measure: -23.693985995008337,-46.70188324132953,5.0
mc_ID_959,"Married Female with four children, education: partial high school working as skilled manual",10k,"Breakfast Foods from Breakfast Foods department, Ordered Brand : Radius",12.2102,10.7421,non recyclable,nil,Saving Days,Deluxe,$2.58 Millions,0.9546 Millions,2055.29,654.13,435.08,352.0313,	niteroi,RJ,-22.92080861944341,-43.09368761944342,guarulhos,SP,-23.457428518177625,-46.56396476894224,1.0
mc_ID_961,"Single Male with one child, education: bachelors degree working as professional",110K+,"Vegetables from Produce department, Ordered Brand : Ebony",amount: 25.2925,22.24,recyclable,"['Video Store', 'Florist', 'Coffee Bar', 'Ready Food', 'Bar For Salad']",Dimes Off,,8.91 Millions,3.7422 Millions,2038.11,,,550.6144,	CRUZ AlTA,Rs,-28.64924117913528,measure: -53.58583383413245,sao paulo,SP ,-23.65111484251016,-46.75521082321932,5.0
mc_ID_963,"Married Male with one child, education: bachelors degree working as professional",30K+ annually,"Frozen Entrees from Frozen Foods department, Ordered Brand : Golden",13.7074,9.3466,non recyclable,"['Ready Food', 'Bar For Salad']",Super Savers,supermarket,7.32 Millions,2.4888 Millions,2448.37,470.27,313.55,754.7413,brasilia,DF,-15.687127618933868,-47.8263635190533,sao paulo,SP,-23.52399579739165,-46.51294318734492,5.0
mc_ID_964,"Single Female with one child, education: high school degree working as manual",30K or more,"Snack Foods from Snack Foods department, Ordered Brand : Nationeel",27.4729,24.4204,recyclable,,Price Cutters,Mid-Size,6.4 Millions,2.752 Millions,2085.67,783.64,522.49,324.7307,arinos,MG,-15.904068315827542,Not Available,Seta Lagoas,MG,val: -19.46361254830593,-44.24441403023008,5.0
mc_ID_965,"Single Male with two children, education: bachelors degree working as professional",70K+ annually,"Specialty from Carousel department, Ordered Brand : ADJ",28.4904,27.0368,recyclable,"['Coffee Bar', 'Florist']",,Mid-Size,8.28 Millions,2.5668 Millions,2551.4,389.54,259.66,694.9624,SAO PAulo,SP,-23.494859518177623,-46.44089971663105,prala grande,SP,-24.011288218359883,-46.41873374429398,4.0
mc_ID_966,"Married Female with five children, education: partial college working as professional",1560+ monthly,"Vegetables from Produce department, Ordered Brand : Hermanos",15.5534,12.6317,non recyclable,"['Bar For Salad', 'Coffee Bar', 'Ready Food', 'Florist']",GLD,,5.62 Millions,2.3604 Millions,,385.45,256.97,396.2248,rio de jameiro,Rj,-22.99920563249489,-43.2722509879392,"ibitinga
",sp,-21.7664768468313,-48.83154737836604,1.0 stars
mc_ID_968,Single Female with two children | education: high school degree working as management,90K+,"Baking Goods from Baking Goods department, Ordered Brand : Landslide",21.9493,19.0421,recyclable,"['Coffee Bar', 'Video Store', 'Florist', 'Bar For Salad', 'Ready Food']",Lottery Cash Registerion,DElUxE,1.64 Millions,0.738 Millions,1734.5,503.07,335.38,313.0678,_sao paulo,SP,val: -23.493746205672256,-46.685192018074005,guarulhos,SP,-23.40802531933689,-46.47133305879546,4.0
mc_ID_969,"Married Female with two children, education: partial high school working as management",90K or more,"Meat from Deli department, Ordered Brand : Red Spade",-0.1,7.4569,non recyclable,,Price Winners,,3.14 Millions,1.0048 Millions,1623.48,341.05,227.33,543.397,saobenedlto,CE,-4.043724769314581,measure: -40.86803543271508,sao paulo,"SP
",-23.541941545934563,-46.49095488842404,5.0
mc_ID_971,"Single Female with three children, education: high school degree working as skilled manual",30K+,"Magazines from Periodicals department, Ordered Brand : Excel",18.0246,13.6492,recyclable,"['Ready Food', 'Video Store', 'Bar For Salad', 'Coffee Bar', 'Florist']",Money Savers,Deluxe,"2.31 ,000,000illions",1.0626 Millions,1523.96,373.1,248.79,560.656,brasilia,DF,-15.762595499999993,-47.88525825000001,saO Paulo,SP,-23.65250284762537,-46.66809535567546,4.0
mc_ID_972,"Married Male with one child, education: high school degree working as skilled manual",Income: 30K+,"Vegetables from Frozen Foods department, Ordered Brand : PigTail",10.1606,val: 7.2389,non recyclable,,Sale Winners,Supermarket,3.82 Millions,1.2224 Millions,1508,227.8,,720.171,campo grande,MS,-20.457467847469584,-54.57264622973501,PORTO ALEGRE,RS,-30.00731246906908,-51.19422244408211,1.0
mc_ID_973,"Married Female with No children, education: partial college working as skilled manual",30K+,"Cold Remedies from Health and Hygiene department, Ordered Brand : Faux Products",-21.0771,18.1699,non recyclable,['Coffee Bar'],Best Savings,,1.59 Millions,0.6678 Millions,1236.07,440.92,293.95,596.2723,Sao Paulo,SP,-23.577327765191324,-46.52552687454557,IBITINGa ,5P,-21.7664768468313,-48.83154737836604,Rating: 1.0
mc_ID_974,"Single Female with two children, education: high school degree working as skilled manual",30K+,"Candy from Snacks department, Ordered Brand : Musial",measure: 14.972,10.6112,non recyclable,"['Coffee Bar', 'Florist', 'Video Store', 'Bar For Salad', 'Ready Food']",I Cant Believe It Sale,Deluxe,9.42 Millions,3.8622 Millions,1734.5,503.07,335.38,363.3281,curitiba,Pr ,-25.44954288613569,-49.21144025667293,sao paulo ,SP,-23.693985995008337,-46.70188324132953,5.0
mc_ID_976,"Single Female with three children, education: bachelors degree working as professional",50000,"Cold Remedies from Health and Hygiene department, Ordered Brand : Bird Call",measure: 25.1472,23.5482,non recyclable,,Three for One,Mid-5ize,8.67 Millions,3.8148 Millions,2086.74,785.64,522.49,data: 570.5407,rio De jANeIRO,RJ,-22.81037884041201,-43.32241089592587,sao paulo,SP,-23.539446764643067,-46.639378335968615,4.0
mc_ID_978,"Married Female with three children, education: high school degree working as skilled manual",€25K+,"Canned Soup from Canned Foods department, Ordered Brand : Just Right",29.7987,26.8915,recyclable,,Budget Bargains,Supermarket_,"7.2 ,000,000illions",3.528 Millions,1624.89,,225.86,623.7298,forquilhinha,Sc,-28.748325046839994,data: -49.483182534145975,sao paulo,SP,-23.537511255832708,-46.63705730743676,5.0
mc_ID_981,"Single Male with one child, education: partial high school working as skilled manual",10 Thousand,"Canned Soup from Canned Foods department, Ordered Brand : Pleasant",29.3626,27.909,recyclable,,Savings Galore,Supermarket,2.62Ms,0.9956 Millions,2048.65,457.36,304.91,measure: 714.2611,pomerode,sc,-26.782733356548945,amount: -49.16415016984577,maringa,PR,-23.38219409935399,-51.95529780691714,5.0
mc_ID_983,"Married Female with No children, education: high school degree working as manual",30k,"Beer and Wine from Alcoholic Beverages department, Ordered Brand : Portsmouth",28.0543,25.0018,non recyclable,['Coffee Bar'],Price Slashers,Supermarket,7.8 Millions,2.886 Millions,1236.07,442.92,293.95,402.6054,MArACANEu,CE,-3.839632245534653,-38.59439688352401,santo andre,SP,-23.665703457960586,-46.51808196779969,3.0
mc_ID_985,"Married Female with two children, education: high school degree working as skilled manual",30K+,"Dairy from Dairy department, Ordered Brand : Carlson",28.4904,-24.1296,recyclable,,Save It (Sale),Supermarket,9.44 Millions,2.832 Millions,2048.14,459.36,304.91,467.4051,jOAO peSsOe,PB,-7.1577073615364455,-34.8804300677347,sao bernardo do campo,5P,-23.66148702746846,measure: -46.56416174311855,5.0
mc_ID_987,"MaRrIeD FeMaLe wItH FiVe cHiLdReN, eDuCaTiOn: BaChElOrS DeGrEe wOrKiNg aS MaNaGeMeNt",70K+,"Bread from Baked Goods department, Ordered Brand : Modell",31.8337,28.7811,recyclable,"['Bar For Salad', 'Ready Food']",Big Time Discounts,SUPERMARKET,6.24 Millions,2.184 Millions,2448.37,470.27,313.55,501.9754,JUNdIaI,SP,-23.1886382132707,-46.87453437279828,itatiba,sp,-22.99567770323237,-46.857106243157794,1.0
mc_ID_988,"Single Female with four children, education: graduate degree working as professional",€59K+,"Snack Foods from Snack Foods department, Ordered Brand : Fort West",15.2627,-13.8091,recyclable,"['Ready Food', 'Coffee Bar', 'Florist', 'Video Store', 'Bar For Salad']",One Day Sale,Deluxe,5.79 Millions,2.4318 Millions,1871.16,595.93,395.95,360.3993,itajuba,MG,-22.44792452791712,-45.47536827278867,IbiTINGA,$P,-21.7664768468313,-48.83154737836604,3.0
mc_ID_990,"Single Female with four children, education: bachelors degree working as professional",50 Thousand,"Side Dishes from Deli department, Ordered Brand : Cutting Edge",12.3119,val: 10.8583,recyclable,"['Ready Food', 'Florist', 'Video Store', 'Bar For Salad', 'Coffee Bar']",Sale : Double Down,Deluxe,3.99 Millions,1.4364 Millions,1734.5,503.07,334.39,265.6317,Santos ,SP,data: -23.97634046885608,-46.29781459892919,santo andre,Sp,-23.624784000000005,-46.53954225000001,4.0
mc_ID_991,"Single Male with one child, education: partial college working as clerical",30K or more,"Meat from Meat department, Ordered Brand : Genteel",16.1349,13.2277,recyclable,"['Ready Food', 'Video Store', 'Bar For Salad', 'Florist', 'Coffee Bar']",Two Day Sale,Deluxe,2.3 Millions,1.012 Millions,2038.81,481.98,321.26,495.7517,	Rio De Janeiro,RJ,data: -22.974296972243074,measure: -43.28438727866576,ubatuba,"SP
",-23.43162669109582,-45.07722870122336,5.0
mc_ID_993,"Married Male with one child, education: partial high school working as professional, education: partial high school working as professional",90K+,"Bread from Baked Goods department, Ordered Brand : Fantastic",15.4081,12.5009,non recyclable,,Coupon Spectacular,MID-SIZA,€2.6M,1.147 Millions,2083.34,783.64,523.79,658.0909,sAo bERnArdO DO cAmPo,SP,-23.7042315,-46.56292199999999,petropolis,RJ,-22.549033360244323,val: -43.210094724044055,amount: 5.0
mc_ID_996,"Married Male with three children, education: high school degree working as management",130K+,"Fruit from Produce department, Ordered Brand : Ebony",11.7886,amount: 10.3205,non recyclable,"['Ready Food', 'Bar For Salad', 'Video Store', 'Coffee Bar', 'Florist']",Dimes Off,Deluxe,7.35 Millions,2.793 Millions,2038.11,481.98,321.26,550.6144,belo horizonte,MG,-19.865544862340563,-43.92052843242536,ibitinga,SP,-21.7664768468313,-48.83154737836604,1.0
mc_ID_997,"Single Female with five children, education: bachelors degree working as professional",50K or more,"Breakfast Foods from Frozen Foods department, Ordered Brand : Imagine",10.4659,6.0906,recyclable,"['Video Store', 'Coffee Bar', 'Ready Food', 'Florist', 'Bar For Salad']",Sale : Double Down,Deluxe,11.61 Millions,4.2957 Millions,1525.28,375.1,250.5,278.2883,divinopolis,MG,-20.147537126559413,-44.90712481034317,sao paulo,SP,-23.50097763469062,-46.62712333406575,4.0
mc_ID_998,"Married Male with one child, education: bachelors degree working as professional",50K+,"Jams and Jellies from Baking Goods department, Ordered Brand : CDR",10.0879,5.7272,recyclable,,,supermarket,5.3 Millions,1.802 Millions,1508,,151.9,565.9906,beLEm, PA,-1.398302853453761,-48.45359410502642,sao paulo,_sp,amount: -23.693985995008337,-46.70188324132953,5.0
mc_ID_999,"Married Male with one child, education: high school degree working as skilled manual",30K+,"Vegetables from Produce department, Ordered Brand : Hermanos",15.5534,12.6317,non recyclable,,Price Destroyers,,8.43 Millions,3.9621 Millions,1508,227.8,151.9,635.1312,JUNQUEIROPOLIS,SP,-21.51865436309028,-51.43460140551366,hortolandia,5P,-22.887514996879027,-47.19573904628551,5.0
mc_ID_1000,"Married Female with four children, education: partial high school working as skilled manual",10K+,"Snack Foods from Snack Foods department, Ordered Brand : Fast",23.4028,val: 20.4957,recyclable,['Coffee Bar'],Two Day Sale,SUPERMARKET,8.85 Millions,3.717 Millions,1236.07,440.92,,477.3944,sao paulu,sp,-23.431612777684805,-46.72453334984706,Sao pAuLo,SP,-23.50739523980033,-46.74054093839796,1.0
mc_ID_1001,"Married Female with four children, education: partial high school working as skilled manual",10K+,"Meat from Deli department, Ordered Brand : Red Spade",19.1874,val: 17.5885,recyclable,,GLD,Supermarke7,4.83 Millions,2.2218 Millions,2049.72,,,697.7866,sao paulo,SP,-23.708808000000005,-46.7109020111085,sao jose do rio preto,SP,-20.80243626346376,-49.39562406741489,4.0
mc_ID_1002,"Single Male with two children, education: bachelors degree working as professional",70K+,"Snack Foods from Snack Foods department, Ordered Brand : Best Choice",14.3906,10.0153,non recyclable,"['Video Store', 'Florist', 'Coffee Bar', 'Ready Food', 'Bar For Salad']",Save It (Sale),Gourmet,2.98 Millions,1.2218 Millions,,465.54,310.3,val: 427.7617,goiania,GO,-16.69233053490511,-49.26801564804068,piracicaba,sp,-22.71683928585045,-47.65736585405934,val: 4.0
mc_ID_1003,"Single Male with three children, education: bachelors degree working as professional",50K+,"Frozen Desserts from Frozen Foods department, Ordered Brand : Carrington",16.7163,12.3555,non recyclable,"['Ready Food', 'Bar For Salad']",Money Savers,,6.3 Millions,2.268 Millions,2265.9,853.22,567.52,432.0503,rLo de janeirO,rj,-22.906800000000004,amount: -43.176623145421054,"Guariba
",sp,val: -21.36235769739203,-48.232975701561735,2.0
mc_ID_1006,"Single Female with three children, education: bachelors degree working as professional",50K+,"Frozen Desserts from Frozen Foods department, Ordered Brand : Big Time",28.9265,val: 24.4204,recyclable,"['Ready Food', 'Bar For Salad']",Wallet Savers,SUPERMARKET,8.31 Millions,2.9085 Millions,2448.37,470.27,315.44,324.8876,suzano,sP,-23.54646763188849,-46.31743880609893,praiagrande,SP,-24.011288218359883,val: -46.41873374429398,measure: 3.0
mc_ID_1007,"Married Female with five children, education: partial High School working as manual.",10K+,"Fruit from Produce department, Ordered Brand : Hermanos",-999.0,21.9493,recyclable,,Price Destroyers,$UPERMARKET,€6.9M,3.078 Millions,,227.8,151.9,R$3493.22,carapicuiba,SP,-23.55971076646229,-46.8303535073357,ibitinga,sp,-21.7664768468313,val: -48.83154737836604,5.0
mc_ID_1009,"Single Male with two children, education: partial high school working as skilled manual",10K+,"Snack Foods from Snack Foods department, Ordered Brand : Nationeel",14.10 kg,12.6317,non recyclable,"['Bar For Salad', 'Florist', 'Coffee Bar', 'Ready Food']",Price Winners,gOUrMEt,8.19Ms,2.5389 Millions,1563.92,385.45,256.97,769.7514,guar4nesia,MG,-21.301371432971965,-46.798887440229024,dracena,Sp,measure: -21.4988715,-51.53786099999999,measure: 5.0
mc_ID_1010,"Single Male with four children, education: high school degree working as professional",130k,"Snack Foods from Snack Foods department, Ordered Brand : Nationeel",23.6936,19.1874,non recyclable,"['Coffee Bar', 'Ready Food', 'Florist', 'Video Store', 'Bar For Salad']",Roller Savings (High) ,DELUXE,3.42Ms,1.368 Millions,1734.5,503.07,,440.1568,5Ao Francisco Do Conde,BA,-12.61844726595868,-38.677119221710925,ibitinga,sp,-21.7664768468313,-48.83154737836604,5.0
mc_ID_1011,"Married Female with four children, education: graduate degree working as professional",130K+,"Vegetables from Canned Foods department, Ordered Brand : Bravo",measure: 9.8844,-1.0,recyclable,"['Bar For Salad', 'Ready Food', 'Florist', 'Coffee Bar', 'Video Store']",Bag Stuffer,deluxe,9.45 Millions,2.9295 Millions,1734.5,503.07,335.84,662.2226,franco da rocha,SP,-23.3125727472596,-46.72483470496001,rio de janeiro,RJ,-22.876208978908178,-43.56012203941369,5.0
mc_ID_1013,"Married Female with one child, education: bachelors degree working as professional",10k,"Carbonated Beverages from Beverages department, Ordered Brand : Excellent",10.5822,-7.675,recyclable,"['Video Store', 'Coffee Bar', 'Bar For Salad', 'Florist', 'Ready Food']",Lottery Cash Registerion,D3luxe,€3.3M,1.965 Millions,1734.5,,335.38,313.0678,HOLAMBRA,SP,-22.61429565168213,-47.06761188787577,baruer1,SP,val: -23.491791912543025,-46.94733309700014,3.0
mc_ID_1014,"Single Female with two kids, education: high school degree working as professional",70K+ annually,"Eggs from Eggs department, Ordered Brand : Urban",data: 18.8967,val: 14.5359,non recyclable,,Save Price,_Supermarket,3.9 Millions,1.95 Millions,1508,,151.9,428.0755,ARAXA,MG,-19.60662568649961,-46.943755496310565,curitibano$,SC,-27.288614821408185,measure: -50.57696646191445,1.0
mc_ID_1015,"Single Female with No kids, education: partial HS working as manual",10K+,"Dairy from Dairy department, Ordered Brand : Club",20.4957,measure: 16.1349,non recyclable,['Coffee Bar'],Weekend Discount,Supermarket,11.46 Millions,4.6986 Millions,1236.07,440.92,293.95,364.1649,rio de janeiro,RJ,-22.923980497085807,-43.22589028129148,maringa,PR,-23.377396999935016,-51.93100618003307,
mc_ID_1017,"Single Female with five kids, education: high school degree working as professional",90K+,"Dairy from Dairy department, Ordered Brand : Even Better",10.0879,5.7272,recyclable,"['Coffee Bar', 'Ready Food', 'Florist', 'Video Store', 'Bar For Salad']",,,$14.44 Millions,5.4872 Millions,2038.11,483.98,321.26,455.3761,rio de janeiro,RJ,-22.96955756564139,-43.691022,ibitinga,SP,-21.7664768468313,-48.83154737836604,1.0
mc_ID_1018,"Married Female with four children, education: high school degree working as professional",90K+,"Vegetables from Frozen Foods department, Ordered Brand : PigTail",-0.1,11.527,non recyclable,['Coffee Bar'],Two Day Sale,Supermarke7,1.62 Millions,0.6642 Millions,1236.07,440.92,,477.3944,sao juao de meriti,RJ_,-22.78559991084594,-43.3965861916314,Ibitinga,"SP
",-21.7664768468313,-48.83154737836604,3.0
mc_ID_1020,"Married Female with two children, education: high school degree working as skilled manual",10K or more,"Snack Foods from Snack Foods department, Ordered Brand : Fast",15.5534,12.6317,non recyclable,"['Bar For Salad', 'Coffee Bar', 'Florist', 'Ready Food', 'Video Store']",GLD,DELUXE,12.0 Millions,5.4 Millions,1871.16,,395.95,484.1411,SAO PAULO,SP,-23.510528525135992,-46.487776833392445,sao paulo,$P,-23.569353157366287,-46.63690014002537,4.0
mc_ID_1021,"Single Female with five children, education: partial college working as professional",50K+,"Pure Juice Beverages from Beverages department, Ordered Brand : Fabulous",8.7216,-1.0,recyclable,,Full Free,,8.55 Millions,4.275 Millions,1508,,151.9,660.2352,sao jose da barra,MG,amount: -20.76424619899846,-46.21645563215535,rio de janeiro,RJ,-22.89844010101571,-43.28117498222639,5.0
mc_ID_1022,"single male with one child, education: graduate degree working as professional",70K+,"Snack Foods from Snack Foods department, Ordered Brand : Nationeel",13.0097,-10.0879,non recyclable,['Coffee Bar'],Promo Big, Supermarket,"7.35 ,000,000illions",2.352 Millions,1236.07,440.92,293.95,647.8924,ribeirao preto,sP,-21.17121748495008,-47.81941847157649,sao paulo, SP ,-23.52833381848348,-46.61941011172019,3.0
mc_ID_1024,"Single Male with five children, education: partial high school working as skilled manual",30K+ annually,"Frozen Desserts from Frozen Foods department, Ordered Brand : Carrington",20.2049,18.606,recyclable,"['Video Store', 'Ready Food', 'Florist', 'Coffee Bar', 'Bar For Salad']",Discount Frenzy,Gourmet,4.48Ms,1.8816 Millions,1424.85,467.54,310.3,555.2168,conchas,Sp,-23.01537892814005,-48.008989829757134,cachoeiro de itapemirim, es ,-20.840166,-41.18323949999999,4.0
mc_ID_1026,"Single Male with one child, education: partial college working as manual",30K+,"Frozen Desserts from Frozen Foods department, Ordered Brand : Carrington",measure: 25.7286,amount: 21.3678,recyclable,,Sales Days,SUPERMARKET,10.6 Millions,3.604 Millions,2049.72,457.36,304.91,610.5502,nOVa AurorA,PR,-24.520814999999995,-53.26702819783664,sao paulo,SP,-23.551013388568272,-46.44848890729416,measure: 5.0
mc_ID_1027,"Married Female with five children,education: partial high school working as skilled manual",10K+,"Snack Foods from Snack Foods department, Ordered Brand : Fort West",31.6883,28.6358,recyclable,,Two for One,mId-siZE,7.23 Millions,2.7474 Millions,2819.7,447.7,298.5,646.5849,catanduva,SP,-21.13720381121821,-48.98922802596262,guariba,sp,-21.36235769739203,-48.232975701561735,5.0
mc_ID_1030,"Single Male with four children, education: partial high school working as skilled manual",30K+,"Starchy Foods from Starchy Foods department, Ordered Brand : Medalist",27.1822,-24.275,recyclable,['Florist'],,,8.34Ms,2.6688 Millions,1320.15,523.32,348.85,532.6232,Sao Joao De Meriti,RJ,-22.784780029352564,-43.33447068870135,ibitinga,Sp,-21.7664768468313,-48.83154737836604,1.0
mc_ID_1032,Single Female with three children | education: partial high school working as skilled manual,10K+,"Candy from Snacks department, Ordered Brand : Thresher",val: 17.007,14.0853,recyclable,"['Bar For Salad', 'Ready Food']",Shelf Clearing Days,,4.44 Millions,1.3764 Millions,2448.37,470.27,313.55,363.6942,VISCONDE 	DO 	RIO 	BRANCO,MG,-21.00842860029707,-42.83922849851464,ibitinga,SP,-21.7664768468313,-48.83154737836604,5.0
mc_ID_1034,"Single Male with one child, education: partial high school working as skilled manual",10K+,"Vegetables from Produce department, Ordered Brand : Tri-State",11.1345,8.2128,recyclable,"['Coffee Bar', 'Ready Food', 'Bar For Salad', 'Florist', 'Video Store']",Save Price,DELUXE,9.51 Millions,###,2038.11,481.98,323.01,€241.66,nacip raydan,MG,-18.45349689283645,-42.25131267239962,penap0lis,SP,-21.426570046543283,-50.06791761043272,3.0
mc_ID_1035,"Single Female with two children, education: bachelors degree working as professional",50K+,"Bread from Baked Goods department, Ordered Brand : Modell",10.5822,6.2214,recyclable,"['Bar For Salad', 'Ready Food']",Save Price,Supermarket,7.32 Millions,2.7084 Millions,2449.12,470.27,313.55,406.4756,sao paulo,SP,-23.48631646433721,-46.62224366625309,Sao JOsE DOs CaMPOS,SP,-23.221431461827063,amount: -45.888163895493165,measure: 4.0
mc_ID_1036,"Single Female with four children, education: partial high school working as manual",360+ monthly,"Bread from Baked Goods department, Ordered Brand : Great",9.3611,7.9075,non recyclable,['Coffee Bar'],Discount Frenzy,supermarket,11.28 Millions,5.5272 Millions,1236.07,,294.12,745.0135,maringa,PR,-23.40870190356673,-51.94097450684423,jaragua do $ul,$C,-26.491731442148883,-49.07562289508913,5.0
mc_ID_1038,"Single Female with one child,education: partial high school working as manual",10K+,"Hygiene from Health and Hygiene department, Ordered Brand : Bird Call",24.7111,23.26 kg,non recyclable,,Sales Days,Supermarket,4.2Ms,1.89 Millions,2049.72,,305.99,610.5502,amparo,_SP,-22.71217282988044,-46.78936475062037,APARECIDA,SP,-22.851929577501,-45.23031074613782,100%
mc_ID_1040,"Married Female with one child, education: high school degree working as manual",30K+,"Fruit from Produce department, Ordered Brand : High Top",25.0018,20.641,recyclable,"['Coffee Bar', 'Florist', 'Video Store', 'Bar For Salad', 'Ready Food']",Go For It,Deluxe,1.84 Millions,0.7544 Millions,2038.11,481.98,321.26,455.3761,treze ti1ias,SC,-26.99928007635342,-51.41862192626861,GUARUJA,SP,-23.99777832361936,-46.2767638411045,5.0
mc_ID_1042,"Single Female with four children, education: partial HS working as skilled manual",Income: 10K+,"Vegetables from Produce department, Ordered Brand : Tell Tale",20.2049,17.1524,recyclable,"['Video Store', 'Bar For Salad', 'Florist', 'Ready Food', 'Coffee Bar']",Two Day Sale,,8.88 Millions,4.0848 Millions,1870.1,593.93,394.11,402.0824,praia grande,	sp,-24.01704140383171,-46.44291733028447,laranjal paulista,--,-23.03582473318652,-47.8363026594829,5.0
mc_ID_1045,"Married Female with four kids, education: partial college working as professional",€93K+,"Seafood from Seafood department, Ordered Brand : Tip Top",30.9615,-29.3626,recyclable,"['Florist', 'Video Store', 'Ready Food', 'Bar For Salad', 'Coffee Bar']",Money Savers,,18.0 Millions,7.92 Millions,1871.16,595.93,,343.611,BELO HORIZONTE,MG,-19.897675641051563,-43.92073141014801,sao paulo,SP,-23.62358155176294,-46.61056007369148,val: 2.0
mc_ID_1046,"Single Male with one child, education: bachelors degree working as professional",130K+,"Beer and Wine from Alcoholic Beverages department, Ordered Brand : Top Measure",15.1174,378.92 oz,recyclable,"['Coffee Bar', 'Florist', 'Ready Food', 'Bar For Salad']",Dollar Days,deluxe,10.56 Millions,4.752 Millions,2055.29,654.13,436.09,725.9763,c@cu,GO,-18.710633999999946,measure: -51.085713499999954,borDa DA mAtA, MG ,-22.264093569966427,-46.15856420525942,5.0
mc_ID_1047,"Single Male with three children, education: partial high school working as management",130k,"Vegetables from Produce department, Ordered Brand : Hermanos",-12.1084,9.1867,non recyclable,"['Bar For Salad', 'Ready Food', 'Video Store', 'Florist', 'Coffee Bar']",Sale : Double Down,_Gourmet,$4.11 Millions,1.4796 Millions,1424.85,465.54,311.34,292.6708,sao bernardo do campo,Sp,-23.6889171254682,-46.552552123595405,	hortolandia,5P,-22.887514996879027,measure: -47.19573904628551,5.0
mc_ID_1048,"Married Female with two children, education: bachelors degree working as professional",50K+,"Canned Tuna from Canned Foods department, Ordered Brand : Bravo",14.1144,11.2072,recyclable,['Coffee Bar'],Dimes Off,,8.34 Millions,3.8364 Millions,1237.62,440.92,291.99,688.1634,ANANINDEUA,PA,-1.3556635787308342,amount: -48.403802111059946,sao paulo,Sp,-23.554079433810344,-46.53324185942636,4.0
mc_ID_1050,"Single Female with four children, education: graduate degree working as professional",70K+,"Magazines from Periodicals department, Ordered Brand : Gauss",19.9142,amount: 15.4081,recyclable,,Price Winners,Supermarket,7.6 Millions,3.192 Millions,1623.48,341.05,227.33,543.397,guarulhos,SP,-23.459393645572977,-46.56533488185765,praia grande,SP,-24.011288218359883,-46.41873374429398,5.0
mc_ID_1051,"Married Female with two children, education: partial high school working as manual",€8K+,"Fruit from Produce department, Ordered Brand : Tri-State",measure: 19.9142,16.8617,recyclable,,,SUPERMARKET,7.22 Millions,2.3104 Millions,1506.96,227.8,151.69,399.6243,palotina,PR,-24.2874063973452,-53.83883336666032,curitiba,PR,measure: -25.508669747227305,-49.33026677895873,5.0
mc_ID_1052,"SiNgLe mAlE WiTh nO ChIlDrEn, EdUcAtIoN: pArTiAl hIgH ScHoOl wOrKiNg aS MaNuAl",50K+,"Frozen Desserts from Frozen Foods department, Ordered Brand : Carrington",-25.7286,21.3678,recyclable,['Coffee Bar'],Dimes Off,Small 	Grocery,5.3 Millions,2.12 Millions,1423.37,398.93,265.98,531.6295, brasilia , DF,-15.820608327447964,-47.9774549546782,brasilia,DF,-15.866991460932812,-48.06216204981815,5.0
mc_ID_1053,"Single Female with five childern, education: high school degree working as manual",€25K+,"Fruit from Produce department, Ordered Brand : Ebony",10.5822,9.1286,recyclable,"['Bar For Salad', 'Ready Food', 'Video Store', 'Florist', 'Coffee Bar']",,deluxe,$10.29 Millions,3.6015 Millions,2038.11,481.98,321.26,358.9349, governador valadares ,MG,-18.84144909699821,-41.96259175851705,sao paulo,sP,-23.57282057729816,-46.52329640383172,2.0
mc_ID_1054,"Married Female with one child, education: bachelors degree working as professional",50K+,"Cleaning Supplies from Household department, Ordered Brand : Red Wing",15117.40 grams,10.7421,recyclable,['Coffee Bar'],Sale Winners,Small Grocery,1.68Ms,0.5712 Millions,2071.41,330.83,220.55,564.9446,rio de janeiro,RJ,-22.91790709019568,-43.68079488842404,ilicinea,MG,-20.944705621834668,-45.82709818233235,4.0
mc_ID_1055,"SINGLE MALE WITH THREE CHILDRAN, EDUCATION: HIGH SCHOOL DEGREE WORKING AS MANUAL",30K or more,"Vegetables from Canned Foods department, Ordered Brand : Just Right",22.0946,19.04 kg,non recyclable,['Coffee Bar'],I Cant Believe It Sale,Small Grocery,3.83Ms,1.7618 Millions,,398.93,265.98,605.8955,cachoeira paulista,SP,-22.66402169969416,-45.00665755897629,"curitib4
",PR,amount: -25.464029318048183,-49.30472794690424,5.0
mc_ID_1057,"Single Female with one kid, education: partial college working as manual",50K+,"Specialty from Produce department, Ordered Brand : Hermanos",16.2802,13.3585,recyclable,"['Ready Food', 'Florist', 'Coffee Bar', 'Video Store', 'Bar For Salad']",Bag Stuffer,dElUxe,"3.52 ,000,000illions",1.1616 Millions,1734.5,503.07,335.84,662.2226,jaguariuna,Sp,-22.689712550377955,-46.98249303136359,cerqueira cesar,5P,-23.037596029379426,-49.163361189515406,5.0
mc_ID_1058,"Single Male with two children, education: high school degree working as manual",€25K+,"Snack Foods from Snack Foods department, Ordered Brand : Fast",979.33 oz,23.4028,recyclable,['Florist'],Super Savers,Supermarket,7.25 Millions,3.4075 Millions,1320.15,523.32,347.26,measure: 338.6948,florianopolis,SC,amount: -27.58046831585774,-48.54149042867444,sao paulo,Sp,-23.68729227976227,val: -46.6417415487045,5.0
mc_ID_1059,"Married Male with No children, education: high school degree working as skilled manual",360+ monthly,"Hot Beverages from Beverages department, Ordered Brand : CDR",15.1174,12.1956,non recyclable,"['Coffee Bar', 'Ready Food', 'Video Store', 'Bar For Salad', 'Florist']",Promo Big,	Deluxe,10.2 Millions,3.57 Millions,1871.41,593.93,395.95,578.2288, brasilia ,df,-15.839117999999996,-48.025925999999984,santo andre,Sp,-23.665703457960586,-46.51808196779969,5.0
mc_ID_1061,"Married Male with four children, education: partial high school working as manual",30k,"Dairy from Dairy department, Ordered Brand : Club",-1.0,7.3116,non recyclable,"['Florist', 'Video Store', 'Bar For Salad', 'Ready Food', 'Coffee Bar']",Lottery Cash Registerion,Deluxe,10.64 Millions,5.2136 Millions,1734.5,,,313.0678,capitolio,Mg,-20.61778970195198,-46.05100847800213,ITAquAQuecetuBA,SP,-23.442644999999946,-46.31869249999997,5.0
mc_ID_1062,"Single Female with two children, education: partial college working as management",30K+,"Eggs from Eggs department, Ordered Brand : Blue Medal",24.7111,21.8039,non recyclable,"['Florist', 'Ready Food', 'Bar For Salad', 'Coffee Bar']",Save Price,deluxe,6.39 Millions,2.3004 Millions,2054.24,654.13,436.09,val: 584.191,ponte nova,MG,-20.415339248383304,-42.89153741877715,borda da mata,MG,amount: -22.264093569966427,-46.15856420525942,3.0
mc_ID_1064,"Single Female with three children, education: partial high school working as skilled manual",10K+,"Vegetables from Canned Foods department, Ordered Brand : Blue Label",30.9615,-27.909,non recyclable,"['Coffee Bar', 'Bar For Salad', 'Video Store', 'Florist', 'Ready Food']",Sale : Double Down,Deluxe,13.9 Millions,6.811 Millions,1734.5,503.07,335.38,265.6317,plres do rio,GO,-17.30639780134968,-48.27815633336062,piracicaba,	SP,-22.71683928585045,-47.65736585405934,3.0
mc_ID_1067,"Single Male with four children, education: partial high school working as manual",10k,"Vegetables from Produce department, Ordered Brand : High Top",13.5184,-10.6112,recyclable,"['Florist', 'Coffee Bar', 'Video Store', 'Ready Food', 'Bar For Salad']",Shelf Clearing Days,deiuxe,2.28 Millions,0.684 Millions,1871.16,593.93,397.83,516.7763,manhuacu ,MG,-20.265441566422545,-42.044386189900685,jacarei,sp,-23.29818595956356,amount: -45.974828011182304,1.0
mc_ID_1068,"Single Female with four children, education: bachelors degree working as management",50K+,"Vegetables from Canned Foods department, Ordered Brand : Bravo",9.8844,8.4308,recyclable,"['Coffee Bar', 'Florist']",Super Duper Savers,mid-size,9.45 Millions,3.6855 Millions,2551.4,389.54,261.24,458.9848,coroata,M@,-4.131205814618261,-44.129443947302455,sao paulu,SP,-23.59798552039933,-46.55547278711988,5.0
mc_ID_1069,"Single Male with three children, education: partial college working as professional",1560+ monthly,"Vegetables from Produce department, Ordered Brand : Tri-State",14.972,12.0648,non recyclable,"['Coffee Bar', 'Ready Food', 'Bar For Salad', 'Florist']",,Deluxe,€2.3M,1.072 Millions,2053.53,,434.8,602.1299,sao sebastiao,"Sp
",-23.77280313447832,amount: -45.40546515093038,G@Rca,Sp,val: -22.218988944556266,-49.64362334020589,5.0
mc_ID_1072,"Married Female with five children, education: bachelors degree working as management",70K+,"Snack Foods from Snack Foods department, Ordered Brand : Nationeel",24.7111,21.8039,recyclable,,Super Wallet Savers,SUPERmArKeT,€7.2M,3.5616 Millions,1508,227.8,153.13,data: 733.1937,sao paulo,SP,val: -23.551840037191976,measure: -46.65455309547579,Novo Hamburgo,RS,-29.6881809883103,-51.0915608374261,5.0
mc_ID_1073,"Single Female with two children, education: high school degree working as skilled manual",10K+,"Vegetables from Produce department, Ordered Brand : High Top",val: 19.4781,16.4256,recyclable,"['Florist', 'Video Store', 'Bar For Salad', 'Ready Food', 'Coffee Bar']",,_gourmet,5.13 Millions,2.5137 Millions,1424.85,465.54,,555.2168,brasilia,DF,-15.759918000000004,-47.879903249999984,M4Ringa,Pr,-23.42880633856904,-51.97183135000928,4.0
mc_ID_1074,"Single Female with No children, education: high school degree working as management",Income: 90K+,"Snack Foods from Snack Foods department, Ordered Brand : Horatio",26.8915,23.9843,recyclable,,Price Winners,	Supermarket,11.46 Millions,5.5008 Millions,1623.48,343.05,227.33,543.397,rio de janeiro,rj,-22.915539999999964,-43.54233999999997,araguari,MG,amount: -18.643784093954583,amount: -48.20804381879092,3.0
mc_ID_1076,"Married Male with four childern, education: partial High School working as skilled manual",10K+ annually,"Dairy from Dairy department, Ordered Brand : Club",29.2172,-26.31,non recyclable,['Florist'],Two for One,Supermarket,2.44 Millions,0.9272 Millions,1321.87,523.32,,360.7131,Juiz De Fora,MG,-21.75964925062038,-43.353198256592975,Guarulhos,SP,-23.496488565250488,-46.54671310832206,5.0
mc_ID_1077,"Marrie Female with four children, education: Bachelors degree working as professional",50K+ annually,"Vegetables from Produce department, Ordered Brand : Tell Tale",30.3801,25.874,recyclable,"['Video Store', 'Bar For Salad', 'Coffee Bar', 'Ready Food', 'Florist']",One Day Sale,Deluxe_,5.43 Millions,2.715 Millions,2036.3,481.98,321.26,767.3456,ituverava,Sp,-20.317321012349943,measure: -47.78078066138952,,,amount: nan,,1.0
mc_ID_1079,"Single Male with one child,education: bachelors degree working as professional",70K+,"Meat from Deli department, Ordered Brand : Lake",11.3235,8.4018,recyclable,['Coffee Bar'],,Supermarket,1.92 Millions,0.6528 Millions,1236.28,440.92,293.95,473.7334,NOva Lima,MG,val: -20.024391972702404,-43.82237654520721,franca,SP,-20.53193450696372,-47.399446711253766,5.0
mc_ID_1080,"Single Male with No children, education: high school degree working as manual",30K+,"Snack Foods from Snack Foods department, Ordered Brand : Nationeel",-0.1,9.1722,non recyclable,"['Ready Food', 'Video Store', 'Bar For Salad', 'Coffee Bar', 'Florist']",Price Winners,DELUXE,4.95 Millions,2.178 Millions,2038.11,481.98,321.26,453.9117,MAIRINQUE,SP,-23.532772472991248,-47.16937115902071,sant0 andre,SP ,-23.639620380229736,amount: -46.50604149140166,4.0
mc_ID_1081,"Married Male with two kidren, education: bachelors degree working as professional",150K+,"Dairy from Dairy department, Ordered Brand : Club",19.4781,16.4256,non recyclable,"['Bar For Salad', 'Ready Food']",Save Price,Supermarket,€1.9M,1.11 Millions,2448.37,470.27,313.55,406.4756,CURITIBA,PR,-25.47522523721072,-49.24036693812938,atibaia ,SP,measure: -23.112774381969185,-46.5488845105504,4.0
mc_ID_1082,"Single Male with three children, education: partial high school working as skilled manual",120+ monthly,"Frozen Entrees from Frozen Foods department, Ordered Brand : Imagine",measure: 21.8039,18.90 kg,recyclable,"['Ready Food', 'Bar For Salad', 'Florist', 'Video Store', 'Coffee Bar']",Price Smashers,deluxe,6.96 Millions,2.6448 Millions,1525.28,373.1,250.64,499.2035,maringa,PR,-23.42831529103202,-51.89302878219085,SaO P@ulO,SP,-23.59436349708581,-46.54121411518264,5.0
mc_ID_1083,"Single Male with four children, education: partial college working as skilled manual",30K+,"Snack Foods from Snack Foods department, Ordered Brand : Nationeel",10.1461,8.6925,non recyclable,"['Ready Food', 'Bar For Salad']",Three for One,Supermarket,4.44 Millions,2.0868 Millions,2448.37,472.27,312.33,656.2604,osasco,SP,-23.503140623953,-46.79416267507853,RIBEIRAO PRETO,SP,data: -21.1774515925616,-47.79583295337295,measure: 5.0
mc_ID_1084,"Married Female with No children, education: partial high school working as skilled manual",30K+,"Jams and Jellies from Baking Goods department, Ordered Brand : Super",27.1822,25.7286,recyclable,['Florist'],,Supermarket,7.24 Millions,2.9684 Millions,1320.15,523.32,348.85,427.7617,sao bernardo do campo,SP,-23.70434123452021,-46.52658390463978,sau ludgero,SC,-28.327530882623098,-49.18050954005345,5.0
mc_ID_1085,"Married Male with three children, education: bachelors degree working as professional",70K+,"Starchy Foods from Starchy Foods department, Ordered Brand : Colossal",31.8337,28.7811,recyclable,,Shelf Clearing Days,Supermarket,13.48 Millions,5.2572 Millions,1508,227.8,,399.6243,ribeirao pre7o,SP,-21.179578055269594,val: -47.81126902131619,salto,SP,-23.20591698084141,-47.307845865803,5.0
mc_ID_1086,"Married Female with four children, education: HS degree working as professional.",70K+,"Side Dishes from Deli department, Ordered Brand : Lake",19.6235,val: 16.7163,non recyclable,"['Ready Food', 'Coffee Bar', 'Florist', 'Bar For Salad']",GLD,Gourmet,"13.24 ,000,000illions",5.296 Millions,,385.45,255.23,396.2248,macae,RJ,-22.37333917216797,-41.78264909681508,JOInvIlle,Sk,-26.28314924562872,-48.85128463059032,4.0
mc_ID_1087,"Single Male with three children, education: high school degree working as skilled manual",30K+,"Frozen Desserts from Frozen Foods department, Ordered Brand : Carrington",16.7163,12.3555,non recyclable,,,Supermarket,6.3 Millions,2.961 Millions,1510.09,227.8,151.9,650.4028,TAboAo da seRra,SP,-23.623297507355577,measure: -46.769556898983055,nova petropolis,RS,-29.374490431468143,-51.10997893571979,5.0
mc_ID_1088,"Single Male with No children, education: partial high school working as manual",30K or more,"Meat from Deli department, Ordered Brand : Cutting Edge",22.676,21.2225,non recyclable,"['Coffee Bar', 'Bar For Salad', 'Florist', 'Ready Food']",Budget Bargains,Deluxe,5.97 Millions,2.1492 Millions,2055.29,654.13,436.09,715.1502,Sao PAULO,SP,amount: -23.52207795920134,-46.71051177407813,sao paulo,SP,-23.62358155176294,-46.61056007369148,5.0
mc_ID_1090,"Married Male with two kids, education: partial high school working as professional",70K+,"Hygiene from Health and Hygiene department, Ordered Brand : Bird Call",20.3503,15.9895,non recyclable,"['Ready Food', 'Bar For Salad']",Shelf Clearing Days,,4.44 Millions,1.7316 Millions,2265.9,853.22,568.75,amount: 554.903,salvador,BA,-12.936672000000002,amount: -38.363399999999984,Petropolis,RJ,-22.549033360244323,-43.210094724044055,4.0
mc_ID_1091,"Married Male with one child, education: graduate degree working as professional",€93K+,"Pure Juice Beverages from Beverages department, Ordered Brand : Token",28.6358,-25.7286,recyclable,"['Ready Food', 'Coffee Bar', 'Bar For Salad', 'Florist']",Two for One,	Deluxe,2.34 Millions,1.1232 Millions,2054.82,654.13,436.09,312.9109,cuiaba,M7,-15.584669512986082,-56.10089206079052,Santo Andre,sp,-23.665703457960586,val: -46.51808196779969,5.0
mc_ID_1094,"Single Female with one child, education: high school degree working as manual",30K+,"Pizza from Frozen Foods department, Ordered Brand : Imagine",-23.5482,22.0946,recyclable,"['Florist', 'Bar For Salad', 'Ready Food', 'Video Store', 'Coffee Bar']",Lottery Cash Registerion,DELUXE,8.1 Millions,3.564 Millions,1734.5,503.07,335.38,313.0678,sao paulo, SP ,-23.479894623925205,-46.595511282820695,ARacATubA,SP,amount: -21.21832154593456,amount: -50.400362346932894,4.0
mc_ID_1096,"Married Male with one child, education: bachelors degree working as management",90K+,"Seafood from Seafood department, Ordered Brand : Curlew",9.9862,-5.6109,non recyclable,"['Ready Food', 'Bar For Salad']",Super Duper Savers,SUPERMARKE7,$7.74 Millions,3.7926 Millions,2265.9,853.22,568.51,€575.69,sorocabe,SP,-23.489741556206333,-47.509921178602326,sao paulo,SP,-23.5839881312828,-46.7600579372728,4.0
mc_ID_1097,"Single Female with one child, education: bachelors degree working as professional",10K+,"Snack Foods from Snack Foods department, Ordered Brand : Fast",28.9265,25.874,non recyclable,['Coffee Bar'],Pick Your Savings,Supermark3t,11.34 Millions,3.7422 Millions,1235.17,440.92,293.95,436.7573,ubATuBA,	sp,-23.43162669109582,val: -45.07722870122336,foz do iguacu,_PR,-25.52742965797669,measure: -54.57570382833004,
mc_ID_1099,"Married Male with four children, education: High School degree working as professional.",90k,"Candy from Snacks department, Ordered Brand : Musial",21.2225,18.3153,non recyclable,?,,Supermarket,11.68 Millions,4.088 Millions,1623.48,341.05,227.33,743.1307,GUArUlH0s,5P,-23.50542926894224,-46.54869177407812,ribeirao preto,SP,-21.210104711049134,measure: -47.80139005429387,5.0
mc_ID_1101,"Single Male with one child, education: partial High School working as skilled manual",10K+,"Vegetables from Frozen Foods department, Ordered Brand : Golden",12.4718,8.0965,recyclable,"['Bar For Salad', 'Florist', 'Ready Food', 'Coffee Bar', 'Video Store']",Price Destroyers,DELUXE,2.92 Millions,1.1388 Millions,2040.23,481.98,,777.2826,quatituba,MG_,-19.414224426621665,-41.24952768357386,rIo dE JaNEIrO,RJ,-22.87459850346245,-43.477731000000006,5.0
mc_ID_1102,"Married Male with four children, education: partial high school working as manual",30K+,"Beer and Wine from Alcoholic Beverages department, Ordered Brand : Portsmouth",23.6936,779.36 oz,recyclable,"['Bar For Salad', 'Ready Food', 'Coffee Bar', 'Florist', 'Video Store']",I Cant Believe It Sale,Deluxe,€9.7M,5.5713 Millions,1734.5,503.07,,measure: 363.3281,n0va friburgo,Rj,-22.31756452149461,data: -42.517635511479206,borda da mata,MG,val: -22.264093569966427,-46.15856420525942,5.0
mc_ID_1105,"Married Female with four children, education: partial high school working as manual",10K+,"Bathroom Products from Health and Hygiene department, Ordered Brand : Bird Call",23.5482,22.0946,recyclable,"['Ready Food', 'Video Store', 'Florist', 'Coffee Bar', 'Bar For Salad']",Shelf Clearing Days,Deluxe,6.84 Millions,3.0096 Millions,1871.16,593.93,397.68,516.7763,Belo Horizon7E,MG,-19.946082656673784,-43.96674583291018,sao paulo,SP,val: -23.548781693029053,-46.65745981155857,1.0
mc_ID_1106,"Single Male with No children, education: partial high school working as manual",10k,"Vegetables from Produce department, Ordered Brand : Ebony",18.0246,14.972,recyclable,,Price Slashers,"Supermarket
",11.96 Millions,4.784 Millions,,341.05,227.26,amount: 277.0331,vicOsa,MG,-20.721937677884224,-42.86601159708953,sao paulo,sp,-23.65111484251016,-46.75521082321932,5.0
mc_ID_1107,"Married Female with two kids, education: bachelors degree working as management",150K+,"Frozen Desserts from Frozen Foods department, Ordered Brand : Imagine",17.7338,13.3585,non recyclable,,Save It (Sale),supermarke7,2.64 Millions,0.9504 Millions,1623.48,341.05,227.33,353.7049,"jaguaruna
",SC,val: -28.621531461000867,-49.023995719014565,ibitinga,SP,-21.7664768468313,-48.83154737836604,5.0
mc_ID_1108,"Single  Male  with  four  children,  education:  high  school  degree  working  as  manual",30K+,"Candy from Snacks department, Ordered Brand : Thresher",14.972,12064.80 grams,recyclable,"['Bar For Salad', 'Florist', 'Video Store', 'Coffee Bar', 'Ready Food']",,Deluxe,4.74 Millions,1.7538 Millions,,503.07,335.9,432.1026,sao mamuel,5P,-22.727403202155887,-48.60008416203543,mar1nga,PR ,-23.38219409935399,-51.95529780691714,5.0
mc_ID_1109,"Single Male with one kid, education: bachelors degree working as professional",70K+ annually,"Meat from Deli department, Ordered Brand : Moms",25.1472,23.5482,recyclable,"['Video Store', 'Florist', 'Coffee Bar', 'Ready Food', 'Bar For Salad']",Shelf Clearing Days,	Deluxe,2.22 Millions,1.0878 Millions,1868.61,595.93,395.95,516.7763,PORtO aLegRe,RS,-30.03327,-51.20423325688145,umuarama,PR,-23.757178599774967,-53.29107393545511,4.0
mc_ID_1110,"Single Male with five kidren, education: bachelor'ss degree working as professional",$50K+,"Baking Goods from Baking Goods department, Ordered Brand : BBB Best",22.3853,20.7864,non recyclable,['Coffee Bar'],Best Savings,Supermarket,7.36 Millions,2.944 Millions,1236.07,440.92,293.95,596.2723,BELO HORIZONTE,MG,-19.907108245080448,-43.91966546502971, guarulhos,sp,-23.422313378296494,-46.520062240348594,1.0
mc_ID_1111,"Single Female with one child,education: high school degree working as skilled manual",30K+,"Vegetables from Produce department, Ordered Brand : High Top",measure: 10.2624,7.3406,recyclable,"['Ready Food', 'Bar For Salad', 'Coffee Bar', 'Video Store', 'Florist']",Tip Top Savings,Deluxe,€6.1M,2.2413 Millions,2040.47,,321.26,416.2557,LAURO DE FREITAS,BA,-12.879225388531204,-38.29339205549424,PEDREIRA_,SP,-22.73824150585765,-46.8958585777586,1.0
mc_ID_1113,"Maried  Female  with  two  children,  education:  high  school  degree  working  as  skilled  manual",50 Thousand,"Vegetables from Frozen Foods department, Ordered Brand : Imagine",25.5832,21.2225,recyclable,"['Ready Food', 'Bar For Salad', 'Coffee Bar', 'Florist', 'Video Store']",Price Destroyers,	Deluxe,1.53 Millions,0.612 Millions,2038.11,481.98,321.26,data: 777.2826,caratinga,MG,-19.79022694508355,-42.14210229958086,sao paulo,SP,-23.51674732944774,-46.54818243075192,4.0
mc_ID_1115,"education: high school degree working as management, Married Female with four children",110K+,"Plastic Products from Household department, Ordered Brand : Red Wing",23.9843,22.5307,recyclable,,Super Wallet Savers,Supermarket,13.84Ms,5.536 Millions,1508.3,229.8,150.18,733.1937,serra,ES,amount: -20.14548485180581,-40.27129676370812,saopaulo,SP,-23.539494799586286,-46.63284391414975,val: 3.0
mc_ID_1116,"SINGLE MALE WITH TWO KIDREN, EDUCATION: PARTIAL HIGH SCHOOL WORKING AS MANUAL",30K+,"Vegetables from Frozen Foods department, Ordered Brand : PigTail",14.3034,11.3962,recyclable,"['Bar For Salad', 'Coffee Bar', 'Ready Food', 'Florist']",Saving Days, Gourmet,3.32 Millions,1.2284 Millions,,385.45,258.92,474.0995,belo horizonte,MG,-19.85564348987244,measure: -44.010183594494826,ibitinga,Sp,-21.7664768468313,-48.83154737836604,measure: 1.0
mc_ID_1117,Single Male with two kidren; education: HS degree working as skilled manual,30K+,"Vegetables from Canned Foods department, Ordered Brand : Just Right",12.5881,9.6664,recyclable,"['Bar For Salad', 'Florist', 'Video Store', 'Coffee Bar', 'Ready Food']",Pick Your Savings,Deluxe,5.22 Millions,2.088 Millions,2036.4,481.98,320.89,£539.77,curit1ba,PR,-25.383237045242065,-49.23195552997861,jolnville,5C,-26.28314924562872,-48.85128463059032,5.0
mc_ID_1118,"mARRIED fEMALE WITH THREE CHILDREN, EDUCATION: GRADUATE DEGREE WORKING AS MANAGEMENT",Income: 130K+,"Hot Beverages from Beverages department, Ordered Brand : BBB Best",22.0946,19.0421,recyclable,,Big Time Discounts,Supermarket,5.14 Millions,1.5934 Millions,2049.72,457.36,304.91,310.662,campo grande,M5,-20.496537,data: -54.663462,belo horizonte,mg,-19.878513898894187,-43.95694702879617,5.0
mc_ID_1119,"Single Female with three children , education: High School degree working as skilled manual",30K+,"Vegetables from Produce department, Ordered Brand : Ebony",29.0719,26.1647,recyclable,"['Florist', 'Ready Food', 'Coffee Bar', 'Bar For Salad']",,Deluxe,5.66 Millions,2.3772 Millions,2055.29,654.13,437.08,640.5181,mairipura, SP,-23.32358162262788,-46.571516434161296,SAO PAULO, Sp ,-23.573782561198005,data: -46.62058066708981,5.0
mc_ID_1121,"Married Male with five children, education: partial high school working as manual",30K+,"Baking Goods from Baking Goods department, Ordered Brand : CDR",amount: 30.8162,26.4554,recyclable,,Price Slashers,,5.9 Millions,2.124 Millions,1623.48,,,277.0331,sau paulo,SP,-23.53469148542905,data: -46.50138317485142,sete lagoas,MG,-19.46361254830593,-44.24441403023008,5.0
mc_ID_1122,"Married Female with one child, education: high school degree working as skilled manual",30K+,"Vegetables from Produce department, Ordered Brand : High Top",-28.6358,27.1822,non recyclable,,Full Free,Mid-Size,8.25 Millions,3.135 Millions,,783.64,522.49,778.5901, aracatuba,5P,-21.194673820705177,-50.48212901817764,presidente prudeñte,Sp,-22.13392715785725,-51.36875322173029,1.0
mc_ID_1124,"Married Female with two children, education: bachelors degree working as management",50K+,"Snack Foods from Snack Foods department, Ordered Brand : Fort West",26.1647,24.7111,non recyclable,['Coffee Bar'],Savings Galore,Supermarket,6.2 Millions,2.914 Millions,1236.07,440.92,293.95,724.5119,Sao Paulo,SP,val: -23.56190256174625,-46.58015179808413,sao paulo, SP ,-23.50875908021236,-46.602973042876144,5.0 stars
mc_ID_1125,"Single Male with three children, education: high school degree working as skilled manual",30K+,"Carbonated Beverages from Beverages department, Ordered Brand : Excellent",10.5822,7.675,recyclable,"['Ready Food', 'Coffee Bar', 'Bar For Salad', 'Video Store', 'Florist']",Pick Your Savings,,2.62 Millions,1.1004 Millions,,595.93,395.95,295.4427,barra do pirai,RJ,-22.468841999999995,-43.82693428435798,hortolandia,SP,-22.887514996879027,-47.19573904628551,10.0/10
mc_ID_1126,"Single Female with three kidren, education: partial high school working as skilled manual",30K+,"Pizza from Frozen Foods department, Ordered Brand : Golden",27.6183,24.7111,recyclable,['Coffee Bar'],Two Day Sale,Supermarket,3.56 Millions,1.246 Millions,1236.07,442.92,294.47,477.3944,mutuipe,BE,-13.228184823758374,-39.50315719838939,penapoli$,SP,-21.426570046543283,-50.06791761043272,4.0
mc_ID_1128,"Married Male with four children, education: high school degree working as manual",360+ monthly,"Jams and Jellies from Baking Goods department, Ordered Brand : Plato",26.6008,25.0018,non recyclable,,Big Time Discounts,"SUPERMARKET
",€7.9M,2.784 Millions,1508,,153.41,761.488,sao jose dos campos,SP,-23.27543660308917,-45.86831885260226,ribeirao preto,SP,-21.135911060505503,-47.83943588412487,4.0
mc_ID_1129,"Single_Female_with_five_children,_education:_partial_high_school_working_as_professional",130K+,"Magazines from Periodicals department, Ordered Brand : Gauss",23.4028,21.9493,recyclable,,,supermarket,8.34 Millions,3.5028 Millions,1508,227.8,150.57,399.6243,sao paulo,SP,-23.552592988343235,-46.64068338732753,uberlandia_,Mg,-18.94141413405276,-48.33714543949449,5.0
mc_ID_1132,"Married Female with four children, education: high school degree working as manual",€25K+,"Vegetables from Produce department, Ordered Brand : Hermanos",12.6172,9.71,non recyclable,"['Video Store', 'Coffee Bar', 'Bar For Salad', 'Florist', 'Ready Food']",GLD,Deluxe,5.78Ms,1.734 Millions,1734.5,503.07,337.2,346.5921,rio de janeiro,RJ_,-22.91537136850404,-43.242996214902085,sao peulo,SP,measure: -23.537511255832708,-46.63705730743676,1.0
mc_ID_1135,"Single Male with two kids, education: partial high school working as skilled manual",€8K+,"Dairy from Dairy department, Ordered Brand : Carlson",14.2016,12.748,non recyclable,"['Ready Food', 'Bar For Salad']",Price Destroyers,Supermarket,6.75 Millions,3.1725 Millions,2265.9,853.22,568.75,304.7521,sao paulo, SP,-23.56288570009682,data: -46.5555074859666,belo horizonte,Mg,-19.91536512294426,-43.89890719539499,5.0
mc_ID_1136,Single Female with two children and education: high school degree working as manual,30K+,"Baking Goods from Baking Goods department, Ordered Brand : Super",-11.1054,amount: 8.1837,non recyclable,['Coffee Bar'],Sale : Double Down,_Small Grocery,1.81 Millions,0.5792 Millions,1394.66,534.29,356.28,602.3914,sao paulo,SP,-23.55732368858565,-46.65692890729416,sao paulo,SP,-23.537511255832708,data: -46.63705730743676,4.0
mc_ID_1137,"single male with one child, education: high school degree working as manual",30K+,"Meat from Deli department, Ordered Brand : Cutting Edge",31.8337,28.7811,recyclable,"['Bar For Salad', 'Coffee Bar', 'Video Store', 'Florist', 'Ready Food']",Promo Big, Gourmet,5.28 Millions,2.2704 Millions,1425.76,465.54,310.18,612.1192,SAO P4ULO,SP,-23.565511554738045,val: -46.59515615274319,sao paulo,SP,-23.44502299500596,-46.70898743370049,
mc_ID_1139,"Single Female with two children, education: bachelor'ss degree working as professional",50K+,"Canned Soup from Canned Foods department, Ordered Brand : Pleasant",19.6235,data: 18.1699,recyclable,['Florist'],Sale Sale Sale,Supermarket,$3.51 Millions,1.2987 Millions,1320.15,523.32,348.85,304.1768,itapolis,SP,-21.59119807780176,-48.81835065575072,riberao  prato,SP,-21.16850440882337,measure: -47.79370519233655,1.0
mc_ID_1140,"Single Female with one child, education: partial college working as professional, Single Female with one child",50 Thousand,"Vegetables from Produce department, Ordered Brand : High Top",10.2624,-7.3406,recyclable,['Florist'],,SUPERMARKET,7.23 Millions,3.0366 Millions,1320.15,523.32,348.85,304.1768,rio de janeiro,RJ,-22.93308423203872,-43.36663107132555,sao paulo_,Sp,-23.59798552039933,-46.55547278711988,
mc_ID_1144,"Single Male with three children, education: bachelors degree working as professional",50K+,"Meat from Deli department, Ordered Brand : Moms",26.7461,25.1472,recyclable,"['Bar For Salad', 'Coffee Bar', 'Florist', 'Ready Food']",Two Day Sale,Gourmet,9.16 Millions,3.5724 Millions,1564.86,,256.97,486.9653,pinhalzinho_,SC,-26.841107282367645,data: -52.982327822317785,sao jose dos pinhais,PR,-25.533751917338503,-49.199826126071535,val: 3.0
mc_ID_1145,"sINGLE fEMALE WITH ONE CHILD, EDUCATION: hs DEGREE WORKING AS MANUAL",30K+,"Fruit from Produce department, Ordered Brand : Hermanos",30.9615,27.909,non recyclable,"['Florist', 'Video Store', 'Ready Food', 'Bar For Salad', 'Coffee Bar']",Lottery Cash Registerion,,13.36Ms,4.9432 Millions,nil,503.07,,measure: 313.0678,Pimenta Bueno ,RO,-11.672136948374265,-61.18828248403516,,,,,1.0
mc_ID_1146,"Single Male with No children, education: high school degree working as skilled manual",30K+,"Specialty from Produce department, Ordered Brand : High Top",15.8442,-11.4688,non recyclable,,GLD,Supermarket,4.22 Millions,1.5192 Millions,1508,227.8,151.9,val: 727.9637,Limeira,$P,data: -22.56835042131686,-47.44743947974489,it@jai , 5C ,-26.912428672061186,-48.6773810666573,data: 5.0
mc_ID_1147,"Married_Male_with_two_children,_education:_high_school_degree_working_as_skilled_manual",30K+,"Vegetables from Frozen Foods department, Ordered Brand : Big Time",10.4659,val: 8.9977,recyclable,"['Ready Food', 'Coffee Bar', 'Florist', 'Bar For Salad', 'Video Store']",Price Smashers,DeIuxe,9.96 Millions,4.5816 Millions,1525.28,373.1,247.84,499.2035,santa rita do sapucai,mg,-22.243203015748463,-45.71330344759827,timbo,SC,-26.83365489702238,-49.26170944102369,5.0
mc_ID_1148,"Single Male with one child, education: bachelors degree working as professional",90K+,"Paper Products from Household department, Ordered Brand : Denny",17.8792,14.972,recyclable,"['Ready Food', 'Bar For Salad']",Money Savers,SUPERMARKET,8.73 Millions,3.0555 Millions,2265.29,853.22,568.75,432.0503,	s4o paulo,SP,amount: -23.63580786663679,-46.71209825910773,sao Paulo,SP,-23.59027725644876,-46.506241529834405,3.0
mc_ID_1149,"Married Female with three children, education: bachelors degree working as professional",600+ monthly,"Specialty from Carousel department, Ordered Brand : Symphony",25.2925,-22.24,recyclable,,Savings Galore,Mid-Size,"6.4 ,000,000illions",2.24 Millions,,447.7,297.8,708.8742,goiania,GO,-16.752845999999945,-49.35177799999997,campinas,SP,-22.98722237101393,-47.151072819246686,amount: 5.0
mc_ID_1150,"Single Male with two children, education: Bachelors degree working as professional",70K+ annually,"Seafood from Seafood department, Ordered Brand : Kiwi",17.2978,12.9224,non recyclable,"['Bar For Salad', 'Florist', 'Ready Food', 'Coffee Bar']",Two Day Sale,DELUXE,"4.76 ,000,000illions",2.2848 Millions,2055.93,654.13,436.09,measure: 542.0895,rio negro,Pr,data: -26.08644812451248,-49.78075054841446,BeLO  HORIzONTe,nil,-19.91624655709342,-43.93623364096637,5.0
mc_ID_1151,"Married Female with four children, education: partial high school working as manual",10K+,"Fruit from Produce department, Ordered Brand : Tri-State",13.2277,10.3205,recyclable,,Weekend Discount,Sup3rmarket,9.57Ms,3.0624 Millions,1508,229.8,,735.1811,RiO DE jAneiro,"RJ
",-22.966645149316204,data: -43.20283415612552,curitiba,PR,-25.46921399278664,-49.29393514695028,5.0
mc_ID_1152,"Single  Female  with  four  children,  education:  partial  high  school  working  as  management.",130K+,"Specialty from Produce department, Ordered Brand : Ebony",30.3801,measure: 25.874,recyclable,"['Ready Food', 'Video Store', 'Coffee Bar', 'Bar For Salad', 'Florist']",Save Price,Deluxe,3.54 Millions,1.7346 Millions,1732.15,503.07,333.38,$419.92,piracicaba,SP,-22.726257875353635,-47.63781138952056,IBITiNGA,Sp,-21.7664768468313,-48.83154737836604,5.0
mc_ID_1155,"Married Female with five children, education: bachelors degree working as professional",50K+,"Beer and Wine from Alcoholic Beverages department, Ordered Brand : Portsmouth",19.0421,16.1349,recyclable,"['Ready Food', 'Florist', 'Coffee Bar', 'Video Store', 'Bar For Salad']",Sales Days,DeIuxe,5.4Ms,1.728 Millions,1871.16,593.93,395.95,608.772,sao p@ulo,SP,-23.541160033585307,-46.58546677477062,pedreira,SP,val: -22.73824150585765,-46.8958585777586,5.0
mc_ID_1157,"Single Female with one child , education: partial high school working as manual",10K or more,"Bread from Baked Goods department, Ordered Brand : Great",9.0123,7.5441,recyclable,['Florist'],Price Winners,Supermarket,7.72 Millions,3.5512 Millions,1320.15,523.32,350.54,data: 640.7273,MInA5 NOVas,MG_,measure: -17.217037330081585,val: -42.5972618750936, 1encois paulista ,5p,-22.59942838136111,-48.779995856226165,3.0
mc_ID_1158,"Single Male with one child, education: partial high school working as skilled manual",10K+,"Pizza from Frozen Foods department, Ordered Brand : PigTail",14.6813,11774.10 grams,recyclable,"['Ready Food', 'Bar For Salad']",,supeRMArK3T_,3.63 Millions,1.7424 Millions,2265.9,853.22,568.75,268.1421,goiania,Gu,-16.725632996373395,-49.32506239337789,rio de janeiro,RJ,-22.920104850395337,-43.22138202997862,5.0
mc_ID_1159,"Single Male with four kids, education: partial HS working as management",150K+,"Canned Clams from Canned Foods department, Ordered Brand : Pleasant",14.0272,11.1054,recyclable,,Best Price Savers,Supermarket,2.37Ms,0.948 Millions,1505.25,229.8,151.9,650.4028,curitiba,PR,-25.459127696635733,-49.23715637356463,sao jose,SC,-27.543786658615705,-48.62567962615467,5.0
mc_ID_1160,"Married Male with three children, education: bachelors degree working as professional",50K+,"Breakfast Foods from Frozen Foods department, Ordered Brand : PigTail",16.2802,13.3585,recyclable,['Coffee Bar'],Wallet Savers,Small Grocery,4.26 Millions,1.491 Millions,,330.83,220.55,728.8528,brumadinho,MG,-20.198222315762948,-44.00961734339785,SAO pAulo,SP,-23.52833381848348,-46.61941011172019,5.0
mc_ID_1162,"Married Male with two children, education: graduate degree working as professional",70K+,"Vegetables from Produce department, Ordered Brand : Tri-State",-14.972,12.0648,non recyclable,"['Ready Food', 'Bar For Salad']",Save It (Sale),supermarket,4.02 Millions,1.6482 Millions,2265.62,853.22,,amount: 339.1132,Tupaciguara,	MG,-18.593283298780594,-48.706135928993646,ibitinga,sp,-21.7664768468313,-48.83154737836604,3.0
mc_ID_1164,"Single Male with three children, education: high school degree working as manual",30K+,"Canned Shrimp from Canned Foods department, Ordered Brand : Bravo",15.6988,11.338,missing,"['Ready Food', 'Coffee Bar', 'Video Store', 'Bar For Salad', 'Florist']",Lottery Cash Registerion,Deluxe,6.51Ms,3.0597 Millions,1734.5,503.07,335.38,313.0678,SAo pAuLo,SP,-23.564657650845408,-46.75373166028047,praia grande,"SP
",-24.011288218359883,-46.41873374429398,1.0
mc_ID_1165,"Single Female with four children, education: high school degree working as manual",30 Thousand,"Magazines from Periodicals department, Ordered Brand : Gauss",22.8214,19.7689,recyclable,"['Florist', 'Ready Food', 'Bar For Salad', 'Coffee Bar']",,Gourmet,2.49 Millions,1.0707 Millions,1563.77,,255.87,729.2712,sao goncalo,Rj,-22.83198637979998,-43.04193397033456,ibitiñga,SP,-21.7664768468313,-48.83154737836604,amount: 3.0
mc_ID_1166,"Married Female with four children, education: high school degree working as skilled manual",Income: 30K+,"Jams and Jellies from Baking Goods department, Ordered Brand : BBB Best",-14.8266,13358.50 grams,recyclable,,Big Time Discounts,SUPERMARKET,€8.6M,4.563 Millions,2049.78,457.36,303.34,310.662,SAO JOSE DOS CAMPOS,SP,-23.15960926262757,-45.90885480860288,mARIlIa,SP,-22.154209249920417,-49.95162687408481,5.0
mc_ID_1167,"Married Female with four children, education: high school degree working as manual",30K+,"Snack Foods from Snack Foods department, Ordered Brand : Best Choice",9.5937,5.2184,recyclable,"['Coffee Bar', 'Video Store', 'Bar For Salad', 'Florist', 'Ready Food']",Money Savers,D3luxe,6.33 Millions,3.0384 Millions,1525.28,373.1,248.79,560.656,	sao vicen7e,SP,-23.97242519856393,-46.371264531333615,Con7Agem,MG,-19.9436908647076,-44.06152591958379,Rating: 5.0
mc_ID_1168,"education: partial college working as management, Single Male with one child",30K+,"Bread from Baked Goods department, Ordered Brand : Colony",60.57 lbs,data: 24.4204,recyclable,"['Video Store', 'Florist', 'Ready Food', 'Bar For Salad', 'Coffee Bar']",Not Available,goURmEt,"4.26 ,000,000illions",1.8318 Millions,1424.85,,310.3,360.7131,brasllia, DF,,,"rio de janeiro
",RJ,-22.83586646404876,val: -43.322162133504506,5.0
mc_ID_1169,"Single Female with three children, education: bachelors degree working as management",$50K+,"Bathroom Products from Household department, Ordered Brand : Denny",13.344,amount: 10.4368,non recyclable,,Roller Savings (High) ,Supermarket,4.26 Millions,1.491 Millions,1508,229.8,151.9,379.7503,v1la velha,ES,-20.50800917100857,-40.37334877994167,Framca,Sp,-20.53193450696372,-47.399446711253766,4.0 stars
mc_ID_1170,"Married Male with four children, education: partial high school working as skilled manual",10K+,"Bread from Baked Goods department, Ordered Brand : Sphinx",9.0995,6.1923,recyclable,,Go For It,Supermarket,"4.38 ,000,000illions",1.8396 Millions,1509.59,227.8,,623.939,SAO PAULO,SP,amount: -23.670706610046736,-46.66108764570951,piracicaba,SP,measure: -22.71683928585045,-47.65736585405934,5.0
Data Missing,"Single Female with three children, education: bachelors degree working as management",50K+,"Dairy from Dairy department, Ordered Brand : Club",20.4957,-16.1349,non recyclable,"['Bar For Salad', 'Ready Food']",Price Destroyers,SUPERMARKET,$7.64 Millions,2.8268 Millions,2265.9,853.22,568.75,601.7115,porto alegre,RS_,measure: -30.02772762392521,-51.1870826147786,M@Ringa, PR,-23.41848622413047,-51.92625934548862,4.0
mc_ID_1172,"Married Female with four children, education: bachelors degree working as professional",50K+,"Electrical from Household department, Ordered Brand : Red Wing",14.972,12.0648,recyclable,"['Bar For Salad', 'Ready Food']",Three for One,Supermarket,,6.9372 Millions,2448.37,470.27,313.33,656.2604,calco,RN,val: -6.469114790855111,-37.094479370604446,SaO pauLO,SP,-23.4719444074384,-46.59864459256161,measure: 5.0
mc_ID_1174,Single Male with two children and education: bachelors degree working as professional,130K+,"Vegetables from Produce department, Ordered Brand : High Top",27.1822,25.7286,recyclable,,Saving Days,Supermarket,7.48 Millions,2.5432 Millions,,,151.9,619.0228,jacarezinho,PR,-23.15446932554733,-49.976786488459815,saltO,SP,-23.19024365306712,measure: -47.291570633360266,1.0
mc_ID_1175,"Single Female with two children, education: bachelors degree working as management",90K+,"Vegetables from Frozen Foods department, Ordered Brand : Golden",29.944,953.70 oz,non recyclable,"['Bar For Salad', 'Florist', 'Ready Food', 'Video Store', 'Coffee Bar']",,Deluxe,2.16Ms,0.8208 Millions,1734.5,505.07,335.38,265.6317,saudade do iguacu,PR,-25.69578996866945,-52.61843628299726,sao paulo,SP,-23.54331467943905,-46.52124670344508,5.0
mc_ID_1176,"Single Female with three children, education: high school degree working as professional",90K or more,"Bread from Baked Goods department, Ordered Brand : Fantastic",19.6235,16.7163,recyclable,"['Video Store', 'Coffee Bar', 'Bar For Salad', 'Florist', 'Ready Food']",Lottery Cash Registerion,Deluxe,8.97 Millions,4.1262 Millions,1734.5,503.07,335.38,313.0678,sao p@ulo,Sp,-23.616873842549825,-46.6817889093505,sao paulo,$p,,,5.0
mc_ID_1177,"Single Female with two children, education: bachelors degree working as management",50K+,"Breakfast Foods from Frozen Foods department, Ordered Brand : PigTail",16.2802,13.3585,recyclable,"['Coffee Bar', 'Ready Food', 'Bar For Salad', 'Florist']",Saving Days,Gourmet,8.52 Millions,2.7264 Millions,1564.86,385.45,257.99,474.0995,sao caetano do sul,SP,data: -23.625774,-46.56855299278663,_sao paulo, SP,-23.57282057729816,-46.52329640383172,5.0
mc_ID_1178,"MARRIED MALE WITH TWO KIDREN, EDUCATION: BACHELORS DEGREE WORKING AS PROFESSIONAL",50K+,"Canned Soup from Canned Foods department, Ordered Brand : Pleasant",amount: 29.3626,27.909,recyclable,"['Ready Food', 'Bar For Salad', 'Florist', 'Coffee Bar', 'Video Store']",Super Savers,Deluxe,5.64 Millions,2.82 Millions,1525.28,373.1,248.79,data: 755.9442,	osasco,SP,-23.51236148932418,-46.78486267055226,campinas,SP,val: -22.90081444463038,-46.99864279239999,3.0
mc_ID_1179,"Single Male with five children, education: bachelors degree working as management",$30K+,"Pure Juice Beverages from Beverages department, Ordered Brand : Token",data: 11.6869,-10.2188,recyclable,['Florist'],nil,Supermarket,5.4 Millions,2.106 Millions,,,?,564.2647,	itapecerica,mg,-20.470582431981004,-45.10871624130097,bet1m,MG,-19.95866259017359,-44.19878943272789,5.0
mc_ID_1180,"Single Female with two childran, education: partial High School working as manual",50 Thousand,"Baking Goods from Baking Goods department, Ordered Brand : Landslide",30.8162,measure: 29.3626,recyclable,"['Coffee Bar', 'Bar For Salad', 'Florist', 'Ready Food']",Price Cutters,Gourmet,4.72 Millions,1.7936 Millions,1564.86,387.45,256.97,729.2712,sao paulo,SP,-23.49943950874986,-46.68377404381376,	sao paulo,SP,val: -23.48029674271453,-46.71122495337295,5.0
mc_ID_1181,"Single Female with one child, education: partial high school working as skilled manual",10K+,"Electrical from Household department, Ordered Brand : Denny",17.8792,14.972,recyclable,"['Bar For Salad', 'Ready Food']",Three for One,,8.1 Millions,3.564 Millions,2448.37,,313.55,656.2604,M4rAvilhAS,MG,-19.51393131649572,-44.6739757258171,videira,	SC,-27.00086872288371,val: -51.14532022116548,4.0
mc_ID_1182,"Single Male with five children, education: graduate degree working as management",840+ monthly,"Specialty from Produce department, Ordered Brand : Hermanos",24.4204,-22.8214,recyclable,['Coffee Bar'],,Small Grocery,5.06 Millions,2.4794 Millions,1423.37,,264.14,531.6295,,df,-15.842882222788113,-48.023477609091415,itaquaquecetuba ,SP,-23.43567309991361,-46.38032799842931,1.0
mc_ID_1184,"Single Male with two children, education: partial high school working as skilled manual",10K+,"Electrical from Household department, Ordered Brand : Red Wing",19.9142,18.3153,recyclable,"['Bar For Salad', 'Ready Food', 'Coffee Bar', 'Florist']",GLD,Gourmet,8.01Ms,2.8035 Millions,1564.86,385.45,256.97,396.2248,alto alegre,PR,-22.89970890331816,-51.88900576018106,rio de janeiro,Rj,measure: -22.87459850346245,-43.477731000000006,5.0
mc_ID_1186,"Single Female with four kids, education: bachelors degree working as professional",10K+,"Vegetables from Canned Foods department, Ordered Brand : Bravo",amount: 13.9981,11.0909,non recyclable,"['Video Store', 'Coffee Bar', 'Ready Food', 'Bar For Salad', 'Florist']",Price Winners,DELUXE,7.77 Millions,3.3411 Millions,2038.11,481.98,320.74,478.9634,louveira,SP,-23.08412527710581,measure: -46.98121307089687,Batatais, $P,-20.90094932674236,-47.58906832178506,1.0
mc_ID_1188,"Single_Female_wiht_one_child,_education:_bachelors_degree_working_as_management",$70K+,"Snack Foods from Snack Foods department, Ordered Brand : Best Choice",22.8214,46.79 lbs,non recyclable,['Florist'],Best Savings,Supermarket,3.96Ms,1.8612 Millions,1320.15,523.32,348.85,val: 281.4786,POUSO ALEGRE,MG,-22.23423662262365,-45.935242048994425,MAUA,SP,-23.68011442853022,-46.4524537436668,5.0
mc_ID_1191,"Single Female with three children, education: partial high school working as management",130K+,"Bread from Baked Goods department, Ordered Brand : Fantastic",29.7987,26.8915,non recyclable,"['Bar For Salad', 'Ready Food', 'Coffee Bar', 'Video Store', 'Florist']",Tip Top Savings,,6.99 Millions,2.5164 Millions,2038.11,481.98,,416.2557,sao paulo_,SP,-23.61074277407813,-46.63021380544173,	sao jose do rio preto,Sp,-20.8186365094994,-49.36992583875571,data: 5.0
mc_ID_1192,"Single Male with three children, education: bachelors degree working as professional",Income: 70K+,"Starchy Foods from Starchy Foods department, Ordered Brand : Discover",11.716,8.8088,non recyclable,"['Florist', 'Ready Food', 'Coffee Bar', 'Bar For Salad']",Weekend Discount,deluxe,1.76 Millions,0.7392 Millions,2055.29,654.13,436.09,382.0515,camp1nas,SP,-22.907317211495144,-47.11830328850486,UbErLaNdIa,	mg,-18.925348871775626,-48.24236513543774,3.0
mc_ID_1193,"Married Male with three children, education: high school degree working as manual, education: high school degree working as manual",50K+,"Paper Products from Household department, Ordered Brand : Red Wing",23.8389,22240.00 grams,non recyclable,"['Bar For Salad', 'Ready Food']",Super Duper Savers,Supermarket,1.28Ms,0.512 Millions,2265.9,853.22,568.75,data: 677.285,sao paulo,SP,-23.512952943937883,-46.6083024672514,ibitinga,SP,-21.7664768468313,-48.83154737836604,5.0
mc_ID_1194,"Married Female with four children, education: graduate degree working as professional",70 Thousand,"Jams and Jellies from Baking Goods department, Ordered Brand : CDR",30.5255,val: 29.0719,non recyclable,['Florist'],Dollar Days,Supermerket,$4.86 Millions,2.43 Millions,1320.15,523.32,348.85,748.0992,leges,SC,-27.81812901165676,amount: -50.31504228420568,sao paulo,SP,-23.646246311207523,-46.66349868836885,4.0
mc_ID_1198,"single female with five kidren, education: partial college working as professional",30K+,"Bread from Baked Goods department, Ordered Brand : Fantastic",11.5415,7.1807,recyclable,['Coffee Bar'],Discount Frenzy,Supermarket,4.5 Millions,1.665 Millions,1238.66,440.92,293.95,745.0135,ponte grossa,pr,-25.07393596280801,-50.2325527374344,maua,SP,-23.656676689970634,-46.44420755410021,5.0
mc_ID_1199,"Married Male with five children, education: partial high school working as management",70K+,"Drinks from Beverages department, Ordered Brand : Fabulous",15.4081,-12.5009,recyclable,,Sales Days,"Supermarket
",10.04 Millions,4.4176 Millions,2049.72,457.36,306.03,610.5502,ipating@,MG,-19.4780955431646,-42.55679483097696,RIO de JAneIRo,RJ,-22.8860986389002,-43.3108898963299,4.0
mc_ID_1200,"Married Female with three children, education: bachelors degree working as professional",50K+,"Canned Soup from Canned Foods department, Ordered Brand : Just Right",24.275,21.3678,non recyclable,"['Florist', 'Ready Food', 'Video Store', 'Bar For Salad', 'Coffee Bar']",Discount Frenzy,Gourmet,7.96 Millions,3.8208 Millions,1424.85,465.54,310.3,504.9565,saO PAUlO,"SP
",-23.525377438802,-46.40950968151651,sao jose do rio preto_,SP,-20.81842802837701,data: -49.39248776604019,4.0
mc_ID_1201,"sINGLE mALE WITH ONE CHILD, EDUCATION: hIGH sCHOOL DEGREE WORKING AS PROFESSIONAL",90K+,"Canned Soup from Canned Foods department, Ordered Brand : Pleasant",29.7987,26.8915,non recyclable,"['Coffee Bar', 'Ready Food', 'Bar For Salad', 'Florist']",Sale : Double Down,"Deluxa
",5.2 Millions,2.288 Millions,2055.29,654.13,,500.7202,rio de janeiro,RJ,-22.885014834035367,-43.49889909463906,s4o paulo,sp,-23.693985995008337,data: -46.70188324132953,5.0
mc_ID_1202,"Single Male with two children, education: graduate degree working as professional",70K+,"Snack Foods from Snack Foods department, Ordered Brand : Horatio",13.9981,amount: 11.0909,recyclable,"['Coffee Bar', 'Ready Food', 'Video Store', 'Florist', 'Bar For Salad']",Lottery Cash Registerion,Deluxe,6.84 Millions,2.4624 Millions,1731.94,503.07,335.38,290.7357,aruja, SP,-23.409083593249346,amount: -46.28845523761368,Sao Paulo,$P,-23.52399579739165,-46.51294318734492,5.0
mc_ID_1203,"Married Female with No children, education: HS degree working as manual",50000,"Dairy from Dairy department, Ordered Brand : Even Better",11.4979,10.0298,recyclable,"['Ready Food', 'Video Store', 'Florist', 'Coffee Bar', 'Bar For Salad']",Sale : Double Down,DELUXE,9.36 Millions,4.5864 Millions,1525.28,373.1,248.79,746.3733,santo andre,sp,-23.66721675288362,-46.49913206319721,santa barbara d'oeste,Sp,-22.768743804807222,-47.395682479228896,5.0
mc_ID_1204,"MaRrIeD FeMaLe wItH OnE ChIlD, eDuCaTiOn: BaChElOrS DeGrEe wOrKiNg aS PrOfEsSiOnAl",70K+,"Candy from Snacks department, Ordered Brand : Choice",12.5736,9.6519,non recyclable,,Tip Top Savings,$upermarket,€1.1M,0.448 Millions,2049.72,457.36,304.91,557.8318,curitiba,PR,val: -25.43871208756084,-49.24089260093047, bertioga ,SP,-23.82834010075353,-46.1430173832652,5.0
mc_ID_1205,"Married Female with three children, education: graduate degree working as management",130 Thousand,"Vegetables from Frozen Foods department, Ordered Brand : PigTail",measure: 14.4487,11.527,non recyclable,"['Ready Food', 'Bar For Salad']",Savings Galore,Supermarket,2.43Ms,0.8505 Millions,2448.37,470.27,313.38,550.1437,s3rra,ES,-20.234324999999945,-40.27391449999996,sao paulo,SP,measure: -23.58667354731954,amount: -46.61242320483004,3.0
mc_ID_1207,"Married Male with three children, education: partial high school working as skilled manual",10K+,"Canned Oysters from Canned Foods department, Ordered Brand : Just Right",21.5132,18.606,non recyclable,"['Coffee Bar', 'Bar For Salad', 'Ready Food', 'Florist', 'Video Store']",Price Cutters,Deluxe,4.02 Millions,1.9698 Millions,1525.28,373.1,248.79,642.0871,FERNANDO PRESTES,SP,-21.26939795334422,-48.68728548231494,IONDRINA,PR,-23.331043778111702,-51.17743350000001,5.0
mc_ID_1211,"Single Female with two children, education: high school degree working as skilled manual",30K+,"Meat from Deli department, Ordered Brand : Cutting Edge",16.28 kg,13.3585,non recyclable,"['Coffee Bar', 'Ready Food', 'Bar For Salad', 'Florist']",GLD,Gourmet,11.8 Millions,4.366 Millions,,385.45,256.97,396.2248,LAURO DE FREITAS,Ba,-12.889416101304178,-38.30572730322004,limeira,SP,-22.599254430886607,amount: -47.37980963550319,3.0
mc_ID_1213,"Single_Male_with_two_kids,_education:_bachelors_degree_working_as_management",70K+,"Pizza from Frozen Foods department, Ordered Brand : Carrington",17.5885,16.1349,recyclable,,Money Savers,Supermarket,5.14 Millions,1.9018 Millions,1508,227.8,,€235.66,MINEIROS,GO,-17.545195576304636,-52.53858860410263,ib1tinga,SP,-21.7664768468313,-48.83154737836604,5.0
mc_ID_1216,"Single Male with four children, education: bachelors degree working as management",50K+,"Electrical from Household department, Ordered Brand : High Quality",30.9615,27.909,non recyclable,,Big Time Discounts,Supermarket,11.05 Millions,4.42 Millions,,227.8,151.9,R$3162.14,porte1andia,GO,-17.357592059307837,-52.68092991281176,echapora,SP,measure: -22.42925217631197,-50.20413759688468,4.0
mc_ID_1217,"Single Female with one child,education: Bachelors degree working as management",70K+,"Pain Relievers from Health and Hygiene department, Ordered Brand : Steady",17.1524,14.2452,recyclable,,Saving Days,Supermarket,€7.2M,3.9054 Millions,1510.08,227.8,152.94,619.0228,barueri,sp ,-23.50247657869377,-46.85563438418507,itauna,mg,amount: -20.08212660423176,measure: -44.5732983518722,3.0
mc_ID_1219,"SiNgLe fEmAlE WiTh fIvE ChIlDrEn, EdUcAtIoN: pArTiAl cOlLeGe wOrKiNg aS PrOfEsSiOnAl",30K+,"Bread from Baked Goods department, Ordered Brand : Colony",12.6753,9.7681,non recyclable,['Coffee Bar'],Savings Galore,Supermarket,3.51 Millions,1.2636 Millions,1235.58,,294.6,724.5119,recife, PE,-8.049289725229384,-34.901552849847064,sao paulo,SP,-23.65250284762537,-46.66809535567546,1.0
mc_ID_1220,"Single Male with one child, education: partial college working as manual",30K+,"Meat from Meat department, Ordered Brand : Genteel",16.4256,12.0648,recyclable,,Sales Days,	Supermarket,€3.2M,1.444 Millions,2048.24,,304.91,610.5502, campo grande,M$,-20.445312274887744,-54.56891802541947,s4o paulo,SP,amount: -23.65111484251016,-46.75521082321932,5.0
mc_ID_1221,"Single Female with two children, education: bachelors degree working as management",50K or more,"Snack Foods from Snack Foods department, Ordered Brand : Best Choice",22.0946,-19.0421,non recyclable,['Coffee Bar'],Two Day Sale,Supermarket,14.64 Millions,7.0272 Millions,1237.93,442.92,293.95,477.3944,sao paulo,SP,-23.59081788893495,-46.55126574185525,mombuca,SP,-22.9294881423121,-47.56826980444118,4.0
mc_ID_1222,"Married Female wiht three children, education: bachelors degree working as professional",70K+,"Breakfast Foods from Breakfast Foods department, Ordered Brand : Johnson",?,27.909,non recyclable,,Super Duper Savers,Supermarket,9.4 Millions,3.666 Millions,2050.64,457.36,304.91,527.7593, Guapimirim,rJ,-22.67014224314907,-43.02136608859687,maringa,Pr ,-23.437975269077903,val: -51.91385959802448,1.0
mc_ID_1227,"Single Male with two children, education: high school degree working as manual",30000,"Meat from Deli department, Ordered Brand : American",22.9668,20.0596,recyclable,,Coupon Spectacular, Mid-Size,€7.3M,3.0135 Millions,2085.67,785.64,522.07,658.0909,mogi das cruzes,SP,-23.554576919483395,-46.2109027377433,lim3ira,SP,-22.564590914796,-47.40315315223038,val: 5.0
mc_ID_1228,"Married Male with two children, education: partial high school working as manual",10K+,"Jams and Jellies from Baking Goods department, Ordered Brand : Landslide",23.33 lbs,9.1286,recyclable,"['Video Store', 'Florist', 'Coffee Bar', 'Ready Food', 'Bar For Salad']",Super Duper Savers,	DeLuxe,4.2 Millions,1.47 Millions,1525.28,373.1,250.63,318.3501,taboao da serra,SP,-23.638223126839392,-46.801967395781645,sao paulo,sp,-23.59539756425642,-46.55163738273989,3.0
mc_ID_1229,"Single Male with one child, education: bachelors degree working as management",50K+,"Bathroom Products from Health and Hygiene department, Ordered Brand : Hilltop",19.0421,val: 14.6813,non recyclable,"['Ready Food', 'Bar For Salad']",,Supermarket,4.47 Millions,1.6092 Millions,2264.7,853.22,,444.3931,maua,SP,-23.705183776848084,-46.45744742091284,sao paulo,$P,-23.55156260866176,-46.64021297307979,Not Specified
mc_ID_1231,Single Female with two children | education: bachelors degree working as management,50K+,"Starchy Foods from Starchy Foods department, Ordered Brand : Discover",data: 23.2575,20.3503,recyclable,"['Bar For Salad', 'Coffee Bar', 'Video Store', 'Ready Food', 'Florist']",Lottery Cash Registerion,Delux3,"4.83 ,000,000illions",2.0286 Millions,1734.5,503.07,335.38,313.0678,maracanau,çE,-3.876104415952889,-38.59578398284905,campinas,SP,measure: -22.90081444463038,-46.99864279239999,2.0
mc_ID_1232,"Single Female with three children, education: high school degree working as skilled manual",50K+,"Baking Goods from Baking Goods department, Ordered Brand : Landslide",30.8162,29.3626,recyclable,"['Ready Food', 'Coffee Bar', 'Florist', 'Bar For Salad']",Dollar Days,Deluxe,7.08 Millions,2.7612 Millions,2055.29,654.13,,725.9763,PAraMbU,CE,-6.213538994662398,-40.69680563850505,SAO PAULO,SP,-23.555682314184303,-46.63309991286275,val: 4.0
mc_ID_1235,"Single Female with one child, education: high school degree working as manual",30K+,"Pain Relievers from Health and Hygiene department, Ordered Brand : Steady",9.1867,6.2795,non recyclable,['Coffee Bar'],Savings Galore,smALL GROCErY,1.53 Millions,0.7191 Millions,1423.98,,265.98,550.5098,sorocaba,_SP,-23.539013392723216,-47.49104229586244,leme,$P,-22.182877947739502,-47.40087091500408,5.0
mc_ID_1236,"Single Male with four kids, education: bachelor'ss degree working as professional",130K+,"Canned Soup from Canned Foods department, Ordered Brand : Pleasant",-29.7987,26.8915,non recyclable,['Florist'],Super Savers,Supermarket,2.6 Millions,1.222 Millions,1320.15,,349.69,338.6948,sao paulo,SP,-23.6701429730798,-46.72916299624908,joinville,Sc,-26.28314924562872,-48.85128463059032,1.0
mc_ID_1237,"Single Female with one child, education: partial high school working as manual",30K+,"Eggs from Eggs department, Ordered Brand : National",851.15 oz,21.2225,non recyclable,,Savings Galore,Mid-Size,2.79 Millions,1.1439 Millions,2819.7,447.7,,amount: 708.8742,sao paulo,SP,-23.51957274271452,-46.654271565497176,penapolis,SP,-21.442124375537592,-50.07351408965658,1.0
mc_ID_1238,"Single Female with four children, education: high school degree working as skilled manual",30K+,"Snack Foods from Snack Foods department, Ordered Brand : Best Choice",amount: 23.2575,44.86 lbs,recyclable,"['Florist', 'Video Store', 'Bar For Salad', 'Coffee Bar', 'Ready Food']",Three for One,,$3.4 Millions,1.088 Millions,1871.16,593.93,395.95,$688.37,BELO HORIZONTE,MG,amount: -19.892338512349244,-43.9326199797449,petropolis,RJ,-22.549033360244323,-43.210094724044055,5.0
mc_ID_1239,"Married Male with one child, education: bachelors degree working as professional",$70K+,"Fruit from Produce department, Ordered Brand : Hermanos",27.7636,24.8564,recyclable,['Coffee Bar'],Pick Your Savings,supermarket,"5.72 ,000,000illions",2.574 Millions,,,292.78,436.7573,caSTrO alVE$,ba,-12.764402339879744,-39.43035770661008,s4o paulo,sp,-23.65111484251016,-46.75521082321932,5.0
mc_ID_1241,"Married Male with three children, education: high school degree working as skilled manual",€42K+,"Jams and Jellies from Baking Goods department, Ordered Brand : CDR",11.1927,6.8174,non recyclable,"['Bar For Salad', 'Coffee Bar', 'Florist', 'Ready Food', 'Video Store']",,deluxe,€3.1M,1.5928 Millions,1734.5,503.07,335.38,313.0678,nova iguacu,rj,data: -22.72251068402032,-43.44230284110904,sao paulo,SP,-23.554079433810344,-46.53324185942636,5.0
mc_ID_1242,"Single Male with one child, education: bachelors degree working as professional",70k,"Candy from Snacks department, Ordered Brand : Thresher",30.3801,25.874,non recyclable,['Coffee Bar'],Shelf Clearing Days,	Supermarket,5.13 Millions,2.1033 Millions,1236.07,440.92,293.95,data: 521.7971,caxias do sul,R$,-29.19829438602458,-51.20720195133252,maua,SP,-23.68011442853022,-46.4524537436668,3.0
mc_ID_1244,"Married Male with one child, education: partial high school working as skilled manual, education: partial high school working as skilled manual",10000,"Side Dishes from Deli department, Ordered Brand : Moms",24.5657,20.0596,recyclable,"['Coffee Bar', 'Bar For Salad', 'Ready Food', 'Video Store', 'Florist']",One Day Sale,Gourmet,4.46 Millions,1.5164 Millions,1424.85,,310.3,449.1524,sao paulo,SP,-23.572060847625384,-46.636136837497816,sao paulo,SP,-23.48535959449485,-46.624283978908174,5.0
mc_ID_1245,"SINGLE FEMALE WIHT FIVE CHILDREN, EDUCATION: BACHELORS DEGREE WORKING AS MANAGEMENT",10 Thousand,"Eggs from Eggs department, Ordered Brand : National",24.7111,21.8039,non recyclable,"['Florist', 'Ready Food', 'Bar For Salad', 'Coffee Bar', 'Video Store']",You Save Days,Gourmet,4.68 Millions,2.34 Millions,,465.54,310.3,689.3663,gravat4i_,RS,-29.94589374564382,-51.02070628128247,santa 	barbara 	d'oeste,sP,val: -22.75967282783305,-47.364736674563375,4.0
mc_ID_1247,"Married Male with two children, education: partial high school working as skilled manual",10K or more,"Bread from Baked Goods department, Ordered Brand : Modell",22.24,20.7864,non recyclable,,Tip Top Savings,,6.6 Millions,2.97 Millions,2819.7,447.7,298.5,416.2557,santa rita do sapucai,MG,-22.243203015748463,-45.71330344759827,DiadEma,SP,-23.69007059755325,-46.59995236023442,5.0
mc_ID_1249,"Single Male with one child, education: partial high school working as skilled manual",30K+,"Fruit from Produce department, Ordered Brand : Hermanos",-27.7636,val: 24.8564,recyclable,"['Ready Food', 'Bar For Salad']",Big Time Discounts,Supermarket,4.29 Millions,1.6731 Millions,2448.37,470.27,312.84,measure: 501.9754,montes claros,MG,-16.682043505353082,-43.8286815604386,hortolandia,sp,-22.887514996879027,-47.19573904628551,measure: 2.0
mc_ID_1250,"Single Male with five children, education: graduate degree working as professional",110K+,"Starchy Foods from Starchy Foods department, Ordered Brand : Discover",amount: 21.0771,19.6235,recyclable,"['Florist', 'Bar For Salad', 'Video Store', 'Coffee Bar', 'Ready Food']",Bag Stuffer,Deluxe,5.46 Millions,2.5116 Millions,1734.5,503.07,335.06,662.2226,Sao Paulo,SP,-23.61757125930447,-46.702606644078834,guariba,SP,-21.36235769739203,-48.232975701561735,4.0
mc_ID_1251,"Single Female with five children, education: partial college working as professional",110k,"Vegetables from Produce department, Ordered Brand : Tri-State",data: 27.909,25.0018,non recyclable,"['Bar For Salad', 'Ready Food', 'Florist', 'Coffee Bar', 'Video Store']",Price Cutters,Deluxe,$2.2 Millions,0.704 Millions,1525.28,373.1,248.77,642.0871,SAO GABRIAL,Rs,-30.32575177815092,-54.32844740484445,borda da mata,MG,-22.264093569966427,-46.15856420525942,4.0
mc_ID_1254,"Married Female with two children, education: bachelos degree working as professional",50K+,"Snack Foods from Snack Foods department, Ordered Brand : Horatio",-1.0,12.3555,non recyclable,"['Florist', 'Ready Food', 'Coffee Bar', 'Bar For Salad', 'Video Store']",Price Winners,Deluxe,15.12 Millions,6.5016 Millions,1871.16,595.93,395.17,436.9665,campo florido,MG,-19.76014724453228,-48.57194271165567,Sao Jose Do Rio Pardo,$P,Data Missing,val: -46.89389599036144,4.0
mc_ID_1255,"Married Female with two children, education: bachelors degree working as professional",50K or more,"Plastic Products from Household department, Ordered Brand : High Quality",26.7461,23.6936,non recyclable,"['Bar For Salad', 'Ready Food']",Super Savers,Supermarket,€4.5M,2.2176 Millions,2448.37,470.27,314.64,719.3865,JEBOTICABAL,$P,measure: -21.250592999999995,-48.31762049999999,sao paulo - sp,SP,-23.57828270774424,-46.65102362378097,5.0
mc_ID_1256,"married female with five children, education: high school degree working as management",1800+ monthly,"Seafood from Seafood department, Ordered Brand : Amigo",11.5125,10.0589,non recyclable,['Coffee Bar'],,Supermarket,11.16 Millions,4.5756 Millions,1235.06,,293.77,493.8689,nova iguacu,RJ,amount: -22.74138956806041,-43.447926628659445,belo horizonte,Mg,-19.892338512349244,val: -43.9326199797449,5.0
mc_ID_1258,"Married Male with three kids, education: high school degree working as professional",130K+,"Frozen Desserts from Frozen Foods department, Ordered Brand : Carrington",-21.3678,18.3153,recyclable,"['Florist', 'Coffee Bar', 'Ready Food', 'Video Store', 'Bar For Salad']",,DELUXE,2.07 Millions,0.6624 Millions,1734.5,503.07,334.62,689.0525,sorocaba,$P,-23.427220495412364,-47.46811611532685,sao pAuLO_,_$P,-23.47666615958798,measure: -46.68147008895491,4.0
mc_ID_1259,"Married Male with No children, education: graduate degree working as professional",130K+,"Dairy from Dairy department, Ordered Brand : Club",data: 29.2172,26.31,non recyclable,"['Video Store', 'Coffee Bar', 'Bar For Salad', 'Florist', 'Ready Food']",,Deluxe,1.83Ms,0.6954 Millions,1525.28,,248.79,722.6814,SantO aNDRe,SP,-23.685925683045728,-46.530850034133564,CARIACICA,eS,-20.29753657631548,-40.40086853731229,5.0
mc_ID_1264,"Single Male with four children, education: graduate degree working as professional",70K+,"Specialty from Produce department, Ordered Brand : Hermanos",16.2802,measure: 13.3585,recyclable,,Big Time Discounts,Supermarket,"5.28 ,000,000illions",1.7952 Millions,2049.72,457.36,306.82,310.662,ceres,GO,measure: -15.307309412206502,-49.60681436507007,SAU PAULO,SP,-23.59798552039933,-46.55547278711988,5.0
mc_ID_1265,"Married Male with three children, education: bachelors degree working as management",50K+,"Paper Products from Household department, Ordered Brand : Sunset",11.6287,10.1752,non recyclable,"['Ready Food', 'Florist', 'Bar For Salad', 'Coffee Bar', 'Video Store']",,Deluxe,2.58 Millions,0.8256 Millions,1871.16,593.93,394.87,519.7574,campinas,SP,-22.881355389947625,-47.04169144124817,pradopolis,SP,-21.36757068180344,-48.06270442872158,5.0
mc_ID_1266,"Single Female with one child, education: partial high school working as skilled manual",10K+,"Bread from Baked Goods department, Ordered Brand : Sphinx",10.9746,8.0674,recyclable,['Florist'],Save It (Sale),Supermarket,4.72 Millions,1.6048 Millions,1320.15,,350.68,427.7617, teresina,PI,-5.096628166728795,-42.7374337291589,belo horizonte,MG,-19.88556770413756,val: -44.00816196779967,amount: 5.0
mc_ID_1267,"Marriied Male with four children , education: gradute degree working as management",130K+,"Carbonated Beverages from Beverages department, Ordered Brand : Excellent",measure: 10.5822,-7.675,recyclable,"['Bar For Salad', 'Ready Food']",Shelf Clearing Days,SUPERMARKET,2.62 Millions,1.1004 Millions,2265.55,,568.75,554.903,sao jose dos campos,Sp ,val: -23.19649674632121,-45.86480432708181,SALTO,SP,val: -23.194155763010308,-47.26601382366275,5.0
mc_ID_1268,"Married Female with three children, education: partial high school working as skilled manual",120+ monthly,"Packaged Vegetables from Produce department, Ordered Brand : Tell Tale",26.31,825.51 oz,non recyclable,"['Bar For Salad', 'Ready Food']",You Save Days,Supermarket,"5.01 ,000,000illions",2.2545 Millions,2263.01,853.22,566.85,measure: 268.1421, aparecida de monte alt0 ,SP,-22.954083164763475,amount: -46.53141327747673,formiga,MG,-20.474084262411907,-45.424321458052006,5.0
mc_ID_1270,"Single Male with five children, education: bachelors degree working as management",50K+,"Vegetables from Frozen Foods department, Ordered Brand : PigTail",10.1606,7.2389,non recyclable,"['Florist', 'Ready Food', 'Coffee Bar', 'Video Store', 'Bar For Salad']",,Deluxe,$9.55 Millions,4.393 Millions,1734.5,503.07,335.38,440.1568,Taboao Da Serra,SP,-23.599803598747204,-46.76730516108957,patos de minas,_MG,-18.60497691187199,-46.52154885505743,5.0
mc_ID_1271,"Single Male with two children, education: high school degree working as manual",30K+,"Bread from Baked Goods department, Ordered Brand : Fantastic",-1.0,-26.8915,non recyclable,"['Florist', 'Coffee Bar']",Sales Days, Mid-Size,6.99 Millions,3.2154 Millions,2551.4,391.54,260.82,694.9624,vila velha,es,-20.33161263550869,-40.27958609200332,campinas,SP,-22.895876357204664,-47.0791850342778,5.0
mc_ID_1272,"Single Male with two children, education: partial high school working as manual",30K+,"Paper Products from Household department, Ordered Brand : Sunset",14.8266,11.9049,non recyclable,,Price Destroyers,Supermarket_,4.77 Millions,2.2896 Millions,2049.72,457.36,304.91,325.6198,tatui, sp ,-23.32324191018052,val: -47.8687957109749,campinas,SP,-22.943830511384977,-47.11233196480047,5.0
mc_ID_1273,"Married Female with four kids, education: partial HS working as manual",10K or more,"Frozen Desserts from Frozen Foods department, Ordered Brand : Big Time",25.0018,22.0946,non recyclable,['Coffee Bar'],Promo Big,Supermarkat,7.35 Millions,2.4255 Millions,1236.07,440.92,293.95,647.8924,itumbiara,gO,-18.40873815540604,-49.21153887532976,Sao Paulu,SP,measure: -23.55684999916328,-46.56941527477062,amount: 5.0
mc_ID_1274,"Married_Female_with_one_child,_education:_bachelors_degree_working_as_professional",130K+,"Baking Goods from Baking Goods department, Ordered Brand : CDR",1097.26 oz,data: 28.0543,recyclable,"['Bar For Salad', 'Ready Food', 'Video Store', 'Coffee Bar', 'Florist']",Lottery Cash Registerion,	Deluxe,10.56 Millions,3.5904 Millions,1731.59,,335.38,500.9294,sobral,çE,-3.682543158659581,data: -40.350677053797625,ilheu5,BA,-14.792528695183035,-39.05847824149158,5.0
mc_ID_1277,"sINGLE fEMALE WITH ONE CHILD, EDUCATION: HIGH SCHOOL DEGREE WORKING AS SKILLED MANUAL",30K+,"Canned Clams from Canned Foods department, Ordered Brand : Blue Label",val: 24.275,measure: 21.3678,recyclable,"['Coffee Bar', 'Ready Food', 'Video Store', 'Florist', 'Bar For Salad']",,Deluxe,3.38 Millions,1.2168 Millions,1734.5,503.07,335.38,amount: 662.2226,campinas,SP,amount: -22.965084,-47.088724499999984,Lencois Paulista,$P,-22.6025864711492,-48.81247149518349,4.0
mc_ID_1278,"mARRIED fEMALE WITH THREE CHILDREN, EDUCATION: PARTIAL HIGH SCHOOL WORKING AS MANUAL",€8K+,"Pure Juice Beverages from Beverages department, Ordered Brand : Fabulous",15.6988,12.7916,non recyclable,"['Bar For Salad', 'Coffee Bar', 'Ready Food', 'Florist']",Full Free,deluxe,2.1 Millions,0.651 Millions,2055.29,,435,288.5914,petrolandia_,pa,-8.97445277384061,-38.21986668988561,pirituba,SP,-23.49065997530149,-46.7284764394945,5.0
mc_ID_1279,"Married Female with No children, education: high school degree working as manual",30K+,"Side Dishes from Deli department, Ordered Brand : American",amount: 10.5531,7.6459,non recyclable,['Coffee Bar'],Best Price Savers,supermarket,6.81 Millions,2.724 Millions,,440.92,293.06,£254.96,pORtO ALEGRE,RS,-30.099819425212,-51.234831738963614,ribeirao preto,sp,-21.174925033585303,-47.7686162776848,1.0
mc_ID_1280,"Married Male with two children, education: partial high school working as manual",10K+,"Electrical from Household department, Ordered Brand : Denny",22.8214,19.7689,recyclable,"['Bar For Salad', 'Video Store', 'Florist', 'Ready Food', 'Coffee Bar']",,Deluxe_,"7.86 ,000,000illions",3.0654 Millions,1525.28,373.1,248.79,403.9652,bauru,SP,-22.33464564974889,-49.05350529935354,PEdREirA,SP,-22.73824150585765,-46.8958585777586,5.0
mc_ID_1281,Married Male with two children - education: partial high school working as skilled manual,10K+,"Electrical from Household department, Ordered Brand : Sunset",21.0771,18.1699,recyclable,"['Bar For Salad', 'Ready Food', 'Florist', 'Video Store', 'Coffee Bar']",Two Day Sale, gOUrmet,€4.1M,1.584 Millions,,465.54,310.3,€564.05,sao paulo,SP,-23.560478444630373,val: -46.59520402553522,Sao Paulo,SP,-23.554079433810344,-46.53324185942636,5.0
mc_ID_1282,"Single Male with three children, education: high school degree working as skilled manual",360+ monthly,"Drinks from Beverages department, Ordered Brand : Skinner",16.571,-12.1956,recyclable,"['Florist', 'Coffee Bar', 'Ready Food', 'Bar For Salad', 'Video Store']",Three for One,Deluxe,€6.1M,2.9356 Millions,,,395.95,688.3726,BALNEARIO PICARRAS,SC,-26.72459340297438,-48.68317628625917,Lauro De Freitas,BA,-12.895112589380958,-38.33895999999978,4.0 stars
mc_ID_1283,"Single Male with two children, education: bachelors degree working as professional",Income: 90K+,"Specialty from Produce department, Ordered Brand : Tell Tale",16.4256,13.5184,non recyclable,"['Video Store', 'Florist', 'Bar For Salad', 'Ready Food', 'Coffee Bar']",GLD,,"5.7 ,000,000illions",2.394 Millions,1871.16,593.93,394.94,484.1411,Sao Paulo,sp,-23.713052505361883,-46.61991569705063,guara,SP,-20.43399042630061,-47.81416224047547,5.0
mc_ID_1284,"Married Male with three childran, education: partial high school working as skilled manual",10K+,"Snack Foods from Snack Foods department, Ordered Brand : Nationeel",amount: 12.0794,9.1722,non recyclable,,Price Winners, Supermarket ,6.6 Millions,2.442 Millions,1623.48,341.05,227.33,data: 543.397,indai@tuba,SP,-23.08609461599848,-47.224962351552726,sao paulo ,SP,-23.69289565500035,-46.68021046531817,3.0
mc_ID_1290,"Single Male with four children, education: bachelors degree working as professional",70K+,"Electrical from Household department, Ordered Brand : Sunset",31.3976,29.944,non recyclable,,Budget Bargains,Supermarket,4.34 Millions,1.519 Millions,1623.48,341.05,225.88,623.7298,santos,SP,-23.97025376741302,-46.31830300014421,jABuTIcabal,SP,val: -21.253339982915808,-48.32841354256132,3.0
mc_ID_1291,"Married Female with three children, education: partial high school working as skilled manual",10K+,"Snack Foods from Snack Foods department, Ordered Brand : Nationeel",29.0719,26.1647,recyclable,"['Coffee Bar', 'Ready Food', 'Video Store', 'Florist', 'Bar For Salad']",Two Day Sale,	gourmet,3.94 Millions,1.4184 Millions,1424.85,465.54,,663.5824,taubate,sp,measure: -23.00315838696713,-45.55407537022584,Campo Limpo Paulista,SP,-23.20706431353269,-46.760735214610754,5.0
mc_ID_1293,"Single Female with three children, education: partial high school working as skilled manual",30K+,"Canned Soup from Canned Foods department, Ordered Brand : Better",10.8583,7.9366,non recyclable,,Go For It,Supermarket,11.94 Millions,4.776 Millions,1510.07,,151.9,623.939,guaruja,SP ,-23.939318620030072,-46.30539278864907,ROLANDIA, PR,-23.31259824896755,-51.36894941889966,1.0
mc_ID_1295,"Married Female with one child,education: partial college working as professional",150K+,"Canned Oysters from Canned Foods department, Ordered Brand : Better",22.676,18.3153,non recyclable,['Coffee Bar'],,,8.48 Millions,3.816 Millions,1236.07,440.92,292.51,760.4943,7ubARaO,SC,-28.469550456575604,-48.976829916180975,ribeirao preto_,SP,-21.1774515925616,-47.79583295337295,5.0
mc_ID_1296,"Single Male with two children, education: partial high school working as professional",90K+ annually,"Vegetables from Canned Foods department, Ordered Brand : Bravo",measure: 9.8844,8.4308,recyclable,,Weekend Discount,Mid-Size,9.45 Millions,4.725 Millions,2085.67,783.64,,577.7581,Salvador,BA,-12.899295938010422,-38.41756761729419,SAO JOSE DO RIO PRETO,SP,-20.80243626346376,-49.39562406741489,1.0
mc_ID_1297,"Married Female with three children, education: partial high school working as manual",10K+,"Dairy from Dairy department, Ordered Brand : Gorilla",29.5079,25.0018,recyclable,,One Day Sale, Supermarket ,5.96 Millions,2.3244 Millions,1508,227.8,150.71,data: 613.4267,tatui,SP,-23.32324191018052,-47.8687957109749,ferraz de vasconcelos,sp,-23.52145430890418,-46.37456588259565,2.0
mc_ID_1298,"MaRrIeD MaLe wItH TwO ChIlDrEn,eDuCaTiOn: PaRtIaL HiGh sChOoL WoRkInG As sKiLlEd mAnUaL",30 Thousand,"Baking Goods from Baking Goods department, Ordered Brand : BBB Best",22.3853,20.7864,non recyclable,['Florist'],Save It (Sale),supermarket,3.68Ms,1.288 Millions,1320.15,525.32,348.85,427.7617,aracaju,SE,measure: -10.907819242339157,-37.06894542215356,SAO JOSE DOS CAMPOS,Sp,data: -23.18093790397594,-45.86936250721335,5.0
mc_ID_1299,"Single Male with three kidren, education: partial HS working as manual",10 Thousand,"Electrical from Household department, Ordered Brand : Denny",30.8162,29.3626,non recyclable,"['Bar For Salad', 'Ready Food', 'Florist', 'Coffee Bar', 'Video Store']",One Day Sale,gourmet,6.81Ms,2.3154 Millions,1424.75,465.54,310.3,449.1524,corrent3,Pl,-10.441255487219744,-45.16858578213835,penapolis ,SP,-21.426570046543283,-50.06791761043272,val: 1.0
mc_ID_1301,"Married Female with four children, education: bachelors degree working as professional",70K+,"Fruit from Produce department, Ordered Brand : Tell Tale",19.7689,val: 16.8617,recyclable,['Coffee Bar'],,,7.36 Millions,3.3856 Millions,,,293.95,477.3944,ibipltanga,Ba ,-12.880643352683414,-42.48797996878386,san7o andre,Sp,-23.665703457960586,-46.51808196779969,5.0
mc_ID_1302,"Single Female with five children, education: high school degree working as manual",Income: 30K+,"Frozen Entrees from Frozen Foods department, Ordered Brand : Golden",val: 26.6008,830.64 oz,recyclable,['Coffee Bar'],Best Savings,Supermarket,2.36 Millions,1.1564 Millions,1236.07,442.92,294.03,596.2723,SERRA,as,-20.15493809541017,-40.25062881596327,lages,$C,-27.82214624923539,val: -50.34177358422306,3.0
mc_ID_1303,"Married Female with four children, education: bachelors degree working as professional",70K+,"Candy from Snacks department, Ordered Brand : Choice",16.8617,-12.5009,non recyclable,,Big Time Discounts,suPeRmArKet,1.68 Millions,0.672 Millions,1508,227.8,151.9,574.9339,chapeco,$C,-27.111570666475647,-52.61231533338108,sao paulo,SP,-23.53968594087948,-46.54635608021235,data: 2.0
mc_ID_1304,"Married Male with three children, education: partial high school working as manual",10K+,"Vegetables from Produce department, Ordered Brand : Tri-State",14.972,12.0648,non recyclable,"['Ready Food', 'Coffee Bar', 'Video Store', 'Florist', 'Bar For Salad']",Price Cutters,Deluxe,"4.02 ,000,000illions",1.4874 Millions,1525.28,373.1,,642.0871,niterol,RJ,val: -22.89428279372572,amount: -43.12073703239408, sao paulo ,5P,-23.63665699295384,-46.69477973651988,3.0
mc_ID_1305,"Single Male with four children, education: partial high school working as skilled manual",10K+,"Frozen Desserts from Frozen Foods department, Ordered Brand : Big Time",28.9265,24.4204,recyclable,"['Florist', 'Coffee Bar', 'Ready Food', 'Bar For Salad']",Three for One,Deluxe,5.54 Millions,2.1052 Millions,2055.29,654.13,436.09,640.5181,campinas,Sp,-22.88093166586252,-47.068424969313,UBA,MG,-21.120087446232457,-42.91067895264525,4.0
mc_ID_1306,Single Male with four children; education: partial high school working as manual,10K+,"Pizza from Frozen Foods department, Ordered Brand : Carrington",measure: 17.5885,16.1349,recyclable,"['Ready Food', 'Florist', 'Coffee Bar', 'Bar For Salad', 'Video Store']",Sale Winners,Deluxe,10.28 Millions,4.2148 Millions,1871.78,593.93,,519.7574,blumenau,Sc,-26.904493462231457,-49.04979376883908,ibitinga,$P,-21.7664768468313,amount: -48.83154737836604,4.0
mc_ID_1307,"Married Female with one child, education: high school degree working as manual",50K+,"Pure Juice Beverages from Beverages department, Ordered Brand : Token",28.6358,25728.60 grams,recyclable,['Coffee Bar'],Weekend Discount,supermarket,2.34 Millions,0.8892 Millions,1236.07,440.92,293.95,364.1649,bombinhas,SC,-27.14294161449014,-48.50728684609616,borda da mata,MG,-22.264093569966427,data: -46.15856420525942,3.0
mc_ID_1308,"Single Male with four children, education: high school degree working as manual",30K+,"Kitchen Products from Household department, Ordered Brand : Sunset",21.0771,19.6235,recyclable,"['Ready Food', 'Bar For Salad']",Save Price,_SUPERMARKE7,1.89Ms,0.7371 Millions,2448.37,472.27,313.55,406.4756,	vicosa,mg_,-20.721937677884224,-42.86601159708953,sao jose do rio preto,SP,-20.80243626346376,-49.39562406741489,4.0
mc_ID_1309,"Single Male with four children, education: bachelors degree working as professional",10k,"Vegetables from Produce department, Ordered Brand : Hermanos",27.1822,22.8214,recyclable,"['Coffee Bar', 'Ready Food', 'Florist', 'Video Store', 'Bar For Salad']",Money Savers,Deluxe,"13.44 ,000,000illions",5.9136 Millions,1525.28,373.1,,560.656,porto alegre,RS,-29.963407806474702,-51.11430213950879,brusque,SC,data: -27.14105704919435,-48.96146112936535,amount: 4.0
mc_ID_1312,Single Female with four children and education: partial high school working as manual,10K+,"Breakfast Foods from Frozen Foods department, Ordered Brand : Imagine",10.4659,-6.0906,recyclable,,Tip Top Savings,Supermarket,"7.74 ,000,000illions",2.3994 Millions,2048.76,457.36,304.06,557.8318,votorantim,Sp,-23.57105743712856,-47.45745448568884,sao  paulo,SP,-23.541941545934563,measure: -46.49095488842404,5.0
mc_ID_1313,"Single Male with one child, education: bachelors degree working as professional",10K+,"Dairy from Dairy department, Ordered Brand : Carlson",-0.1,8.4018,recyclable,['Coffee Bar'],Big Time Saving,Supermarket,7.08 Millions,2.5488 Millions,1236.07,440.92,295.69,710.234,rio de janeiro,RJ,-22.82696574686947,-43.30858851122407,BELO HORIZONTE,Mg,-19.809042328611024,-43.99006964195861,1.0
mc_ID_1314,"Single Male with five kids, education: high school degree working as management",90K+,"Dairy from Dairy department, Ordered Brand : Gorilla",26.4554,22.0946,recyclable,,Save It (Sale),	Supermarket,5.37 Millions,2.5776 Millions,,341.05,,353.7049,sao paulo,SP,-23.53596539938832,data: -46.7567294768307,santa barbara d'0este,SP,-22.75967282783305,-47.364736674563375,2.0
mc_ID_1316,Single Female with one child + education: bachelors degree working as management,50K+,"Eggs from Eggs department, Ordered Brand : Blue Medal",amount: 28.3451,25.4379,recyclable,"['Bar For Salad', 'Ready Food']",Mystery Sale,,6.57 Millions,2.6937 Millions,2265.9,853.22,568.75,444.3931,campinas,SP,-22.91832805816816,-47.06784794206877,NOVA IGUACU_,RJ_,amount: -22.75306877541351,-43.45655425604264,5.0
mc_ID_1323,Married Female with four children; education: High School degree working as manual,30K+,"Fruit from Produce department, Ordered Brand : Ebony",11.12,8.2128,recyclable,,Price Winners,Supermarket,7.64Ms,3.2852 Millions,1623.48,341.05,227.33,543.397,Sao Jose Do Riu Preto,SP,-20.80243626346376,-49.39562406741489,s4o paulo,	SP,-23.51674732944774,data: -46.54818243075192,?
mc_ID_1324,"SiNgLe mAlE W/ fOuR ChIlDrEn, EdUcAtIoN: bAcHeLoRs dEgReE WoRkInG As pRoFeSsIoNaL",50K+,"Jams and Jellies from Baking Goods department, Ordered Brand : Landslide",11.338,8.4308,recyclable,"['Video Store', 'Florist', 'Bar For Salad', 'Coffee Bar', 'Ready Food']",Two Day Sale,"Gourmet
",2.92 Millions,1.022 Millions,1421.91,465.54,309.04,data: 783.1925,joao pessoa,Pb,val: -7.157376565641395,data: -34.83253336372553,barueri,Sp,-23.491791912543025,-46.94733309700014,5.0
mc_ID_1325,"Married Female with four children, education: partial high school working as skilled manual",$10K+,"Candy from Snacks department, Ordered Brand : Atomic",23.1121,20.0596,recyclable,,Sale : Double Down,,"7.05 ,000,000illions",3.525 Millions,2049.72,457.36,304.91,327.7641,"aparecida de goiania
",Gu,-16.747272000000002,-49.28483025000001,SAO P4ULO,SP,-23.554079433810344,-46.53324185942636,4.0
mc_ID_1326,"Married Female with one child, education: bachelors degree working as professional",50K+,"Snack Foods from Snack Foods department, Ordered Brand : Horatio",amount: 28.4904,-25.5832,non recyclable,"['Coffee Bar', 'Florist', 'Bar For Salad', 'Ready Food']",GLD,Gourmet,9.08 Millions,3.632 Millions,1566.34,,256.63,396.2248,Brasil1A, df,-15.927029094431656,-48.10959487567799,brasilia,DF,-15.840667480274698,-48.051942900348365,3.0
mc_ID_1327,"Single Male with two children, education: high school degree working as professional",90K+,"Beer and Wine from Alcoholic Beverages department, Ordered Brand : Pearl",31.63 lbs,351.74 oz,recyclable,['Florist'],,supermarket,2.85 Millions,1.368 Millions,1319.76,523.32,,769.6991,SaO jOsE dO noRTe,RS,amount: -31.756998494341783,-51.60156420031753,belo horizonte,Mg_,-19.907108245080448,-43.91966546502971,4.0
mc_ID_1329,"Married Male with three children, education: high school degree working as skilled manual",30K+,"Specialty from Produce department, Ordered Brand : Tri-State",19.7689,-18.3153,recyclable,"['Florist', 'Coffee Bar', 'Bar For Salad', 'Ready Food']",Two for One,Deluxe,10.52 Millions,4.4184 Millions,2055.29,654.13,438.06,data: 312.9109,Varginha,MG,-21.55014442079444,-45.42485451263793,curitiba,PR,-25.397971942264448,-49.24103753690352,5.0
mc_ID_1331,"Married Female with one kid, education: high school degree working as management",Income: 70K+,"Jams and Jellies from Baking Goods department, Ordered Brand : Super",25.2925,20.7864,non recyclable,,Sale Winners,Supermarket,€1.5M,0.648 Millions,1508,227.8,151.92,720.171,jaboatao dos guararapes, PE,-8.193270817916602,-34.933218138281305,sao paulo,SP,-23.693985995008337,-46.70188324132953,4.0
mc_ID_1332,"Single Female with three children, education: high school degree working as skilled manual",30K+,"Kitchen Products from Household department, Ordered Brand : Red Wing",12.1084,-10.6403,recyclable,"['Bar For Salad', 'Video Store', 'Florist', 'Coffee Bar', 'Ready Food']",Go For It,DeLuXe,11.43 Millions,5.0292 Millions,2037.41,483.98,321.32,?,aLmIRanTe TAmaNdAra,Pr,-25.320346386346568,-49.27875530016162,belo horizonte, MG ,-19.878513898894187,-43.95694702879617,5.0
mc_ID_1336,"Single Male with three children, education: bachelors degree working as professional",Income: 50K+,"Fruit from Produce department, Ordered Brand : Hermanos",30.9615,27.909,non recyclable,"['Florist', 'Video Store', 'Ready Food', 'Bar For Salad', 'Coffee Bar']",Price Slashers,d3LUXe,10.02Ms,3.2064 Millions,1734.5,503.07,334.84,amount: 282.9953,BONiTo dE sAnta Fe,PB,-7.313537566603111,-38.51404478025783,lencois paulista,Sp,amount: -22.6025864711492,-48.81247149518349,5.0
mc_ID_1337,"Single Male wiht four children,education: partial high school working as skilled manual",10K+,"Dairy from Dairy department, Ordered Brand : Club",12.2247,7.8494,non recyclable,,,supermarket,5.88 Millions,2.7048 Millions,2049.72,457.36,304.91,557.8318,belo horizonte,MG,-19.938406212043407,-43.93702206884405,sao paulo,SP,-23.59798552039933,val: -46.55547278711988,2.0
mc_ID_1338,"Single Female with one child, education: high school degree working as manual",30K+,"Hardware from Household department, Ordered Brand : Denny",14535.90 grams,11.6287,recyclable,"['Ready Food', 'Coffee Bar', 'Video Store', 'Florist', 'Bar For Salad']",Sale : Double Down,Deluxe,4.56Ms,1.824 Millions,1731.87,505.07,,data: 265.6317,caieir@s,$P,-23.374820440198363,-46.7001191005693,videira,SC,-27.00086872288371,-51.14532022116548,1.0
mc_ID_1339,"Married Male with No children, education: high school degree working as manual",30K+,"Meat from Deli department, Ordered Brand : American",368.66 oz,8.9977,recyclable,"['Bar For Salad', 'Ready Food']",Savings Galore,Supermarkat,10.6 Millions,3.816 Millions,2448.37,470.27,--,550.1437,guaruja,$P,-23.978624736621192,measure: -46.2155448966947,maringa,pr,data: -23.437975269077903,-51.91385959802448,5.0
mc_ID_1343,"Single Female with one kid, education: bachelors degree working as professional",Income: 50K+,"Plastic Products from Household department, Ordered Brand : Cormorant",22.676,19.7689,recyclable,,Price Destroyers,miD-sizE,8.94 Millions,3.7548 Millions,2819.7,449.7,,777.2826,sao paulo,sp ,-23.476274393968733,-46.56835100557099,sao paulo,5P,-23.528716250620374,-46.62026515958797,5.0
mc_ID_1344,"Married Female with three children, education: partial high school working as professional",130K+,"Frozen Entrees from Frozen Foods department, Ordered Brand : Imagine",21.8039,18.8967,recyclable,"['Coffee Bar', 'Bar For Salad', 'Florist', 'Ready Food']",Weekend Discount,gourmet,9.28Ms,3.6192 Millions,1564.86,385.45,256.97,470.177,brasilia, DF ,-15.639619383972343,-47.804546933208144,meua,SP,-23.678798920064235,-46.45947764149177,5.0
mc_ID_1345,"Married Male with three children, education: partial HS working as skilled manual",10K+,"Magazines from Periodicals department, Ordered Brand : Excel",18.0246,13.6492,recyclable,,Money Savers,Supermarket,2.31 Millions,0.7161 Millions,1508,,150.57,data: 277.2423,sAlVadoR,BA,-12.862323,-38.47837499999999,taboao da serra,SP,-23.62527254443769,-46.77949146270542,4.0
mc_ID_1346,"Married Female with No children, education: Bachelors degree working as professional",70K+,"Meat from Deli department, Ordered Brand : Cutting Edge",22.676,-21.2225,non recyclable,['Coffee Bar'],Save It (Sale),Small Grocery,1.99 Millions,0.9154 Millions,2069.04,330.83,220.55,data: 274.1566,Guarapuava,PR,val: -25.38999640215828,-51.47482035400201, sao PaULo ,5P,-23.58202355453289,-46.62322245045877,measure: 5.0
mc_ID_1347,"Married Male with No kidren, education: high school degree working as manual",360+ monthly,"Snack Foods from Snack Foods department, Ordered Brand : Best Choice",27.3275,25.7286,recyclable,"['Ready Food', 'Bar For Salad']",Save Price,Supermarket,6.42 Millions,2.3754 Millions,,470.27,314.92,406.4756,bElO hoRiZoNtE,mg,-19.8530362758958,-43.95277064446877,sao paulo,SP,amount: -23.551013388568272,-46.44848890729416,4.0
mc_ID_1348,"MARRIED MALE WITH FOUR KIDS, EDUCATION: PARTIAL HIGH SCHOOL WORKING AS SKILLED MANUAL",10K+,"Magazines from Periodicals department, Ordered Brand : Dollar",61.21 lbs,-26.31,recyclable,,Full Free,_mID-sizE,2.58 Millions,1.0578 Millions,2085.67,783.64,522.49,778.5901,Brasilia,df,-15.769799999999991,-47.89016774999999,curi7iba,pR,data: -25.393345281980704,-49.35098627800838,val: 5.0
mc_ID_1349,"Single Female with one child, education: partial high school working as manual",10K+,"Vegetables from Produce department, Ordered Brand : Ebony",10.5531,-9.0995,non recyclable,"['Ready Food', 'Bar For Salad']",,$upermarket,2.4 Millions,0.888 Millions,2265.9,853.22,567.1,601.7115,raul soares,MG,-20.09954563846855,measure: -42.449282552721314,Pradopolis,SP,-21.36757068180344,-48.06270442872158,4.0
mc_ID_1350,"Married Male with three children, education: partial high school working as manual",10K+,"Vegetables from Produce department, Ordered Brand : Tell Tale",23.8389,-19.3328,recyclable,,Budget Bargains,SUPERMARKE7,7.23Ms,3.1089 Millions,1623.48,341.05,227.33,623.7298,sao paulo,SP,-23.55644627808883,measure: -46.437270485977294,	sao paulo,SP,-23.537511255832708,-46.63705730743676,5.0
mc_ID_1351,"Married Male with three childern, education: partial high school working as manual",10K+,"Vegetables from Produce department, Ordered Brand : Tell Tale",23.8389,19.3328,recyclable,"['Bar For Salad', 'Video Store', 'Ready Food', 'Florist', 'Coffee Bar']",Big Time Saving,Gourmet,$4.82 Millions,1.446 Millions,,465.54,310.3,404.3836,mege,RJ,-22.6719052822929,-43.16990957323648,PIrAcICaBA,SP,-22.72737479516996,-47.67061025477531,val: 5.0
mc_ID_1352,"Married Male with No kids, education: partial high school working as professional",130K+,"Bathroom Products from Health and Hygiene department, Ordered Brand : Steady",16.7163,12.3555,recyclable,['Florist'],,Supermarket_,7.2 Millions,2.88 Millions,1320.15,523.32,,689.3663,sao paulo,5P,val: -23.495997921014894,-46.68376870640487,santana de parnaiba,sP,val: -23.419753962259747,-46.95925190896761,amount: 1.0
mc_ID_1353,"Married Male with three children, education: bachelors degree working as professional",70k,"Dairy from Dairy department, Ordered Brand : Club",19.4781,16.4256,non recyclable,"['Coffee Bar', 'Bar For Salad', 'Ready Food', 'Florist', 'Video Store']",Money Savers, Deluxe,2.96 Millions,0.9472 Millions,1871.16,595.93,395.04,343.611, belo horizonte ,mg,-19.981843055786783,-44.056511561047486,claudio,MG_,-20.43773362250285,-44.75914024487753,1.0
mc_ID_1354,"Single Male with two children, education: bachelors degree working as management",70K+,"Frozen Entrees from Frozen Foods department, Ordered Brand : Big Time",22.8214,21.2225,recyclable,,You Save Days,Supermarket,8.8 Millions,2.816 Millions,,,151.9,565.9906,juazeiro,BA,-9.418293471519076,-40.50314562847067,riberao preto,SP,-21.16850440882337,data: -47.79370519233655,4.0
mc_ID_1355,"Single Female with three children, education: graduate degree working as professional",110K+ annually,"Side Dishes from Deli department, Ordered Brand : American",28.9265,25.874,non recyclable,"['Ready Food', 'Florist', 'Bar For Salad', 'Video Store', 'Coffee Bar']",Discount Frenzy,Deluxe,3.56 Millions,1.6376 Millions,,593.93,395.33,326.352,barreiras,BA,amount: -12.147030551377815,-44.99609163741842,guariba,Sp,-21.36235769739203,-48.232975701561735,4.0
mc_ID_1357,"Single Male with two children, education: bachelor'ss degree working as professional",$90K+,"Frozen Desserts from Frozen Foods department, Ordered Brand : Carrington",val: 16.7163,13.8091,recyclable,"['Florist', 'Video Store', 'Bar For Salad', 'Coffee Bar', 'Ready Food']",,Deluxe,7.24 Millions,2.3892 Millions,1871.16,593.93,395.95,343.611,pouso alegre,MG,-22.23423662262365,-45.935242048994425,itatiba,SP,-22.99567770323237,-46.857106243157794,5.0
mc_ID_1358,"Married Female with one child, education: partial high school working as manual",10K+,"Breakfast Foods from Frozen Foods department, Ordered Brand : Carrington",15.1174,12.1956,recyclable,['Coffee Bar'],Best Price Savers,Superm@rket,2.62 Millions,0.8122 Millions,1238,440.92,293.95,720.5371,cAmbe,PR,amount: -23.28193402859364,-51.28510693242536,sao p@ulo,SP,-23.53108125950717,-46.51791357132556,val: 5.0
mc_ID_1362,"Single Female with two children, education: partial high school working as manual",10K+,"Dairy from Dairy department, Ordered Brand : Gorilla",28.39 lbs,-9.9571,recyclable,"['Ready Food', 'Coffee Bar', 'Video Store', 'Florist', 'Bar For Salad']",Price Cutters,Deluxe,9.87 Millions,4.2441 Millions,1525.28,375.1,,642.0871,rio de janeiro,RJ,-22.96308886984238,-43.402024304605,5ao paulo, SP ,-23.63697817262972,-46.597344244243736,4.0
mc_ID_1363,"Single Male with two children, education: partial high school working as manual",30000,"Baking Goods from Baking Goods department, Ordered Brand : Plato",21.5132,20.0596,recyclable,,Save It (Sale),Supermarket,2.94 Millions,1.47 Millions,2049.72,,304.91,467.4051,_maximiliano de aImeida,RS,-27.637027131665025,data: -51.805118192723775,sao bernardo do campo,$P,amount: -23.71688471949829,-46.54199108267673,3.0 stars
mc_ID_1365,"Single Female with four children, education: high school degree working as professional, education: high school degree working as professional",130k,"Baking Goods from Baking Goods department, Ordered Brand : CDR",-9.3466,amount: 6.4249,non recyclable,"['Bar For Salad', 'Coffee Bar', 'Video Store', 'Ready Food', 'Florist']",Save Price,Deluxe,5.32 Millions,2.0216 Millions,1734.5,505.07,335.38,419.9167,tanabi,SP,-20.619786901756022,-49.64820320291271,osasco,sp,-23.552456794881493,-46.78012559033992,3.0
mc_ID_1367,"Single Male with two children, education: partial high school working as manual",30K+,"Frozen Desserts from Frozen Foods department, Ordered Brand : PigTail",24.1296,21.2225,recyclable,,Price Winners,Supermarket,3.45 Millions,1.3455 Millions,2049.72,457.36,304.91,497.9483,jundiai,SP,-23.1954527149576,-46.885125855675454,sao paulo,Sp,-23.65111484251016,-46.75521082321932,3.0
mc_ID_1368,"Single Female with No children, education: partial high school working as manual, Single Female with No children",10K or more,"Candy from Snacks department, Ordered Brand : Atomic",26.0193,22.9668,recyclable,,Full Free,supermarkat,2.64 Millions,0.8712 Millions,1508,229.8,152.59,660.2352,rio de janeiro,RJ,-22.817453343326203,measure: -43.2015902282878,itatiba_,Sp,-22.99567770323237,-46.857106243157794,4.0
mc_ID_1371,"Single Female with three children, education: high school degree working as manual",30K+,"Vegetables from Produce department, Ordered Brand : Tri-State",9.6373,8.1837,recyclable,['Coffee Bar'],Weekend Discount,	supermarket,2.43Ms,1.1178 Millions,1236.07,440.92,,364.1649,guaruja, SP ,measure: -23.97955012822438,val: -46.20319341923938,bauru,SP,measure: -22.333806,-49.0911435,1.0
mc_ID_1372,"Single Male with three children, education: bachelors degree working as professional",50K+,"Beer and Wine from Alcoholic Beverages department, Ordered Brand : Good",-10.2769,8.8233,recyclable,"['Coffee Bar', 'Bar For Salad', 'Florist', 'Ready Food']",GLD,Guurmet,15.64 Millions,5.1612 Millions,1564.86,385.45,257.56,396.2248,RiO ClAro,SP,-22.404280214539902,-47.57843446971193,ibitinga,Sp,-21.7664768468313,-48.83154737836604,5.0
mc_ID_1373,"Single Male with two children, education: bachelor'ss degree working as management",50K+,"Dairy from Dairy department, Ordered Brand : Even Better",25.0018,23.5482,recyclable,,Price Destroyers,suPeRMARkeT,9.75 Millions,3.8025 Millions,1507.99,227.8,152.98,635.1312,rio de janeiro,RJ,measure: -22.88236910768082,-43.56762626325808,CURItiba,PR ,-25.43328294393789,-49.28042347446478,5.0
mc_ID_1375,"Married Male with No children, education: graduate degree working as professional",70K+,"Starchy Foods from Starchy Foods department, Ordered Brand : Monarch",12.2683,9.3466,non recyclable,"['Coffee Bar', 'Ready Food', 'Bar For Salad', 'Florist']",Promo Big,,9.33 Millions,4.2918 Millions,2055.47,654.13,436.09,R$1470.47,maracaju,MS,-21.617147476604096,-55.17180102202648,sao paulo,SP,-23.59798552039933,-46.55547278711988,4.0
mc_ID_1377,"Single Male with one child, education: high school degree working as manual",50K+,"Bathroom Products from Health and Hygiene department, Ordered Brand : Hilltop",19.0421,14.6813,non recyclable,"['Video Store', 'Coffee Bar', 'Florist', 'Bar For Salad', 'Ready Food']",Best Savings,GOURMET,4.47 Millions,1.4751 Millions,1424.85,465.54,310.3,amount: 281.4786,santo andre,SP,-23.62936402042012,-46.52450728432847,franca,5P,val: -20.531151999894856,-47.43366787318517,5.0
mc_ID_1379,"Married Male with one child,education: bachelos degree working as professional",50K+,"Bathroom Products from Health and Hygiene department, Ordered Brand : Steady",16.7163,12.3555,recyclable,"['Coffee Bar', 'Ready Food', 'Bar For Salad', 'Video Store', 'Florist']",Roller Savings (High) ,Gourmet,5.4 Millions,2.646 Millions,1424.85,467.54,310.3,val: 499.7265,rio de janeir0 ,RJ,measure: -22.933875887039065,-43.68870134055625,piracicaba,sp,-22.71683928585045,-47.65736585405934,1.0
mc_ID_1380,"Single Male with two children, education: partial high school working as professional",110 Thousand,"Specialty from Carousel department, Ordered Brand : Symphony",-25.2925,22.24,recyclable,['Florist'],Roller Savings (High) ,SUPERM4RKET,€5.4M,2.624 Millions,1320.15,523.32,,measure: 532.6232,sao paulo,SP,-23.60822704830049,-46.66963949945175,salto,SP,-23.20591698084141,-47.307845865803,Rating: 5.0
mc_ID_1381,Married Female with four kidren; education: HS degree working as skilled manual,30K+,"Beer and Wine from Alcoholic Beverages department, Ordered Brand : Portsmouth",-16.2802,13.3585,recyclable,"['Bar For Salad', 'Florist', 'Video Store', 'Coffee Bar', 'Ready Food']",Two Day Sale,Deluxe,"5.1 ,000,000illions",1.683 Millions,1871.16,593.93,395.95,402.0824,contagem,"MG
",-19.970246474757243,-44.06128882747794,sao p4ulo,SP,-23.58343069747245,-46.50203424424373,5.0
mc_ID_1382,"Single Male with four children, education: partial high school working as manual",30K+,"Dairy from Dairy department, Ordered Brand : Carlson",14.2016,12.748,non recyclable,"['Coffee Bar', 'Florist', 'Video Store', 'Ready Food', 'Bar For Salad']",Save Price,deluxe,9.0 Millions,3.33 Millions,2038.11,481.98,321.26,284.3028,rio verde,GO,-17.79614927833109,-50.91541016574972,piracicaba,5P,-22.726257875353635,-47.63781138952056,5.0
mc_ID_1383,"Married Male with two kids, education: partial college working as professional",$130K+,"Plastic Products from Household department, Ordered Brand : Sunset",19.0421,16.1349,non recyclable,"['Ready Food', 'Florist', 'Coffee Bar', 'Bar For Salad', 'Video Store']",One Day Sale, deluxe,5.14Ms,1.5934 Millions,1732.26,503.07,335.29,689.0525,SaNtO ANDRE,SP,-23.656293518994904,measure: -46.55412213733605,sao paulo,SP,-23.61411790980433,-46.60034800222169,100%
mc_ID_1386,"Married Female with five children, education: bachelors degree working as professional",70K+,"Snack Foods from Snack Foods department, Ordered Brand : Fort West",12.748,amount: 11.2944,non recyclable,"['Video Store', 'Ready Food', 'Coffee Bar', 'Bar For Salad', 'Florist']",Tip Top Savings,"Deluxe
",6.78 Millions,2.5086 Millions,1734.5,,335.38,287.127,rio de janeiro,RJ,-22.8888355500895,-43.41525290645745,ARAPONGAS,_PR,-23.420739085916825,-51.41460369847018,2.0
mc_ID_1387,"Single Female with five children, education: high school degree working as manual",30K+,"Vegetables from Produce department, Ordered Brand : Ebony",29.0719,26.1647,recyclable,"['Ready Food', 'Coffee Bar', 'Florist', 'Bar For Salad']",Dollar Days,Deluxe,8.49 Millions,3.4809 Millions,2055.29,654.13,436.09,val: 725.9763,	chapeço,$C,-27.08366516889852,val: -52.612186909071255,MAR1NGA,PR,-23.377396999935016,-51.93100618003307,5.0
mc_ID_1388,"Single Male with five children, education: partial high school working as skilled manual",10K+,"Drinks from Beverages department, Ordered Brand : Token",amount: 22.676,19.7689,recyclable,"['Ready Food', 'Coffee Bar', 'Bar For Salad', 'Florist', 'Video Store']",,Deluxe,€2.5M,1.3024 Millions,,481.98,,777.2826,saopaulo,SP,-23.57520734776961,-46.77326426839399,belo horizonte, SP ,-19.81011863229108,amount: -43.98472732006267,5.0
mc_ID_1390,Single Male with three children / education: bachelors degree working as professional,130K+,"Candy from Snacks department, Ordered Brand : Thresher",16.7163,13.8091,recyclable,"['Coffee Bar', 'Bar For Salad', 'Video Store', 'Florist', 'Ready Food']",Sale Winners,,12.45 Millions,5.3535 Millions,1869.52,595.93,395.95,519.7574,ipanema,Mg,-19.80756827769869,-41.71851343380764,$AO PAULO,SP,-23.539824031911863,data: -46.434679443937874,4.0
mc_ID_1391,"Single Female with one child, education: high school degree working as skilled manual",30K+,"Vegetables from Produce department, Ordered Brand : High Top",27.1822,-25.7286,recyclable,['Florist'],Save It (Sale),supeRmArKEt,$11.22 Millions,4.488 Millions,1320.15,523.32,348.03,427.7617,...,Sp,-23.58516238605811,-46.8418149476888,PEDREIRA,SP,-22.73824150585765,data: -46.8958585777586,3.0
mc_ID_1392,"Married Female with five children, education: partial high school working as manual",10K+,"Dairy from Dairy department, Ordered Brand : Booker",20.0596,17.1524,recyclable,"['Coffee Bar', 'Florist']",,Mid-Size,8.28 Millions,3.726 Millions,2551.4,389.54,258.48,394.5512,salvador,	Ba,-12.95240126667486,-38.46470410380277,ilicinea,mG,-20.944705621834668,-45.82709818233235,5.0
mc_ID_1393,"Married Female with four childern , education: partial high school working as skilled manual",10000,"Carbonated Beverages from Beverages department, Ordered Brand : Fabulous",25.7286,val: 21.3678,non recyclable,"['Coffee Bar', 'Bar For Salad', 'Ready Food', 'Florist']",Super Duper Savers,deluxe,€8.0M,2.808 Millions,,654.13,434.4,364.2695,campinas,Sp,measure: -22.91101741687345,-47.09614127601136,guarulhos,Sp_,-23.451856155981304,-46.50616235789715,5.0
mc_ID_1394,"single male with five children, education: high school degree working as manual",360+ monthly,"Dairy from Dairy department, Ordered Brand : Even Better",19.0421,14.6813,recyclable,,Price Slashers,"SuPErmARket
",4.2 Millions,1.26 Millions,1506.5,227.8,151.9,351.456,SAo PauLo,SP,-23.71300796869756,-46.69256515971141,sao paulo,SP,-23.50875908021236,-46.602973042876144,data: 5.0
mc_ID_1395,"Married Male with four children, education: bachelors degree working as management",50 Thousand,"Electrical from Household department, Ordered Brand : High Quality",14.6813,10.3205,recyclable,"['Ready Food', 'Florist', 'Bar For Salad', 'Video Store', 'Coffee Bar']",Price Slashers,Deluxe,4.11 Millions,1.8495 Millions,1737.18,503.07,336.58,282.9953,itapipoca,Ca,-3.4967362863456595,-39.57880187474208,jAcAReI,SP,-23.29818595956356,-45.974828011182304,1.0
mc_ID_1396,"Single Female with four children, education: bachelors degree working as professional",$130K+,"Candy from Snacks department, Ordered Brand : Choice",10.0153,8.5471,non recyclable,,,SUPERMARKET,1.06 Millions,0.477 Millions,1508,227.8,151.9,660.2352,sao paulo,SP,-23.60932765805877,-46.48329014195862,ITAQUAQUECETUBA,sp,-23.48262344063541,-46.37448952833195,5.0
mc_ID_1397,"Single Female with one kid, education: partial HS working as manual",10K+,"Vegetables from Canned Foods department, Ordered Brand : Pleasant",14.1144,data: 11.2072,recyclable,['Coffee Bar'],,,2.16 Millions,1.0152 Millions,1236.07,440.92,293.95,364.1649,brusque,SC,-27.10573505374388,-48.920455830982895,viamao,RS,-30.15946930410813,-50.832839089335735,1.0
mc_ID_1399,"Single Female with one child, education: bachelors degree working as management",30K+,"Kitchen Products from Household department, Ordered Brand : Cormorant",11875.90 grams,10.4223,recyclable,['Coffee Bar'],Two Day Sale,Supermarket,"1.04 ,000,000illions",0.4888 Millions,,440.92,293.95,477.3944,vitoria da conquista,BA,-14.874607574110652,-40.86328028591053,santa rita do sapucai ,mG,-22.243203015748463,-45.71330344759827,5.0
mc_ID_1400,"Single Male with two children, education: graduate degree working as professional",130K+ annually,"Breakfast Foods from Frozen Foods department, Ordered Brand : Big Time",14.8266,11.9049,non recyclable,['Florist'],Two for One,supERmARkET_,3.48 Millions,1.6704 Millions,1318.46,523.32,348,360.7131,curitiba,PR,-25.45385542382702,-49.286168717179294,Amparo,...,-22.70252137385309,-46.7762559461596,data: 5.0
mc_ID_1402,"Single Female with four children, education: partial High School working as professional",70K+,"Electrical from Household department, Ordered Brand : Red Wing",24.4204,21.3678,recyclable,['Coffee Bar'],Full Free,,1.5 Millions,0.72 Millions,2066.86,,222.26,637.014,aracruz,aS,amount: -19.814397885232086,-40.27342034637857,Sao Paulo,SP,-23.48029674271453,-46.71122495337295,1.0
mc_ID_1404,"SINGLE MALE WITH TWO KIDS, EDUCATION: PARTIAL HS WORKING AS SKILLED MANUAL",10K+,"Beer and Wine from Alcoholic Beverages department, Ordered Brand : Walrus",8.8815,4.5207,recyclable,"['Ready Food', 'Coffee Bar', 'Video Store', 'Florist', 'Bar For Salad']",Lottery Cash Registerion,"DELUXE
",7.86 Millions,2.751 Millions,1734.5,503.07,337.16,500.9294,belo horizonte,MG,-19.83964707438397,-43.904385156818016,_ibitinga,SP,-21.7664768468313,-48.83154737836604,5.0
mc_ID_1407,"Married Female with two children, education: high school degree working as manual",30K+,"Dairy from Dairy department, Ordered Brand : Gorilla",12.8788,9.9571,recyclable,"['Florist', 'Coffee Bar', 'Bar For Salad', 'Ready Food']",Weekend Discount,GOUrMet,"9.87 ,000,000illions",4.1454 Millions,1564.86,385.45,256.97,470.177,Santo Andre,SP,-23.701680965768528,-46.519658793517806,itaquaquecetuba,$P,-23.48262344063541,amount: -46.37448952833195,1.0
mc_ID_1408,"Single Female with two children, education: graduate degree working as professional",360+ monthly,"Fruit from Produce department, Ordered Brand : Ebony",10.5822,9.1286,recyclable,,Sales Days,,10.29Ms,3.9102 Millions,2051.77,,303.83,610.5502,porto alegre,rS,-30.04307239410819,-51.21141662640671,sorocaba,SP,-23.49636707533955,amount: -47.43890030979464,3.0
mc_ID_1409,"Married Female with three children, education: high school degree working as professional",110000,"Hygiene from Health and Hygiene department, Ordered Brand : Faux Products",12.1084,-7.7331,recyclable,"['Bar For Salad', 'Video Store', 'Coffee Bar', 'Florist', 'Ready Food']",Tip Top Savings,Deluxe,11.91 Millions,4.1685 Millions,1734.5,505.07,335.38,287.127,osasco,SP,-23.474831167458955,-46.771401353473415,sAO PaUlO ,Sp,-23.53108125950717,-46.51791357132556,4.0
mc_ID_1411,"Married Male with two children, education: partial HS working as skilled manual",30K+,"Fruit from Produce department, Ordered Brand : Tell Tale",19.7689,16.8617,recyclable,"['Coffee Bar', 'Florist', 'Bar For Salad', 'Video Store', 'Ready Food']",Lottery Cash Registerion,,"7.36 ,000,000illions",2.7232 Millions,1731.96,503.07,334.75,500.9294,balneario camboriu,Sc,-999,val: -48.63513949999995,SAo pAuLO,5P,-23.693985995008337,-46.70188324132953,100%
mc_ID_1412,"Married Male with three children, education: partial college working as skilled manual",30K+,"Magazines from Periodicals department, Ordered Brand : Gauss",amount: 19.9142,15.4081,recyclable,,GLD,Supermarket,15.2Ms,6.84 Millions,1508,229.8,151.9,727.9637,navegantes,SC,measure: -26.88690680838387,-48.66214683641898,criciuma, Sç ,-28.68042203868061,-49.36995209892042,5.0
mc_ID_1414,"Married Female with four children, education: high school degree working as skilled manual",30K+,"Fruit from Canned Products department, Ordered Brand : Toucan",26.0193,22.9668,recyclable,"['Ready Food', 'Bar For Salad']",Super Wallet Savers,"Supermarket
",7.0 Millions,2.52 Millions,2265.9,853.22,566.87,570.8022,sao cERLOs,SP,-22.004791731894475,measure: -47.92391903635525,sao paulo,SP,-23.693985995008337,-46.70188324132953,5.0
mc_ID_1415,"Single Female wiht two children, education: partial high school working as skilled manual",10K+,missing,17.2978,14.376,recyclable,"['Coffee Bar', 'Bar For Salad', 'Ready Food', 'Florist']",,,11.88 Millions,5.7024 Millions,,,,343.5064,acarau,C3,-2.8816794321367136,-40.1219269778827,sao luis,MA,-2.546079233971952,-44.3089863702464,5.0
mc_ID_1416,"Married Male with four children, education: partial high school working as manual",30k,"Baking Goods from Baking Goods department, Ordered Brand : CDR",9.3466,6.4249,non recyclable,"['Florist', 'Video Store', 'Bar For Salad', 'Ready Food', 'Coffee Bar']",Bag Stuffer,Deluxe,3.99 Millions,1.3965 Millions,1734.5,503.07,335.38,432.1026,santa luzia_,MG,-19.78407691318338,-43.92964052626267,sao pauIo,sp,-23.53877907744238,-46.53648566833056,data: 5.0
mc_ID_1418,"Single Female with one kid, education: HS degree working as skilled manual",30K+,"Vegetables from Produce department, Ordered Brand : Tell Tale",13.1114,8.7506,recyclable,"['Coffee Bar', 'Florist', 'Video Store', 'Bar For Salad', 'Ready Food']",Green Light Special,Deluxe,$3.86 Millions,1.5826 Millions,1525.28,373.1,248.79,507.9899,_salvador,BA,-12.929292000000004,-38.49211575,guarulhus,SP,-23.46034695920133,-46.54093519386578,5.0
mc_ID_1419,"Married Female with four children, education: partial high school working as skilled manual",10K+,"Pain Relievers from Health and Hygiene department, Ordered Brand : Steady",9.1867,6.2795,non recyclable,['Coffee Bar'],Sale : Double Down,Small Grocery,3.06 Millions,1.3464 Millions,1394.66,534.29,356.19,602.3914,parnaiba,pi,-2.922074999999998,-41.738388749999984,Campo Limpo Paulista,SP_,-23.20706431353269,-46.760735214610754,5.0
mc_ID_1421,"education: high school degree working as skilled manual, Married Male with five children",30K+,"Vegetables from Produce department, Ordered Brand : Hermanos",19.9142,amount: 15.4081,non recyclable,['Florist'],You Save Days,Supermarket,11.36 Millions,4.4304 Millions,1323.13,525.32,,689.3663,campo bonito,PR ,-25.031376959131,-52.99009224127148,sao roque,SP,-23.53626695697963,amount: -47.13489184347044,3.0
mc_ID_1423,"Married Male with four children, education: high school degree working as skilled manual",30k,"Canned Soup from Canned Foods department, Ordered Brand : Blue Label",data: 23.9843,19623.50 grams,recyclable,['Coffee Bar'],Weekend Discount,,2.64 Millions,1.2408 Millions,1236.07,440.92,,364.1649,bage,R$,-31.31124851159016,data: -54.09360649811303,ib1tinga,SP,-21.7664768468313,-48.83154737836604,5.0
mc_ID_1424,"Single Female with two kids, education: high school degree working as manual",30K+,"Paper Products from Household department, Ordered Brand : Denny",25.0018,22.0946,recyclable,"['Coffee Bar', 'Ready Food', 'Bar For Salad', 'Video Store', 'Florist']",Super Savers,,11.56 Millions,4.624 Millions,1525.28,373.1,248.79,amount: 755.9442,paracatu, Mg,-17.211337793818256,-46.886436092783214,ri0 do sul,SC,val: -27.20981137280685,-49.63292048422235,4.0
mc_ID_1427,"Married Male with two children, education: partial high school working as skilled manual",10K+,"Vegetables from Produce department, Ordered Brand : Ebony",16.7163,13.8091,recyclable,,Tip Top Savings,Mid-5ize,9.78 Millions,3.8142 Millions,,447.7,297.55,416.2557,Sao  Paulo,SP,-23.775063574971284,-46.67412326403895, jau,SP,-22.27568678711987,-48.542599749927895,5.0
mc_ID_1428,"Single Male with two children, education: high school degree working as professional",130K+,"Dairy from Dairy department, Ordered Brand : Club",-12.2247,7.8494,non recyclable,"['Ready Food', 'Bar For Salad']",Best Savings,suPeRmArkET,4.41 Millions,2.1609 Millions,2448.37,470.27,313.55,576.1891,franco da rocha,SP,-23.327466916607417,-46.714120333285926,brusqu3,SK,-27.14105704919435,val: -48.96146112936535,2.0
mc_ID_1429,"SINGLE FEMALE WITH FOUR CHILDREN, EDUCATION: HIGH SCHOOL DEGREE WORKING AS SKILLED MANUAL",$30K+,"Snack Foods from Snack Foods department, Ordered Brand : Nationeel",27.909,23.5482,non recyclable,"['Ready Food', 'Video Store', 'Coffee Bar', 'Florist', 'Bar For Salad']",, Gourmet ,5.04 Millions,1.512 Millions,1424.85,467.54,310.3,616.4078,piracicaba,SP,amount: -22.74098779744896,-47.60706025967849,AMErIcaNa,SP,-22.74703919816495,-47.34322030252755,measure: 5.0
mc_ID_1431,"Married Male with five children , education: bachelors degree working as management",30K+,"Canned Soup from Canned Foods department, Ordered Brand : Better",12.123,10.6694,recyclable,"['Bar For Salad', 'Ready Food', 'Coffee Bar', 'Florist']",,deluxe,"3.0 ,000,000illions",1.05 Millions,2056.32,654.13,436.09,779.6884,Sao pAUlO,_SP,measure: -23.642000682560305,-46.760385963274885,brusque,SC_,-27.14105704919435,-48.96146112936535,val: 4.0
mc_ID_1433,"Single Female with two kidren, education: HS degree working as skilled manual",30000,"Frozen Entrees from Frozen Foods department, Ordered Brand : Carrington",30.8162,-29.3626,recyclable,"['Ready Food', 'Coffee Bar', 'Video Store', 'Florist', 'Bar For Salad']",Lottery Cash Registerion,Deluxe,3.54 Millions,1.239 Millions,1734.5,503.07,335.38,313.0678,jaguaruana,CE,measure: -4.836784653060993,-37.77711066694792,sao ludgero,SC_,-28.327530882623098,-49.18050954005345,5.0
mc_ID_1436,"married female with five kids, education: hs degree working as professional",70K+,"Snack Foods from Snack Foods department, Ordered Brand : Nationeel",29.0719,-0.1,recyclable,"['Florist', 'Video Store', 'Ready Food', 'Coffee Bar', 'Bar For Salad']",Tip Top Savings,DeIuxe,7.88Ms,3.0732 Millions,,481.98,321.26,416.2557,joacaba, sç,data: -27.16882094342798,val: -51.51882419291629,Sao Paulo,5P,-23.56625832001269,-46.51841724632121,3.0
mc_ID_1437,"Single Male with four children, education: bachelors degree working as professional",50K+,"Vegetables from Produce department, Ordered Brand : Tell Tale",-13.1114,8.7506,recyclable,['Coffee Bar'],,Supermarket,5.79 Millions,2.7213 Millions,,440.92,295.5,477.3944,ponta  grossa,Pr,-25.090806929770974,-50.15864960866176,sao paulo,SP,-23.693985995008337,-46.70188324132953,5.0
mc_ID_1438,"Married Female with four children, education: bachelors degree working as professional",50K+,"Pizza from Frozen Foods department, Ordered Brand : Golden",measure: 24.8564,23.4028,recyclable,"['Bar For Salad', 'Ready Food', 'Florist', 'Video Store', 'Coffee Bar']",Super Savers,,2.49 Millions,0.996 Millions,1525.28,373.1,248.79,amount: 755.9442,joinville,sc,-26.29225819900166,-48.91274413780365,rio de janeiro,rj,-22.83586646404876,-43.322162133504506,5.0
mc_ID_1439,"Married Female with five children, education: partial high school working as professional",130K or more,"Meat from Meat department, Ordered Brand : Footnote",19.1874,16.1349,non recyclable,"['Bar For Salad', 'Coffee Bar', 'Florist', 'Video Store', 'Ready Food']",,Guurmet,4.85 Millions,1.6005 Millions,1424.85,465.54,311.21,measure: 675.716,sao paulo,SP,-23.562881360811343,amount: -46.6965605111085,sao paulo,5P,amount: -23.54324816985976,-46.48879160352587,3.0
mc_ID_1442,"Married Female with four children, education: partial high school working as skilled manual",10K+,"Cold Remedies from Health and Hygiene department, Ordered Brand : Consolidated",data: 15.9895,-13.0823,non recyclable,-1,Roller Savings (High) ,Gourmet,6.57 Millions,3.0222 Millions,1424.85,,,499.7265,lages,sç,-27.807024551762936,-50.31439284387447,sao paulo,SP,-23.59272363197529,-46.6315844403312,5.0
mc_ID_1443,"Single Female with No children, education: partial high school working as skilled manual",10K+,"Cold Remedies from Health and Hygiene department, Ordered Brand : Hilltop",18.7513,14.376,recyclable,"['Florist', 'Coffee Bar', 'Ready Food', 'Bar For Salad']",,	Deluxe,2.92 Millions,1.168 Millions,2055.29,654.13,435.07,£439.55,anapolis,GO,-16.305831000000005,-48.93488775,sAranDI_,PR,-23.431481257369107,-51.85490851643521,5.0
mc_ID_1445,"Married Female with four children, education: partial high school working as skilled manual",10 Thousand,"Canned Soup from Canned Foods department, Ordered Brand : Better",23.2575,18.8967,recyclable,"['Florist', 'Ready Food', 'Bar For Salad', 'Video Store', 'Coffee Bar']",Discount Frenzy,Deluxe,1.26 Millions,0.4536 Millions,1871.16,593.93,397.15,326.352,BELO HORIZONTE,MG,val: -19.939688821541896,-43.97533764669048,tupa,SP,-21.93532101918528,-50.49756182976886,4.0
mc_ID_1446,"Married Male with two children, education: partial high school working as skilled manual",10000,"Snack Foods from Snack Foods department, Ordered Brand : Fort West",9.8554,6.9482,non recyclable,['Coffee Bar'],Price Winners,Small Grocery,3.96 Millions,1.386 Millions,1423.37,398.93,264.6,amount: 362.1252,BANANAL,SP,-22.681822130220606,-44.31777546316097,Belo Horizonte,SP,-19.81011863229108,-43.98472732006267,data: 3.0
mc_ID_1448,"Single Male with three children, education: bachelors degree working as professional",130K+,"Fruit from Canned Products department, Ordered Brand : Green Ribbon",20.3503,15.9895,recyclable,"['Video Store', 'Florist', 'Bar For Salad', 'Coffee Bar', 'Ready Food']",Sale Winners,Deluxe,2.62 Millions,1.048 Millions,1871.16,593.93,394.34,519.7574,japira,PR,-23.8090985264526,-50.1376106059037,betim,MG,val: -19.95866259017359,-44.19878943272789,data: 4.0
mc_ID_1449,"sINGLE mALE WITH ONE CHILD , EDUCATION: GRADUTE DEGREE WORKING AS PROFESSIONAL",90K+,"Plastic Products from Household department, Ordered Brand : Sunset",27.6183,24.7111,non recyclable,"['Video Store', 'Florist', 'Coffee Bar', 'Ready Food', 'Bar For Salad']",Sale Winners, deluxe ,10.36 Millions,5.0764 Millions,1872.12,593.93,395.95,519.7574,pouso alagre,MG,-22.23423662262365,-45.935242048994425,santa berbara d'oeste ,SP,-22.75967282783305,-47.364736674563375,4.0
mc_ID_1451,"Single Female with four children, education: partial high school working as skilled manual",10K+,"Fruit from Canned Products department, Ordered Brand : Green Ribbon",25.4379,22.5307,recyclable,"['Ready Food', 'Bar For Salad', 'Coffee Bar', 'Florist']",Saving Days,Gourmet,"12.44 ,000,000illions",6.0956 Millions,1564.86,,256.97,474.0995,çAmPo aLEgrE,"AL
",-9.781839358572894,-36.34580555381587,sAo PauLO,SP,-23.53143158840665,-46.439299603381656,measure: 5.0
mc_ID_1452,"Married Male with one child, education: bachelor'ss degree working as professional",50K+,"Pain Relievers from Health and Hygiene department, Ordered Brand : Consolidated",val: 18.8967,15.9895,recyclable,"['Florist', 'Ready Food', 'Coffee Bar', 'Bar For Salad']",Saving Days,Gourmet,11.73 Millions,5.5131 Millions,1564.86,385.45,256.97,val: 474.0995,cosmopolis,SP,-22.63040932101044,-47.20184824565054,sao paulo,"SP
",-23.62358155176294,-46.61056007369148,1.0
mc_ID_1453,"Single Female with No children, education: high school degree working as skilled manual",30K+,"Vegetables from Produce department, Ordered Brand : Ebony",10.5531,amount: 9.0995,non recyclable,,Savings Galore,Mid-Size,3.6 Millions,1.188 Millions,2819.7,449.7,300.36,708.8742,SAO PAULO,5p,-23.672818885654088,-46.75980281891616,curitiba,PR,-25.464029318048183,-49.30472794690424,5.0
mc_ID_1454,"Single Male with No children, education: partial high school working as manual",10K+,"Canned Soup from Canned Foods department, Ordered Brand : Pleasant",29.7987,26.8915,recyclable,"['Florist', 'Ready Food', 'Bar For Salad', 'Coffee Bar']",Shelf Emptiers,Gourmet,"5.38 ,000,000illions",2.2596 Millions,1564.86,385.45,256.97,773.0986,ze doca,MA,-3.274597209906604,-45.65438177948049,MARINGA,Pr,-23.41986366306706,-51.9370505253616,3.0
mc_ID_1455,"Married Male with three children, education: bachelors degree working as professional",90000,"Meat from Deli department, Ordered Brand : Moms",25.7286,24.275,recyclable,"['Ready Food', 'Coffee Bar', 'Bar For Salad', 'Florist']",Sale : Double Down,Deluxe,9.64Ms,4.4344 Millions,2055.29,654.13,435.9,500.7202,BelO hoRiZoNtE,"MG
",-19.878513898894187,-43.95694702879617,sao paulo,SP,-23.53877907744238,-46.53648566833056,amount: 3.0
mc_ID_1456,"Single Female with one child, education: Bachelors degree working as professional",50K+,"Cold Remedies from Health and Hygiene department, Ordered Brand : Consolidated",data: 15.9895,-13.0823,non recyclable,['Florist'],Weekend Discount,Sup3rmarket,4.38 Millions,2.1462 Millions,1320.15,523.32,347.61,279.1251,7eresina,PI,-5.0709464999999945,-42.78848175, Sao Paulo ,sp,-23.61424927422236,-46.68844105482136,100%
mc_ID_1459,"Single Female with four kids, education: bachelors degree working as professional",50K+,"Canned Sardines from Canned Foods department, Ordered Brand : Bravo",-0.1,7.9075,recyclable,,Super Duper Savers,Supermarket,"10.72 ,000,000illions",3.5376 Millions,2050.18,457.36,304.91,527.7593,ITABAIANA,Se,-10.701727384712994,-37.432338928678966,sao bernardo do campo,SP,-23.71688471949829,-46.54199108267673,1.0
mc_ID_1460,"Single Female with two children, education: partial college working as manual, Single Female with two children",360+ monthly,"Specialty from Produce department, Ordered Brand : Tell Tale",16.7163,12.3555,recyclable,,,Supermarket,11.04 Millions,4.3056 Millions,2049.72,459.36,305.53,310.662,juazeiro,BA,-9.41607599375542,-40.49660607987629,joinville,Sc,-26.25351566740153,-48.80168204279203,1.0
mc_ID_1461,"Married Female with two children, education: bachelors degree working as management",90K+,"Hardware from Household department, Ordered Brand : Sunset",data: 25.1472,22.0946,non recyclable,"['Video Store', 'Florist', 'Ready Food', 'Coffee Bar', 'Bar For Salad']",Price Slashers,Deluxa,"6.88 ,000,000illions",2.4768 Millions,1525.28,373.1,248.79,403.9652,SAO paUlo,5P,-23.541203336661106,-46.56580436857296,santo angelo,RS,-28.281003423550747,-54.258283178397335,5.0
mc_ID_1462,"Married Female with two children, education: bachelors degree working as professional",70K+,"Magazines from Periodicals department, Ordered Brand : Dollar",19.1874,17.5885,non recyclable,"['Bar For Salad', 'Ready Food', 'Florist', 'Video Store', 'Coffee Bar']",,Deluxe,6.76 Millions,2.7716 Millions,1871.16,593.93,396.12,608.772,sAO 	pAuLO,Sp,amount: -23.666923378943824,-46.67197187894382,pinhais , Pr ,data: -25.44071444991049,-49.188443906024766,5.0
mc_ID_1463,"Married Male with two children, education: partial high school working as professional",90K+,"Vegetables from Produce department, Ordered Brand : Ebony",15.6988,12.7916,non recyclable,,Sale Winners,SUPERMARKET,10.6 Millions,3.922 Millions,,227.8,151.9,720.171,santo antonio do jacinto,MG,-16.539599848674634,-40.17097189256237,maringa,PR,-23.437975269077903,-51.91385959802448,3.0
mc_ID_1464,"Married Female with three kids, education: bachelors degree working as professional",50K+,"Hygiene from Health and Hygiene department, Ordered Brand : Consolidated",16.8617,13.9545,recyclable,['Coffee Bar'],Weekend Discount,Supermarket,2.56 Millions,0.9472 Millions,1236.07,440.92,293.95,364.1649,santo andre,Sp,-23.65198043825374,val: -46.54095207799065,Mesquita,RJ,-22.767224960596728,-43.424453496437685,4.0
mc_ID_1465,"Single Male with four children, education: high school degree working as skilled manual",30K+,"Frozen Entrees from Frozen Foods department, Ordered Brand : PigTail",26.7461,23.6936,recyclable,"['Coffee Bar', 'Video Store', 'Florist', 'Bar For Salad', 'Ready Food']",Sale Winners,"Deluxe
",5.55 Millions,2.7195 Millions,1871.16,593.93,395.95,519.7574,arceburgo,MG,-21.36382357197041,-46.934383053735424,campo limpo paulista,SP,-23.20706431353269,-46.760735214610754,4.0
mc_ID_1466,"Single Male with five children, education: partial college working as clerical",30K+,"Vegetables from Produce department, Ordered Brand : Tell Tale",21.5132,18.606,recyclable,"['Bar For Salad', 'Coffee Bar', 'Video Store', 'Florist', 'Ready Food']",Price Winners,Deluxe,4.56Ms,2.1432 Millions,2040.73,481.98,321.26,453.9117,Vinhedo,$P,-23.04803562867956,-46.99742100929329,be1o horizonte,MG,-19.878513898894187,-43.95694702879617,5.0
mc_ID_1467,Married Male with five children + education: high school degree working as skilled manual,30K+,"Meat from Deli department, Ordered Brand : Moms",16.4256,14.972,recyclable,"['Florist', 'Ready Food', 'Bar For Salad', 'Video Store', 'Coffee Bar']",One Day Sale,Deluxe,4.47 Millions,1.6092 Millions,2038.11,481.98,,amount: 767.3456,rio de janeiro,RJ,-22.882747506780664,-43.55197219900165,echapora,5p,-22.42925217631197,-50.20413759688468,5.0
mc_ID_1468,"Married Female with five childern, education: high school degree working as professional",1560+ monthly,"Frozen Desserts from Frozen Foods department, Ordered Brand : Carrington",16.7163,-12.3555,non recyclable,,,Supermarket,4.2 Millions,1.554 Millions,2049.72,457.36,304.91,325.6198,carlos barbosa,RS,-29.291861569560297,-51.51138872368569,Pedr3Ira,SP,-22.73824150585765,measure: -46.8958585777586,5.0
mc_ID_1471,"Married Female with five children, education: partial high school working as professional",130K+,"Meat from Frozen Foods department, Ordered Brand : PigTail",28.3451,25.4379,recyclable,"['Florist', 'Coffee Bar', 'Video Store', 'Ready Food', 'Bar For Salad']",,Gourmet,6.63 Millions,2.5857 Millions,,467.54,310.3,675.716,Sau Paulo,SP,-23.62882679156327,-46.71923267485142,petropoIis,RJ,measure: -22.549033360244323,-43.210094724044055,4.0
mc_ID_1472,"Married Female with four children, education: bachelors degree working as professional",50K or more,"Snack Foods from Snack Foods department, Ordered Brand : Fast",9.9426,5.5818,non recyclable,"['Coffee Bar', 'Bar For Salad', 'Ready Food', 'Video Store', 'Florist']",,Deluxe,4.53Ms,2.2197 Millions,1869.15,593.93,395.9,436.9665,sao paulo,_SP,-23.67774108964741,-46.66864662392521,caj4mar,SP,-23.406238298215783,-46.84102497498486,data: 1.0
mc_ID_1473,"Married Female with five children, education: partial high school working as skilled manual",10K+,"Jams and Jellies from Baking Goods department, Ordered Brand : Super",14.0562,12.6027,non recyclable,,Price Destroyers,,6.45 Millions,2.5155 Millions,2819.7,447.7,298.5,728.2775,brasilia,DF,-15.810784561964333,amount: -47.90562191264542,,,amount: nan,,1.0
mc_ID_1474,"Married Male with four children, education: partial high school working as manual",10K+,"Bread from Baked Goods department, Ordered Brand : Modell",31.8337,28.7811,recyclable,,Wallet Savers,Supermarket,3.12 Millions,1.4976 Millions,1506.83,227.8,151.81,277.8699,guarulhos,Sp,-23.40949927477061,-46.39656594240867,SA0 PAULO,SP,-23.65111484251016,-46.75521082321932,1.0
mc_ID_1475,"Single Female with one child, education: HS degree working as skilled manual",30K+,"Frozen Desserts from Frozen Foods department, Ordered Brand : Carrington",amount: 18.1699,15.2627,non recyclable,"['Video Store', 'Ready Food', 'Coffee Bar', 'Florist', 'Bar For Salad']",,gourmet,8.7 Millions,3.915 Millions,1424.52,465.54,310.3,281.4786,brasilia,DF,,,Jaguariuna,5P,-22.68805598473656,data: -46.98525572799933,3.0
mc_ID_1477,"Single Male with three kids, education: partial high school working as skilled manual",10K+ annually,"Kitchen Products from Household department, Ordered Brand : High Quality",measure: 19.6235,16.7163,recyclable,"['Ready Food', 'Bar For Salad', 'Coffee Bar', 'Florist', 'Video Store']",Promo Big,deluxe,€6.5M,2.3808 Millions,1871.16,593.93,394.8,578.2288, RECIFE,PE,-8.067201485429052,-34.92588476894224,sao paulo,SP,-23.558072306116813,-46.60586586856825,5.0
mc_ID_1478,"married female with four children, education: high school degree working as skilled manual",30K+,"Jams and Jellies from Baking Goods department, Ordered Brand : BBB Best",19.1874,14.6813,non recyclable,['Coffee Bar'],Promo Big,Supermarket,7.77 Millions,3.885 Millions,1236.07,440.92,295.58,647.8924,belford roxo,RJ,-22.738411952850143,-43.41121454177648,sao jose do rio preto,SP,-20.84380119949777,-49.36891118527178,5.0
mc_ID_1479,"Married Female with two children, education: bachelors degree working as professional",130K+,"Snack Foods from Snack Foods department, Ordered Brand : Horatio",13.9981,11.0909,recyclable,"['Bar For Salad', 'Ready Food']",Price Slashers,Supermarket,5.13 Millions,1.6929 Millions,2447.96,470.27,313.55,402.7623,Sao Paulo,SP,-23.621852242022022,-46.6036482835132,sao cae7ano do sul,$P,data: -23.620177114796054,-46.551804125504944,5.0
mc_ID_1482,"Married Male with one child, education: partial high school working as professional",130K+,"Meat from Deli department, Ordered Brand : Red Spade",8.9105,7456.90 grams,non recyclable,,Sales Days,,$4.71 Millions,2.3079 Millions,1623.48,341.05,228.4,743.1307,recife,PE,-8.032152489035727,-34.88363727615559,curitiba,PR,-25.4727349417162,-49.30563836747645,5.0
mc_ID_1483,"Married Female with three children, education: graduate degree working as management",110000,"Beer and Wine from Alcoholic Beverages department, Ordered Brand : Pearl",15.5534,12.63 kg,non recyclable,['Coffee Bar'],Weekend Discount,,"8.04 ,000,000illions",2.8944 Millions,1236.07,440.92,293.95,364.1649, sao paulo,SP,-23.47416101610016,-46.62516585290548,s jose do rio preto,SP,-20.81734497064537,-49.38133679126948,4.0
mc_ID_1484,"Single Female with one child, education: partial high school working as manual",10k,"Baking Goods from Baking Goods department, Ordered Brand : BBB Best",19.6235,16.7163,non recyclable,"['Coffee Bar', 'Ready Food', 'Florist', 'Bar For Salad', 'Video Store']",Money Savers, Deluxe,8.91 Millions,4.0986 Millions,1871.16,593.93,395.95,343.611,Brasilia,df,-15.762595499999993,data: -47.88525825000001,sAO PauiO_,SP,-23.485253731057767,-46.73312974854289,4.0
mc_ID_1485,"Married Male with four children, education: bachelors degree working as professional",130K+,"Dairy from Dairy department, Ordered Brand : Gorilla",12.8788,-999.0,recyclable,"['Ready Food', 'Coffee Bar', 'Video Store', 'Bar For Salad', 'Florist']",Money Savers,delUxE,9.87Ms,4.7376 Millions,1871.16,593.93,395.95,343.611,campiñas,SP,-22.918827604766623,-47.09396924257028,praia grande,SP,-24.011288218359883,-46.41873374429398,5.0
mc_ID_1486,"Single Female w/ three children, education: graduate degree working as professional",70K+,"Vegetables from Produce department, Ordered Brand : Ebony",31.3976,29.944,non recyclable,,Go For It,Mid-Size,2.88Ms,1.008 Millions,2083.86,783.64,522.49,measure: 717.3991,caetite,B@,-14.066621759983953,-42.49104721619407,JAU,SP,-22.27568678711987,-48.542599749927895,4.0
mc_ID_1487,"Single Male w/ two children, education: bachelors degree working as professional",€42K+,"Vegetables from Frozen Foods department, Ordered Brand : PigTail",10.9601,-9.492,recyclable,['Coffee Bar'],,Supermarket,7.9 Millions,3.002 Millions,1236.07,442.92,293.95,710.234, santos ,SP,val: -23.976779752697844,measure: -46.302225428386,sao paulo,SP,-23.537511255832708,-46.63705730743676,val: 5.0
mc_ID_1490,"Married Male with four children, education: partial high school working as skilled manual",10K+,"Meat from Deli department, Ordered Brand : American",-31.8337,27.3275,recyclable,['Coffee Bar'],Pick Your Savings,Supermarket,"5.48 ,000,000illions",1.644 Millions,1235.36,440.92,292.74,436.7573,santo antonio de posse,SP,-22.607003040200272,data: -46.91414970477579, sao paulo ,SP,measure: -23.65111484251016,-46.75521082321932,5.0
mc_ID_1491,"Married Female wiht three children, education: Bachelors degree working as professional",50K+,"Dairy from Dairy department, Ordered Brand : Club",14.4632,11.5415,non recyclable,['Coffee Bar'],,Superm@rket,11.85 Millions,4.503 Millions,,440.92,293.95,364.1649,volta redonda,rJ,-22.521774132667773,-44.11042109394658,	brusque,sC,-27.082320621703506,-48.93028666250217,4.0
mc_ID_1492,"Single Male with one child, education: bachelors degree working as management",50K+,"Vegetables from Produce department, Ordered Brand : Hermanos",-15.5534,12.6317,non recyclable,,Mystery Sale,Sup3rmarket,8.43 Millions,3.372 Millions,1625.95,341.05,,718.9681,SAO PAULO,_SP,-23.43381641578083,-46.571176402870464,assis ,SP,-22.66272240238052,-50.43776522959186,4.0
mc_ID_1493,"Single Male w/ two childern, education: bachelors degree working as management",10K+ annually,"Bread from Baked Goods department, Ordered Brand : Sphinx",data: 20.0596,17.1524,non recyclable,"['Bar For Salad', 'Ready Food']",Price Destroyers,supermarket,€5.4M,2.7852 Millions,2263.52,855.22,570.63,601.7115,Sao Bernardo Do Campo,SP,data: -23.669731383288145,-46.58979967666909,rio de janeiro,Rj,-22.86881073397188,-43.2496625858511,5.0
mc_ID_1494,"Single Male with three children, education: high school degree working as manual",30K+,"Snack Foods from Snack Foods department, Ordered Brand : Horatio",13.9981,11.0909,recyclable,['Florist'],Price Winners,Supermarket,6.84 Millions,3.2832 Millions,1320.15,523.32,348.85,640.7273,sao paul0,SP,-23.624707452680465,-46.734780494171616,piracicaba,SP,data: -22.71683928585045,-47.65736585405934,data: 5.0
mc_ID_1495,"Single Male with four children, education: high school degree working as skilled manual",Income: 30K+,"Vegetables from Canned Foods department, Ordered Brand : Pleasant",8.896,-4.5207,recyclable,"['Coffee Bar', 'Ready Food', 'Bar For Salad', 'Florist', 'Video Store']",,Deluxe,7.0 Millions,2.8 Millions,1871.16,593.93,395.95,measure: 608.772,beLO HorIZOntE,MG,-19.911644308904183,-43.97292042423106,sao paulo,	SP,-23.675905499567303,-46.75188111226845,3.0
mc_ID_1496,"Married Female with four children, education: high school degree working as professional",70K+,"Breakfast Foods from Breakfast Foods department, Ordered Brand : Jeffers",30.9615,29.3626,non recyclable,"['Ready Food', 'Coffee Bar', 'Florist', 'Bar For Salad']",Saving Days,Gourmet,4.58 Millions,1.374 Millions,1563.49,,256.97,474.0995,vargem grande paulista,	sP,-23.659233203083232,-46.99692810611056,sao jose do rio preto,SP,-20.84380119949777,-49.36891118527178,measure: 3.0
mc_ID_1498,"Single Male with two childran, education: high school degree working as professional",130K+ annually,"Canned Soup from Canned Foods department, Ordered Brand : Just Right",25.0018,22.0946,non recyclable,"['Ready Food', 'Bar For Salad']",Three for One,Supermarket,6.0 Millions,2.88 Millions,2448.37,470.27,313.63,656.2604,sao paulo,SP,-23.46824404524207,-46.585030834727874,itaquaquecetuba,SP,-23.48262344063541,-46.37448952833195,val: 4.0
mc_ID_1500,"Married Female with two children, education: bachelors degree working as professional",50K+,"Jams and Jellies from Baking Goods department, Ordered Brand : Plato",21.0771,19623.50 grams,recyclable,"['Florist', 'Video Store', 'Coffee Bar', 'Ready Food', 'Bar For Salad']",Shelf Clearing Days,Deluxe,3.08 Millions,1.2012 Millions,,593.93,395.95,516.7763,bebedouro,SP,-20.944302152674616,-48.50429911235303,claudio,MG,-20.43773362250285,-44.75914024487753,5.0
mc_ID_1501,-999,10000,"Baking Goods from Baking Goods department, Ordered Brand : Super",measure: 11.9921,10.5385,recyclable,,,,"4.26 ,000,000illions",1.6188 Millions,,457.36,304.91,610.5502,bonfim paulista,SP,-21.185944576067463,measure: -47.81498292186677,guaru1hos,SP,-23.44634995836461,-46.54365549347912,5.0
mc_ID_1503,"Single Male with two kids, education: partial HS working as skilled manual",10K+ annually,"Meat from Deli department, Ordered Brand : American",21.5132,20.0596,non recyclable,"['Ready Food', 'Bar For Salad']",Super Wallet Savers,Supermarket,9.51Ms,4.2795 Millions,2265.9,853.22,568.75,amount: 570.8022,saO Paulo,SP,-23.498826663338896,-46.65249325867044,_seo jose dos campos,SP,-23.18093790397594,-45.86936250721335,measure: 2.0
mc_ID_1504,"Married Female with four children, education: high school degree working as manual",$30K+,"Dairy from Dairy department, Ordered Brand : Club",19.7689,16.8617,non recyclable,"['Ready Food', 'Bar For Salad', 'Florist', 'Coffee Bar', 'Video Store']",Lottery Cash Registerion,Deluxe,1.59Ms,0.5883 Millions,1734.5,503.07,,290.7357,TABOAO DA SERRA,SP,-23.612294462020333,-46.76578686529368,praia grande,SP,-24.011288218359883,-46.41873374429398,amount: 2.0
mc_ID_1505,"Single Female with two children, education: partial high school working as skilled manual",10K+,"Beer and Wine from Alcoholic Beverages department, Ordered Brand : Good",10.2769,8.8233,recyclable,"['Florist', 'Bar For Salad', 'Ready Food', 'Coffee Bar']",Price Destroyers,Gourmet,11.73 Millions,5.7477 Millions,1564.86,387.45,257.7,measure: 343.5064,bauru,SP,-22.32799872661436,-49.04464129765144,jussara,PR,-23.62208737103585,val: -52.46578937273949,5.0
mc_ID_1506,"single female with three children, education: bachelor'ss degree working as management",600+ monthly,"Candy from Snacks department, Ordered Brand : Musial",28.4904,-25.5832,non recyclable,,Two for One,Supermarket,$5.62 Millions,2.1918 Millions,2049.72,457.36,304.91,300.8296,Data Missing,SP,-23.580893514570946,-46.924123919095166,limeira,"SP
",data: -22.599254430886607,-47.37980963550319,amount: 5.0
mc_ID_1507,"Married Male with five children, education: partial high school working as skilled manual",10k,"Vegetables from Produce department, Ordered Brand : Tell Tale",-0.1,measure: 16.4256,non recyclable,"['Video Store', 'Ready Food', 'Bar For Salad', 'Coffee Bar', 'Florist']",Super Duper Savers,delUXE,8.25 Millions,3.795 Millions,1524.45,373.1,248.18,266.73,r1o de janeiro,rj,-22.89834913791924,-43.28603771175494,londrina, PR ,-23.309902583386343,data: -51.172848272548926,1.0
mc_ID_1509,"Single Female with four children, education: partial high school working as professional",90K+,"Electrical from Household department, Ordered Brand : Sunset",27.1822,24.275,recyclable,,Save Price,Supermarket,7.59Ms,2.9601 Millions,1508,227.8,151.13,325.6721,itapevi,SP,amount: -23.538289102900915,-46.9265911416677,sao pauLo,5p,-23.606332072162274,-46.488808985429046,measure: 5.0
mc_ID_1510,"Single Male with five children, education: high school degree working as professional",130K+,"Canned Sardines from Canned Foods department, Ordered Brand : Just Right",10.0153,7.0935,recyclable,"['Bar For Salad', 'Ready Food']",,Supermarket,$3.16 Millions,1.58 Millions,2265.9,853.22,568.75,601.7115,tres cor0as,_RS,-29.517801962425995,-50.765753555126814,londrina,PR,-23.32532644463037,-51.15843393839796,5.0
mc_ID_1511,"Married Female with five children, education: high school degree working as management",110K+,"Snack Foods from Snack Foods department, Ordered Brand : Best Choice",19.7689,15.4081,non recyclable,"['Ready Food', 'Coffee Bar', 'Bar For Salad', 'Florist']",Saving Days,Gourmet,"8.92 ,000,000illions",3.6572 Millions,1564.86,385.45,256.97,$474.10,santa 	cruz 	do 	sul,RS,-29.723040177666807,-52.43790076754427,alfanas,mG,-21.420179371992425,-45.959964474046224,data: 4.0
mc_ID_1512,"Single Female with two children, education: gradute degree working as professional",110 Thousand,"Bathroom Products from Health and Hygiene department, Ordered Brand : Bird Call",19.4781,data: 16.4256,non recyclable,['Florist'],Big Time Discounts,SuPErMArKet,2.08 Millions,0.9568 Millions,1320.15,523.32,,765.7243,iIhabela,SP,-23.83182304604652,measure: -45.37368542232557,sao paulo,SP,-23.5259237463212,-46.642131776011375,4.0
mc_ID_1514,"Married Female with two children, education: bachelors degree working as professional",50000,"Hardware from Household department, Ordered Brand : High Quality",11.1054,8.1837,recyclable,"['Bar For Salad', 'Ready Food']",Money Savers,,7.86 Millions,2.358 Millions,2448.37,470.27,315,-999,curitiba,Pr,-25.421492943937885,-49.26920329863241,maringa,PR,-23.38219409935399,-51.95529780691714,5.0
mc_ID_1517,"Married Female with two children, education: high school degree working as skilled manual",10K+,"Starchy Foods from Starchy Foods department, Ordered Brand : Discover",11.716,8.8088,non recyclable,"['Florist', 'Bar For Salad', 'Video Store', 'Ready Food', 'Coffee Bar']",Shelf Clearing Days,Deluxe,3.52 Millions,1.584 Millions,1869.54,593.93,395.95,516.7763,santa maria do salto,MG,val: -16.250688575226654,-40.150911520053775,Araguari,MG,-18.65223568071188,-48.19343213192182,5.0
mc_ID_1518,"Married Male with five children, education: high school degree working as skilled manual",30K+,"Snack Foods from Snack Foods department, Ordered Brand : Fort West",17.7338,-16.1349,recyclable,"['Ready Food', 'Bar For Salad']",Super Wallet Savers,$upermarket,5.04 Millions,2.3184 Millions,,,568.75,570.8022,sao paulu,SP,-23.51268037691151,amount: -46.70247867707312,_SAO JOSE DO RIO PRETO,SP,-20.80243626346376,-49.39562406741489,5.0
mc_ID_1521,"Married Male with four children, education: high school degree working as manual",30K+,"Paper Products from Household department, Ordered Brand : Sunset",-1.0,-15.4081,recyclable,['Coffee Bar'],Savings Galore,Small Grocery,1.78 Millions,0.801 Millions,1423.37,398.93,,550.5098,Itu,"SP
",-23.28024027283236,-47.28408336583513,Curitiba, PR,-25.4727349417162,-49.30563836747645,5.0
mc_ID_1522,"Married Female with No children, education: partial high school working as skilled manual",30K+,"Vegetables from Canned Foods department, Ordered Brand : Bravo",-25.4379,22.5307,recyclable,"['Coffee Bar', 'Bar For Salad', 'Ready Food', 'Video Store', 'Florist']",Price Winners,Deluxe,4.65 Millions,2.139 Millions,2038.11,481.98,321.26,453.9117,SUZANO, SP,-23.529356731919226,-46.31442922624533,petropolis ,RJ,-22.549033360244323,-43.210094724044055,5.0
mc_ID_1523,"Married Female with one child, education: high school degree working as professional",130K+,"Canned Soup from Canned Foods department, Ordered Brand : Blue Label",24.8564,825.51 oz,non recyclable,['Coffee Bar'],Price Smashers, Supermarket,€6.1M,3.2752 Millions,1236.07,442.92,293.63,722.9429,_barra do pirai,RJ,data: -22.457161272718484,-43.7951537328728,sao paulo,SP,-23.693985995008337,-46.70188324132953,amount: 5.0
mc_ID_1524,"Married Male with four children, education: partial high school working as manual",30K+,"Meat from Deli department, Ordered Brand : Red Spade",23.2575,20.3503,recyclable,"['Video Store', 'Bar For Salad', 'Florist', 'Ready Food', 'Coffee Bar']",,De1uxe,$14.24 Millions,6.5504 Millions,2038.11,,321.26,602.7575,cruz alta,_Rs,-28.644997714736004,-53.60101202888114,limeira,sp,-22.56835042131686,-47.44743947974489,4.0
mc_ID_1525,"Married Female with five children, education: bachelors degree working as professional",50K+,"Kitchen Products from Household department, Ordered Brand : Denny",20.0596,15.6988,recyclable,"['Coffee Bar', 'Video Store', 'Florist', 'Bar For Salad', 'Ready Food']",Shelf Clearing Days,Deluxe,"8.55 ,000,000illions",2.907 Millions,1873.15,593.93,395.95,516.7763,votor4ntim,Sp,measure: -23.5459163613596,-47.43786045308448,maua,sp,-23.68011442853022,-46.4524537436668,5.0
mc_ID_1526,"Married Male with three children, education: bachelors degree working as management",50000,"Frozen Desserts from Frozen Foods department, Ordered Brand : PigTail",18.3153,15.4081,non recyclable,"['Video Store', 'Bar For Salad', 'Coffee Bar', 'Ready Food', 'Florist']",Money Savers,Deluxe,2.44Ms,1.0492 Millions,1871.83,593.93,395.95,343.611,VITORIA,ES,-20.31066918610968,val: -40.29776322336832,guarulhos,SP,-23.44634995836461,-46.54365549347912,5.0
mc_ID_1527,"mARRIED mALE WITH nO CHILDREN, EDUCATION: BACHELORS DEGREE WORKING AS PROFESSIONAL",Income: 70K+,"Canned Oysters from Canned Foods department, Ordered Brand : Pleasant",12.2974,10.8438,non recyclable,"['Ready Food', 'Florist', 'Coffee Bar', 'Bar For Salad']",Save It (Sale),Daluxe,€6.2M,2.4057 Millions,2053.27,654.13,436.82,728.9051,Niteroi,RJ,-22.87198981200734,data: -43.104650816542055,guariba,SP,-21.36235769739203,-48.232975701561735,amount: 3.0
mc_ID_1529,"Married Female with four children, education: partial High School working as professional",130K+,"Fruit from Produce department, Ordered Brand : High Top",9.7972,6.8755,non recyclable,,Budget Bargains,mid-size,"7.95 ,000,000illions",3.339 Millions,2085.67,783.64,522.49,546.0643,balneario camboriu,$C,-26.999696999999948,measure: -48.63513949999995, Cascavel,PR,-24.961400882504734,-53.45816618100577,5.0
mc_ID_1530,"Single Male with two children, education: partial high school working as skilled manual",30K+,"Jams and Jellies from Baking Goods department, Ordered Brand : Plato",28.0543,23.5482,recyclable,,Money Savers,Supermarket,€2.9M,1.176 Millions,1509.11,227.8,151.9,amount: 277.2423,montes claros,Mg,-16.682043505353082,-43.8286815604386,rio de janeiru,RJ,data: -22.87459850346245,-43.477731000000006,5.0
mc_ID_1532,"Married Female with three children, education: high school degree working as manual",30K+,"Pain Relievers from Health and Hygiene department, Ordered Brand : Consolidated",-19.7689,data: 16.8617,recyclable,,Price Winners,,,1.3542 Millions,1623.48,341.05,225.93,543.397,Joao Alfredo,Pa,-7.861613508877334,-35.5895450372224,sao paulo,SP,-23.693985995008337,amount: -46.70188324132953,data: 5.0
mc_ID_1533,"Married Male with four children, education: partial High School working as skilled manual",30K+,"Meat from Meat department, Ordered Brand : Footnote",-18.8967,15.9895,non recyclable,"['Video Store', 'Ready Food', 'Coffee Bar', 'Florist', 'Bar For Salad']",Super Duper Savers,,5.96 Millions,1.9072 Millions,1525.28,373.1,,266.73,s@nto angelo ,RS_,-28.281003423550747,val: -54.258283178397335,cañoinhas,sc,,-50.392861528512256,amount: 5.0
mc_ID_1534,"Married Male with one child, education: partial high school working as management",110k,"Dairy from Dairy department, Ordered Brand : Carlson",measure: 20.9317,-17.8792,non recyclable,"['Video Store', 'Bar For Salad', 'Ready Food', 'Coffee Bar', 'Florist']",,,4.56 Millions,1.824 Millions,1424.85,465.54,310.3,data: 281.4786,sao paulo,SP,-23.647126672773947,-46.77838211463436,carapicuiba,sP,-23.57241932843741,-46.81653106742156,10.0/10
mc_ID_1535,"Single Female with four children, education: bachelors degree working as management",50K+,"Fruit from Produce department, Ordered Brand : Ebony",21.8039,-18.8967,non recyclable,['Florist'],Two for One,Supermarket,6.48 Millions,2.5272 Millions,1320.15,525.32,348.13,360.7131,sao paulo,SP,amount: -23.478324496249083,-46.652201413266766,"Rio De Janeiro
",	RJ,-22.906162445467107,-43.56901475728546,5.0
mc_ID_1536,"Married Female with five children, education: partial college working as professional",30K+,"Pizza from Frozen Foods department, Ordered Brand : Big Time",10.1461,5.7853,recyclable,"['Video Store', 'Coffee Bar', 'Bar For Salad', 'Florist', 'Ready Food']",,Deluxe,€2.1M,0.975 Millions,1732.08,503.07,335.11,279.5435,sao paulo,SP,-23.688011001933244,-46.68861021758333,seo paulo, Sp,-23.537511255832708,-46.63705730743676,4.0
mc_ID_1538,"Single Female with one child, education: high school degree working as manual",Income: 30K+,"Fruit from Produce department, Ordered Brand : Ebony",11.12,8.2128,recyclable,"['Video Store', 'Ready Food', 'Florist', 'Bar For Salad', 'Coffee Bar']",Big Time Saving,DELUXE,5.73 Millions,2.7504 Millions,1871.16,593.93,395.95,676.6574,sao paulo,SP,val: -23.51121466610885,-46.48421209686078,sao pauIo,SP,-23.65111484251016,-46.75521082321932,5.0
mc_ID_1540,"Married Female with two children, education: partial high school working as manual",$10K+,"Plastic Products from Household department, Ordered Brand : High Quality",29.3626,-26.4554,recyclable,"['Ready Food', 'Bar For Salad']",Price Slashers,supermarket,7.8 Millions,3.042 Millions,2448.64,,313.55,402.7623,sao paulo,SP_,-23.565867171244737,amount: -46.59162112461769,IBITINGA,SP,-21.7664768468313,-48.83154737836604,4.0
mc_ID_1541,"Single Male with three children, education: high school degree working as skilled manual",30K+,"Vegetables from Canned Foods department, Ordered Brand : Just Right",12.59 kg,-9.6664,recyclable,"['Ready Food', 'Bar For Salad']",Mystery Sale,supeRM4rkEt,3.48Ms,1.1832 Millions,2265.9,853.22,568.73,444.3931,sao tiago,MG,-20.90566059569524,-44.50592007551508,suMARe,SP,-22.828654864562257,-47.267296160568925,
mc_ID_1542,"Single Male with No children, education: high school degree working as skilled manual",50K+,"Electrical from Household department, Ordered Brand : Denny",22.8214,19.7689,recyclable,"['Florist', 'Bar For Salad', 'Coffee Bar', 'Ready Food', 'Video Store']",Two Day Sale,D3luxe,15.72 Millions,4.716 Millions,1869.27,593.93,395.95,402.0824,caarapo,M5,-22.629257643711,data: -54.813005046868085,Teresopolis,rj,-22.428725888669057,amount: -42.97556752642736,4.0
mc_ID_1543,"Single Male with five children, education: bachelors degree working as professional",50K+,"Carbonated Beverages from Beverages department, Ordered Brand : Skinner",30.0894,amount: 27.1822,recyclable,['Coffee Bar'],,$mall grocery,1.24 Millions,0.496 Millions,2068.08,330.83,220.55,381.8946,barueri,SP,,-46.847466200289865,sao paulo,5P,-23.548781693029053,amount: -46.65745981155857,val: 5.0
mc_ID_1547,"Single Female with one child, education: bachelors degree working as professional",110K+,"Beer and Wine from Alcoholic Beverages department, Ordered Brand : Good",-13.4603,-10.5531,non recyclable,,,Supermarket,5.19 Millions,2.3355 Millions,,227.8,151.9,650.4028,curvelo,MG,-18.744756956577486,-44.45041862816433,belo horizonte,Mg,-19.91624655709342,-43.93623364096637,5.0
mc_ID_1548,"Married Female with two children, education: partial high school working as manual",€8K+,"Vegetables from Produce department, Ordered Brand : Tri-State",28.4904,27.0368,recyclable,"['Ready Food', 'Coffee Bar', 'Video Store', 'Bar For Salad', 'Florist']",Big Time Discounts,Deluxe,4.42 Millions,2.1658 Millions,2040.2,481.98,321.26,amount: 328.1302,picarra,P@,-6.4479960645914485,-48.86838487903216,sao paulo,SP,-23.68181716818632,-46.69358762072255,5.0
mc_ID_1550,"Single Male with one child, education: partial high school working as manual",50K+,"Carbonated Beverages from Beverages department, Ordered Brand : Skinner",22.0946,19.0421,recyclable,"['Ready Food', 'Florist', 'Coffee Bar', 'Bar For Salad', 'Video Store']",,Gourmet,3.66Ms,1.281 Millions,1424.85,465.54,310.3,427.7617,alvorada d'oeste,RO,-11.35260070889819,-62.28468336460854,itaquaquecetuba,SP,-23.48262344063541,-46.37448952833195,3.0
mc_ID_1551,"Married Male with four children, education: bachelors degree working as professional",€110K+,"Snack Foods from Snack Foods department, Ordered Brand : Fort West",-1.0,-25.874,recyclable,,Sales Days,Supermarket,3.0Ms,1.29 Millions,2049.72,457.36,304.91,610.5502,saopau1o,SP,-23.49309150568415,data: -46.70231332999599,brasilla,Df,-15.866991460932812,-48.06216204981815,5.0
mc_ID_1552,"Married__Female__wiht__four__children,__education:__high__school__degree__working__as__skilled__manual",30K+,"Beer and Wine from Alcoholic Beverages department, Ordered Brand : Portsmouth",-30.8162,26.4554,recyclable,"['Ready Food', 'Coffee Bar', 'Florist', 'Bar For Salad', 'Video Store']",Best Savings,Gourmet,€4.8M,1.9278 Millions,1424.85,465.54,310.3,281.4786,guarulhos,sp,-23.47194530291957,-46.5286161352722,sao paulo,SP,-23.59272363197529,amount: -46.6315844403312,val: 4.0
mc_ID_1553,"Single Male with four children, education: partial high school working as skilled manual",30K+,"Frozen Entrees from Frozen Foods department, Ordered Brand : Golden",26.6008,data: 23.5482,recyclable,['Florist'],Roller Savings (High) ,superMARkET,"2.36 ,000,000illions",1.18 Millions,1320.15,523.32,348.85,532.6232,campo grande,MS,measure: -20.48227935607949,-54.59397058465576,	Piracicaba,SP,-22.71683928585045,-47.65736585405934,data: 4.0
mc_ID_1555,Married Female with two children and education: high school degree working as professional,70K+,"Canned Soup from Canned Foods department, Ordered Brand : Blue Label",23.9843,19.6235,recyclable,"['Florist', 'Ready Food', 'Coffee Bar', 'Bar For Salad']",Save Price,Deluxe,2.64 Millions,0.924 Millions,2055.29,654.13,,584.191,Maceio,AL,-9.56419141326677,-35.74022374854289, curitiba ,Pr,-25.464029318048183,-49.30472794690424,1.0
mc_ID_1556,"Married Female with two children, education: high school degree working as skilled manual",10K+,"Vegetables from Frozen Foods department, Ordered Brand : Carrington",17.2978,measure: 14.376,non recyclable,"['Video Store', 'Ready Food', 'Bar For Salad', 'Florist', 'Coffee Bar']",Three for One,,4.8 Millions,2.304 Millions,1869.26,593.93,395.95,688.3726,governador valadares ,mg,-18.85822999288047,-41.95041011170687,Guarulhos,SP,-23.4319484074384,-46.44869453427779,4.0
mc_ID_1557,Married Female with No kidren; education: high school degree working as skilled manual,30K or more,"Hygiene from Health and Hygiene department, Ordered Brand : Hilltop",12.3555,9.4484,non recyclable,"['Florist', 'Bar For Salad', 'Coffee Bar', 'Ready Food']",,G0urmet,7.98 Millions,3.7506 Millions,1564.86,387.45,256.97,343.5064,"camaqua
",RS,-30.854791704826045,-51.814217582551855,sao paulo_,SP,-23.554079433810344,measure: -46.53324185942636,5.0
mc_ID_1560,"Single Female with one child, education: high school degree working as management",150K+,"Specialty from Produce department, Ordered Brand : Hermanos",25.2925,22.24,recyclable,['Coffee Bar'],,SUPERMARKET,13.56Ms,5.424 Millions,1234.55,440.92,295.57,309.5637,ilha sulteira,SP,-20.422366149890298,-51.33743860294578,bebedouro,Sp,-20.928623885001464,-48.49299639722605,3.0
mc_ID_1561,"Married Male w/ one child, education: partial high school working as manual",€8K+,"Jams and Jellies from Baking Goods department, Ordered Brand : CDR",30.5255,27.6183,recyclable,,,Supermarket,10.16 Millions,5.08 Millions,2049.72,459.36,304.91,486.7561,sao paulo,SP,-23.52076037607479,-46.661384138207694,praia grande,SP ,-24.011288218359883,-46.41873374429398,5.0
mc_ID_1563,"Single Female with four children, education: partial high school working as skilled manual",10K+,"Snack Foods from Snack Foods department, Ordered Brand : Horatio",18.3153,13.9545,non recyclable,,Weekend Discount,Supermarket,13.15Ms,5.6545 Millions,1508,227.8,151.9,735.1811,sao paulo,SP,-23.625507339511103,-46.637947371362,penapolis,SP,-21.43085925810377,-50.08987578961023,5.0
mc_ID_1565,"Single Male with four children, education: bachelors degree working as professional",70 Thousand,"Starchy Foods from Starchy Foods department, Ordered Brand : Medalist",20.2049,17.1524,recyclable,"['Coffee Bar', 'Ready Food', 'Bar For Salad', 'Florist', 'Video Store']",,,7.6 Millions,3.268 Millions,1734.5,503.07,333.64,amount: 646.4803,sao paulo,sp,val: -23.44917893415549,-46.57435094932181,sao paulo,SP,measure: -23.693985995008337,-46.70188324132953,5.0
mc_ID_1567,"Single Female with three children, education: high school degree working as management",130K+,"Pure Juice Beverages from Beverages department, Ordered Brand : Fabulous",24.5657,-1.0,non recyclable,['Florist'],Sale Winners,,8.88 Millions,3.996 Millions,1317.7,523.32,347.62,770.6405,balneario camboriu,SC,-26.999696999999948,-48.63513949999995,registro,SP,val: -24.49203032806276,-47.83413137913321,5.0
mc_ID_1569,"Single Male with two kids, education: partial high school working as manual",10K+,"Breakfast Foods from Frozen Foods department, Ordered Brand : Carrington",11.1054,8.1837,non recyclable,"['Florist', 'Ready Food', 'Coffee Bar', 'Bar For Salad', 'Video Store']",Save Price,De1uxe,2.28 Millions,0.8664 Millions,1734.5,503.07,335.38,419.9167,belo hORIzOn7E,MG,-19.97007559893824,data: -43.97959527560735,Curitiba,PR,-25.4727349417162,-49.30563836747645,5.0
mc_ID_1570,"Married Male with No children, education: bachelors degree working as management",50K+,"Snack Foods from Snack Foods department, Ordered Brand : Fast",-19.0421,17.5885,recyclable,['Florist'],,Supermarket,6.28 Millions,3.0144 Millions,1320.15,523.32,,689.3663,recife,PE,-8.094041099082478,-34.93892629698763,santo andre,SP,-23.66721675288362,-46.49913206319721,2.0
mc_ID_1574,"Single Female with two children, education: bachelors degree working as professional",70k,"Eggs from Eggs department, Ordered Brand : Giant",27.3275,24.275,non recyclable,Data Missing,Saving Days,Supermarket,"11.52 ,000,000illions",4.8384 Millions,,227.8,151.9,619.0228,sao paulo,SP,-23.49191000194397,-46.70034705328601,"dracena
",SP,-21.4988715,-51.53786099999999,5.0 stars
mc_ID_1576,"Married Female with two children, education: partial high school working as skilled manual",10 Thousand,"Snack Foods from Snack Foods department, Ordered Brand : Fast",13.1114,10.2042,recyclable,,One Day Sale,Supermarket,6.93 Millions,3.3957 Millions,1510.37,227.8,152.72,613.4267,SAO josE DOS caMp0s,SP,amount: -23.263007134052764,-45.90311760421835,campo limpo paullsta,$P,-23.20706431353269,-46.760735214610754,3.0
mc_ID_1577,"Married Female with two children, education: high school degree working as skilled manual",10K+,"Vegetables from Canned Foods department, Ordered Brand : Better",12.5009,11.0473,non recyclable,"['Bar For Salad', 'Coffee Bar', 'Florist', 'Ready Food', 'Video Store']",GLD,Deluxe,1.8 Millions,0.54 Millions,1871.16,593.93,395.95,data: 484.1411,presidente prud3nte,sp,-22.104119746441533,measure: -51.43176163351843,santo andre/sao paulo,SP,-23.61571809769749,-46.53118432278263,3.0
mc_ID_1580,"single female with one child, education: high school degree working as manual",30k,"Plastic Products from Household department, Ordered Brand : High Quality",val: 26.7461,-999.0,non recyclable,"['Video Store', 'Bar For Salad', 'Ready Food', 'Florist', 'Coffee Bar']",Roller Savings (High) ,DeluXe ,€6.7M,2.9304 Millions,1734.78,503.07,333.93,440.1568,jundi@i,SP,-23.179889672043977,amount: -46.928510109318665,sao paulo,SP,-23.48029674271453,-46.71122495337295,5.0
mc_ID_1581,"Married Male with two children, education: partial college working as skilled manual",30K+,"Baking Goods from Baking Goods department, Ordered Brand : Plato",14.8266,11.9049,non recyclable,['Coffee Bar'],Savings Galore,sUpeRmaRkET,3.72 Millions,1.5996 Millions,1236.07,440.92,292.21,724.5119,orlandia,SP,-20.71749602546334,-47.8769102907048,sao paulo,sp,-23.537588133504503,-46.56824798211082,4.0
mc_ID_1583,"Single Male with two childern , education: partial high school working as skilled manual",30K+,"Vegetables from Produce department, Ordered Brand : Ebony",30.6708,1030.61 oz,non recyclable,,Price Destroyers, Supermarket ,5.64 Millions,1.7484 Millions,1508,227.8,151.9,635.1312,porto alegre,RS,-30.01895817707312,-51.16296204564608,sao bernardo do campo,SP,-23.724134173502662,-46.57554561519289,5.0
mc_ID_1584,"SiNgLe fEmAlE WiTh tHrEe cHiLdReN, eDuCaTiOn: HiGh sChOoL DeGrEe wOrKiNg aS MaNuAl, SiNgLe fEmAlE WiTh tHrEe cHiLdReN",Income: 30K+,"Jams and Jellies from Baking Goods department, Ordered Brand : Landslide",11.338,-8.4308,recyclable,,Full Free,Supermarket,2.19 Millions,0.9855 Millions,1508,227.8,,272.2738,"lorena
",sp,-22.747581173639738,-45.13241363142706,TBD, SP ,-21.7664768468313,measure: -48.83154737836604,amount: 4.0
mc_ID_1585,"Single Female with two children, education: partial high school working as manual",10 Thousand,"Snack Foods from Snack Foods department, Ordered Brand : Best Choice",-23.5482,20.641,non recyclable,"['Bar For Salad', 'Ready Food', 'Coffee Bar', 'Florist']",,gourmet,10.32Ms,3.3024 Millions,1564.86,,256.97,474.0995,###,5P,-23.50924262107987,-46.88666937892011,ibitinga,SP,-21.7664768468313,-48.83154737836604,1.0
mc_ID_1586,"Single Male with one kid, education: bachelor'ss degree working as professional",70000,"Eggs from Eggs department, Ordered Brand : Urban",20.4957,17.5885,non recyclable,"['Bar For Salad', 'Video Store', 'Ready Food', 'Florist', 'Coffee Bar']",Shelf Clearing Days,DELUXE,7.16 Millions,3.5084 Millions,1871.16,593.93,395.95,516.7763,brasilia,DF,-15.788943473358437,-47.93638791061641,guariba,Sp,-21.36235769739203,-48.232975701561735,4.0
mc_ID_1587,"Married Female with three children, education: partial college working as skilled manual.",30000,"Snack Foods from Snack Foods department, Ordered Brand : Best Choice",data: 27.3275,25.7286,recyclable,"['Ready Food', 'Bar For Salad']",Three for One,Supermarket,9.63Ms,4.4298 Millions,2265.9,853.22,569.67,618.4475,"porangatu
",GO,-13.455341522938244,-49.144700706302814,atibaia,Sp,-23.112774381969185,-46.5488845105504,5.0
mc_ID_1588,"SINGLEE MALE W/ TWO CHILDREN, EDUCATION: BACHELORS DEGREE WORKING AS PROFESSIONAL",150K+,"Fruit from Produce department, Ordered Brand : High Top",25.0018,20.641,recyclable,"['Bar For Salad', 'Video Store', 'Ready Food', 'Florist', 'Coffee Bar']",Discount Frenzy,,"2.76 ,000,000illions",1.104 Millions,1424.85,465.54,308.56,555.2168,	salvadur,BA,-12.940907742910326,-38.33556312574039,SAO PAULO,sp,-23.48934571357261,-46.47738070858095,3.0
mc_ID_1590,"Single Male with three children, education: high school degree working as manual",50 Thousand,"Beer and Wine from Alcoholic Beverages department, Ordered Brand : Pearl",16.8617,12.5009,non recyclable,,Price Winners,Supermerket,2.73 Millions,0.8463 Millions,1623.48,341.05,228.71,586.7537,campos dos goytacazes,RJ,-21.769557394285176,measure: -41.30550225849306,ibitinga ,sp,-21.7664768468313,-48.83154737836604,1.0
mc_ID_1591,"Single Male with one child, education: high school degree working as skilled manual",30K+,"Fruit from Produce department, Ordered Brand : Ebony",12.7771,9.8554,non recyclable,['Florist'],Sale Sale Sale,Supermarket,€2.7M,1.422 Millions,1320.15,523.32,348.86,304.1768,petrolina,PE,measure: -9.394855973628053,data: -40.517578168330544,sao paulo,SP,-23.55487039661836,-46.5943762934965,4.0
mc_ID_1593,"Married Male with four children, education: graduate degree working as professional",840+ monthly,"Baking Goods from Baking Goods department, Ordered Brand : Super",19.9142,16.8617,recyclable,,Roller Savings (High) ,supermarket,10.35 Millions,3.2085 Millions,1508,227.8,151.9,data: 379.7503,Campinas,SP,amount: -22.931095563908823,data: -47.05470585586861,ÇURItIbA, Pr ,-25.5347523805182,-49.236641559813016,4.0
mc_ID_1595,"Single Female with one child, education: bachelors degree working as professional",110K+ annually,"Snack Foods from Snack Foods department, Ordered Brand : Nationeel",17.8792,measure: 16.4256,recyclable,"['Ready Food', 'Florist', 'Coffee Bar', 'Bar For Salad']",,Gourmet,"7.52 ,000,000illions",3.384 Millions,1564.86,385.45,,measure: 486.9653,curitiba, PR,-25.4389681470945,-49.27448441188181,sao paulo,sp,-23.65111484251016,-46.75521082321932,5.0
mc_ID_1596,"Married Female with three children, education: partial high school working as professional",€110K+,"Bread from Baked Goods department, Ordered Brand : Fantastic",29.7987,26.8915,non recyclable,"['Bar For Salad', 'Florist', 'Ready Food', 'Coffee Bar']",Price Cutters,Gourmet,6.99 Millions,3.1455 Millions,1566.8,385.45,257.32,729.2712,sorocaba,SP,val: -23.493304498470785,-47.48204226449884,ibitinga,SP,-21.7664768468313,amount: -48.83154737836604,measure: 1.0
mc_ID_1597,"Married Male with two kidren, education: bachelors degree working as professional",50K+,"Miscellaneous from Checkout department, Ordered Brand : Black Tie",12.7625,-11.2944,recyclable,,Big Time Discounts,Supermarket,6.28 Millions,2.0096 Millions,2048.69,457.36,304.91,310.662, belo horizomte ,MG,-19.88561895920133,-43.93859494364943,barra mansa,RJ,-22.523912739698662,-44.18623424719054,data: 5.0
mc_ID_1602,Married Female with one child; education: partial high school working as professional,90K+,"Dairy from Dairy department, Ordered Brand : Carlson",21.5132,18.606,non recyclable,"['Coffee Bar', 'Florist', 'Bar For Salad', 'Ready Food']",,Gourmet,11.94 Millions,5.7312 Millions,1564.86,385.45,256.97,773.0986,betim,mg,-19.933621491257423,-44.18191702039934,sao paulo,SP,measure: -23.539494799586286,-46.63284391414975,4.0
mc_ID_1605,"Married Male with five children, education: high school degree working as manual",30K+,"Vegetables from Frozen Foods department, Ordered Brand : Golden",8.9541,13.30 lbs,recyclable,"['Florist', 'Video Store', 'Ready Food', 'Bar For Salad', 'Coffee Bar']",GLD,Deluxe,7.44 Millions,3.6456 Millions,1871.16,595.93,395.95,484.1411,sao joao da boa vista,SP,-21.97841480270819,-46.79561480625737,sa0 paulo,5P,measure: -23.693985995008337,-46.70188324132953,5.0
mc_ID_1606,"Single Male with one child, education: high school degree working as manual",€25K+,"Breakfast Foods from Frozen Foods department, Ordered Brand : PigTail",amount: 16.2802,13.3585,recyclable,"['Ready Food', 'Bar For Salad']",Shelf Clearing Days,supErmarKEt,8.52 Millions,2.982 Millions,2265.9,853.22,568.81,571.1683,jundiai,SP,-23.1954527149576,-46.885125855675454,5ao paulo,_Sp,-23.65111484251016,-46.75521082321932,3.0
mc_ID_1607,"Single Female with four kidren, education: partial HS working as skilled manual.",10K+,"Breakfast Foods from Frozen Foods department, Ordered Brand : Golden",Not Specified,9.9135,recyclable,"['Bar For Salad', 'Coffee Bar', 'Florist', 'Video Store', 'Ready Food']",Pick Your Savings,deLUxe,9.44 Millions,4.5312 Millions,1874.03,593.93,,£215.67,belo horizonte, MG ,-19.87273116847477,-43.944876780599, sao paulo,sp,-23.606332072162274,measure: -46.488808985429046,5.0
mc_ID_1609,"Married Male with five children, education: partial high school working as skilled manual",Income: 10K+,"Meat from Deli department, Ordered Brand : Moms",26.7461,25.1472,recyclable,['Florist'],Save It (Sale),Supermarket,11.45 Millions,4.9235 Millions,1320.15,523.32,348.85,427.7617,tab0ao da serra,SP,-23.623297507355577,data: -46.769556898983055,sao paulo,SP,-23.693985995008337,val: -46.70188324132953,measure: 5.0
mc_ID_1610,"Married Female with four childern , education: partial high school working as skilled manual",10K+,"Dairy from Dairy department, Ordered Brand : Carlson",24.8564,21.9493,non recyclable,"['Florist', 'Bar For Salad', 'Coffee Bar', 'Ready Food', 'Video Store']",Price Slashers,Deluxe,8.8 Millions,2.816 Millions,1734.5,503.07,335.38,282.9953,pinhais,PR,-25.45520782540837,-49.18886071388973,Capivari,SP,-23.0122137105142,-47.52203973160603,5.0
mc_ID_1611,"Single Female with four children, education: partial high school working as manual",120+ monthly,"Canned Tuna from Canned Foods department, Ordered Brand : Pleasant",12.9515,8.5762,recyclable,"['Florist', 'Bar For Salad', 'Video Store', 'Coffee Bar', 'Ready Food']",Price Cutters,GOURMET,4.11 Millions,1.6851 Millions,,465.54,310.3,675.716,guarulhos,SP,-23.43435209908248,-46.54289717277396,sao bernardo do campo,sp,-23.71457923606073,-46.54581156219319,4.0
mc_ID_1612,"Single Male with three children, education: high school degree working as skilled manual",30K+,"Dairy from Dairy department, Ordered Brand : Booker",26.6008,23.5482,non recyclable,,One Day Sale,_Supermarke7,10.32Ms,4.3344 Millions,2049.72,457.36,303.33,486.7561,belo horizonte,MG,-19.8530362758958,val: -43.95277064446877,belo horizonte,MG,-19.878513898894187,-43.95694702879617,1.0
mc_ID_1613,"Single Female with four children, education: bachelors degree working as management",50000,"Snack Foods from Snack Foods department, Ordered Brand : Fort West",22.24,17.8792,recyclable,,Weekend Discount,supermarket,13.92 Millions,5.2896 Millions,1510.93,227.8,151.9,val: 735.1811,sao sebas7iao,$P,data: -23.76127039033773,-45.76634466016269,sao paulo,SP,-23.48934571357261,-46.47738070858095,amount: 1.0
mc_ID_1614,"Single Male with two children, education: bachelors degree working as management",50K+,"Hygiene from Health and Hygiene department, Ordered Brand : Hilltop",8.9832,6.0615,recyclable,['Coffee Bar'],Sale Sale Sale,Small Grocery,1.06 Millions,0.4664 Millions,1423.37,398.93,,498.3144,cabo frio, RJ ,-22.87819893069184,-42.0153349507779,s4o paulo,sp,val: -23.612709195394977,-46.75626773244273,4.0
mc_ID_1615,"education: high school degree working as skilled manual, married male with three children",30K+ annually,"Snack Foods from Snack Foods department, Ordered Brand : Horatio",26.8915,23.9843,recyclable,['Florist'],,Supermarket,€9.7M,5.6154 Millions,1320.15,525.32,348.85,738.7898,campo grande,MS,-20.495323145631275,data: -54.73735144308811,campo limpo paulista,SP,-23.20706431353269,-46.760735214610754,4.0
mc_ID_1617,"Single Female with three children, education: partial high school working as manual",30K+,"Canned Soup from Canned Foods department, Ordered Brand : Just Right",25.0018,22.0946,non recyclable,['Coffee Bar'],Savings Galore,Supermarket,3.0 Millions,1.38 Millions,1236.07,442.92,293.95,724.5119,santo  andre,SP ,-23.64309058728148,data: -46.51261568180499,Data Missing,SC,-28.621531461000867,-49.023995719014565,5.0
mc_ID_1618,"Maried Male with No children, education: partial high school working as skilled manual",10K+,"Snack Foods from Snack Foods department, Ordered Brand : Fast",22.8214,19.7689,recyclable,,You Save Days,sUpeRMarKET,€1.3M,0.7392 Millions,1508,227.8,151.9,565.9906,rio d3 janeiro,rj,-22.82320810545911,-43.32141146765545,Campinas,Sp,data: -22.90081444463038,-46.99864279239999,5.0
mc_ID_1621,"Married Female with three children, education: graduate degree working as professional",70K+,"Vegetables from Produce department, Ordered Brand : Tell Tale",13.2132,8.8524,non recyclable,"['Ready Food', 'Coffee Bar', 'Video Store', 'Bar For Salad', 'Florist']",Lottery Cash Registerion,Deluxe,5.2 Millions,1.924 Millions,1734.5,503.07,335.38,313.0678,Goiania,go,-16.617545017504465,-49.29481639918998,riodejaneiru,RJ,-22.972956517889177,-43.39706327699233,1.0
mc_ID_1623,"Married Male with five children, education: bachelors degree working as management",600+ monthly,"Meat from Frozen Foods department, Ordered Brand : PigTail",amount: 18.1699,15.2627,recyclable,"['Coffee Bar', 'Florist', 'Ready Food', 'Bar For Salad']",,Deluxe,6.04 Millions,2.8388 Millions,2055.29,654.13,437.72,725.9763,belo horizonte,MG,-19.918383328611025,-44.02052053981771,SERRA nEGrA,SP,-22.596440207291085,-46.71196868822353,5.0
mc_ID_1626,"Single Male with five children, education: graduate degree working as professional",110K+,"Beer and Wine from Alcoholic Beverages department, Ordered Brand : Good",14.1144,9.7536,recyclable,,Budget Bargains,,"6.72 ,000,000illions",2.8896 Millions,1623.48,341.05,227.33,623.7298,lages,Sç,amount: -27.807024551762936,-50.31439284387447,canoas,RS,-29.914668849530724,-51.14844143722624,measure: 5.0
mc_ID_1627,"Single Male with five children, education: high school degree working as professional",70K+,"Canned Soup from Canned Foods department, Ordered Brand : Better",12.6899,9.7681,recyclable,"['Coffee Bar', 'Florist', 'Ready Food', 'Video Store', 'Bar For Salad']",Super Savers,Deluxe,11.22 Millions,4.3758 Millions,,373.1,249.56,755.9442,Osasco,Sp,-23.535843212083293,-46.76406620886582,CACHOEIRINHA,RS,-29.95355420966261,-51.103414237425575,5.0
mc_ID_1628,"education: partial college working as manual, Single Female with two children",30K+,"Vegetables from Canned Foods department, Ordered Brand : Blue Label",measure: 31.8337,30.2347,recyclable,"['Bar For Salad', 'Video Store', 'Coffee Bar', 'Ready Food', 'Florist']",Price Cutters,G0URMET,11.73 Millions,3.8709 Millions,,465.54,310.3,675.716,varginha,MG ,-21.555365756683145,measure: -45.4286114519794,francisco beltrao,PR,-26.003670174999968,-53.23275043899997,5.0
mc_ID_1629,"Single Male with one child, education: bachelors degree working as professional",70K+,"Specialty from Carousel department, Ordered Brand : King",17.007,15.4081,recyclable,"['Ready Food', 'Video Store', 'Florist', 'Coffee Bar', 'Bar For Salad']",Roller Savings (High) ,Gourmet,1.98 Millions,0.7524 Millions,1424.85,465.54,310.3,499.7265,osasco,Sp,amount: -23.536075904784,-46.78451070745578,sao paulo,SP,-23.693985995008337,-46.70188324132953,4.0
mc_ID_1630,"Married Male with five children, education: high school degree working as skilled manual",30K+,"Seafood from Seafood department, Ordered Brand : Curlew",9.9862,5.6109,non recyclable,"['Bar For Salad', 'Video Store', 'Ready Food', 'Coffee Bar', 'Florist']",Price Slashers,DELUxE,$12.9 Millions,5.418 Millions,1734.5,503.07,,282.9953,teresopolis,RJ,-22.41614982008496,-42.97702251227752,sarandi,PR,-23.431481257369107,-51.85490851643521,data: 5.0
mc_ID_1631,"Single Female with No children, education: bachelors degree working as management",70K+,"Meat from Frozen Foods department, Ordered Brand : Imagine",-14.4051,11.4834,recyclable,,Go For It,M1d-Size,€2.3M,0.819 Millions,2817.39,449.7,,455.3761,5anto andre,SP,-23.70693595632493,-46.49975110918768,sao paulo,SP,-23.603187216486816,-46.62096322009347,5.0
mc_ID_1632,"Single Male with five children, education: partial college working as clerical",$30K+,"Kitchen Products from Household department, Ordered Brand : Sunset",measure: 14.4196,val: 11.5125,non recyclable,"['Video Store', 'Florist', 'Coffee Bar', 'Bar For Salad', 'Ready Food']",Save Price,Deluxe,7.95 Millions,3.657 Millions,2036.66,481.98,321.26,284.3028,Porto F3Liz,SP,-23.213642809967485,-47.52204509959029,PRESIDENTE PRUDENTE,SP,data: -22.13651597360134,-51.396204302534905,5.0
mc_ID_1633,"Single Female with five children, education: high school degree working as manual",30K+,"Baking Goods from Baking Goods department, Ordered Brand : CDR",26.0193,24.4204,non recyclable,,I Cant Believe It Sale,Mid-Size,6.08 Millions,1.8848 Millions,2819.7,447.7,298.5,693.498,sao joao da boa vista,SP,-21.989535114416487,-46.78502371628886,selto,sp,-23.20591698084141,-47.307845865803,5.0
mc_ID_1634,"Single Female with No children, education: high school degree working as skilled manual",30K+ annually,"Meat from Meat department, Ordered Brand : Quick",22.676,21.2225,recyclable,"['Ready Food', 'Bar For Salad']",Sales Days,supermarke7,10.92Ms,5.0232 Millions,2265.24,853.22,568.75,327.9733,maceio,AL,-9.66563067554392,-35.718308303768296,ar4guari,MG,-18.65223568071188,-48.19343213192182,2.0
mc_ID_1636,"married male with four children , education: bachelors degree working as professional",70K+,,-10.7857,7.8785,recyclable,['Florist'],Super Savers,Supermarket,8.07 Millions,2.7438 Millions,1320.15,525.32,347.58,338.6948,"GoIANia
",GO,-16.774395987487942,measure: -49.35625534901799,jacarai,$P ,-23.29818595956356,val: -45.974828011182304,5.0
mc_ID_1638,"Married Female with four children, education: partial high school working as management",Income: 130K+,"Kitchen Products from Household department, Ordered Brand : Denny",20.0596,15.6988,recyclable,"['Florist', 'Video Store', 'Bar For Salad', 'Coffee Bar', 'Ready Food']",,de1uxe,14.25 Millions,6.555 Millions,1870.28,593.93,,516.7763,SAo pAulO,SP,data: -23.53357948765075,-46.68218908312653,sao paulo,SP,-23.54029947071385,-46.66278360519932,5.0
mc_ID_1639,"Single Female with three children, education: high school degree working as skilled manual",$30K+,"Fruit from Canned Products department, Ordered Brand : Swell",12.53,11.0618,non recyclable,['Florist'],,SUPERmaRKet,9.36 Millions,2.9016 Millions,1320.15,523.32,348.85,748.0992,RIO PARANAIBA,MG,-19.67698928194328,-51.18893748495198,sao paulo,$P,-23.59539756425642,amount: -46.55163738273989,1.0
mc_ID_1640,"Married Male with one child, education: partial college working as management",90K+,"Vegetables from Produce department, Ordered Brand : Hermanos",-21.2225,19.7689,recyclable,,Full Free,,5.24 Millions,2.358 Millions,1506.8,,151.9,272.2738, recife, PE ,data: -8.032058856243884,-34.954016673366475,ibitinga,5P,-21.7664768468313,val: -48.83154737836604,1.0
mc_ID_1641,"Married Male with two children, education: partial high school working as manual",10K or more,"Bread from Baked Goods department, Ordered Brand : Sphinx",11.8613,19.71 lbs,recyclable,"['Florist', 'Coffee Bar', 'Video Store', 'Bar For Salad', 'Ready Food']",Two for One,gOUrMET,"1.59 ,000,000illions",0.5565 Millions,,465.54,310.3,360.7131,ibipura,PR,-23.26606188021142,-51.051074898377856,gUaraTuBA,PR,-25.879391743627053,measure: -48.61948177812689,2.0
mc_ID_1642,"Married Male with two kids, education: graduate degree working as professional",70K+,"Fruit from Produce department, Ordered Brand : Tri-State",-22.0946,19.0421,non recyclable,"['Bar For Salad', 'Ready Food']",,,8.85 Millions,4.3365 Millions,2265.9,853.22,568.75,444.3931,flori@nopolis,$C,amount: -27.68775442656832,-48.48827427364544,ibitinga,SP,data: -21.7664768468313,-48.83154737836604,measure: 5.0
mc_ID_1643,"Married Female with three children, education: high school degree working as management",130K+,"Electrical from Household department, Ordered Brand : Cormorant",9.1867,7.7331,recyclable,,Price Destroyers,,7.65 Millions,3.06 Millions,2819.7,,298.5,777.2826,SERRA,E5,-20.13491550197769,val: -40.249312142245145,cafelandia,SP,val: -21.808017,-49.62064949999999,1.0
mc_ID_1646,"Single Female with five children, education: high school degree working as skilled manual",30000,"Kitchen Products from Household department, Ordered Brand : Red Wing",11.0037,8.0965,recyclable,"['Ready Food', 'Bar For Salad', 'Video Store', 'Florist', 'Coffee Bar']",Super Duper Savers,DELUXE,11.6 Millions,5.8 Millions,1525.09,373.1,248.79,318.3501,belO hoRIzOnTE,mg,-19.891079580904844,-43.99423022788376,guarulhos,SP,-23.44007914793122,-46.51144923980033,5.0
mc_ID_1648,"Single Male with one child, education: high school degree working as manual",30K+,"Vegetables from Canned Foods department, Ordered Brand : Just Right",22.0946,19.0421,non recyclable,"['Bar For Salad', 'Ready Food', 'Coffee Bar', 'Florist', 'Video Store']",Bag Stuffer,Deluxe,"15.32 ,000,000illions",4.7492 Millions,1734.06,503.07,335.38,662.2226,sao luls,MA,-2.5354030444053475,val: -44.32902966902305,b3lo horizonte,MG,-19.921126734952896,-43.94119674937962,3.0
mc_ID_1653,"Single Male with two children, education: high school degree working as skilled manual",30K+,"Vegetables from Canned Foods department, Ordered Brand : Pleasant",14.1144,-11.2072,recyclable,"['Video Store', 'Bar For Salad', 'Ready Food', 'Florist', 'Coffee Bar']",Big Time Saving,dELUXE,1.44 Millions,0.4608 Millions,1734.5,503.07,335.38,279.5435,IEME,_SP,-22.188010549332656,-47.38890953944135,cariacica,	ES,-20.29753657631548,data: -40.40086853731229,1.0
mc_ID_1654,"Single Male with one child, education: partial high school working as professional",150k,"Jams and Jellies from Baking Goods department, Ordered Brand : Plato",17.4431,-13.0823,recyclable,"['Video Store', 'Bar For Salad', 'Florist', 'Ready Food', 'Coffee Bar']",Dimes Off,Deluxe,7.35 Millions,2.4255 Millions,2039.3,481.98,321.26,602.7575,sao paulo,SP,-23.537309857060443,-46.6787664476888,sao paulo,SP,-23.50097763469062,-46.62712333406575,100%
mc_ID_1655,"Single Male with one child, education: high school degree working as skilled manual",360+ monthly,"Bread from Baked Goods department, Ordered Brand : Modell",-1.0,17.5885,non recyclable,,Go For It,Mid-5Ize,5.08 Millions,1.9812 Millions,2087.86,783.64,522.49,717.3991,santo andre,SP,-23.63888466388715,-46.49858921994927,Sao Paulo,	SP,-23.554079433810344,-46.53324185942636,5.0
mc_ID_1656,"Married Male with three children, education: high school degree working as manual",30K+,"Canned Sardines from Canned Foods department, Ordered Brand : Better",17.1524,12.7916,non recyclable,,,Supermarket,2.4 Millions,0.864 Millions,2049.72,,305.9,measure: 325.6198,manhuacu,MG,-20.265441566422545,-42.044386189900685,,,,,1.0
mc_ID_1657,"Married Female with three children, education: bachelors degree working as professional",50000,"Canned Soup from Canned Foods department, Ordered Brand : Just Right",amount: 25.0018,measure: 22.0946,non recyclable,"['Bar For Salad', 'Ready Food', 'Coffee Bar', 'Video Store', 'Florist']",Shelf Emptiers,Gourmet,$4.5 Millions,1.8 Millions,1424.61,465.54,310.3,R$3103.46,"rio de janeiro
",RJ,-22.93781597002137,-43.17619884430715,jacarei, Sp,measure: -23.29818595956356,-45.974828011182304,val: 4.0
mc_ID_1659,"Married Male with three kidren, education: high school degree working as manual",30K+,"Dairy from Dairy department, Ordered Brand : Carlson",28.0543,23.5482,non recyclable,['Coffee Bar'],Sale Winners,Small Grocery_,7.5 Millions,3.15 Millions,2071.04,330.83,220.55,564.9446,jeguaribe,CE,-5.884427610653892,-38.609923946730525,Sao PAULO,5P,-23.53877907744238,-46.53648566833056,4.0
mc_ID_1660,"Single Male with one child, education: partial college working as professional",€110K+,"Pizza from Frozen Foods department, Ordered Brand : Big Time",19.7689,16.8617,recyclable,,,Supermarket,3.1 Millions,1.147 Millions,1508,227.8,150.19,727.9637,sau paulo,SP,-23.499083916977654,-46.63226647191997,praia grande,$P,-24.011288218359883,amount: -46.41873374429398,5.0
mc_ID_1662,"Married Female with one child, education: partial high school working as skilled manual",10K+,"Candy from Snacks department, Ordered Brand : Thresher",16.1349,11.7741,non recyclable,"['Florist', 'Ready Food', 'Bar For Salad', 'Coffee Bar']",Shelf Emptiers,,7.3 Millions,3.577 Millions,1564.86,387.45,256.24,773.0986,Timoteo,MG,data: -19.54373077737746,-42.651621091858686,ilicinea,MG_,-20.944705621834668,-45.82709818233235,5.0
mc_ID_1663,"Single Female with four children, education: partial high school working as skilled manual.",10K+,"Frozen Entrees from Frozen Foods department, Ordered Brand : Carrington",measure: 14.8266,13.3585,non recyclable,['Florist'],Saving Days,supermarket,€12.5M,5.2992 Millions,1320.15,523.32,350.71,$435.45,itaquaquecetuba,SP,data: -23.499811448079384,amount: -46.34170601855715,ribeirao preto,"SP
",-21.18876494288717,-47.76987064730896,5.0
mc_ID_1664,"Married Female with four children, education: partial high school working as manual",10K+,"Hygiene from Health and Hygiene department, Ordered Brand : Steady",13.344,-8.9832,non recyclable,"['Video Store', 'Florist', 'Bar For Salad', 'Coffee Bar', 'Ready Food']",GLD,	Deluxe,€2.2M,0.9472 Millions,1870.24,593.93,395.58,484.1411,osasco,Sp,-23.54001991369947,-46.77765642117263,saO PAUlo,SP,-23.553644898695826,-46.63261889578163,1.0
mc_ID_1666,"Single Male with one kid, education: partial college working as manual",30k,"Baking Goods from Baking Goods department, Ordered Brand : BBB Best",22.3853,20.7864,non recyclable,,, SUPERMARKET ,7.36 Millions,2.7232 Millions,2048.59,457.36,304.91,610.5502,5Ete Lagoas,MG,amount: -19.46361254830593,-44.24441403023008,piracicaba,SP,-22.726257875353635,-47.63781138952056,amount: 4.0
mc_ID_1667,"Married Male with three children, education: high school degree working as manual",€25K+,"Snack Foods from Snack Foods department, Ordered Brand : Fort West",24.8564,20.4957,non recyclable,,Price Slashers,Supermarket,€8.8M,4.128 Millions,1623.48,341.05,227.33,277.0331,santos,SP,-23.95613021065843,-46.32888160545911,arapongas,PR,-23.420739085916825,-51.41460369847018,3.0
mc_ID_1669,"Single Female with one child, education: partial high school working as manual",10K+,"Fruit from Canned Products department, Ordered Brand : Green Ribbon",20.3503,15.9895,recyclable,"['Bar For Salad', 'Ready Food']",Three for One,Supermarket,2.62 Millions,0.8908 Millions,2265.9,853.22,,618.4475,CURITIBA, PR,-25.45134031779098,-49.34622476894222,drecena,$P,-21.4988715,-51.53786099999999,5.0
mc_ID_1670,"Married_Male_with_five_childran,_education:_high_school_degree_working_as_manual",30K+,"Beer and Wine from Alcoholic Beverages department, Ordered Brand : Top Measure",14.5359,13.0823,non recyclable,"['Florist', 'Bar For Salad', 'Ready Food', 'Coffee Bar']",Weekend Discount,deluxe,"10.08 ,000,000illions",4.7376 Millions,2055.29,654.13,436.09,382.0515,belem,PA,-1.4224300521669595,-48.46335636193654,penapolis,SP,-21.426570046543283,-50.06791761043272,5.0
mc_ID_1671,Married Male with two children and education: partial high school working as manual,30K+,"Specialty from Produce department, Ordered Brand : Ebony",-999.0,25.1472,non recyclable,"['Bar For Salad', 'Video Store', 'Coffee Bar', 'Florist', 'Ready Food']",,DELUXE,$5.16 Millions,1.806 Millions,1525.28,373.1,248.79,722.6814,_brasilia,df,-15.843092528722453,-47.82225242246026,BrASIlIa,DF,-15.83612305024187,-48.04018517722967,val: 4.0
mc_ID_1673,"mARRIED fEMALE WITH FIVE CHILDREN, EDUCATION: HIGH SCHOOL DEGREE WORKING AS MANAGEMENT.",110K+,"Eggs from Eggs department, Ordered Brand : Blue Medal",21.3678,18.3153,non recyclable,"['Ready Food', 'Coffee Bar', 'Florist', 'Bar For Salad']",Saving Days,gOuRmeT,11.2 Millions,3.472 Millions,1561.96,385.45,256.25,474.0995,sao bernardo do campo,SP,measure: -23.699353075768943,measure: -46.5600310818858, Guarulhos ,SP,amount: -23.47058431779098,-46.52329754593456,5.0
mc_ID_1674,"Single Female with three kids, education: partial high school working as manual",10000,"Paper Products from Household department, Ordered Brand : Red Wing",val: 12.0357,7.6604,recyclable,"['Ready Food', 'Bar For Salad']",Price Cutters,,"3.75 ,000,000illions",1.2 Millions,2267.17,853.22,568.75,761.0696,trecunhaem,PE,-7.802756999999994,-35.23138199999998,sao paulo,SP,-23.539824031911863,-46.434679443937874,1.0
mc_ID_1675,"Married Male wiht one child, education: graduate degree working as professional",110k,"Baking Goods from Baking Goods department, Ordered Brand : BBB Best",11.7596,8.8524,recyclable,"['Florist', 'Video Store', 'Bar For Salad', 'Ready Food', 'Coffee Bar']",Sale Winners,Deluxe,2.19 Millions,0.7665 Millions,1871.16,593.93,395.95,519.7574,	brazopolis,MG,-22.47419267218489,measure: -45.61875698265198,sao paulo,SP ,-23.746252526227707,-46.677001782820696,5.0
mc_ID_1678,"education: high school degree working as manual, Married Male with three children",30K+,"Specialty from Produce department, Ordered Brand : High Top",amount: 12.6753,9.7681,non recyclable,,Promo Big,Supermarket,5.31 Millions,1.593 Millions,2048.84,459.36,304.01,515.2596,sAo PAULO,SP,-23.5846446352051,-46.54653635849762,sao paulo,5P,-23.65111484251016,-46.75521082321932,1.0
mc_ID_1679,"Married Female with four kidren, education: HS degree working as manual",30K+,"Paper Products from Household department, Ordered Brand : Red Wing",19.4781,16.4256,recyclable,"['Florist', 'Coffee Bar', 'Ready Food', 'Bar For Salad', 'Video Store']",Bag Stuffer,deluxe,7.12 Millions,3.4888 Millions,1734.5,503.07,333.83,662.2226,Iondrina,PR,-23.26389373583953,amount: -51.18150870269487,-1,sp,-22.105021567709144,-50.1738866856198,3.0
mc_ID_1680,"Single Male wiht two children, education: partial high school working as skilled manual",10K+,"Vegetables from Produce department, Ordered Brand : Hermanos",15.5534,val: 12.6317,non recyclable,"['Ready Food', 'Bar For Salad']",Go For It,Supermarket,11.24 Millions,5.1704 Millions,2265.9,,568.75,553.0202,uberlandia,MG,-18.925348871775626,-48.24236513543774,sao paulo,SP,-23.50869470774424,-46.48672956633388,10.0/10
mc_ID_1681,"Single Female with one child, education: partial high school working as skilled manual",10K+,"Hot Beverages from Beverages department, Ordered Brand : BBB Best",amount: 24.8564,21.9493,non recyclable,,Two for One,,8.61Ms,2.8413 Millions,,457.36,304.91,300.8296,rio de janeiro, RJ ,-22.923126168734587,-43.26075217874656,	osasco,SP,val: -23.552456794881493,-46.78012559033992,5.0
mc_ID_1682,"Married Female with five children, education: partial college working as clerical",30K+,"Vegetables from Frozen Foods department, Ordered Brand : Carrington",11846.80 grams,8.9251,non recyclable,"['Florist', 'Bar For Salad', 'Coffee Bar', 'Ready Food']",Price Winners,Deluxe,9.64 Millions,4.0488 Millions,,654.13,436.09,494.9149,brumadinho,_MG,-20.198222315762948,-44.00961734339785,sao paulu,SP,-23.52833381848348,-46.61941011172019,5.0
mc_ID_1683,"Single Female with one child, education: high school degree working as skilled manual",30K+,"Beer and Wine from Alcoholic Beverages department, Ordered Brand : Pearl",13.0969,10.1897,non recyclable,"['Ready Food', 'Bar For Salad']",Savings Galore,Supermarket,2.16 Millions,1.08 Millions,2448.37,470.27,,550.1437,catanduv4,SP,-21.12727725229381,data: -48.96558623910783,sao jose dos c@mpos,$P,-23.221431461827063,-45.888163895493165,val: 1.0
mc_ID_1684,"Single Female with No children, education: high school degree working as professional",130K+,"Breakfast Foods from Breakfast Foods department, Ordered Brand : Jeffers",15.1174,-10.7421,non recyclable,['Florist'],Roller Savings (High) ,Supermarket,$7.95 Millions,2.9415 Millions,1321.72,523.32,,532.6232,Juiz De Fora,mG,val: -21.76800511546951,-43.38112729090638,SAO PAULO,Sp,-23.62358155176294,-46.61056007369148,5.0
mc_ID_1686,"Single Female with three children, education: bachelor'ss degree working as professional",€42K+,"Dairy from Dairy department, Ordered Brand : Booker",20.0596,17.1524,recyclable,"['Coffee Bar', 'Video Store', 'Ready Food', 'Bar For Salad', 'Florist']",Sale : Double Down,Deluxe ,11.04 Millions,3.4224 Millions,,373.1,246.97,278.2883,cascavel,Pr,-24.95087035971484,-53.45032742855887,belo horizonte, MG ,-19.875867454065443,-43.98278199806675,4.0
mc_ID_1689,"Single Male with four childern , education: bachelors degree working as management",$50K+,"Fruit from Produce department, Ordered Brand : Tell Tale",15.9895,14.5359,recyclable,['Coffee Bar'],Best Price Savers,supermarket,$1.16 Millions,0.5684 Millions,1236.07,440.92,293.95,349.2594,santa cruz do rio pardo,SP,-22.883610865880744,val: -49.61785424118465,Sao Paulo,SP,-23.539824031911863,amount: -46.434679443937874,4.0
mc_ID_1691,"Single Female with five children, education: bachelors degree working as professional",70K+,"Electrical from Household department, Ordered Brand : High Quality",30.9615,27.909,non recyclable,"['Bar For Salad', 'Coffee Bar', 'Ready Food', 'Florist']",,Deluxe,8.84 Millions,3.4476 Millions,2055.29,654.13,436.09,267.3576,maua,SP,-23.705183776848084,data: -46.45744742091284,guarulhos,	SP,-23.44549010713256,measure: -46.45827561587512,amount: 5.0
mc_ID_1693,"Single Female with two children, education: partial high school working as manual",10K+,"Snack Foods from Snack Foods department, Ordered Brand : Horatio",57.36 lbs,22.9668,recyclable,['Coffee Bar'],,Small Grocery,$4.4 Millions,1.892 Millions,1423.37,398.93,267.91,363.0666,Conceicao Do Rio Verde,MG_,-21.902609999999942,-45.09792349999995, santo andre,SP,-23.665703457960586,-46.51808196779969,5.0
mc_ID_1694,"Single Female with five children, education: bachelors degree working as professional",Income: 50K+,"Vegetables from Produce department, Ordered Brand : Hermanos",14.1725,11.2653,recyclable,"['Florist', 'Video Store', 'Coffee Bar', 'Bar For Salad', 'Ready Food']",Money Savers,DELUXE,11.28Ms,4.2864 Millions,1871.16,593.93,397.93,343.611,salvador,Ba,-12.940907742910326,-38.33556312574039,conchal,$P,-22.338621,-47.17603125,4.0
mc_ID_1695,Married Female with No children; education: bachelors degree working as professional,70K+,"Jams and Jellies from Baking Goods department, Ordered Brand : BBB Best",13.6347,10.7275,recyclable,"['Bar For Salad', 'Ready Food']",Shelf Clearing Days,Supermarket,4.95 Millions,2.2275 Millions,2264.83,853.22,568.75,554.903,PARANaiBa,"MS
",-19.664797258045176,-51.19225174760413,sao jose dos campos, 5p,-23.221431461827063,-45.888163895493165,5.0
mc_ID_1696,"Married Male with No children, education: partial high school working as manual",€8K+,"Vegetables from Produce department, Ordered Brand : High Top",21.5132,20059.60 grams,non recyclable,,Price Winners,Supermarket,2.64 Millions,1.056 Millions,1622.08,341.05,227.95,543.397,lavras, mg ,-21.24898018734491,-44.99817928074323,RiBErAO pRETO,SP,-21.16850440882337,-47.79370519233655,1.0
mc_ID_1697,"MaRrIeD MaLe wItH FiVe cHiLdReN, eDuCaTiOn: PaRtIaL HiGh sChOoL WoRkInG As mAnUaL",10K+,"Fruit from Produce department, Ordered Brand : Hermanos",10.306,8.8524,non recyclable,"['Ready Food', 'Video Store', 'Florist', 'Coffee Bar', 'Bar For Salad']",Discount Frenzy,,--,1.4364 Millions,1424.85,465.54,311.26,amount: 504.9565,francisco mora7o,sP,-23.268429052857943,-46.74907224925925,Poa,SP,-23.522975748542905,-46.33702048557326,5.0/5.0
mc_ID_1698,"education: partial college working as professional, Married Male with two children",90K+,"Paper Products from Household department, Ordered Brand : Sunset",-14.8266,10.4513,non recyclable,"['Video Store', 'Ready Food', 'Coffee Bar', 'Bar For Salad', 'Florist']",Shelf Clearing Days,Deluxe,$4.29 Millions,1.5444 Millions,1871.16,593.93,395.95,516.7763,contagem,MG,-19.893454436332657,-44.03400171616229,COnTaGeM,mg,-19.88575709625392,-44.01809003760589,2.0
mc_ID_1699,"Single Male with five children, education: partial high school working as skilled manual",50K+,"Fruit from Produce department, Ordered Brand : Tell Tale",19.7689,16.8617,recyclable,"['Bar For Salad', 'Video Store', 'Ready Food', 'Coffee Bar', 'Florist']",Promo Big,Gourmet,7.36Ms,2.7968 Millions,1424.85,465.54,310.3,612.1192,sao paulo,SP,-23.655811431588635,-46.658434242858746,sao paulo,SP,-23.53569581346678,-46.64141313885349,5.0
mc_ID_1700,"Single Male with one child, education: bachelors degree working as professional",110K+,"Vegetables from Produce department, Ordered Brand : Tri-State",28.9265,27.3275,To Be Determined,"['Video Store', 'Bar For Salad', 'Coffee Bar', 'Florist', 'Ready Food']",,,€12.2M,6.0144 Millions,1735.44,503.07,335.38,755.1074,maximiliano de almeida,R$,-27.637027131665025,-51.805118192723775,sao bernardo do campo ,5P,-23.71688471949829,-46.54199108267673,3.0
mc_ID_1702,"Single Female with two children, education: bachelors degree working as professional",130000,"Bathroom Products from Health and Hygiene department, Ordered Brand : Hilltop",671.69 oz,amount: 14.6813,non recyclable,"['Bar For Salad', 'Florist', 'Coffee Bar', 'Video Store', 'Ready Food']",Price Cutters,Gourmet,$2.98 Millions,1.4006 Millions,1424.85,465.54,310.3,£493.27,barretos,SP,val: -20.55352180460502,-48.57715926810552,LARANJaL pAulISTa,SP,-23.03582473318652,-47.8363026594829,4.0
mc_ID_1703,"Married Female with one child, education: partial college working as professional",30K or more,"Hot Beverages from Beverages department, Ordered Brand : BBB Best",22.0946,19.0421,recyclable,,Full Free,_supermarket,€8.7M,4.626 Millions,1508,229.8,151.9,660.2352,SaO jOse dOS cAmpOS,SP,-23.23724961587513,-45.88082955926476,sao paulo,SP,-23.547994679987315,-46.5406987209302,1.0
mc_ID_1706,"Single Male with three children, education: partial high school working as skilled manual",30K+,"Meat from Meat department, Ordered Brand : Quick",22.676,21.2225,recyclable,['Florist'],You Save Days,,€12.4M,7.1344 Millions,1320.15,523.32,349.33,689.3663,salvador,Ba,-12.918456851184184,-38.35272390509517,sao paulo,$P,-23.61411790980433,-46.60034800222169,5.0
mc_ID_1708,"single male with one child, education: partial high school working as manual",10000,"Snack Foods from Snack Foods department, Ordered Brand : Nationeel",data: 12.5445,9.6373,non recyclable,,Sale : Double Down,	Supermarket,2.76 Millions,0.9936 Millions,2049.72,457.36,304.45,327.7641,florianopolis,SC,-27.60731306466045,-48.59058002775691,IbITINgA,Sp,-21.7664768468313,-48.83154737836604,4.0
mc_ID_1709,"single_female_with_one_child,_education:_bachelors_degree_working_as_management",70K+,"Pizza from Frozen Foods department, Ordered Brand : Big Time",10.1461,5.7853,recyclable,['Florist'],Super Savers,,2.5 Millions,1.15 Millions,1321.44,,348.85,val: 338.6948,sao paulo,"Sp
",-23.555476749379626,measure: -46.67548530850014,AsSIS,SP,-22.66791333527613,val: -50.41920174522468,1.0
mc_ID_1710,"Single Female with four children, education: bachelors degree working as professional",50K+,"Pain Relievers from Health and Hygiene department, Ordered Brand : Consolidated",14.5359,11.6287,recyclable,,,"supermarket
",11.94 Millions,4.6566 Millions,1508,227.8,152.62,565.9906,paca7uba,kE,-3.9052822574765287,measure: -38.59952721967252,lauro de freitas,ba_,-12.895112589380958,-38.33895999999978,4.0
mc_ID_1711,"Single Male with three children, education: bachelors degree working as management",50K+,"Meat from Deli department, Ordered Brand : American",17.8792,14.972,recyclable,"['Bar For Salad', 'Ready Food']",,Supermarket,11.88 Millions,5.346 Millions,2448.37,470.27,,402.7623,campinas,$P,-22.88403319652071,-46.959756187704045,	belo horizonte,MG,-19.878513898894187,-43.95694702879617,5.0
mc_ID_1712,"Married Male w/ three children, education: partial high school working as skilled manual",€8K+,"Baking Goods from Baking Goods department, Ordered Brand : CDR",val: 26.0193,53.84 lbs,non recyclable,,One Day Sale,Supermarke7,4.56 Millions,1.5504 Millions,2049.72,457.36,304.91,486.7561,ch@peco,SC,-27.078604345271568,val: -52.62989923324536,Rio De J@Neiro,Rj,-22.87459850346245,-43.477731000000006,4.0
mc_ID_1714,"Married Female with three children, education: bachelors degree working as professional",50K+,"Dairy from Dairy department, Ordered Brand : Club",20.9317,17.8792,recyclable,"['Ready Food', 'Coffee Bar', 'Bar For Salad', 'Florist', 'Video Store']",Save Price,Deluxe,"10.32 ,000,000illions",4.5408 Millions,2038.11,,321.06,284.3028,os4sco,5P,-23.54204599711017,-46.81338237476369,SEo pAULo,	SP,val: -23.504769581649203,-46.62470303231384,5.0
mc_ID_1718,"Single Female with two children, education: partial college working as management",30 Thousand,"Hygiene from Health and Hygiene department, Ordered Brand : Bird Call",20.3503,15.9895,non recyclable,"['Coffee Bar', 'Ready Food', 'Bar For Salad', 'Florist']",Sale : Double Down,delUxe,€3.8M,1.8648 Millions,2054.88,654.13,,500.7202,trindade,go,-16.653904239999974,-49.501984608999976,CURITIBA,PR,-25.43880303497028,-49.22994083568014,5.0
mc_ID_1721,"Married Female with two children, education: bachelors degree working as management",70K+,"Snack Foods from Snack Foods department, Ordered Brand : Fast",18.3153,val: 15.4081,non recyclable,"['Florist', 'Ready Food', 'Coffee Bar', 'Bar For Salad']",Shelf Emptiers,GOURMET_,"13.52 ,000,000illions",4.3264 Millions,1565.29,385.45,256.97,amount: nan,seo paulo,SP,val: -23.551013388568272,-46.44848890729416,praia grande,SP,-24.011288218359883,-46.41873374429398,1.0
mc_ID_1722,"Married Female with four children, education: high school degree working as manual",30K+,"Vegetables from Produce department, Ordered Brand : Hermanos",27182.20 grams,22.8214,recyclable,"['Bar For Salad', 'Ready Food']",Price Destroyers,Supermarket,$10.08 Millions,4.2336 Millions,2265.9,853.22,569.03,601.7115,s4o paulo,SP,-23.507559031363595,amount: -46.3708135582838,jussara,PR,-23.62208737103585,-52.46578937273949,3.0
mc_ID_1723,"Married Male with No children, education: high school degree working as manual",120+ monthly,"Electrical from Household department, Ordered Brand : High Quality",30.9615,27.909,non recyclable,"['Florist', 'Bar For Salad', 'Ready Food', 'Coffee Bar']",Three for One,Deluxe_,8.84 Millions,2.652 Millions,2055.29,654.13,436.09,data: 640.5181, criciuma ,SC,-28.67404615602646,amount: -49.409246451214905,ibitinga,sp,-21.7664768468313,-48.83154737836604,5.0
mc_ID_1725,"Married Female with two children, education: partial college working as management",70K+,"Dairy from Dairy department, Ordered Brand : Even Better",amount: 23.1121,val: 20.0596,recyclable,"['Florist', 'Ready Food', 'Coffee Bar', 'Bar For Salad']",Dollar Days,Deluxe,7.9 Millions,2.765 Millions,2054,654.13,436.09,725.9763,sAO PauL0,SP,-23.606664998615024,amount: -46.56153902207277,PoCOs dE cAldAS,mg,,val: nan,3.0
mc_ID_1726,"Single Female with five children, education: partial HS working as manual",10K+,"Canned Soup from Canned Foods department, Ordered Brand : Pleasant",29.7987,26.8915,recyclable,"['Ready Food', 'Video Store', 'Bar For Salad', 'Florist', 'Coffee Bar']",Price Cutters,DELUXE,5.38 Millions,2.421 Millions,,373.1,250.13,642.0871,lages,SC,-27.80074660444224,-50.29979761692014,Brasilia,DF,-15.769799999999991,-47.89016774999999,amount: 4.0
mc_ID_1727,Married Female with two children; education: partial high school working as manual; Married Female with two children,10K+,"Breakfast Foods from Frozen Foods department, Ordered Brand : Imagine",9.114,7.6459,non recyclable,"['Video Store', 'Coffee Bar', 'Florist', 'Bar For Salad', 'Ready Food']",Three for One,Deluxe,7.24 Millions,2.9684 Millions,1871.16,595.93,396.3,688.3726,sao paulo,SP,-23.5300706924808,-46.56414335887811,_Ibitinga,SP,-21.7664768468313,-48.83154737836604,5.0
mc_ID_1728,"Single Female with two children, education: high school degree working as manual",$30K+,"Jams and Jellies from Baking Goods department, Ordered Brand : Super",14.0562,data: 12.6027,non recyclable,['Florist'],,Supermark3t,8.6 Millions,3.87 Millions,1319.55,523.32,348.85,532.6232,recife,PE,-8.109659996393315,-34.89334721273588,,RJ,-22.82732701725956,-43.05044041062229,measure: 2.0
mc_ID_1729,"Married Female with No children, education: partial high school working as manual",30K+,"Dairy from Dairy department, Ordered Brand : Booker",27.0368,24.1296,recyclable,"['Bar For Salad', 'Coffee Bar', 'Florist', 'Ready Food', 'Video Store']",You Save Days,,3.96 Millions,1.386 Millions,1424.85,465.54,310.3,689.3663,brasilia,_DF,-15.838914594494849,-47.86970795599868,jumdiai,SP ,-23.221847481562573,-46.86292270289681,5.0
mc_ID_1730,"Married Female with No children, education: Bachelors degree working as professional",30K+,"Frozen Entrees from Frozen Foods department, Ordered Brand : Golden",13.7074,9.3466,non recyclable,"['Coffee Bar', 'Video Store', 'Florist', 'Ready Food', 'Bar For Salad']",Price Cutters,,5.49 Millions,2.6901 Millions,,,248.79,642.0871,cruzilia,MG,measure: -21.84611288737622,-44.81085950167153,sao paulo,SP,-23.539494799586286,-46.63284391414975,4.0
mc_ID_1731,"Single Female with two children, education: high school degree working as professional",110K+,,12.5009,-9.5937,non recyclable,"['Video Store', 'Ready Food', 'Coffee Bar', 'Bar For Salad', 'Florist']",Price Slashers,deLuxe,7.68Ms,2.9952 Millions,1734.5,505.07,333.72,282.9953,BELO hoRIZoNtE,Mg,-19.8530362758958,-43.95277064446877,ibitinga,Sp,-21.7664768468313,-48.83154737836604,measure: nan
mc_ID_1732,"Single Male with four children, education: bachelors degree working as management",50K+,"Specialty from Carousel department, Ordered Brand : Symphony",25.2925,22.24,recyclable,"['Ready Food', 'Bar For Salad']",Go For It,SUPErMArkeT,3.2 Millions,1.312 Millions,2265.19,855.22,568.75,553.0202,viRADOURo,SP,-20.87672840914925,-48.29557204915602,CONSELHEIRO LAF4IETE,MG,-20.656390614345373,-43.80405126006627,5.0
mc_ID_1733,"Single Female with four children, education: high school degree working as management",$70K+,"Fruit from Produce department, Ordered Brand : Tell Tale",24.8564,21.9493,recyclable,"['Bar For Salad', 'Ready Food']",Green Light Special,,15.28 Millions,7.0288 Millions,2263.19,853.22,568.1,643.3946,sao paulo,SP,-23.591487122396,-46.55562972147846,sao bernardo do campo,$P,-23.724134173502662,-46.57554561519289,5.0
mc_ID_1734,"Married Male with two children, education: partial college working as management",90K+,"Starchy Foods from Starchy Foods department, Ordered Brand : Monarch",19.3328,16.4256,recyclable,"['Florist', 'Ready Food', 'Video Store', 'Bar For Salad', 'Coffee Bar']",One Day Sale,Deluxe,€2.3M,1.2972 Millions,,481.98,,767.3456,Neves Pauli5Ta,SP,-20.852015406025306,-49.622542670259655, Curitiba ,PR,-25.526084940879464,-49.27440966694559,4.0
mc_ID_1736,"Married Female with No children, education: partial high school working as manual",10K+,"Eggs from Eggs department, Ordered Brand : Blue Medal",39.74 lbs,14.972,non recyclable,['Coffee Bar'],Discount Frenzy,SUpeRMARkEt,3.96Ms,1.4652 Millions,1234.71,440.92,293.95,760.4943,$orocaba,SP,-23.50590292645274,-47.46270406757463,curitiba, PR,-25.46921399278664,-49.29393514695028,4.0
mc_ID_1737,"Single Male with four children, education: partial college working as manual",30k,"Snack Foods from Snack Foods department, Ordered Brand : Nationeel",15.8442,11.4688,recyclable,['Coffee Bar'],Sale : Double Down,Small Grocery,€1.4M,0.496 Millions,1396.3,534.29,356.19,602.3914,morro de sao paulo,BA,-23.48133893005944,-46.592285238963605,VENDAS@CREDITPARTS.COM.BR_,PR,-23.377396999935016,-51.93100618003307,val: 4.0
mc_ID_1738,"Single Female with one child, education: partial high school working as skilled manual",10K+,"Decongestants from Health and Hygiene department, Ordered Brand : Steady",28.9265,-25.874,non recyclable,,GLD,Supermarket,$5.91 Millions,2.364 Millions,2049.72,457.36,304.91,697.7866,itacare,B4,-14.274911470763398,-38.99703199903161,l1meira,$P,-22.564590914796,-47.40315315223038,1.0
mc_ID_1739,"Married Female with one child, education: high school degree working as manual",30K+,"Jams and Jellies from Baking Goods department, Ordered Brand : CDR",68.58 lbs,29.5079,recyclable,"['Bar For Salad', 'Ready Food']",Super Savers,Supermarket,10.8 Millions,4.536 Millions,2448.37,470.27,311.6,754.7413,sao paulo ,SP,-23.54865425728548,-46.69468554149115,SAO LUIS,M@,val: -2.546079233971952,data: -44.3089863702464,2.0
mc_ID_1741,"Single Male with two children, education: bachelors degree working as professional",130K+ annually,"Vegetables from Produce department, Ordered Brand : Ebony",17.4431,15.9895,,['Coffee Bar'],Savings Galore,SUPERMARK3T ,5.7 Millions,2.052 Millions,1236.07,440.92,293.95,724.5119,pirassununga,$P,###,-47.43894310790179,laranjal paulista,SP,-23.03582473318652,-47.8363026594829,5.0
mc_ID_1742,"Married Female with one child, education: high school degree working as manual",30K or more,"Jams and Jellies from Baking Goods department, Ordered Brand : Plato",measure: 21.6585,17152.40 grams,recyclable,,Full Free,Supermark3t,5.52 Millions,1.656 Millions,,229.8,151.9,val: 660.2352,apucarana,PR,-23.552512530494816,-51.46349357996916,joinville,SC,-26.28314924562872,-48.85128463059032,5.0
mc_ID_1743,"Married Female with three children, education: graduate degree working as management",$110K+,"Pain Relievers from Health and Hygiene department, Ordered Brand : Consolidated",14.5359,measure: 11.6287,recyclable,['Coffee Bar'],Weekend Discount,Supermarket,$7.96 Millions,3.7412 Millions,,440.92,294.3,364.1649,BELO HORIZUNTE,_MG,-19.809042328611024,-43.99006964195861,sao bernardo do campo,SP ,-23.71933860892157,-46.5517479343586,1.0
mc_ID_1744,"sINGLE mALE WITH ONE CHILD, EDUCATION: PARTIAL COLLEGE WORKING AS MANUAL",30K+,"Canned Soup from Canned Foods department, Ordered Brand : Pleasant",amount: 29.7987,26.8915,non recyclable,,Go For It,Supermarket,€2.2M,0.936 Millions,2049.72,457.36,304.91,data: 525.8765,natal,RN,-5.748645823763596,-35.25552246779968,sao p@ulo,5P ,-23.59272363197529,-46.6315844403312,measure: 5.0
mc_ID_1745,"Married Male with one child, education: bachelors degree working as professional",110K+,"Starchy Foods from Starchy Foods department, Ordered Brand : Monarch",data: 11.9195,7.5441,recyclable,,,Supermarket,8.7 Millions,2.697 Millions,2049.72,457.36,304.91,527.7593,BARUERI,Sp,-23.52735457368866,-46.88567388149708,brusque,Sç,-27.14105704919435,-48.96146112936535,5.0
mc_ID_1747,"Single Male with three children, education: partial high school working as manual",120+ monthly,"Eggs from Eggs department, Ordered Brand : National",24.7111,-0.1,non recyclable,"['Florist', 'Bar For Salad', 'Ready Food', 'Coffee Bar', 'Video Store']",Two Day Sale,,3.51 Millions,1.6497 Millions,1424.85,465.54,310.3,783.1925,belo horizonte, Mg ,-19.815080122684456,-43.97707954524207,campo limpo paulista,$P,amount: -23.20706431353269,-46.760735214610754,amount: 5.0
mc_ID_1748,"Married Male with one child, education: partial high school working as manual",10K+,"Cleaning Supplies from Household department, Ordered Brand : Cormorant",29.2172,26.31,recyclable,,Promo Big,Supermarket,1.24 Millions,0.3844 Millions,2049.72,457.36,304.71,515.2596,belo horizonte,MG,val: -19.93647134886613,-43.92639691534425,sao paulo,SP,-23.502803731057767,-46.43356278420567,5.0
mc_ID_1752,"Married Female with five children, education: bachelors degree working as professional",Income: 50K+,"Vegetables from Produce department, Ordered Brand : High Top",measure: 19.4781,16.4256,recyclable,"['Bar For Salad', 'Florist', 'Ready Food', 'Coffee Bar']",Two for One, Deluxe,6.84Ms,2.9412 Millions,,654.13,436.09,312.9109,	pe1otas, rs ,-31.735528166253083,-52.31964031112587, SAO JOSE DO RIO PRETO ,SP,-20.80243626346376,-49.39562406741489,4.0
mc_ID_1754,"Single Female with five children, education: high school degree working as manual",30K+,"Snack Foods from Snack Foods department, Ordered Brand : Horatio",-999.0,9.7536,recyclable,"['Coffee Bar', 'Bar For Salad', 'Ready Food', 'Florist', 'Video Store']",GLD,Deluxe,4.62 Millions,1.8018 Millions,1871.16,593.93,,484.1411, paulinia ,"SP
",-22.76161176963473,-47.15147246350049,campinas,SP,-22.90081444463038,-46.99864279239999,3.0
mc_ID_1758,"Single Female with two children, education: Bachelors degree working as management",50K+ annually,"Snack Foods from Snack Foods department, Ordered Brand : Horatio",-15.9895,-1.0,recyclable,['Coffee Bar'],,,8.28Ms,4.0572 Millions,1236.07,,292.09,477.3944,pinhais,PR,-25.44690031975288,-49.16096874271452,Sao Paulo,SP,-23.65111484251016,val: -46.75521082321932,1.0
mc_ID_1760,"Married Female with two children, education: partial high school working as manual, Married Female with two children",10 Thousand,"Canned Soup from Canned Foods department, Ordered Brand : Better",13.0823,11.6287,recyclable,"['Bar For Salad', 'Coffee Bar', 'Ready Food', 'Video Store', 'Florist']",Shelf Clearing Days,Deluxe,3.12 Millions,0.936 Millions,1871.16,593.93,395.95,516.7763,porto alegre,RS,-30.09377354143865,-51.17694363995685,SaNTo andrE,5P,-23.61571809769749,-46.53118432278263,4.0
mc_ID_1762,"Married Female with three children, education: partial college working as professional",30K+,"Canned Tuna from Canned Foods department, Ordered Brand : Pleasant",-12.9515,8.5762,recyclable,,GLD,Supermarket,6.85Ms,3.0825 Millions,2052.71,,304.91,697.7866,Sao Paulo,SP,-23.64750993282939,-46.64190548626578,ribeirao pires,$P,-23.70206320161832,-46.40534820551376,3.0
mc_ID_1763,"Married Male with two children, education: bachelors degree working as professional",50K or more,"Snack Foods from Snack Foods department, Ordered Brand : Fort West",31.6883,28.6358,recyclable,"['Bar For Salad', 'Florist', 'Coffee Bar', 'Video Store', 'Ready Food']",Sale : Double Down,Deluxe,7.23 Millions,2.3136 Millions,1527.38,373.1,248.79,278.2883,sao paulo,SP,-23.55644627808883,-46.437270485977294,curitiba,PR,-25.453155877315545,-49.2850395992267,amount: 1.0
mc_ID_1765,"Married Female with two kids, education: partial high school working as manual",10K+ annually,"Dairy from Dairy department, Ordered Brand : Club",20.9317,17.8792,recyclable,"['Coffee Bar', 'Florist', 'Bar For Salad', 'Video Store', 'Ready Food']",Price Destroyers,DEIUXE,10.32 Millions,3.3024 Millions,2039.27,481.98,322.15,777.2826,palmeira$ de goias,GO,-16.810316248848476,-49.92549491285801,	farroupilh@,RS,-29.89134817854229,-50.27310902841568,measure: 5.0
mc_ID_1767,"Married Female with one kid, education: partial high school working as manual",10K+,"Meat from Deli department, Ordered Brand : Lake",13.8673,12.3991,recyclable,,Full Free,Supermarket_,6.78 Millions,3.1866 Millions,1508,227.8,151.9,660.2352,sao bernardo do campo,SP,measure: -23.74605952510253,measure: -46.55042958090485,guarulhos,5P,amount: -23.44007914793122,-46.51144923980033,4.0
mc_ID_1769,"Single Female with five children, education: partial high school working as skilled manual",10K+,"Vegetables from Produce department, Ordered Brand : Tell Tale",-29.5079,984.46 oz,non recyclable,"['Bar For Salad', 'Ready Food']",Price Destroyers,Supermarket,7.08 Millions,3.2568 Millions,2265.9,853.22,568.75,304.7521,?,$P,-22.402133192076768,-47.56233402025511,sao paulo,SP,-23.693985995008337,measure: -46.70188324132953,5.0
mc_ID_1770,"married female with one child, education: bachelors degree working as professional",70K+,"Canned Soup from Canned Foods department, Ordered Brand : Blue Label",-28.6358,27.1822,non recyclable,,,SUPERMARKET,6.99 Millions,2.4465 Millions,2049.72,457.36,304.91,697.7866,santo andre,SP,-23.63501354177962,amount: -46.50399501887012,jau,SP,-22.27568678711987,-48.542599749927895,4.0
mc_ID_1771,"Single Female with three children, education: partial high school working as skilled manual",10K+,"Snack Foods from Snack Foods department, Ordered Brand : Fast",15.26 kg,13.8091,recyclable,"['Ready Food', 'Bar For Salad', 'Florist', 'Coffee Bar', 'Video Store']",Price Winners,Delux3,$5.04 Millions,2.2176 Millions,2038.11,481.98,320.89,453.9117,NoVo hAmbUrgO,	RS,-29.6606624853088,-51.113336509445865,francisco beltrao,PR,measure: -26.003670174999968,-53.23275043899997,5.0
mc_ID_1772,"Married Female with four children, education: high school degree working as manual",30K+,"Electrical from Household department, Ordered Brand : Denny",29.0719,26.1647,recyclable,"['Bar For Salad', 'Ready Food']",Price Destroyers,Supermarket,"5.76 ,000,000illions",2.1312 Millions,2265.9,855.22,568.75,601.7115,Sao Jose,Sç,-27.568918660944803,amount: -48.6332460149761,gu@ribA,SP,-21.36235769739203,-48.232975701561735,5.0
mc_ID_1773,"Single Female with one child, education: graduate degree working as management",110K+,"Vegetables from Produce department, Ordered Brand : High Top",amount: 21.3678,16.8617,recyclable,['Coffee Bar'],,Smal1 Grocery,2.58 Millions,0.774 Millions,1423.37,398.93,265.86,532.1525,paulinia,SP,amount: -22.76161176963473,data: -47.15147246350049,sao paulo,SP,-23.45543839716661,-46.74349258148175,amount: 1.0
mc_ID_1774,"Single Male with No children, education: bachelors degree working as professional",50K+,"Vegetables from Canned Foods department, Ordered Brand : Blue Label",30.9615,27.909,non recyclable,['Coffee Bar'],Big Time Saving,,5.56 Millions,1.7236 Millions,1238.76,440.92,292.51,710.234,poRTo aMAZUnAs, PR,-25.545258070749952,-49.881757819398686,soroçaba,$P,-23.520480249006216,-47.44649732938174,5.0
mc_ID_1775,"single_male_with_five_children,_education:_high_school_degree_working_as_skilled_manual,_education:_high_school_degree_working_as_skilled_manual",30000,"Vegetables from Canned Foods department, Ordered Brand : Just Right",22.0946,19.0421,non recyclable,,Big Time Discounts,MID-S1ZE,$15.32 Millions,7.3536 Millions,2819.7,447.7,298.47,328.1302,Ipumirim,5c,-27.07363800594624,-52.135406462424655,Mirassol,SP,-20.80606834590576,-49.50314249273567,5.0
mc_ID_1776,"sINGLE fEMALE WITH ONE CHILD, EDUCATION: PARTIAL COLLEGE WORKING AS MANAGEMENT",30K+,"Frozen Desserts from Frozen Foods department, Ordered Brand : Carrington",-16.7163,-13.8091,recyclable,['Coffee Bar'],Coupon Spectacular,SMALl gRoCERY,3.62 Millions,1.3394 Millions,2069.04,330.83,220.6,measure: 473.7334,engenheiro ñavarro,MG,-17.285083265375615,-43.94901617796793,londrina,pR,-23.280367482796247,-51.188884291727966,5.0
mc_ID_1777,"Married Male with one child, education: partial high school working as professional",$110K+,"Vegetables from Canned Foods department, Ordered Brand : Pleasant",data: 8.896,4.5207,recyclable,"['Florist', 'Ready Food', 'Coffee Bar', 'Bar For Salad']",Shelf Emptiers,Gourmet,$10.5 Millions,3.885 Millions,1562.54,385.45,256.97,773.0986,sao jose,SC,-27.568918660944803,-48.6332460149761,Petropolis,RJ,-22.549033360244323,-43.210094724044055,5.0
mc_ID_1779,"married male with three children, education: bachelors degree working as professional",110K+,"Baking Goods from Baking Goods department, Ordered Brand : CDR",29.6533,26.6008,recyclable,,,Supermark3t,9.92 Millions,3.8688 Millions,,457.36,304.91,327.7641, brasilia , DF,-15.825248999999996,val: -48.08060549999998,sao paulo,sp,data: -23.539824031911863,-46.434679443937874,5.0
mc_ID_1781,"Single Female with one child, education: partial high school working as manual",10K+,"Fruit from Produce department, Ordered Brand : Tri-State",19.0421,16.1349,non recyclable,['Coffee Bar'],Price Winners,Small Grocery,5.38 Millions,1.9906 Millions,1394.66,536.29,357.99,566.2521,mogi mirim,SP,-22.438121280598992,-46.973524736049406,ibi7inga,Sp,-21.7664768468313,-48.83154737836604,1.0 stars
mc_ID_1783,"Married Male with five children, education: HS degree working as skilled manual",$30K+,"Meat from Deli department, Ordered Brand : Cutting Edge",11.1491,6.7883,non recyclable,,,Supermarket,$4.85 Millions,2.2795 Millions,2052.23,457.36,,339.8977,uberlandi@,MG,-18.94753979156328,-48.29208537829649,ibi7inga,SP,val: -21.7664768468313,-48.83154737836604,5.0
mc_ID_1784,"Married Male with four children, education: batchelors degree working as professional",70K+,"Vegetables from Produce department, Ordered Brand : High Top",measure: 12.3701,9.4629,recyclable,['Florist'],Super Savers,Supermarket,13.8 Millions,4.278 Millions,1320.25,523.32,348.85,338.6948,sao paulo,SP,-23.52347554731954,-46.70671259547578,jOiNvIllE,SC,-26.28314924562872,-48.85128463059032,5.0
mc_ID_1785,"Single Male with one child, education: partial high school working as skilled manual",120+ monthly,"Snack Foods from Snack Foods department, Ordered Brand : Best Choice",31.3976,val: 28.4904,recyclable,"['Bar For Salad', 'Coffee Bar', 'Ready Food', 'Video Store', 'Florist']",One Day Sale, Deluxe,$8.04 Millions,2.814 Millions,2037.34,481.98,321.26,767.3456,Mogi-Guacu,SP,-22.352924435516808,-46.93578305768344,sao paulo,$P,-23.499318080212344,-46.578124372468125,5.0
mc_ID_1787,"Single Female with No kidren, education: partial HS working as skilled manual",10K+,"Cleaning Supplies from Household department, Ordered Brand : Denny",13.6492,10.7421,non recyclable,"['Ready Food', 'Bar For Salad']",,Supermarket,7.38 Millions,3.5424 Millions,2265.9,853.22,568.75,761.0696,belo horizonte,MG,-19.92439678489817,data: -43.91167581141436,ribairao preto,Sp,-21.174925033585303,-47.7686162776848,1.0
mc_ID_1788,"Married Female with No children, education: high school degree working as manual",$30K+,"Snack Foods from Snack Foods department, Ordered Brand : Nationeel",23.6936,19.1874,non recyclable,,Go For It,Supermarket,$5.13 Millions,1.539 Millions,2051.55,457.36,,509.6635,limeira,SP,-22.56835042131686,-47.44743947974489,Ibitinga,SP,amount: -21.7664768468313,-48.83154737836604,3.0
mc_ID_1789,"Married Male with two kids, education: HS degree working as management",130K or more,"Electrical from Household department, Ordered Brand : Denny",17.8792,14.972,recyclable,"['Bar For Salad', 'Video Store', 'Coffee Bar', 'Florist', 'Ready Food']",Lottery Cash Registerion, DELuxe,8.1 Millions,3.645 Millions,1734.5,503.07,335.38,313.0678,MAgE,RJ,-22.610756596789887,-43.15974082935956,SAO pAUlU,SP,-23.472335179294816,-46.64636526449883,5.0
mc_ID_1793,"Married Female with four children, education: high school degree working as skilled manual",30K+,"Frozen Desserts from Frozen Foods department, Ordered Brand : Golden",26.4554,25.0018,non recyclable,"['Florist', 'Video Store', 'Coffee Bar', 'Ready Food', 'Bar For Salad']",GLD,deluxe_,12.25 Millions,5.39 Millions,1871.16,593.93,395.95,484.1411,leme,SP,amount: -22.16869311380004,-47.37632757980868,IBITlnGA,SP,-21.7664768468313,-48.83154737836604,5.0
mc_ID_1794,"Married Male with five children, education: partial high school working as management, Married Male with five children",70K+,"Electrical from Household department, Ordered Brand : High Quality",14.6813,10.3205,recyclable,,Big Time Discounts,Supermarket,$4.11 Millions,1.6029 Millions,2047.96,457.36,,310.662,_sao pauIo,SP ,-23.61480283970115,-46.72500444268959,louveira,SP,-23.08412527710581,-46.98121307089687,data: 1.0
mc_ID_1795,"Married Female with two children, education: partial high school working as manual.",10K+,"Drinks from Beverages department, Ordered Brand : Excellent",data: 18.606,15.6988,non recyclable,"['Florist', 'Coffee Bar', 'Ready Food', 'Video Store', 'Bar For Salad']",Price Winners,Deluxe,5.96 Millions,2.086 Millions,2038.11,481.98,321.26,453.9117,ERVALIA,MG,-20.83244779650972,-42.65531569983598,sao paulo,Sp,-23.48934571357261,-46.47738070858095,5.0
mc_ID_1796,"Single Female with two children, education: partial high school working as manual",$10K+,"Vegetables from Frozen Foods department, Ordered Brand : Golden",-1.0,27.0368,non recyclable,"['Coffee Bar', 'Ready Food', 'Florist', 'Bar For Salad']",Saving Days,Gourmet,2.88 Millions,0.9792 Millions,1562.93,387.45,256.35,474.0995,chaPEco,Sç,val: -27.106398057114777,data: -52.611720735721306,SAO PAULO,SP,-23.50875908021236,-46.602973042876144,80%
mc_ID_1799,Single Female with No children - education: bachelors degree working as professional,50K+,"Bathroom Products from Health and Hygiene department, Ordered Brand : Hilltop",27.0368,24.1296,recyclable,['Coffee Bar'],Savings Galore,supermarket,10.65 Millions,4.26 Millions,1236.07,440.92,292.55,724.5119,ananindeua,pa,-1.347044600823443,-48.41802798313056,sumare,Sp,-22.828654864562257,-47.267296160568925,2.0
mc_ID_1801,"Married Male with five children, education: high school degree working as skilled manual",30K+,"Fruit from Produce department, Ordered Brand : Tell Tale",24.8564,21.9493,recyclable,"['Bar For Salad', 'Ready Food']",Money Savers,SupErMarKEt,"15.28 ,000,000illions",7.0288 Millions,2267.02,853.22,568.75,data: 432.0503,	CAMPINAS,SP,-22.820080499999992,-47.03556149999999,caxias do sul,RS,-29.16624369279465,measure: -51.209531752064,measure: 1.0
mc_ID_1802,"education: high school degree working as manual, Married Female with three children",Income: 30K+,"Baking Goods from Baking Goods department, Ordered Brand : Plato",11.5561,10.0879,non recyclable,"['Ready Food', 'Video Store', 'Coffee Bar', 'Bar For Salad', 'Florist']",Bag Stuffer,Deluxe,3.39 Millions,1.356 Millions,1734.5,503.07,335.38,432.1026,jolnville,SK,-26.29479481522135,amount: -48.88069388426183,Lage$,SC,-27.81568867055225,-50.33589889924407,5.0
mc_ID_1803,"Married Male with two children, education: high school degree working as skilled manual",30K+,"Electrical from Household department, Ordered Brand : Sunset",26.0193,47.43 lbs,recyclable,"['Ready Food', 'Video Store', 'Florist', 'Bar For Salad', 'Coffee Bar']",Money Savers,Deluxe,€7.5M,2.832 Millions,1873.11,593.93,395.95,343.611,rio de janeiro, RJ ,-23.01133469499096,-43.45025641534424,guaruja,SP,-23.99777832361936,measure: -46.2767638411045,5.0
mc_ID_1809,"Married Female with No children, education: partial High School working as skilled manual",$10K+,"Breakfast Foods from Breakfast Foods department, Ordered Brand : Radius",19.0421,-14.6813,recyclable,"['Coffee Bar', 'Video Store', 'Bar For Salad', 'Florist', 'Ready Food']",Price Cutters,,5.06 Millions,1.8722 Millions,1424.85,465.54,310.3,675.716,rio de janeiro,RJ,-22.89965246006001,amount: -43.30488145315579,santo andre,SP,-23.624784000000005,-46.53954225000001,4.0
mc_ID_1810,Married Female with three children - education: partial college working as clerical,30K+,"Kitchen Products from Household department, Ordered Brand : Red Wing",11.6724,7.297,recyclable,"['Bar For Salad', 'Ready Food']",Super Savers,Supermarket,5.16 Millions,1.9608 Millions,2448.37,470.27,,719.3865,sao jose do rio pardo,SP,-21.592175195884263,-46.89389599036144,curitiba,pr,-25.370141615326872,measure: -49.26980748237064,measure: 3.0
mc_ID_1811,"Single Female with four children, education: partial High School working as skilled manual",Income: 10K+,"Candy from Snacks department, Ordered Brand : Choice",27.0368,24.1296,recyclable,"['Ready Food', 'Bar For Salad', 'Coffee Bar', 'Florist']",Price Destroyers,gourmet,$5.16 Millions,1.9092 Millions,,385.45,256.97,343.5064,santa barbara d'oeste,"SP
",val: -22.760477687572443,measure: -47.41281121951772,rio de janeiro,RJ,-22.86943483957529,-43.55443024078128,4.0
mc_ID_1812,"Single Male with three children, education: high school degree working as skilled manual",360+ monthly,"Bread from Baked Goods department, Ordered Brand : Sphinx",11.8613,8.9396,recyclable,"['Bar For Salad', 'Florist', 'Coffee Bar', 'Ready Food', 'Video Store']",One Day Sale,Deluxe,€1.4M,0.7155 Millions,1872.32,593.93,395.95,360.3993,manaus,	AM,-3.115522712225215,-60.04979294484895,SaNTa barBaRA d´O3sTe,SP,measure: -22.760477687572443,-47.41281121951772,3.0
mc_ID_1815,"Single Male with one child, education: partial high school working as manual",10K+,"Eggs from Eggs department, Ordered Brand : Jumbo",31.8337,27.3275,non recyclable,"['Florist', 'Coffee Bar', 'Video Store', 'Ready Food', 'Bar For Salad']",,Gourmet,7.68 Millions,2.7648 Millions,1423.4,465.54,309.59,449.1524,ser7aozinho,sp,-21.13981032620728,data: -47.97621669537799,	RIo de JAnEiRo,RJ,-22.93125598447676,-43.17881321481337,3.0
mc_ID_1816,"Single Female with five children, education: bachelors degree working as professional",50K+,"Frozen Desserts from Frozen Foods department, Ordered Brand : Golden",14.2597,12.8062,recyclable,"['Coffee Bar', 'Bar For Salad', 'Florist', 'Video Store', 'Ready Food']",Big Time Discounts,Deluxe,2.85 Millions,1.425 Millions,,503.07,335.38,583.1973,rio de janeiro,RJ,-22.92531913366395,-43.25369631041029,porto alegre,_RS,-30.03215040714993,-51.2325516998384,data: 5.0
mc_ID_1817,"married male with no children, education: partial college working as professional",110K+,"Beer and Wine from Alcoholic Beverages department, Ordered Brand : Walrus",-28.9265,25.874,non recyclable,['Florist'],Save Price,Supermarket,"7.23 ,000,000illions",2.7474 Millions,1320.15,523.32,349.9,670.486, encantado ,RS,-29.23962888906153,-51.86836580934313,sao jose do rio preto,$P,-20.80243626346376,-49.39562406741489,4.0
mc_ID_1819,"Married Male with two children, education: partial college working as management",90K+,"Cold Remedies from Health and Hygiene department, Ordered Brand : Bird Call",18.606,15.6988,recyclable,,Savings Galore,Mid-Size,5.22Ms,1.8792 Millions,2822.09,447.7,298.5,708.8742,SANTOS,$P,-23.96112504302036,-46.32316061267247,sao paulo,SP,-23.537511255832708,-46.63705730743676,5.0
mc_ID_1820,"Single Female with four childern, education: high school degree working as manual",30K+,"Fruit from Produce department, Ordered Brand : Tell Tale",31.57 lbs,402.50 oz,non recyclable,,Wallet Savers,SuPErMaRkET,10.96 Millions,5.1512 Millions,2049.72,457.36,304.91,418.1385,_RIBEIRAO PRETO,SP,-21.18626056036128,-47.84034554440533,colorado,PR,-22.83817968053156,-51.9775215993844,5.0
mc_ID_1822,"Single Female with four children, education: high school degree working as management",110K+,"Starchy Foods from Starchy Foods department, Ordered Brand : Colossal",20.7864,val: 16.4256,recyclable,"['Video Store', 'Ready Food', 'Bar For Salad', 'Florist', 'Coffee Bar']",Price Smashers,Deluxe,11.82 Millions,5.0826 Millions,1525.28,373.1,248.79,499.2035,paulinia,SP,-22.72941717024144,val: -47.17669176943664,bariri,"5p
",measure: -22.08770092098372,-48.7476570587839,5.0
mc_ID_1824,"Married Male with five children, education: high school degree working as skilled manual",30K+,"Kitchen Products from Household department, Ordered Brand : Cormorant",30.9615,27.909,recyclable,"['Bar For Salad', 'Ready Food']",,Supermarket,10.88 Millions,3.6992 Millions,2448.37,470.27,,550.1437,Niteroi,RJ,-22.90581654870452,-43.106988856771984,sao jose do rio preto,SP,-20.80243626346376,-49.39562406741489,data: 1.0
mc_ID_1825,"Single Female with one child, education: bachelors degree working as professional",70000,"Vegetables from Frozen Foods department, Ordered Brand : Golden",8.9541,6.0324,recyclable,,Sale Sale Sale,Mid-Siza,$11.16 Millions,3.906 Millions,2085.67,783.64,522.49,739.4697,riachao do jacuipe,BA,-11.810624672685105,-39.37858831066986,SAL7O,sp,-23.17588057617297,-47.31592004954123,5.0
mc_ID_1826,"Married Female with five kids, education: HS degree working as professional.",$130K+,"Baking Goods from Baking Goods department, Ordered Brand : Plato",22.8214,data: 21.2225,recyclable,,Super Duper Savers,SuPErMaRkeT,9.04 Millions,2.9832 Millions,2049.72,,304.91,527.7593,periquito,MG,-19.15805233645516,-42.24094710428658,Lauro De Freitas,ba,-12.895112589380958,-38.33895999999978,5.0
mc_ID_1827,"Married Male with four children, education: bachelors degree working as management",50000,"Fruit from Produce department, Ordered Brand : High Top",val: 14.2161,11.2944,non recyclable,"['Ready Food', 'Florist', 'Bar For Salad', 'Video Store', 'Coffee Bar']",,DELUXE_,6.64 Millions,2.324 Millions,2038.11,481.98,321.86,measure: 478.9634,ceraguatatuba,SP,-23.571289865837624,-45.27343112813004,blumenau,Sk,-26.91141069525076,-49.11143612738765,5.0
mc_ID_1828,"Married Female with four children, education: partial college working as professional",30K+,"Frozen Entrees from Frozen Foods department, Ordered Brand : PigTail",26.7461,835.77 oz,recyclable,"['Ready Food', 'Bar For Salad', 'Florist', 'Coffee Bar']",Full Free,Deluxe,"3.33 ,000,000illions",1.0323 Millions,2055.29,654.13,435.69,288.5914,sao paulo,sp,val: -23.49202606368976,-46.4757014239747,cOLOMB0,PR,-25.371298736141743,-49.18823376385825,5.0
mc_ID_1829,"Married Male with two children, education: partial high school working as skilled manual",€8K+,"Fruit from Produce department, Ordered Brand : Hermanos",12.6317,val: 11.1636,non recyclable,--,Dollar Days,Deluxe,"1.48 ,000,000illions",0.4588 Millions,2055.29,654.13,436.09,725.9763,maua,$P,-23.66203473621403,-46.43295618463559,ibitinga,SP,-21.7664768468313,-48.83154737836604,2.0
mc_ID_1831,"Single Female with two kids, education: high school degree working as manual",30K+,"Electrical from Household department, Ordered Brand : Cormorant",17.4431,-13.0823,recyclable,,Two Day Sale,Supermarket,5.14 Millions,2.4158 Millions,1623.48,341.05,227.33,measure: 383.2021,SAO CARLOS,sp,-22.016967296150906,-47.85171546211552,ibitinga,"SP
",-21.7664768468313,val: -48.83154737836604,5.0
mc_ID_1832,"SINGLE MALE WITH NO CHILDREN, EDUCATION: BACHELORS DEGREE WORKING AS PROFESSIONAL",50K+,"Pure Juice Beverages from Beverages department, Ordered Brand : Washington",10.3787,data: 7.4569,non recyclable,['Florist'],Save It (Sale),,7.26 Millions,3.267 Millions,,523.32,348.85,427.7617,brasilia ,"DF
",measure: -16.005321390558183,-47.989673786216485,belo horizonte,MG,-19.88556770413756,-44.00816196779967,5.0
mc_ID_1834,"Married Female with two children, education: bachelors degree working as management",50K+,"Paper Products from Household department, Ordered Brand : Cormorant",8.8815,5.9743,recyclable,['Florist'],Super Savers,Supermarket,9.8 Millions,4.704 Millions,1320.15,523.32,348.85,338.6948,sao paulo,SP,-23.544317693577312,-46.66982279920932,sao paulo,SP,-23.50739523980033,-46.74054093839796,val: 1.0
mc_ID_1835,Single Male with one child; education: bachelors degree working as professional,50K+,"Hot Beverages from Beverages department, Ordered Brand : BBB Best",24.8564,-21.9493,non recyclable,"['Ready Food', 'Coffee Bar', 'Bar For Salad', 'Video Store', 'Florist']",Two Day Sale,Delux3,8.61 Millions,2.7552 Millions,1871.16,593.93,395.95,€341.77,sao paulo ,5P,-23.594963898695823,-46.60881370760002, ponte nova,MG,-20.415339248383304,-42.89153741877715,5.0
mc_ID_1837,Married Male with four children; education: partial high school working as management,130K+,"Vegetables from Produce department, Ordered Brand : High Top",-17.8792,16.4256,non recyclable,"['Video Store', 'Ready Food', 'Bar For Salad', 'Florist', 'Coffee Bar']",Price Slashers,Deluxa,$2.76 Millions,1.1592 Millions,1734.5,503.07,336.36,282.9953,SAO BERNARDO DO CAMPO,SP,-23.74605952510253,-46.55042958090485,piracicab4,SP,-22.75010052735289,-47.6459038030758,val: 4.0
mc_ID_1838,"Married Female wiht three children, education: graduate degree working as management",130K+,"Meat from Deli department, Ordered Brand : American",10.6403,7.7331,recyclable,,Go For It,5upermarket,2.36 Millions,1.1328 Millions,2049.72,457.36,306.43,509.6635,barra velha,SC,data: -26.70909855991671,data: -48.69369179611,porto alegre,RS,-30.02996719492721,-51.2285747494748,4.0
mc_ID_1840,"mARRIED mALE WITH TWO CHILDREN, EDUCATION: HIGH SCHOOL DEGREE WORKING AS SKILLED MANUAL",30K+,"Fruit from Produce department, Ordered Brand : Tell Tale",14.3179,11.4107,non recyclable,"['Video Store', 'Florist', 'Bar For Salad', 'Ready Food', 'Coffee Bar']",Best Savings,Deluxe,10.96Ms,5.48 Millions,1871.16,593.93,395.95,278.7067,conselheiro lafaiete,MG,-20.653541574550808,-43.79083732604181,sao paulo,SP,-23.693985995008337,-46.70188324132953,3.0
mc_ID_1841,"Married Male with four kids, education: partial high school working as skilled manual",10k,"Jams and Jellies from Baking Goods department, Ordered Brand : Plato",18.3153,16.8617,recyclable,"['Ready Food', 'Bar For Salad', 'Florist', 'Coffee Bar']",, Gourmet,16.65 Millions,6.8265 Millions,1567.26,385.45,256.97,474.0995,sao paulo,$P,-23.624792005533827,-46.685088074590766,ribeirao preto,SP,measure: -21.185944576067463,measure: -47.81498292186677,5.0
mc_ID_1843,"Single Female with five children, education: high school degree working as skilled manual",30K+,"Electrical from Household department, Ordered Brand : Cormorant",24.5657,22.9668,recyclable,"['Ready Food', 'Video Store', 'Bar For Salad', 'Coffee Bar', 'Florist']",Super Savers,Deiuxe,5.8 Millions,2.378 Millions,1523.87,373.1,249.89,755.9442,sao bernardo do campo,SP,val: -23.693028139881143,-46.54695362280001,congonhal,MG,-22.15937587770692,-46.04402732344177,5.0
mc_ID_1844,"Single Female with two children, education: partial high school working as manual",€8K+,"Carbonated Beverages from Beverages department, Ordered Brand : Washington",-1.0,13.9545,recyclable,"['Bar For Salad', 'Ready Food']",Save Price,Supermarket,€9.3M,4.914 Millions,2448.37,470.27,,406.4756,uberaba,MG,-19.75408848542905,-47.9448606217035,navegantes,SC,-26.85907968190116,-48.63953562951828,5.0
mc_ID_1846,"Married Female with three children, education: high school degree working as manual",10K+,"Electrical from Household department, Ordered Brand : High Quality",30.2347,-27.1822,non recyclable,"['Florist', 'Bar For Salad', 'Ready Food', 'Video Store', 'Coffee Bar']",Price Winners,dELuXA,4.62 Millions,1.4322 Millions,1872.53,,395.95,436.9665,PORTO VELHO,RO,-8.75306699999999,-63.90846,porto alegre,R$,-30.03215040714993,-51.2325516998384,amount: 3.0
mc_ID_1848,"Single Male with two children, education: partial high school working as professional",Income: 110K+,"Vegetables from Produce department, Ordered Brand : Tri-State",25.5832,22.676,recyclable,['Florist'],Roller Savings (High) ,Supermarket,5.22 Millions,2.4534 Millions,1321.62,523.32,348.85,532.6232,urupes,SP,-21.203822247743748,data: -49.30084663146117,GuARULhOs, SP ,-23.457428518177625,-46.56396476894224,5.0
mc_ID_1849,"education: partial high school working as skilled manual, Single Female with four children",10k,"Beer and Wine from Alcoholic Beverages department, Ordered Brand : Top Measure",10.7275,6.3667,non recyclable,,Full Free,SUPERMARKET,6.93 Millions,2.7027 Millions,,229.8,151.9,272.2738,guaiba,RS,-30.11082611949453,-51.36376683789562,caxias do sul,RS,val: -29.16624369279465,-51.209531752064,4.0
mc_ID_1850,"Single Male with five children, education: high school degree working as skilled manual",Income: 30K+,"Frozen Desserts from Frozen Foods department, Ordered Brand : Imagine",10.6548,272.78 oz,non recyclable,"['Coffee Bar', 'Florist', 'Ready Food', 'Video Store', 'Bar For Salad']",Price Smashers,Deluxe,4.47 Millions,1.8327 Millions,1525.28,373.1,248.79,499.2035,lagoa grande,MG,-17.84753227253142,-46.51770895095981,Belo Horizonte,Mg,amount: -19.878513898894187,-43.95694702879617,5.0
mc_ID_1853,"Single Male with four children, education: partial High School working as professional",110K+,"Paper Products from Household department, Ordered Brand : Sunset",19.7689,16.8617,recyclable,"['Bar For Salad', 'Coffee Bar', 'Florist', 'Ready Food', 'Video Store']",,DELUXE,$5.26 Millions,2.367 Millions,1525.28,373.1,248.79,amount: 560.656,uBA,MG,-21.117664020290967,-42.95382616770659,sao paulo,Sp,-23.59798552039933,-46.55547278711988,3.0
mc_ID_1856,"Married Male with one child, education: graduate degree working as professional, education: graduate degree working as professional.",€59K+,"Canned Soup from Canned Foods department, Ordered Brand : Pleasant",18.1699,13.8091,recyclable,['Florist'],Roller Savings (High) ,,9.93 Millions,4.6671 Millions,1320.15,525.32,347.58,532.6232,guarapuava,PR,-25.41546668552724,-51.48818867998731,_porto alegre,"RS
",-30.00731246906908,-51.19422244408211,5.0
mc_ID_1857,"MaRrIeD FeMaLe wItH FiVe cHiLdReN, eDuCaTiOn: HiGh sChOoL DeGrEe wOrKiNg aS MaNuAl",30K+,"Paper Products from Household department, Ordered Brand : Cormorant",amount: 31.6883,27.1822,non recyclable,"['Coffee Bar', 'Video Store', 'Ready Food', 'Florist', 'Bar For Salad']",,Deluxe,$18.5 Millions,6.105 Millions,1736.51,505.07,,583.1973,teofilandia,ba,-11.473212550782508,-39.003469548332,ARARAQUARA,SP,amount: -21.760806096824155,-48.17228519205648,4.0
mc_ID_1860,"Married Female with five children, education: bachelors degree working as management",70K+,"Snack Foods from Snack Foods department, Ordered Brand : Horatio",26.8915,25.4379,non recyclable,"['Ready Food', 'Bar For Salad']",Best Savings,Superm@rket ,6.63Ms,2.7846 Millions,2448.37,470.27,312.92,576.1891,bom jesus do itabapoana,RJ,-21.14043400563716,-41.67990945229968,sete lagoas,	MG,val: -19.46361254830593,-44.24441403023008,5.0
mc_ID_1861,"Married Male with one child, education: partial high school working as skilled manual",10K+,"Cleaning Supplies from Household department, Ordered Brand : Red Wing",15.1174,10.7421,recyclable,"['Ready Food', 'Bar For Salad']",Super Wallet Savers,Supermarket,5.04 Millions,1.9152 Millions,2267.39,853.22,,570.8022,çotia,SP,-23.618364275958324,data: -46.94004136202083,SANTO ANDRE,SP,amount: -23.66033225007211,-46.52820295475792,5.0
mc_ID_1862,"sINGLE fEMALE WITH nO CHILDREN, EDUCATION: HIGH SCHOOL DEGREE WORKING AS SKILLED MANUAL",30 Thousand,"Dairy from Dairy department, Ordered Brand : Even Better",25.0018,23.5482,recyclable,"['Coffee Bar', 'Ready Food', 'Bar For Salad', 'Florist', 'Video Store']",Tip Top Savings,Deluxe,9.75 Millions,3.705 Millions,2038.11,481.98,321.26,val: 416.2557,sao paulo,sp,-23.530828892867447,-46.527533900773285,itaquaquecetuba,sp,-23.43567309991361,-46.38032799842931,2.0
mc_ID_1865,"Singlee Female with four children, education: bachelors degree working as professional",50 Thousand,"Cleaning Supplies from Household department, Ordered Brand : Red Wing",-15.1174,10.7421,recyclable,"['Bar For Salad', 'Ready Food', 'Coffee Bar', 'Florist']",Dollar Days,Deluxe,6.72 Millions,3.1584 Millions,,654.13,436.09,725.9763,gravatai,RS,measure: -29.94668826089216,-51.06579546156727,sao paulo,"SP
",-23.52352963589448,-46.459776612815325,1.0
To Be Determined,"Married Male with No kids, education: partial high school working as skilled manual.",10K+,"Frozen Desserts from Frozen Foods department, Ordered Brand : Imagine",-1.0,15.4081,non recyclable,"['Florist', 'Video Store', 'Ready Food', 'Bar For Salad', 'Coffee Bar']",Bag Stuffer,Deluxe,7.62 Millions,2.7432 Millions,1734.5,503.07,333.43,662.2226,Bom Jesus Dos Perdoes,Sp,-23.115438,-46.48591350000001,brasilia,Df,-15.84494561197996,-47.98527498130505,1.0
mc_ID_1867,"Married Female with No children, education: partial high school working as skilled manual",10 Thousand,"Candy from Snacks department, Ordered Brand : Gulf Coast",19.1874,-14.6813,non recyclable,"['Bar For Salad', 'Coffee Bar', 'Ready Food', 'Florist']",Dollar Days,Deluxe,10.29 Millions,3.6015 Millions,2055.29,,436.09,725.9763,pradopolis,5P,-21.36757068180344,-48.06270442872158,maringa,	PR,measure: -23.41000679702781,data: -51.88262571961486,5.0
mc_ID_1870,"Married Female with four children, education: bachelors degree working as professional",50K+ annually,"Bread from Baked Goods department, Ordered Brand : Modell",20.2049,18.606,recyclable,"['Bar For Salad', 'Video Store', 'Florist', 'Coffee Bar', 'Ready Food']",Price Winners,	deluxe,$6.54 Millions,3.2046 Millions,2038.11,483.98,320.14,data: 453.9117,belo horizonte,Mg,-19.926141851520523,-43.93684827200066,sao paulo,$p,-23.59272363197529,-46.6315844403312,4.0
mc_ID_1871,"Married Female with one child, education: bachelors degree working as professional",Income: 50K+,"Dairy from Dairy department, Ordered Brand : Even Better",-1.0,18.3153,non recyclable,"['Bar For Salad', 'Coffee Bar', 'Ready Food', 'Video Store', 'Florist']",Price Cutters,Gourmet,10.5 Millions,3.675 Millions,1424.85,,310.3,675.716,VOLTA R3DONDA,RJ,-22.499389005828377,-44.11943224132954,BELO HORIZONTE,MG,-19.91624655709342,-43.93623364096637,3.0
mc_ID_1873,"Married Male with four children, education: partial high school working as manual",30K+,"Dairy from Dairy department, Ordered Brand : Gorilla",val: 30.8162,64.73 lbs,recyclable,,Tip Top Savings,_Mid-Size,"5.32 ,000,000illions",2.3408 Millions,,447.7,298.5,416.2557,campinas,SP,-22.92991227115403,-47.07189552530681,BELU HORIZONTE,mg,-19.91536512294426,-43.89890719539499,4.0
mc_ID_1874,"Single Male with two children, education: high school degree working as manual",30K+,"Meat from Deli department, Ordered Brand : Moms",16.4256,14.972,recyclable,"['Video Store', 'Bar For Salad', 'Coffee Bar', 'Ready Food', 'Florist']",Price Cutters,,4.47 Millions,1.9221 Millions,1525.12,373.1,248.54,642.0871,Sa0 Paulo,Sp,-23.4757673119626,-46.62523433819032,guarulhos,Sp,-23.444148887039063,-46.50655197737896,1.0
mc_ID_1875,"Single Female with one child, education: partial high school working as manual",10K or more,"Packaged Vegetables from Produce department, Ordered Brand : Hermanos",10.117,5.7562,recyclable,"['Coffee Bar', 'Bar For Salad', 'Ready Food', 'Video Store', 'Florist']",Big Time Discounts,Deluxe,€5.5M,2.9295 Millions,2038.11,481.98,322.28,328.1302,ubatuba, SP ,measure: -23.43162669109582,-45.07722870122336,londr1na,PR,-23.32532644463037,-51.15843393839796,4.0
mc_ID_1876,"Married Female with four children, education: high school degree working as management",110K+,"Fruit from Produce department, Ordered Brand : Ebony",14.4778,11.5706,non recyclable,,Go For It,SUPERMARKET,€10.1M,4.8544 Millions,1508,227.8,151.9,623.939,rio de janeiro,RJ,-22.8860986389002,amount: -43.3108898963299,ilicinea,MG,-20.944705621834668,-45.82709818233235,1.0
mc_ID_1877,"Married Male with four children, education: high school degree working as skilled manual, education: high school degree working as skilled manual",€25K+,"Bathroom Products from Household department, Ordered Brand : Sunset",10.4368,8.9687,non recyclable,['Florist'],Pick Your Savings,supeRMaRket_,2.12 Millions,0.742 Millions,1320.15,523.32,348.13,769.6991,aRACRuz,es,-19.82228603052011,-40.27288050538765,ibitinga,SP,-21.7664768468313,-48.83154737836604,4.0
mc_ID_1878,Single Male with five children | education: partial high school working as manual,€8K+,"Vegetables from Canned Foods department, Ordered Brand : Just Right",28.6358,-27.1822,recyclable,['Coffee Bar'],Promo Big,Supermarket,$5.44 Millions,2.0128 Millions,1236.07,440.92,293.95,647.8924,macae,Rj,-22.384226045618703,-41.77809451970135,	ibItinga, SP,-21.7664768468313,-48.83154737836604,5.0
mc_ID_1880,"Single Female with four children, education: high school degree working as manual",30K+,"Snack Foods from Snack Foods department, Ordered Brand : Best Choice",31.3976,28.4904,recyclable,"['Coffee Bar', 'Ready Food', 'Bar For Salad', 'Florist']",Shelf Emptiers,Gourmet,8.04 Millions,2.412 Millions,1564.86,385.45,256.97,773.0986,belo horizonte,MG,-19.91957605329214,-43.87949678296492,BAEPENDI,MG,-21.956309999999995,-44.882378788136165,100%
mc_ID_1883,"Singlee Female with four children, education: high school degree working as manual",30K+,"Candy from Snacks department, Ordered Brand : Choice",16.8617,12.5009,non recyclable,"['Bar For Salad', 'Ready Food', 'Coffee Bar', 'Florist']",Shelf Emptiers,gourmet,1.68 Millions,0.5376 Millions,1564.86,385.45,256.97,data: 773.0986,$aO bErNArdo DO cAMpO, sP,-23.734683000000004,val: -46.5836445,jaçarei_,SP,-23.30139631473257,-45.96172658840667,measure: 1.0
mc_ID_1884,"Married Male with one child, education: partial high school working as manual",10K+,"Snack Foods from Snack Foods department, Ordered Brand : Fort West",14.5359,11.6287,recyclable,,,Supermarket,$7.56 Millions,3.5532 Millions,2047.11,457.36,304.91,599.358,BELO HORIZONTE,MG,-19.836890499647936,-43.91622823669364,curitiba,pr,-25.539430693865768,-49.2886326382077,5.0
mc_ID_1887,"Married_Female_with_four_children,_education:_partial_high_school_working_as_skilled_manual",120+ monthly,"Carbonated Beverages from Beverages department, Ordered Brand : Excellent",19.0421,16.1349,recyclable,,Super Savers,SUPERMARKET,10.9 Millions,4.796 Millions,2049.72,459.36,305.74,339.8977,guaratingueta,Not Specified,-22.827161457837764,-45.18862301683485,DRAcENa,SP,-21.4988715,-51.53786099999999,amount: 1.0
mc_ID_1888,"Single Female with five children, education: partial high school working as manual",€25K+,"Canned Clams from Canned Foods department, Ordered Brand : Better",25.5832,24.1296,recyclable,"['Bar For Salad', 'Florist', 'Coffee Bar', 'Video Store', 'Ready Food']",Sale Sale Sale,Deluxe,$8.44 Millions,3.5448 Millions,1527.72,373.1,248.79,722.6814,passo fundo,RS,-28.25321226374913,-52.42606977001876,louveir4,$p,data: -23.08412527710581,-46.98121307089687,5.0
mc_ID_1890,"Single Female with three children, education: high school degree working as skilled manual",Income: 30K+,"Meat from Meat department, Ordered Brand : Ship Shape",19.4781,16.4256,recyclable,"['Video Store', 'Bar For Salad', 'Coffee Bar', 'Ready Food', 'Florist']",One Day Sale,deluxe,8.91 Millions,3.4749 Millions,1871.16,593.93,395.95,360.3993,rio de janeiro,RJ,-23.00927096142304,-43.42940927644404,	saquarema,RJ,measure: -22.91119567907111,data: -42.47940224673698,5.0
mc_ID_1892,"Single Male with one child, education: bachelors degree working as management",70K+,"Snack Foods from Snack Foods department, Ordered Brand : Nationeel",amount: 15.1174,10.7421,recyclable,"['Bar For Salad', 'Ready Food', 'Florist', 'Coffee Bar']",Save Price,DELUXE,5.55 Millions,1.7205 Millions,2054.47,656.13,434.92,584.191,sao paulo,SP,-23.55498324839867,-46.63569905288812,sao paulo,SP,-23.541941545934563,measure: -46.49095488842404,5.0
mc_ID_1894,"Married Female with one child, education: bachelors degree working as professional",50K+,"Baking Goods from Baking Goods department, Ordered Brand : Plato",22.8214,46.79 lbs,recyclable,['Florist'],Big Time Discounts,Supermarket,6.78 Millions,2.3052 Millions,1322.06,523.32,348.85,765.7243,sao jose,sC,-27.57584828418084,-48.67614001749309,borda da mata,MG,-22.264093569966427,-46.15856420525942,4.0
mc_ID_1896,"married female with three children, education: partial colllege working as clerical",30K+,"Drinks from Beverages department, Ordered Brand : Washington",29.0719,data: 27.6183,non recyclable,['Florist'],,,14.04 Millions,5.7564 Millions,1320.15,523.32,348.85,322.4295,santarem,PA,amount: -2.4432937946079303,-54.698726367091936,saO paulO,SP,-23.539824031911863,-46.434679443937874,5.0
mc_ID_1897,"mARRIED mALE WITH FOUR CHILDREN, EDUCATION: PARTIAL HIGH SCHOOL WORKING AS MANUAL",$30K+,"Canned Soup from Canned Foods department, Ordered Brand : Bravo",measure: 13.0823,8.7216,non recyclable,['Coffee Bar'],Best Savings,Supermarket,3.68 Millions,1.7296 Millions,1236.91,440.92,293.95,596.2723,taboao da serra,sp,-23.60978638462481,data: -46.75740105595065,cascavel,PR,val: -24.966371460470743,-53.46488320191585,4.0
mc_ID_1900,"Married Female with two children, education: high school degree working as manual",30K+,"Eggs from Eggs department, Ordered Brand : Blue Medal",28.3451,,recyclable,"['Bar For Salad', 'Ready Food']",Shelf Clearing Days,Supermarket,4.38 Millions,2.1024 Millions,2448.46,470.27,313.55,363.6942,rio de janeiro,RJ,-22.92801128978522,-43.64204907457884,sao paulo,SP,-23.63697817262972,-46.597344244243736,5.0
mc_ID_1903,"Married Male with No children, education: high school degree working as manual",30K+ annually,"Vegetables from Produce department, Ordered Brand : Tell Tale",24.7111,20.3503,non recyclable,,Price Winners,Superm4rket,$7.98 Millions,3.7506 Millions,1623.48,343.05,227.84,543.397,barueri,SP,-23.491756697843805,-46.89634269921673,sao paulo,SP,-23.65111484251016,-46.75521082321932,5.0
mc_ID_1905,"education: partial high school working as manual, Married Male with No children",10K+ annually,"Hot Beverages from Beverages department, Ordered Brand : Plato",9.0559,7.6023,recyclable,"['Ready Food', 'Bar For Salad']",Save It (Sale),Supermarket,8.43 Millions,3.1191 Millions,2265.91,853.22,568.75,339.1132,SA0 JOSE,sc,-27.568918660944803,-48.6332460149761,limeira,Sp,-22.541719708891844,-47.427681190013296,data: 5.0
mc_ID_1906,"Single Female with No children, education: partial high school working as professional",130K+ annually,"Bread from Baked Goods department, Ordered Brand : Great",9.3611,7.9075,non recyclable,,Mystery Sale,sUPERmarKeT,8.46 Millions,3.1302 Millions,1623.48,341.05,227.33,718.9681,RIO GRAÑDE,RS,-32.05802756482065,-52.14196550262986,sao paulo,SP,-23.577073040798663,-46.7199426382077,5.0
mc_ID_1907,"Single Male with five children, education: high school degree working as management",90000,"Jams and Jellies from Baking Goods department, Ordered Brand : Super",14.6813,11.7741,recyclable,,,Supermark3t,€6.4M,2.7216 Millions,1623.48,341.05,226.11,353.7049,prata,MG,-19.305543300980283,amount: -48.93407917705181,CARIACICA_,ES,-20.29753657631548,-40.40086853731229,measure: 4.0
mc_ID_1909,"Married Female with one child, education: bachelors degree working as professional",70 Thousand,"Baking Goods from Baking Goods department, Ordered Brand : CDR",23.4028,20.4957,recyclable,,Two for One,Supermarket,7.14 Millions,3.4272 Millions,,457.36,304.91,300.8296,Leme,SP,-22.16869311380004,amount: -47.37632757980868,To Be Determined,sp,-23.667843855675457,-46.66038973120199,1.0
mc_ID_1912,"Single Female with four children, education: high school degree working as skilled manual",$30K+,"Paper Products from Household department, Ordered Brand : Sunset",16.8617,15.4081,recyclable,,Super Savers,Supermarket,5.34 Millions,1.7622 Millions,2049.72,457.36,304.91,amount: 339.8977,guarapuava,PR,amount: -25.38999640215828,-51.47482035400201,MARINGA,PR,amount: -23.41000679702781,-51.88262571961486,data: 4.0
mc_ID_1914,"Single Female with one child, education: partial high school working as skilled manual",10K+,"Snack Foods from Snack Foods department, Ordered Brand : Horatio",26.6008,22.0946,recyclable,"['Coffee Bar', 'Video Store', 'Bar For Salad', 'Florist', 'Ready Food']",Save Price,DeluXE,"5.64 ,000,000illions",2.3688 Millions,1735.78,503.07,335.38,419.9167,nataI,rN,-5.802837618373424,-35.20164321098454,ilheus,_Be,measure: -14.792528695183035,amount: -39.05847824149158,5.0
mc_ID_1915,"Single Female with five children, education: high school degree working as manual",50K+,"Vegetables from Produce department, Ordered Brand : Tri-State",14972.00 grams,12.0648,non recyclable,"['Bar For Salad', 'Coffee Bar', 'Florist', 'Ready Food']",Tip Top Savings, Deluxe ,"4.02 ,000,000illions",1.9296 Millions,2055.29,654.13,436.09,745.6934,JARAGUA DO SUL,Sc,measure: -26.50713904579032,-49.13313967470719,claudio,MG,-20.43773362250285,-44.75914024487753,val: 3.0
mc_ID_1916,"Married Male with two children, education: bachelors degree working as professional",10 Thousand,"Dairy from Dairy department, Ordered Brand : Booker",27.0368,24.1296,recyclable,"['Video Store', 'Coffee Bar', 'Florist', 'Bar For Salad', 'Ready Food']",Sale : Double Down,,5.28 Millions,2.376 Millions,1527.35,373.1,246.88,746.3733,Guarulhos ,sP,-23.47667359838998,-46.54462276311386,tupa,SP,-21.936588293449766,-50.52238400033537,1.0
mc_ID_1917,"Married Female with three children, education: partial college working as skilled manual",30k,"Paper Products from Household department, Ordered Brand : Cormorant",15.4081,11.0473,recyclable,,Two for One,Mid-5ize,2.13 Millions,1.065 Millions,2818.17,447.7,298.5,646.5849, sao paulo ,SP,-23.56536319233657,-46.68764024978366,ibitinga,SP,-21.7664768468313,-48.83154737836604,2.0
mc_ID_1918,"Single Male with three children, education: bachelors degree working as management",70K+,"Paper Products from Household department, Ordered Brand : Sunset",19.1874,data: 16.1349,recyclable,"['Video Store', 'Coffee Bar', 'Florist', 'Ready Food', 'Bar For Salad']",Super Duper Savers,Daluxe,7.0 Millions,2.38 Millions,1525.28,373.1,250.62,318.3501,MONTeS cLAROs,Mg,-16.736732832361938,-43.84157166279062,bARrEtOs,_SP,-20.5342210194687,-48.56356843130872,5.0
mc_ID_1919,"Married Female with one child, education: partial high school working as skilled manual",10K+ annually,"Specialty from Produce department, Ordered Brand : Ebony",-999.0,24.275,non recyclable,['Florist'],Two for One,Supermarket,9.56 Millions,3.1548 Millions,1317.36,523.32,349.17,360.7131,çampinas,SP,-22.85275770752771,-47.05510214136723,sao 	paulo,SP,-23.569353157366287,-46.63690014002537,data: 5.0
mc_ID_1920,"sINGLE mALE WITH FOUR CHILDREN, EDUCATION: PARTIAL COLLEGE WORKING AS SKILLED MANUAL",€25K+,"Carbonated Beverages from Beverages department, Ordered Brand : Fabulous",17.8792,13.5184,non recyclable,"['Ready Food', 'Bar For Salad']",Go For It,"SUPERMARKET
",$6.84 Millions,2.394 Millions,2448.37,470.27,314.62,347.1151,iju1,RS,-28.389227656496743,-53.92967622327969,sao paulo,SP,data: -23.65111484251016,-46.75521082321932,val: 5.0
mc_ID_1922,"Married Female with four kids, education: high school degree working as skilled manual",30k,"Meat from Deli department, Ordered Brand : Moms",25147.20 grams,23.5482,recyclable,,Money Savers,Supermarket,2.22 Millions,0.9324 Millions,1508,227.8,151.9,measure: 277.2423,Alem Paraiba, mg ,-21.865605010277115,-42.70586701424656,PATOS DE MINAS,MG,-18.60497691187199,val: -46.52154885505743,val: 5.0
mc_ID_1923,"Married Male with four children, education: partial HS working as skilled manual",10k,"Dairy from Dairy department, Ordered Brand : Gorilla",12.8788,-9.9571,recyclable,"['Florist', 'Bar For Salad', 'Coffee Bar', 'Ready Food']",,,9.87 Millions,3.4545 Millions,2056.63,654.13,436.09,725.9763,vila v3lha,ES,data: -20.33161263550869,-40.27958609200332,SERRA NEGRA,SP,amount: -22.596440207291085,-46.71196868822353,5.0
mc_ID_1925,"Married Male with No children, education: bachelors degree working as professional",50K+,"Fruit from Produce department, Ordered Brand : High Top",17.1524,12.7916,non recyclable,"['Ready Food', 'Bar For Salad', 'Florist', 'Coffee Bar']",Price Cutters,Gourmet,4.47 Millions,1.6986 Millions,1564.86,387.45,255.42,val: 729.2712,assis,sP,amount: -22.66968006093573,-50.43328802800281,limeira,SP,-22.599254430886607,-47.37980963550319,4.0
mc_ID_1926,"Married Male with five children, education: partial college working as professional",110K+,"Paper Products from Household department, Ordered Brand : Denny",26.31,24.8564,non recyclable,['Florist'],Roller Savings (High) ,Supermarket,$5.44 Millions,2.176 Millions,1321.19,523.32,348.85,532.6232,sao paulo,"$P
",-23.50313753733621,amount: -46.609684480437394,ibitinga,SP,-21.7664768468313,-48.83154737836604,
mc_ID_1927,"Single Female with two children, education: partial high school working as manual",10K+,"Jams and Jellies from Baking Goods department, Ordered Brand : Super",25.2925,20.7864,non recyclable,['Coffee Bar'],Weekend Discount,Supermarket,2.7 Millions,1.242 Millions,1236.07,440.92,293.95,698.728,sao paulo ,SP_,-23.85636847960066,-46.70718370760001,EMBU GUACU,SP,-23.82852167738724,-46.814795982633896,5.0
mc_ID_1928,"Single Male with five children, education: partial high school working as skilled manual",10000,"Kitchen Products from Household department, Ordered Brand : Denny",14.6813,11.7741,non recyclable,"['Ready Food', 'Bar For Salad', 'Coffee Bar', 'Video Store', 'Florist']",,DELUXE,$5.13 Millions,1.9494 Millions,2038.11,481.98,321,455.3761,san7os,SP,-23.981964066882146,-46.31003955926474,b@ependi,MG,-21.956309999999995,-44.882378788136165,5.0
mc_ID_1929,"Single Female with two children, education: high school degree working as manual",360+ monthly,"Vegetables from Produce department, Ordered Brand : Tri-State",data: 17.4431,data: 14.5359,recyclable,['Florist'],Weekend Discount,SuperMARKat,"10.92 ,000,000illions",4.914 Millions,1320.15,523.32,348.85,279.1251,APUCARANA,PR,-23.57089171277503,-51.45720601453626, tabatinga ,Sp,-21.72886646318172,-48.68881488220222,5.0
mc_ID_1932,"Married Male with three children, education: bachelors degree working as professional",50K+,"Pizza from Frozen Foods department, Ordered Brand : Imagine",-15.9895,13.0823,non recyclable,['Florist'],,,10.38 Millions,4.0482 Millions,1320.15,523.32,349.83,769.6991,jundi4i,_$p,-23.192759454717024,-46.87833704570238,ibitimga,SP,-21.7664768468313,data: -48.83154737836604,5.0
mc_ID_1934,"SiNgLe mAlE WiTh oNe cHiLd, EdUcAtIoN: hIgH ScHoOl dEgReE WoRkInG As sKiLlEd mAnUaL",30K+,"Paper Products from Household department, Ordered Brand : Sunset",19.7689,Not Specified,recyclable,,Price Destroyers,supermarket,7.89 Millions,2.9982 Millions,1508,227.8,151.14,data: 635.1312,rio verde,GO,-17.79614927833109,amount: -50.91541016574972,Jacutinga,Mg,-22.28444973167148,-46.613499420805184,1.0
mc_ID_1936,"Married Male with four children, education: high school degree working as professional",90K+,"Breakfast Foods from Breakfast Foods department, Ordered Brand : Best",22.3853,17.8792,non recyclable,"['Coffee Bar', 'Florist', 'Ready Food', 'Bar For Salad']",Promo Big,d3luxe,7.0 Millions,2.94 Millions,2055.29,654.13,434.94,267.3576,Sao Paulo,SP,-23.51845531779098,-46.53268368206479,sao paulo,SP,-23.58452319555432,-46.51460627909786,5.0
mc_ID_1937,"Married Male with three children, education: bachelors degree working as professional",110K+,"Breakfast Foods from Breakfast Foods department, Ordered Brand : Radius",11.5125,8.6053,non recyclable,"['Bar For Salad', 'Florist', 'Coffee Bar', 'Ready Food']",Super Savers,Deluxe,"4.14 ,000,000illions",1.863 Millions,2056.67,,436.09,val: 373.9973,sao paulo,SP,amount: -23.56851813765943,amount: -46.65191532569683,campinas,"SP
",-22.88255076242137,-47.04691965736627,1.0
mc_ID_1938,"Single Female with two kidren, education: partial college working as manual",30k,"Snack Foods from Snack Foods department, Ordered Brand : Fort West",13.2858,8.9251,non recyclable,,Price Winners,Supermarket,5.6 Millions,2.576 Millions,,457.36,305.78,497.9483,mocajube,PA,-2.585184077208961,-49.50453395356183,Fr4NCa,sP,-20.530671079410943,-47.39851931627846,4.0
mc_ID_1939,"Married Female with No children, education: partial high school working as skilled manual",30K+ annually,"Snack Foods from Snack Foods department, Ordered Brand : Fast",-15.5534,12.6317,non recyclable,"['Bar For Salad', 'Ready Food', 'Video Store', 'Florist', 'Coffee Bar']",Price Winners, Deluxe ,7.2 Millions,3.456 Millions,2038.11,481.98,321.26,453.9117,sa0 gabriel do oeste,Ms,-19.39474338733581,-54.56736123542357,sao paulo,SP,-23.541941545934563,-46.49095488842404,4.0
mc_ID_1940,"Single Female with one child, education: high school degree working as manual",30k,"Beer and Wine from Alcoholic Beverages department, Ordered Brand : Good",13.4603,10.5531,non recyclable,"['Florist', 'Coffee Bar', 'Video Store', 'Ready Food', 'Bar For Salad']",Roller Savings (High) ,DELUXE,$5.19 Millions,2.1279 Millions,1734.5,503.07,335.38,440.1568,curitiba,PR,-25.370141615326872,-49.26980748237064,_çascavel,PR,-24.955814183258344,-53.43029571217104,5.0
mc_ID_1941,"Single Male with one child, education: partial high school working as skilled manual",$10K+,"Hardware from Checkout department, Ordered Brand : Akron",-16.571,14.972,recyclable,"['Ready Food', 'Bar For Salad']",Super Duper Savers,Superm4rket,3.52 Millions,1.6192 Millions,2265.9,853.22,568.75,677.285,Sao Cae7Ano Do Sul,SP,-23.625774,-46.56855299278663,londrina,PR,-23.32532644463037,-51.15843393839796,5.0
mc_ID_1942,"Married Male with four children, education: partial college working as management",30K+ annually,"Electrical from Household department, Ordered Brand : High Quality",12.3265,9.4047,non recyclable,"['Ready Food', 'Bar For Salad', 'Florist', 'Video Store', 'Coffee Bar']",Lottery Cash Registerion,Deluxe,12.96 Millions,6.2208 Millions,1734.4,505.07,335.62,500.9294,FEIRA 	DE 	SANTANA,BA ,val: -12.258025438253734,-38.9416232828207,presidente prudente,SP,-22.09785593377639,-51.40156940368525,80%
mc_ID_1944,"Single Male with three children, education: bachelos degree working as professional",50K+,"Snack Foods from Snack Foods department, Ordered Brand : Nationeel",27.4729,-24.4204,recyclable,['Florist'],Super Savers,Supermarket,6.4 Millions,2.88 Millions,,523.32,348.85,338.6948,sao paulo,sP,measure: -23.740974,-46.67018849999998,ibitinga,Sp,-21.7664768468313,data: -48.83154737836604,5.0
mc_ID_1945,"Single Male with three children, education: bachelors degree working as professional",50K+,"Dairy from Dairy department, Ordered Brand : Club",20.7864,17.8792,recyclable,"['Bar For Salad', 'Ready Food']",Super Duper Savers,,10.5 Millions,3.465 Millions,2265.9,,568.75,677.285,campinas,SP,-22.903434628368608,-47.05276681724273,SAO PAULO,SP,-23.54507217346644,measure: -46.68438057799065,5.0
mc_ID_1946,"Married Male with four children, education: bachelos degree working as management",Income: 50K+,"Paper Products from Household department, Ordered Brand : Red Wing",-0.1,25.874,non recyclable,"['Florist', 'Video Store', 'Ready Food', 'Coffee Bar', 'Bar For Salad']",Sale : Double Down,Gourmet,10.11 Millions,4.4484 Millions,1426.83,465.54,310.3,292.6708,SAO PAULO, SP,-23.523062564007805,-46.57189679679223,SAO PAULO,SP,-23.4719444074384,-46.59864459256161,measure: 4.0
mc_ID_1947,"Married Female with three children, education: partial college working as professional.",30K+,"Bread from Baked Goods department, Ordered Brand : Modell",14.972,13.5184,recyclable,"['Ready Food', 'Bar For Salad']",Save Price,SuPerMaRket,5.04 Millions,2.2176 Millions,,470.27,313.55,406.4756,presidente venceslau,SP,data: -21.8815493441972,-51.84621930031394,suzano,sp,-23.54646763188849,measure: -46.31743880609893,5.0
mc_ID_1950,"Single Female with one child, education: bachelors degree working as management",70K+,"Baking Goods from Baking Goods department, Ordered Brand : BBB Best",16.571,13.6492,non recyclable,,Shelf Clearing Days,Supermarket,1.52 Millions,0.5472 Millions,1508,227.8,152.25,399.6243,salvador,BA,val: -12.940907742910326,-38.33556312574039,limeira,sp_,-22.599254430886607,-47.37980963550319,3.0
mc_ID_1951,"Married Male with three children, education: partial college working as clerical",30K+,"Snack Foods from Snack Foods department, Ordered Brand : Horatio",-13.9981,11090.90 grams,recyclable,"['Ready Food', 'Coffee Bar', 'Video Store', 'Bar For Salad', 'Florist']",Save Price,Deluxe,6.84 Millions,2.394 Millions,2038.11,481.98,321.26,284.3028,sao paulo,SP,-23.56536319233657,-46.68764024978366,sao paulo,SP,-23.63329280322003,-46.73784151540766,measure: 5.0
mc_ID_1953,"Married Male with four children,education: bachelors degree working as professional",10K+,"Bathroom Products from Health and Hygiene department, Ordered Brand : Consolidated",18.1699,15.2627,non recyclable,['Coffee Bar'],Price Slashers,sUperm@Rket,"7.88 ,000,000illions",2.6792 Millions,1236.07,440.92,293.95,402.6054,Cachoeira Dourada,MG,-18.51595684939367,val: -49.50041761672067,caxias do sul,RS,amount: -29.16624369279465,-51.209531752064,5.0
mc_ID_1954,"MARRIED FEMALE WITH FIVE CHILDREN, EDUCATION: PARTIAL HIGH SCHOOL WORKING AS MANUAL",$10K+,"Beer and Wine from Alcoholic Beverages department, Ordered Brand : Pearl",13.0969,10.1897,non recyclable,"['Coffee Bar', 'Bar For Salad', 'Florist', 'Video Store', 'Ready Food']",Big Time Saving,DeLUXe,$2.7 Millions,1.269 Millions,1871.16,593.93,395.95,676.6574,camocim,Ca,-2.906605966187089,-40.84265447432061,_maua, SP,-23.68011442853022,-46.4524537436668,5.0
mc_ID_1956,Married Male with four children and education: bachelors degree working as professional,50K+,"Vegetables from Frozen Foods department, Ordered Brand : PigTail",10.0007,-7.0935,recyclable,,Sale Winners,Supermarket,€5.9M,2.9799 Millions,1507.17,227.8,,720.171,santa clara do sul,rs,-29.46383049653755,-52.079634,_sao paulo,Sp ,-23.554079433810344,-46.53324185942636,5.0
mc_ID_1958,"Single Male with three children, education: bachelors degree working as management",50K+,"Canned Tuna from Canned Foods department, Ordered Brand : Blue Label",25.0018,22.0946,recyclable,"['Ready Food', 'Bar For Salad']",Save Price,supermarket,6.2 Millions,2.976 Millions,2448.37,470.27,,406.4756,sao paulo,SP,-23.66138798473656,-46.75169947238731,sao paulo,SP,-23.479316999999995,-46.5904340471753,5.0
mc_ID_1959,"Married Male with five children, education: high school degree working as professional",110K+,"Fruit from Produce department, Ordered Brand : Hermanos",-25.0018,23.5482,non recyclable,['Florist'],,Supermarket,6.56 Millions,2.4272 Millions,,523.32,348.85,532.6232,voLTA reDonDA,RJ,-22.498961636966943,-44.09271256702638,	Sao Paulo,SP ,measure: -23.50869470774424,-46.48672956633388,val: 3.0
mc_ID_1960,"education: high school degree working as manual, Married Male with three children",30K+,"Beer and Wine from Alcoholic Beverages department, Ordered Brand : Walrus",-28.1997,-999.0,recyclable,"['Coffee Bar', 'Bar For Salad', 'Florist', 'Ready Food', 'Video Store']",Price Winners,Deluxe,8.52 Millions,2.8968 Millions,2038.11,481.98,321.26,453.9117,sao gabriel,RS,-30.32575177815092,-54.32844740484445,borda da mata,MG,-22.264093569966427,-46.15856420525942,4.0
mc_ID_1963,"Single Female with one child, education: partial high school working as skilled manual",10 Thousand,"Fruit from Produce department, Ordered Brand : Tri-State",13.6202,10.6984,recyclable,,Save It (Sale),Supermarket,8.58 Millions,2.574 Millions,2050.13,457.36,306.84,467.4051,ribeiraopreto,SP,-21.1774515925616,amount: -47.79583295337295,baepandi,_MG,-21.956309999999995,-44.882378788136165,4.0
mc_ID_1964,"Single Female with three children, education: high school degree working as manual",30 Thousand,"Vegetables from Produce department, Ordered Brand : Tell Tale",1040.86 oz,amount: 27.909,non recyclable,"['Coffee Bar', 'Video Store', 'Bar For Salad', 'Florist', 'Ready Food']",,DEIUXE,3.54 Millions,1.3098 Millions,1871.16,593.93,395.14,519.7574,cambui,Mg,-22.61840566392406,-46.05692385089537,SANTO AMDRE,sp,-23.665703457960586,-46.51808196779969,4.0
mc_ID_1965,"SiNgLe mAlE WiTh fOuR ChIlDrEn, EdUcAtIoN: bAcHeLoRs dEgReE WoRkInG As pRoFeSsIoNaL",50K+,"Side Dishes from Deli department, Ordered Brand : Moms",31.1069,-28.0543,recyclable,,Weekend Discount,$upermarket,2.44 Millions,0.8296 Millions,1508,227.8,152.67,735.1811,_Sao Jose Do Rio Preto,sp,-20.877279813980444,-49.418602809706094,sau paulo,5P,-23.575745041924048,-46.74085825118136,5.0
mc_ID_1966,"Married Male with three children, education: partial high school working as skilled manual",10K+,"Breakfast Foods from Frozen Foods department, Ordered Brand : PigTail",20.2049,17.1524,recyclable,,,Supermarket,$1.74 Millions,0.783 Millions,2049.72,457.36,305.11,610.5502,mage,RJ,-22.610756596789887,measure: -43.15974082935956,sao paulo,SP,-23.56753031883281,-46.51205478799173,4.0
mc_ID_1967,"Single Female with three children, education: partial college working as skilled manual",30000,"Pain Relievers from Health and Hygiene department, Ordered Brand : Bird Call",29.7987,25.4379,recyclable,,Weekend Discount,Supermarke7,9.54 Millions,3.4344 Millions,1508,227.8,152.05,amount: 735.1811,valinho$,SP,-22.96262568971205,-46.97869548506475,ibItiNgA,5p,-21.7664768468313,-48.83154737836604,1.0
mc_ID_1968,"SINGLE FEMALE WITH NO CHILDREN, EDUCATION: PARTIAL HIGH SCHOOL WORKING AS SKILLED MANUAL",10 Thousand,"Vegetables from Produce department, Ordered Brand : Ebony",25.2925,measure: 22.24,recyclable,"['Bar For Salad', 'Ready Food', 'Florist', 'Coffee Bar']",Dollar Days,Deluxe,"5.94 ,000,000illions",2.673 Millions,2055.29,,436.09,725.9763,sao vicente,SP,-23.97242519856393,amount: -46.371264531333615,sao paulo,_SP,-23.58374909221269,-46.73472062372479,2.0
mc_ID_1970,"Single Male with one child, education: partial high school working as manual",10K+,"Meat from Deli department, Ordered Brand : Lake",11.3235,val: 8.4018,recyclable,['Florist'],Roller Savings (High) ,Supermarket,2.56 Millions,0.9472 Millions,1320.15,523.32,349.22,532.6232,TUPA,$P,-21.936588293449766,-50.52238400033537,sao joao de meriti, Rj ,-22.77658387384398,-43.354144984238886,1.0
mc_ID_1971,"Single Male with No children, education: partial high school working as manual",10K or more,"Snack Foods from Snack Foods department, Ordered Brand : Horatio",val: 16.1349,11.7741,non recyclable,"['Ready Food', 'Bar For Salad', 'Coffee Bar', 'Video Store', 'Florist']",Lottery Cash Registerion,D3luXe,11.36 Millions,4.0896 Millions,1734.54,503.07,335.38,500.9294,SAO paUlo,sp,-23.591501276992314,-46.5324646537596,piracicab@,SP,-22.71683928585045,-47.65736585405934,5.0
mc_ID_1972,"Single Female with three children, education: partial high school working as professional",110K+,"Meat from Deli department, Ordered Brand : Red Spade",23.2575,-20.3503,recyclable,['Coffee Bar'],Pick Your Savings,supermarket,7.12 Millions,3.204 Millions,1236.07,440.92,293.95,436.7573,boituva,SP,-23.279657630556585,amount: -47.6618565754143,curitiba,PR,-25.43585833749783,-49.22158276824976,data: 1.0
mc_ID_1973,"Single Male with one child, education: bachelors degree working as management",10K+,"Pizza from Frozen Foods department, Ordered Brand : Golden",18.606,15.6988,recyclable,"['Bar For Salad', 'Florist', 'Coffee Bar', 'Video Store', 'Ready Food']",Sale : Double Down,gourmet,8.04Ms,2.4924 Millions,1424.85,465.54,308.8,292.6708,pelotes,RS,data: -31.77452642353856,-52.33668313682272,SA0 PAULO, SP ,-23.50123246128435,-46.51905848362164,amount: 5.0
mc_ID_1974,"Single Female with one child, education: bachelors degree working as professional",€93K+,"Frozen Entrees from Frozen Foods department, Ordered Brand : Carrington",-14.8266,13.3585,non recyclable,"['Florist', 'Bar For Salad', 'Coffee Bar', 'Ready Food']",Price Destroyers,gourmet,11.04 Millions,3.6432 Millions,1564.86,385.45,256.78,343.5064,SeO paULo,SP,-23.58620844962204,-46.53589144310119,sao paulo,SP,-23.50257293484837,-46.69754189370448,Rating: 4.0
mc_ID_1976,"Married Female with one child, education: Bachelors degree working as management",1800+ monthly,"Dairy from Dairy department, Ordered Brand : Even Better",measure: 21.2225,18.3153,non recyclable,"['Bar For Salad', 'Ready Food']",Shelf Clearing Days,,10.5 Millions,4.2 Millions,2265.9,853.22,569.23,554.903,bage,RS,-31.326536600772723,data: -54.11837385390225,guariba,SP,-21.36235769739203,-48.232975701561735,4.0
mc_ID_1979,Single Female with three children | education: high school degree working as manual,30000,"Paper Products from Household department, Ordered Brand : Denny",25.5832,val: 24.1296,recyclable,"['Coffee Bar', 'Video Store', 'Florist', 'Ready Food', 'Bar For Salad']",,	Deluxe,7.47 Millions,2.3904 Millions,1871.16,593.93,395.95,€439.26,RIO DE J4NEIRO_,Rj,-22.84713622370017,-43.463623028449405,Sao Pauio,SP,-23.554079433810344,-46.53324185942636,5.0
mc_ID_1980,"Single Female with four children, education: bachelors degree working as professional",70K+ annually,"Drinks from Beverages department, Ordered Brand : Excellent",13.4603,-10.5531,non recyclable,,You Save Days,supermarket,3.7 Millions,1.48 Millions,1506.44,227.8,150.44,565.9906,nova iguacu,RJ,-22.745471034689952,-43.43557535292437,guariba,SP,-21.36235769739203,-48.232975701561735,5.0
mc_ID_1982,"Single Female with one child, education: bachelors degree working as management",70K+,"Baking Goods from Baking Goods department, Ordered Brand : Plato",22.8214,21.2225,recyclable,,,supermarket,4.52 Millions,1.4916 Millions,1508,227.8,149.99,619.0228,Nova Iguacu,RJ,-22.7574945,val: -43.420941,maringa,Pr,-23.377396999935016,-51.93100618003307,5.0
mc_ID_1984,"Married Female with three children, education: High School degree working as professional",130 Thousand,"Starchy Foods from Starchy Foods department, Ordered Brand : Monarch",19.1874,16.1349,non recyclable,"['Coffee Bar', 'Ready Food', 'Video Store', 'Bar For Salad', 'Florist']",Save Price, delUXe,€6.1M,2.304 Millions,1734.5,503.07,335.38,419.9167,	mogi das cruzes,	SP,-23.5214492199589,-46.17673150042012,camPInas,SP,amount: -22.90081444463038,measure: -46.99864279239999,1.0
mc_ID_1985,"Married Female with three children, education: high school degree working as manual",30K+,"Starchy Foods from Starchy Foods department, Ordered Brand : Medalist",20.2049,17.1524,recyclable,['Florist'],Super Savers,Supermarket_,11.4 Millions,3.648 Millions,1320.15,523.32,348.85,338.6948,"Mandaguacu
",PR,-23.3444533546691,-52.0955185291364,,,,amount: nan,4.0
mc_ID_1986,"Married Male with four children, education: partial high school working as manual",30K+,"Meat from Meat department, Ordered Brand : Footnote",18.8967,15.9895,non recyclable,['Coffee Bar'],Two Day Sale,Supermarket,5.96 Millions,1.9668 Millions,1236.07,440.92,293.22,477.3944,osasco,SP,-23.559508137402258,-46.77587275540442,ibitinga,SP,-21.7664768468313,-48.83154737836604,4.0/5.0
mc_ID_1987,"Married Male with three children, education: bachelors degree working as professional",110K+,"Magazines from Periodicals department, Ordered Brand : Gauss",23.4028,21.9493,recyclable,,Two for One,supeRmArket,8.34 Millions,3.336 Millions,2049.66,457.36,304.91,300.8296,SaO PauLo,5P,-23.532125805701536,-46.725699251889765,Sao Paulo,Sp,-23.57714001165677,-46.48276229003407,2.0
mc_ID_1990,"Married Male with three children, education: bachelors degree working as professional",50 Thousand,"Fruit from Produce department, Ordered Brand : Tri-State",480.44 oz,10.6984,recyclable,"['Ready Food', 'Coffee Bar', 'Florist', 'Bar For Salad']",Roller Savings (High) ,,8.58 Millions,4.2042 Millions,1565.33,385.45,,637.6939,rio de janeiro,RJ,-22.842290284753936,-43.29762071175495,itapecerica da serra,5P,-23.72033746105922,data: -46.85362208015704,5.0
mc_ID_1991,"Single Female with four children, education: bachelors degree working as professional",70K+,"Cleaning Supplies from Household department, Ordered Brand : Denny",29.5079,26.4554,recyclable,['Coffee Bar'],,Small Groc3ry,0.51 Millions,0.1632 Millions,1394.66,534.29,357.71,414.8959,fortaleza,Ca,-3.727902784537524,-38.560445470261314,sao paulo,Sp,-23.53108125950717,-46.51791357132556,5.0
mc_ID_1995,"Single Male with four children, education: partial high school working as skilled manual",10K+,"Vegetables from Canned Foods department, Ordered Brand : Bravo",9.8844,8430.80 grams,recyclable,,Save It (Sale),Suparmarket,12.6 Millions,5.04 Millions,2049.72,457.36,304.91,467.4051,_brumadinho,MG,-20.198222315762948,-44.00961734339785,borda da mata,MG,-22.264093569966427,-46.15856420525942,4.0
mc_ID_1996,Single Female with four children; education: bachelos degree working as professional,840+ monthly,"Snack Foods from Snack Foods department, Ordered Brand : Best Choice",14.3906,10.02 kg,non recyclable,"['Ready Food', 'Bar For Salad']",Super Savers,Supermarket,2.98 Millions,1.2814 Millions,2448.37,470.27,313.55,719.3865,CAMPOS NOVOS,SC,-27.40306200418821,-51.22967409631809,sao pauLO,Sp,val: -23.528716250620374,-46.62026515958797,4.0
mc_ID_1998,"Marriied Female with four children, education: partial High School working as skilled manual",10K+,"Vegetables from Produce department, Ordered Brand : Tell Tale",27.1822,24.275,non recyclable,['Coffee Bar'],Full Free,5mall Grocery,1.46 Millions,0.4818 Millions,1394.66,534.29,358.18,320.4421,indai4tuba,"SP
",-23.12851459612905,-47.2406058481293,kascavel,pr,-24.955814183258344,-53.43029571217104,5.0
mc_ID_1999,"Married  Female  with  one  child,  education:  partial  high  school  working  as  skilled  manual",10K+,"Snack Foods from Snack Foods department, Ordered Brand : Fast",11.7014,8.7942,non recyclable,"['Ready Food', 'Video Store', 'Coffee Bar', 'Bar For Salad', 'Florist']",Green Light Special,dELUxe,6.56 Millions,2.7552 Millions,1523.72,,248.79,507.9899,cacador,sc,-26.77759782919396,-51.0266006692904,JUIZ DE FORA,MG,-21.76282506633389,-43.34295644532287,4.0
mc_ID_2003,"Single Female with one child, education: partial high school working as professional",110K+,"Dairy from Dairy department, Ordered Brand : Even Better",21.5132,18.606,recyclable,"['Coffee Bar', 'Bar For Salad', 'Ready Food', 'Video Store', 'Florist']",,,1.7 Millions,0.816 Millions,1525.28,373.1,,266.73,sao paulo,"SP
",-23.644289462115523,-46.701457465029705,sao paulo,SP,-23.54029947071385,-46.66278360519932,5.0
mc_ID_2005,"Single Male with two children, education: bachelors degree working as professional",70K+,"Bread from Baked Goods department, Ordered Brand : Sphinx",14.6813,10.3205,recyclable,['Florist'],Roller Savings (High) ,Supermarket,€5.0M,2.2815 Millions,1320.15,523.32,,532.6232,SAO PAULO,sP,val: -23.56370226740048,-46.67529085698279,piritub4,Sp,-23.49065997530149,-46.7284764394945,data: 4.0
mc_ID_2006,"Married Male with two kids, education: partial college working as manual",$30K+,"Snack Foods from Snack Foods department, Ordered Brand : Best Choice",15.6988,12.7916,non recyclable,['Florist'],Roller Savings (High) ,Supermarket,5.43 Millions,2.2806 Millions,1322.2,523.32,350.65,532.6232,palmas,PR,-26.48257236390896,-51.9929615275,sao paulo ,SP,-23.65111484251016,-46.75521082321932,4.0
mc_ID_2012,Single Female with five children; education: high school degree working as skilled manual,30K+,"Vegetables from Produce department, Ordered Brand : Ebony",31.1069,28.0543,non recyclable,,Mystery Sale,Supermarket,7.02 Millions,3.0888 Millions,,341.05,227.33,€611.12,capivari,SP,measure: -23.0122137105142,-47.52203973160603,baependi ,MG,-21.956309999999995,-44.882378788136165,4.0
mc_ID_2014,"Married Female with No children, education: partial college working as clerical",€25K+,"Kitchen Products from Household department, Ordered Brand : Cormorant",30.9615,27.909,recyclable,,Budget Bargains,,5.44 Millions,2.448 Millions,1623.48,341.05,227.33,623.7298,salvador,Ba,-13.01166646433722,-38.47385550207748,ibitinga,SP,-21.7664768468313,-48.83154737836604,1.0
mc_ID_2015,"Single Male with one child, education: HS degree working as manual",50K+,"Plastic Products from Household department, Ordered Brand : Sunset",19.0421,data: 16.1349,non recyclable,,Big Time Discounts,supermarket,€8.7M,3.598 Millions,1508,,151.9,574.9339,"campo limpo paulista
",	SP,-23.20706431353269,-46.760735214610754,sao paulo,Sp,-23.54052887362136,-46.44848419206763,2.0
mc_ID_2016,"Married Female with three children, education: partial HS working as professional.",90K+,"Meat from Deli department, Ordered Brand : Red Spade",26.31,24.8564,non recyclable,"['Florist', 'Bar For Salad', 'Video Store', 'Coffee Bar', 'Ready Food']",, Gourme7,6.76 Millions,3.042 Millions,1424.85,465.54,310.3,351.7175,SAO PAULO,SP,-23.48029674271453,measure: -46.71122495337295,SAo JoSE Dos cAmpoS,Sp,-23.20178111878932,-45.89567007799064,5.0
mc_ID_2017,"Married Female with one child, education: high school degree working as skilled manual",30K+,"Snack Foods from Snack Foods department, Ordered Brand : Nationeel",15.1174,10.7421,recyclable,,Price Destroyers,$upermarket,7.4 Millions,2.96 Millions,1508.06,227.8,151.9,588.3227,PALMA,MG,-21.37690203881977,-42.31332227689926,Rolandia,PR,-23.31259824896755,amount: -51.36894941889966,4.0
mc_ID_2018,"Single Female with one kid, education: partial high school working as professional",90000,"Vegetables from Produce department, Ordered Brand : Tell Tale",24.7111,20.3503,non recyclable,"['Coffee Bar', 'Florist', 'Bar For Salad', 'Ready Food', 'Video Store']",Shelf Clearing Days,Deluxe,7.98 Millions,2.5536 Millions,,593.93,395.95,516.7763,rio de janeiro,RJ,-22.891478935169616,-43.44853638743293,salto,SP,-23.198860047870664,-47.29334560811024,5.0
mc_ID_2019,"Single Female with one child, education: bachelors degree working as management",$50K+,"Meat from Meat department, Ordered Brand : Footnote",19.1874,16.1349,non recyclable,"['Florist', 'Bar For Salad', 'Coffee Bar', 'Video Store', 'Ready Food']",Discount Frenzy,GOURMET,2.91Ms,0.873 Millions,1424.85,465.54,308.99,data: 504.9565,sao paulo, sp,-23.64666879464098,-46.70170205392939,sao p4ulo, sp,-23.56788988703906,-46.57394821510183,4.0
mc_ID_2021,"Married Male with two children, education: partial high school working as skilled manual",10K+,"Snack Foods from Snack Foods department, Ordered Brand : Fort West",23.4028,722.97 oz,recyclable,"['Bar For Salad', 'Florist', 'Coffee Bar', 'Video Store', 'Ready Food']",Pick Your Savings,,7.76 Millions,2.328 Millions,2038.11,481.98,321.26,739.4174,jaboatao dos guararapes,pe,-8.158610896096468,-34.93938825144736,curitiba,PR,-25.464029318048183,-49.30472794690424,1.0
mc_ID_2024,"Single Male with one child, education: partial college working as professional",30K+,"Frozen Entrees from Frozen Foods department, Ordered Brand : PigTail",21.0771,19.6235,recyclable,"['Bar For Salad', 'Ready Food', 'Florist', 'Coffee Bar', 'Video Store']",Two for One,Deluxe,€3.6M,1.712 Millions,2038.11,481.98,319.6,358.9349,sao paulo,	SP,-23.49375734722135,-46.74053054079866,pedreira,sp,-22.73824150585765,-46.8958585777586,5.0
mc_ID_2025,"Single Female with two kids, education: partial HS working as skilled manual",30K or more,"Frozen Entrees from Frozen Foods department, Ordered Brand : Big Time",-0.1,7.7622,non recyclable,"['Ready Food', 'Bar For Salad', 'Florist', 'Coffee Bar']",Three for One,,6.42 Millions,2.5038 Millions,,656.13,435.88,640.5181,araPOnGAs,PR,-23.40693696576036,measure: -51.459610956418295,sao paulo,SP,-23.53877907744238,-46.53648566833056,4.0
mc_ID_2026,"Married Male with No children, education: partial high school working as manual",10K or more,"Cold Remedies from Health and Hygiene department, Ordered Brand : Faux Products",val: 21.0771,18.1699,non recyclable,"['Ready Food', 'Video Store', 'Bar For Salad', 'Coffee Bar', 'Florist']",Three for One,Deluxe,2.12 Millions,1.0388 Millions,1871.16,595.93,395.95,688.3726,suZaNO,Sp,-23.529356731919226,-46.31442922624533,porto ferreira,SP,-21.858555070695942,val: -47.48403458197557,5.0
mc_ID_2027,"Married Male with two children, education: HS degree working as skilled manual",30K+,"Snack Foods from Snack Foods department, Ordered Brand : Best Choice",21.3678,amount: 18.3153,recyclable,"['Bar For Salad', 'Ready Food']",,	Supermarket,4.76Ms,1.5708 Millions,2265.9,853.22,568.75,346.1214,belo horizonte,MG,-19.830921338882806,-43.96358122785512,sarandi,pr,-23.431481257369107,-51.85490851643521,5.0
mc_ID_2028,"Single Female with No children, education: partial high school working as management",90k,"Starchy Foods from Starchy Foods department, Ordered Brand : Discover",11.716,8.8088,non recyclable,"['Coffee Bar', 'Video Store', 'Florist', 'Bar For Salad', 'Ready Food']",Dimes Off,Deluxe_,1.76 Millions,0.5984 Millions,2040.45,481.98,321.26,550.6144,gUaRuLHOS,5P,-23.422313378296494,-46.520062240348594,GUARULHOS,SP,-23.42207596280801,-46.49318406994056,data: 5.0
mc_ID_2031,"Single Male w/ one child, education: bachelors degree working as management",50K+,"Electrical from Household department, Ordered Brand : Cormorant",17.4431,13.0823,recyclable,"['Bar For Salad', 'Ready Food']",Green Light Special,Supermarket,7.71 Millions,3.7779 Millions,2265.9,853.22,568.75,643.3946,caxias do sul,RS,-29.178365921096788,-51.17747690331007,ilicinea,MG,amount: -20.944705621834668,-45.82709818233235,5.0
mc_ID_2033,"Married Male with two children, education: bachelors degree working as management",70K+,"Hygiene from Health and Hygiene department, Ordered Brand : Consolidated",-16.8617,13.9545,recyclable,"['Ready Food', 'Bar For Salad']",Go For It,Supermarket,3.84 Millions,1.8816 Millions,,853.22,566.88,553.0202,çravinhos,Sp,-21.33657673516688,-47.74963189171813,"brusque
",SC,-27.14105704919435,data: -48.96146112936535,5.0
mc_ID_2034,"Married Female with five children, education: bachelors degree working as management, Married Female with five children",70k,"Miscellaneous from Checkout department, Ordered Brand : Framton",30.0894,28.6358,recyclable,"['Bar For Salad', 'Ready Food']",Price Slashers,supermarket,€9.8M,4.83 Millions,2448.37,470.27,315,402.7623,Juiz De Fora,mg,-21.74833169302905,-43.36528741993188,ibitinga,SP,-21.7664768468313,-48.83154737836604,4.0
mc_ID_2035,"Single Female with two children, education: partial high school working as skilled manual",30K or more,"Beer and Wine from Alcoholic Beverages department, Ordered Brand : Pearl",14.347,351.74 oz,recyclable,"['Florist', 'Ready Food', 'Bar For Salad', 'Coffee Bar']",Promo Big,Deluxe,$1.71 Millions,0.7695 Millions,2055.29,654.13,436.09,267.3576,sao paulo,SP,-23.525060091869104,-46.583738219401,RIBEIRAO PRETO,Sp,-21.17121748495008,-47.81941847157649,4.0
nil,"Single Female with two childern, education: High School degree working as professional",90K+,"Fruit from Canned Products department, Ordered Brand : Toucan",26.0193,22.9668,recyclable,,Price Destroyers,Mid-Size,"4.2 ,000,000illions",1.68 Millions,2818.14,447.7,298.5,data: 728.2775,ijui,RS,-28.389227656496743,-53.92967622327969,ibitinga,SP,-21.7664768468313,-48.83154737836604,1.0
mc_ID_2037,"Single Male with two children, education: partial college working as management",30K+,"Vegetables from Frozen Foods department, Ordered Brand : Big Time",10.4659,8.9977,recyclable,['Coffee Bar'],,,9.96 Millions,3.3864 Millions,1236.07,440.92,294.79,364.1649,brumadinho,MG,-20.198222315762948,-44.00961734339785,sao paulo,SP,amount: -23.693985995008337,-46.70188324132953,5.0
mc_ID_2038,"Married Female with three children , education: bachelors degree working as professional",70K+,"Fruit from Canned Products department, Ordered Brand : Big City",16.8617,12.5009,recyclable,"['Video Store', 'Coffee Bar', 'Ready Food', 'Bar For Salad', 'Florist']",Big Time Discounts,,3.04 Millions,1.216 Millions,2040.58,481.98,321.26,328.1302,sao p4ulo,SP,-23.550651,measure: -46.69978398499636,SAQUaREm@,RJ,-22.91119567907111,measure: -42.47940224673698,val: 5.0
mc_ID_2039,"Married Female with four children, education: partial high school working as manual",30K+,"Hardware from Household department, Ordered Brand : Sunset",25.1472,-22.0946,non recyclable,"['Coffee Bar', 'Bar For Salad', 'Ready Food', 'Florist', 'Video Store']",Tip Top Savings,Deluxa,6.88 Millions,2.1328 Millions,1734.5,503.07,335.61,287.127,sao goncalo,Rj,-22.87403983236193,-43.03308929516996,rio de janeiro,RJ,-22.972956517889177,-43.39706327699233,5.0
mc_ID_2041,"Married Female with three children, education: high school degree working as skilled manual",30K+,"Bathroom Products from Health and Hygiene department, Ordered Brand : Steady",30.6708,29.2172,non recyclable,"['Coffee Bar', 'Florist', 'Ready Food', 'Video Store', 'Bar For Salad']",,Deluxe,8.96 Millions,3.4944 Millions,,505.07,335.38,€308.83,diadema,5P,-23.68674443213689,-46.62957957175823,pEDrEIra,sp,-22.73824150585765,-46.8958585777586,4.0
mc_ID_2043,"Single Female with one child, education: partial high school working as manual",10K+ annually,"Canned Soup from Canned Foods department, Ordered Brand : Better",11.5997,8.6925,recyclable,"['Ready Food', 'Bar For Salad', 'Florist', 'Coffee Bar', 'Video Store']",,DEIUXE,2.46Ms,0.7872 Millions,1525.28,373.1,248.16,393.4006,itabira,MG,measure: -19.63165621067063,-43.212335433135365,sao p@ulo,SP,-23.61309814432454,-46.77081710713256,5.0
mc_ID_2044,"Single Female with No kids, education: HS degree working as skilled manual",30K+,"Canned Soup from Canned Foods department, Ordered Brand : Bravo",21.8039,18.8967,non recyclable,['Florist'],Price Destroyers,Supermarket,1.6 Millions,0.56 Millions,1320.15,525.32,347.83,710.8616,JuiZ DE FURA,MG ,-21.703103099082472,-43.43127757868314, sao paulo ,,-23.62358155176294,-46.61056007369148,5.0
mc_ID_2047,"Single Male with five children, education: partial high school working as management",110K+,"Electrical from Household department, Ordered Brand : High Quality",30.9615,984.46 oz,non recyclable,"['Ready Food', 'Video Store', 'Florist', 'Bar For Salad', 'Coffee Bar']",Bag Stuffer,,6.63 Millions,2.652 Millions,1734.5,503.07,335.38,measure: 662.2226,joinville,SC,-26.329608,-48.81747031112588,sau jose do rio preto,SP,-20.80243626346376,-49.39562406741489,3.0
mc_ID_2049,"Single Female with No children, education: bachelors degree working as professional",50K+,"Vegetables from Frozen Foods department, Ordered Brand : Golden",29.944,27.0368,non recyclable,"['Florist', 'Coffee Bar', 'Bar For Salad', 'Video Store', 'Ready Food']",Pick Your Savings,Gourmet,€1.8M,0.7128 Millions,1423.2,465.54,310.3,351.7175,itapetinga,BA,-15.257043246448555,-40.24755211052718,sao paulo,Sp,,,5.0
mc_ID_2052,"Single Male with two kids, education: bachelors degree working as professional",50K+,"Meat from Frozen Foods department, Ordered Brand : Golden",21.2225,16.8617,non recyclable,"['Video Store', 'Florist', 'Coffee Bar', 'Ready Food', 'Bar For Salad']",Sale Sale Sale,Deluxe,8.43 Millions,4.1307 Millions,1525.28,373.1,Not Available,722.6814,Sao Paulo,SP,-23.59646742221188,-46.64910582015532,monte siao ,"MG
",-22.42880507067007,-46.569550269431765,5.0
mc_ID_2053,"Single  Male  with  one  child,  education:  high  school  degree  working  as  professional",130000,"Pain Relievers from Health and Hygiene department, Ordered Brand : Faux Products",18.1699,15.2627,non recyclable,['Coffee Bar'],Big Time Saving,"Supermarket
",5.97 Millions,2.7462 Millions,1236.07,440.92,295.28,710.234,Sao Paulo, SP,-23.621426340267785,-46.637372330976966,sao paulo,SP,-23.69289565500035,-46.68021046531817,1.0/5.0
mc_ID_2054,"Single Female with three children, education: partial high school working as skilled manual",30K+,"Bathroom Products from Health and Hygiene department, Ordered Brand : Faux Products",29.2172,27.7636,non recyclable,['Florist'],Two for One,Supermarket,"9.12 ,000,000illions",4.1952 Millions,1323.11,525.32,348.85,360.7131,araguari,MG,-18.643784093954583,-48.20804381879092,BRA$ILIA,DF,-15.84494561197996,-47.98527498130505,5.0
mc_ID_2055,"Single Male with three children, education: high school degree working as management",110k,"Meat from Frozen Foods department, Ordered Brand : Imagine",15.9895,11.6287,non recyclable,['Coffee Bar'],Discount Frenzy,Supermarket,10.38 Millions,3.2178 Millions,1236.07,440.92,,760.4943,SALVADOR,BA ,-12.901796861905076,-38.46360893604487, atibaia,SP,-23.112774381969185,data: -46.5488845105504,1.0
mc_ID_2056,"Single Male with one child, education: graduate degree working as professional",$90K+,"Specialty from Produce department, Ordered Brand : Tell Tale",16.4256,13.5184,non recyclable,"['Coffee Bar', 'Florist', 'Video Store', 'Ready Food', 'Bar For Salad']",,,11.4 Millions,5.016 Millions,,593.93,395.95,484.1411,brasilia,DF,,measure: nan,sao paulo,SP,-23.539824031911863,-46.434679443937874,5.0
mc_ID_2057,"mARRIED mALE WITH nO KIDREN, EDUCATION: PARTIAL COLLEGE WORKING AS SKILLED MANUAL",30K+,"Frozen Entrees from Frozen Foods department, Ordered Brand : Imagine",20.9317,19.3328,recyclable,"['Video Store', 'Florist', 'Ready Food', 'Coffee Bar', 'Bar For Salad']",One Day Sale,,4.9 Millions,1.862 Millions,1424.85,,308.79,449.1524,almenara,MG,-16.186824121841298,-40.69161218605689,pedreira,SP_,-22.73824150585765,amount: -46.8958585777586,5.0
mc_ID_2058,"Married Female with four children, education: bachelors degree working as management",70K+ annually,"Meat from Deli department, Ordered Brand : American",20.641,16.1349,recyclable,"['Florist', 'Bar For Salad', 'Video Store', 'Ready Food', 'Coffee Bar']",Go For It,Deluxe,3.12 Millions,1.2792 Millions,2038.11,481.98,321.26,455.3761,OCARA,cE,Not Specified,-38.59571797110946,santo andre,SP,-23.665703457960586,-46.51808196779969,4.0
mc_ID_2059,"Married Male with one child, education: bachelors degree working as management",90K+,"Vegetables from Frozen Foods department, Ordered Brand : Carrington",9.9862,8.5181,non recyclable,,Two Day Sale,,2.76 Millions,0.8832 Millions,1623.48,341.05,227.47,383.2021,seo paulo,SP,-23.57962431611753,-46.67398981057763,rio de janeiro, RJ,measure: -22.933875887039065,data: -43.68870134055625,data: 1.0
mc_ID_2061,"Single Female with three children, education: partial high school working as manual",10K+,"Electrical from Household department, Ordered Brand : Red Wing",14.972,12.0648,recyclable,"['Florist', 'Coffee Bar', 'Ready Food', 'Bar For Salad']",Price Winners,Deluxe,11.07 Millions,5.2029 Millions,2055.29,654.13,436.45,€420.68,sant4na,aP,-0.0509263327693188,-51.15847326890738,SAO PAULO,$P,-23.49517247515727,-46.50119464071786,4.0
mc_ID_2062,"Single Male with three children, education: bachelors degree working as professional",50 Thousand,"Fruit from Produce department, Ordered Brand : Ebony",10.5822,9.1286,recyclable,"['Bar For Salad', 'Ready Food', 'Florist', 'Coffee Bar']",Two Day Sale,Gourmet,€11.7M,4.2532 Millions,1561.94,385.45,,486.9653,indaiatuba,Sp,-23.089034640573622,-47.21441923786709,santo andre,SP,measure: -23.69931254058364,-46.501432357095794,5.0
mc_ID_2063,Single Female with No children; education: bachelors degree working as professional,€76K+,"Meat from Meat department, Ordered Brand : Footnote",18.8967,-15.9895,non recyclable,"['Bar For Salad', 'Ready Food', 'Coffee Bar', 'Florist', 'Video Store']",,Gourmet ,4.47 Millions,2.0115 Millions,1424.85,465.54,308.32,360.7131,piac@bucu,AL,-10.405836974901254,-36.42901526334425,Campo Limpo Paulista,SP,-23.20706431353269,-46.760735214610754,val: 5.0
mc_ID_2064,"Married Female with five children, education: partial high school working as skilled manual",50K+,"Snack Foods from Snack Foods department, Ordered Brand : Fort West",13.5329,10.6258,non recyclable,,Go For It,SUPERMARKET,10.64 Millions,3.5112 Millions,,457.36,306.72,509.6635,sao luis,MA,-2.5326637143013366,-44.25820208534852,LauroDeFreitas,ba,-12.895112589380958,-38.33895999999978,5.0
mc_ID_2065,"Married Female with two children, education: high school degree working as skilled manual",50K+,"Canned Soup from Canned Foods department, Ordered Brand : Bravo",-9.3175,measure: 7.8494,non recyclable,"['Bar For Salad', 'Coffee Bar', 'Florist', 'Ready Food', 'Video Store']",Price Destroyers,Deluxe,16.6 Millions,5.478 Millions,2037.93,481.98,319.6,777.2826,rio de janeiro,RJ,-22.973260219372296,-43.64242747132143,CUR1TIBA,pr,-25.397971942264448,-49.24103753690352,3.0
mc_ID_2066,"Single Female with two children, education: partial high school working as skilled manual",Income: 30K+,"Vegetables from Frozen Foods department, Ordered Brand : Big Time",27.4729,val: 22.9668,recyclable,"['Coffee Bar', 'Florist', 'Bar For Salad', 'Ready Food']",Sale : Double Down,Deluxe,"2.76 ,000,000illions",1.0764 Millions,2056.1,654.13,436.09,amount: 500.7202,sa0 miguel do oeste,"SC
",-26.7286991677439,measure: -53.51449582910278,salto,SP,-23.19024365306712,-47.291570633360266,4.0
mc_ID_2067,"Single Female with No children,education: partial High School working as skilled manual",10 Thousand,"Bread from Baked Goods department, Ordered Brand : Great",amount: 9.0123,7.5441,recyclable,"['Ready Food', 'Bar For Salad']",Save It (Sale),Supermarket,11.58 Millions,3.8214 Millions,2266.63,853.22,568.75,339.1132, sao jose do rio preto ,SP,-20.82418210752639,-49.350834727060686,arapongas,PR,-23.420739085916825,-51.41460369847018,5.0/5.0
mc_ID_2068,"Married Female with four children, education: partial high school working as skilled manual",10000,"Snack Foods from Snack Foods department, Ordered Brand : Fast",21.3678,18.3153,non recyclable,"['Ready Food', 'Bar For Salad', 'Video Store', 'Florist', 'Coffee Bar']",Discount Frenzy,GOURMET,8.34 Millions,4.0866 Millions,1424.85,465.54,310.3,504.9565,SCHROEDER,SC,data: -26.40323432806667,-49.087597917849614,rio de janeiro,RJ,measure: -22.87459850346245,###,4.0
mc_ID_2069,"Married Female with one child, education: partial college working as clerical",30000,"Baking Goods from Baking Goods department, Ordered Brand : CDR",-31.1069,28.0543,recyclable,"['Florist', 'Ready Food', 'Coffee Bar', 'Video Store', 'Bar For Salad']",Lottery Cash Registerion,Deluxe,"14.08 ,000,000illions",5.632 Millions,1734.5,,335.76,290.7357,curitiba_,Pr,data: -25.42173219426981,-49.23008343020366,santo andre,Sp,-23.665703457960586,-46.51808196779969,4.0
mc_ID_2070,"Married Male with two children, education: graduate degree working as professional",70K+,"Candy from Snacks department, Ordered Brand : Musial",19.6235,18.1699,non recyclable,"['Bar For Salad', 'Ready Food']",Mystery Sale,Supermarket,3.92 Millions,1.6856 Millions,2263.37,853.22,568.75,444.3931,Belo Horizonte,MG,-19.95278244962204,-43.97732281888751, s4o paulo ,sp,-23.693985995008337,-46.70188324132953,5.0
mc_ID_2072,"Married Female with two children, education: bachelors degree working as management",70 Thousand,"Eggs from Eggs department, Ordered Brand : Jumbo",31.54 kg,28.6358,non recyclable,"['Coffee Bar', 'Video Store', 'Bar For Salad', 'Ready Food', 'Florist']",Price Winners,"Deluxe
",$4.26 Millions,1.278 Millions,,,395.95,data: 436.9665,cosmopolis,sp,-22.63040932101044,-47.20184824565054,5ao paulo,$P,-23.539494799586286,-46.63284391414975,measure: 4.0
mc_ID_2077,"Single Female with two children, education: partial college working as professional",50000,"Bathroom Products from Health and Hygiene department, Ordered Brand : Steady",19.9142,-15.4081,recyclable,['Coffee Bar'],,Supermarket,1.71 Millions,0.5301 Millions,1236.07,440.92,292.56,596.2723,sAlVadOr, BA,-12.970153992000766,amount: -38.41364598491432,joinvil1e,SC,measure: -26.270134671231133,-48.80876106346335,1.0
mc_ID_2079,"Married Male with two childern , education: partial high school working as manual",10K+,"Jams and Jellies from Baking Goods department, Ordered Brand : Landslide",11.338,8.4308,recyclable,['Florist'],,Supermarke7,2.19 Millions,0.6789 Millions,1320.15,523.32,348.85,532.6232,$alvador,BA,-12.9154005,-38.35595025000001,rio  de  jameiro, RJ,-22.829193849010363,measure: -43.408286706907525,4.0
mc_ID_2080,"Married Female with one child, education: partial college working as manual",30K+,"Dairy from Dairy department, Ordered Brand : Gorilla",-12.4718,9.5501,recyclable,"['Coffee Bar', 'Florist']",Save It (Sale),Mid-Size,8.88 Millions,4.3512 Millions,2551.4,389.54,259.66,394.5512,MANDAGUACU,PR,-23.3444533546691,-52.0955185291364,cuiaba,Mt,-15.672887529119013,-56.06797233297959,4.0
mc_ID_2081,"Married Female with two children, education: high school degree working as professional",70K+,"Frozen Entrees from Frozen Foods department, Ordered Brand : Golden",15.5534,14.0853,recyclable,"['Video Store', 'Florist', 'Ready Food', 'Bar For Salad', 'Coffee Bar']",You Save Days,Gourmet,4.22 Millions,1.9834 Millions,1424.85,465.54,,amount: 689.3663,belo horizonte,MG,-19.892338512349244,-43.9326199797449,Curitiba,pR,-25.539430693865768,-49.2886326382077,5.0
mc_ID_2082,"SINGLE MALE WITH TWO KIDREN, EDUCATION: PARTIAL HIGH SCHOOL WORKING AS SKILLED MANUAL",10K+,###,13.5329,9.1722,recyclable,"['Ready Food', 'Video Store', 'Bar For Salad', 'Coffee Bar', 'Florist']",,Deluxe,$7.48 Millions,3.0668 Millions,1734.72,503.07,335.38,313.0678,belo horizonte,MG,-19.977266817935217,-44.030220762565605,,,,,2.0
mc_ID_2085,"Single Female with three children , education: partial college working as skilled manual",30K+,"Magazines from Periodicals department, Ordered Brand : Robust",val: 20.9317,19.3328,non recyclable,,Coupon Spectacular,Mid-Size,1.2 Millions,0.6 Millions,2086.24,783.64,522.06,759.9713,aracatuba,"5P
",-21.17488410992716,-50.44701325359632,riberao preto,Sp,-21.16850440882337,-47.79370519233655,5.0
mc_ID_2086,"Single Female with three children, education: high school degree working as skilled manual",50K+,"Meat from Deli department, Ordered Brand : Moms",26.1647,24.7111,non recyclable,"['Bar For Salad', 'Coffee Bar', 'Ready Food', 'Florist']",Budget Bargains,,$4.2 Millions,1.89 Millions,2055.29,654.13,437.95,715.1502,sa0 martinho,RS,-27.70997649068157,val: -53.96247033037334,ib1tinga,SP,-21.7664768468313,-48.83154737836604,5.0
mc_ID_2087,"Single Female with four children, education: high school degree working as professional",150K+,"Snack Foods from Snack Foods department, Ordered Brand : Fast",25.874,22.8214,non recyclable,"['Bar For Salad', 'Ready Food']",Price Cutters,,1.77 Millions,0.6195 Millions,2265.9,853.22,568.75,761.0696,Presidente Prudente,SP,-22.12714089877284,-51.42017611679179,maringa,"pR
",-23.41848622413047,-51.92625934548862,5.0
mc_ID_2088,"Single Female with one child, education: partial high school working as skilled manual",10K+,"Baking Goods from Baking Goods department, Ordered Brand : Plato",19.48 kg,amount: 14.972,recyclable,"['Ready Food', 'Bar For Salad']",Price Slashers,Supermarket,1.54 Millions,0.462 Millions,2448.37,470.27,313.55,402.7623,santa gertrudes,SP,amount: -22.457455770483627,-47.53936224061793,rolandia,PR,-23.31259824896755,-51.36894941889966,5.0
mc_ID_2089,"Married Female with four kids, education: partial HS working as skilled manual",10000,"Vegetables from Frozen Foods department, Ordered Brand : PigTail",14.4487,-11.527,non recyclable,"['Bar For Salad', 'Ready Food']",,Supermarket,$3.24 Millions,1.0368 Millions,,470.27,313.55,363.6942,Sao Pauio,SP,-23.594963898695823,-46.60881370760002,sao paulo,SP,-23.59539756425642,-46.55163738273989,5.0
mc_ID_2090,"Married Male with two children, education: high school degree working as manual",30K or more,"Cleaning Supplies from Household department, Ordered Brand : Cormorant",23.1121,-20.0596,non recyclable,"['Ready Food', 'Florist', 'Coffee Bar', 'Bar For Salad', 'Video Store']",Save It (Sale),Gourmet,11.43Ms,3.5433 Millions,1427.3,,310.3,427.7617,BrAgANCa paulIstA,SP,measure: -22.946012455450425,-46.52383551318598,novo horizonte,sp,-21.46284342229134,-49.21918836311204,5.0
mc_ID_2091,"Single Female with four children, education: partial high school working as skilled manual",10K+,"Vegetables from Canned Foods department, Ordered Brand : Pleasant",10.9019,9.4484,recyclable,"['Florist', 'Ready Food', 'Bar For Salad', 'Coffee Bar']",Saving Days,,6.4 Millions,2.304 Millions,2055.29,654.13,436.09,352.0313,Indaiatuba,sp,-23.096930888424048,-47.22158776519132,Not Available,SP,-23.555682314184303,-46.63309991286275,3.0
mc_ID_2093,"Single Male with No children, education: high school degree working as manual",30K+,"Carbonated Beverages from Beverages department, Ordered Brand : Excellent",val: 25.874,24.275,recyclable,,Roller Savings (High) ,Supermarket,7.41 Millions,2.5194 Millions,,227.8,,379.7503,sao paulo,SP_,-23.54052887362136,amount: -46.44848419206763,brasilia,DF,-15.84773403146559,data: -48.11320617572606,1.0
mc_ID_2094,"Married Male with three children, education: bachelors degree working as professional",90K+,"Candy from Snacks department, Ordered Brand : Atomic",-11.3235,8.4018,recyclable,"['Bar For Salad', 'Ready Food']",Green Light Special,Supermarket ,9.48 Millions,4.5504 Millions,2264.65,853.22,,val: 643.3946,sao paulo,sp,val: -23.651715093143583,-46.787411725868246,lencois paulista,SP,-22.6025864711492,data: -48.81247149518349,4.0
mc_ID_2095,"Single Female with four children, education: high school degree working as manual",30000,"Seafood from Seafood department, Ordered Brand : Tip Top",30.9615,29.3626,recyclable,"['Ready Food', 'Bar For Salad', 'Coffee Bar', 'Florist']",Save Price,Deluxe,10.8 Millions,4.536 Millions,2055.29,654.13,,584.191,sao paulo,SP,-23.515789212043405,measure: -46.59197639370417,$AO PAULO,SP,-23.667843855675457,-46.66038973120199,5.0
mc_ID_2096,"Married Male with five children, education: partial college working as professional",30K+,"Frozen Entrees from Frozen Foods department, Ordered Brand : Big Time",9.2303,-7.7622,non recyclable,,Big Time Discounts,Supermarket,6.42Ms,2.9532 Millions,2047.24,457.36,304.91,310.662,sao paulu,	sp,val: -23.71840541548848,-46.68541965889548,ibitinga,SP,val: -21.7664768468313,-48.83154737836604,1.0
mc_ID_2097,Married Male with one child | education: partial high school working as professional,130 Thousand,"Pain Relievers from Health and Hygiene department, Ordered Brand : Steady",15.6988,data: 12.7916,recyclable,"['Video Store', 'Ready Food', 'Coffee Bar', 'Florist', 'Bar For Salad']",Sale Sale Sale,,6.96 Millions,3.0624 Millions,1525.28,373.1,248.79,722.6814,PIRACICABA,SP,-22.746032877835145,-47.63636231303046,	santa barbara d'oeste,SP,-22.75967282783305,-47.364736674563375,5.0
mc_ID_2098,"Single Male with three children, education: high school degree working as manual",30k,"Fruit from Produce department, Ordered Brand : Tri-State",13.2277,10.3205,recyclable,"['Video Store', 'Coffee Bar', 'Ready Food', 'Bar For Salad', 'Florist']",Big Time Discounts,,"9.57 ,000,000illions",4.5936 Millions,1734.5,505.07,335.48,583.1973,sao PaUlO,SP,-23.65447316625308,-46.61013118013155,maringA,PR,-23.41382198370398,-51.90777440824636,4.0
mc_ID_2099,"Married Female with five children, education: bachelors degree working as professional",130K+,"Fruit from Produce department, Ordered Brand : Tell Tale",14.3179,11.4107,non recyclable,"['Video Store', 'Ready Food', 'Bar For Salad', 'Florist', 'Coffee Bar']",Roller Savings (High) ,GOURMeT,€7.0M,2.7948 Millions,1424.85,467.54,310.3,532.6232,EUnapOliS,BA,amount: -16.37787453533949,amount: -39.58753930062822,Bebedouro,Sp,-20.928623885001464,-48.49299639722605,4.0
mc_ID_2100,"Single Male with one child, education: bachelors degree working as professional",130K+,"Candy from Snacks department, Ordered Brand : Thresher",14.972,12.0648,recyclable,,Sales Days,Supermarket,4.74 Millions,2.0856 Millions,,,304.91,amount: 610.5502,forta1eza,CE ,-3.773103066333888,-38.517498612960935,sao paulo,SP,-23.49997012461769,-46.42365639286743,5.0
mc_ID_2102,"Single Male with three children, education: high school degree working as manual",30K+,"Meat from Deli department, Ordered Brand : Red Spade",26.31,-24.8564,non recyclable,"['Coffee Bar', 'Bar For Salad', 'Florist', 'Ready Food', 'Video Store']",GLD,DELUXE,5.07 Millions,1.521 Millions,1734.5,505.07,335.38,346.5921,FlOrIANopOLIs,"SC
",-27.42864592363426,-48.45905918284473,sao paulo,SP,-23.5300706924808,val: -46.56414335887811,4.0
mc_ID_2103,"Single Male with three children, education: bachelors degree working as professional",70K+,"Meat from Deli department, Ordered Brand : Moms",val: 14.8266,11.9049,recyclable,,Big Time Discounts,,6.48 Millions,2.7216 Millions,1508,227.8,152.81,761.488,p0rto xavier,R$,-27.90472170174092,-55.13510240991884,maringa,PR,-23.377396999935016,-51.93100618003307,5.0
mc_ID_2104,"Single Male with four children, education: bachelors degree working as professional",600+ monthly,"Baking Goods from Baking Goods department, Ordered Brand : Landslide",10.5676,measure: 6.1923,recyclable,,Sale Sale Sale,Mid-S1ze,"2.32 ,000,000illions",0.7424 Millions,2085.67,783.64,521.18,739.4697,belem,PA,-1.4650237139778006,measure: -48.47118578611772,sao jose dos campos,SP,-23.18093790397594,-45.86936250721335,data: 5.0
mc_ID_2105,"Married Male with three children, education: partial high school working as skilled manual",10K+,"Pure Juice Beverages from Beverages department, Ordered Brand : Fabulous",val: 24.5657,20.0596,non recyclable,,Sales Days,Supermarket,€7.5M,2.7528 Millions,2049.72,457.36,305.33,610.5502,rio de janeiro,RJ,data: -22.849190234260405,-43.39661390132156,MARINGA,PR,-23.38219409935399,-51.95529780691714,5.0
mc_ID_2107,"Single Female with five kidren, education: high school degree working as skilled manual",30K or more,"Canned Tuna from Canned Foods department, Ordered Brand : Bravo",15.5534,14.0853,recyclable,['Coffee Bar'],Pick Your Savings,Supermarket,6.68 Millions,2.4716 Millions,1236.07,440.92,293.95,436.7573,5ao paulo,Sp,-23.56235710851754,-46.676288326389326,santu andre,sp,-23.665703457960586,-46.51808196779969,5.0
mc_ID_2109,"Married Male with No kidren, education: high school degree working as manual",30K+,"Beer and Wine from Alcoholic Beverages department, Ordered Brand : Good",17.4431,461.47 oz,recyclable,,Two Day Sale,SupeRMArkeT,9.48 Millions,3.0336 Millions,1623.48,343.05,226.49,383.2021,rio de janeiro,RJ,-22.962511351924544,amount: -43.17640771510184,sao jose dos campos,SP,-23.20178111878932,-45.89567007799064,4.0
mc_ID_2110,"Single Male with two kids, education: bachelors degree working as professional",130K+,"Snack Foods from Snack Foods department, Ordered Brand : Nationeel",24.8564,20.4957,recyclable,['Coffee Bar'],,,9.93 Millions,3.8727 Millions,1236.07,440.92,294.92,436.7573,campinas,SP,-22.926904742714527,-47.067241683593984,sao bernardo do campo,SP,-23.67170527422236,-46.58997464458433,3.0
mc_ID_2111,"Single Male with five kids, education: partial high school working as skilled manual",10K+,"Vegetables from Produce department, Ordered Brand : Tri-State",-9.6809,6.7592,recyclable,"['Ready Food', 'Florist', 'Coffee Bar', 'Video Store', 'Bar For Salad']",Pick Your Savings,Deluxe,7.5 Millions,3.675 Millions,2036.89,481.98,321.26,739.4174,"paranapua
",SP,-20.10263070684429,-50.59122042582398,jaguarluna,SP,measure: -22.689712550377955,-46.98249303136359,3.0
mc_ID_2113,"Married Male with No children, education: partial high school working as manual",30 Thousand,"Plastic Products from Household department, Ordered Brand : Sunset",974.21 oz,24.7111,non recyclable,['Coffee Bar'],Price Smashers,Supermarket,$5.18 Millions,2.5382 Millions,,440.92,293.95,722.9429,joao pes5oa,PB,-7.120363159587984,data: -34.83553316680133,rio de janeiro, Rj ,-22.87471779793991,val: -43.348188021524514,3.0
mc_ID_2115,"Married Female with five children, education: partial high school working as manual",10K+,"Frozen Entrees from Frozen Foods department, Ordered Brand : PigTail",26.7461,23.6936,recyclable,"['Bar For Salad', 'Ready Food']",Three for One,Supermarket,4.44 Millions,1.5096 Millions,2448.37,470.27,,656.2604,Sao Paulo,$P,-23.675481599064906,-46.63836818219174,ibitinga,SP,amount: -21.7664768468313,data: -48.83154737836604,4.0
mc_ID_2117,"Married Male with four children, education: High School degree working as manual",360+ monthly,"Fruit from Produce department, Ordered Brand : Tri-State",amount: 13.9836,11.0618,non recyclable,"['Coffee Bar', 'Video Store', 'Florist', 'Ready Food', 'Bar For Salad']",Dimes Off,De1uxe_,€4.8M,1.9312 Millions,2038.11,481.98,319.89,550.6144,cerquilho,SP,-23.17098515567461,-47.73847012348546,piracicaba,SP,amount: -22.71683928585045,data: -47.65736585405934,3.0
mc_ID_2119,"Single Male with No children, education: partial college working as clerical",30K+,"Vegetables from Frozen Foods department, Ordered Brand : Imagine",30.5255,27.6183,recyclable,"['Ready Food', 'Bar For Salad']",Coupon Spectacular, Supermark3t,5.73 Millions,2.4066 Millions,2266.41,853.22,569.52,269.1881, S4Nto Andre,$P,-23.651624713572616,data: -46.548151575076446,jau ,SP,-22.27568678711987,-48.542599749927895,5.0
mc_ID_2120,"Married Female with four kidren, education: partial high school working as skilled manual",10K+,"Vegetables from Frozen Foods department, Ordered Brand : PigTail",-999.0,8.3727,non recyclable,"['Bar For Salad', 'Coffee Bar', 'Ready Food', 'Florist']",Save It (Sale),DELUXE,"3.14 ,000,000illions",1.2246 Millions,2053.97,654.13,436.09,£532.10,SANTA BARBARA D'OESTE,5P_,-22.75967282783305,-47.364736674563375,sant0  andre,SP,-23.665703457960586,-46.51808196779969,amount: 5.0
mc_ID_2123,"Married Female with two children, education: graduate degree working as professional",70K or more,"Vegetables from Produce department, Ordered Brand : High Top",31.8337,30.2347,non recyclable,,,,4.29Ms,1.7589 Millions,1508,,151.9,351.456,Mesquita,rJ,val: -22.79857862061292,-43.42290332800522,umuarama,PR,val: -23.748416432474365,-53.29690112215509,1.0
mc_ID_2124,"Single Male with two children, education: partial high school working as skilled manual",10K+,"Vegetables from Canned Foods department, Ordered Brand : Better",26.0193,24.4204,non recyclable,,Full Free,Mid-Size,3.96 Millions,1.9008 Millions,2085.67,783.64,522.49,778.5901,sao paulo,SP,-23.82258715292288,-46.72784827728077,_arapomgas,PR ,data: -23.420739085916825,-51.41460369847018,2.0
mc_ID_2125,"Married Male with No children, education: bachelors degree working as professional",1320+ monthly,"Bread from Baked Goods department, Ordered Brand : Sphinx",27.4729,24.4204,recyclable,"['Bar For Salad', 'Ready Food']",Big Time Discounts,,11.72 Millions,5.3912 Millions,2445.86,470.27,314.85,501.9754,"recreio
",Mg,-21.52500922566178,-42.47331992756999,bertioga,SP,-23.82834010075353,-46.1430173832652,2.0
mc_ID_2126,"Married Female with two children, education: partial high school working as manual",10K+,"Bathroom Products from Health and Hygiene department, Ordered Brand : Faux Products",27.7636,23.4028,non recyclable,,Savings Galore,Mid-Size,7.2 Millions,2.952 Millions,2818.49,447.7,298.5,708.8742,campinas,SP,-22.81905949374732,-47.09337872045235,sao bernardo do campo,SP,-23.724048365774344,-46.57360861668318,5.0
mc_ID_2127,"Single Male with No children, education: Bachelors degree working as professional",50K+,"Pain Relievers from Health and Hygiene department, Ordered Brand : Bird Call",-999.0,-24.7111,recyclable,"['Bar For Salad', 'Ready Food']",Shelf Clearing Days,SUpeRmaRKaT,7.14Ms,2.5704 Millions,2266.95,853.22,568.61,€485.49,rio de janeiro,RJ,-22.832015354146243,-43.3202338771713,brusque,SC,-27.14105704919435,-48.96146112936535,3.0
mc_ID_2128,"Single Male with two children, education: high school degree working as manual",30K+,"Snack Foods from Snack Foods department, Ordered Brand : Best Choice",-20.9317,17.8792,non recyclable,"['Bar For Salad', 'Ready Food']",Sales Days,Supermarket,8.1 Millions,2.673 Millions,2265.9,853.22,570.66,327.9733,"brasilia
",Df,-15.788869942812711,-47.891651009146585,presidente prudente, SP ,amount: -22.13392715785725,-51.36875322173029,5.0
mc_ID_2129,"Single Male with three children, education: bachelors degree working as professional",50K+,"Candy from Snacks department, Ordered Brand : Choice",31.543,30.0894,recyclable,"['Bar For Salad', 'Florist', 'Ready Food', 'Coffee Bar']",GLD,Gourmet,7.95 Millions,2.862 Millions,1564.86,385.45,256.97,396.2248,franca,SP,-20.506793628480604,-47.40773763671002,Ibitinga,sp,-21.7664768468313,-48.83154737836604,5.0
mc_ID_2130,"Single Male with four children, education: partial college working as clerical",30K+,"Jams and Jellies from Baking Goods department, Ordered Brand : Landslide",9.2739,4.9131,recyclable,['Florist'],Budget Bargains,,3.24 Millions,1.134 Millions,1320.15,523.32,348.85,738.7898,juiz de fora,"Mg
",-21.77220552899768,amount: -43.35345796280802,rio de janeiro,RJ,-22.93125598447676,-43.17881321481337,5.0
mc_ID_2131,"Single Male with three children, education: partial high school working as manual",€8K+,"Vegetables from Frozen Foods department, Ordered Brand : Carrington",data: 23.4028,20.4957,recyclable,['Coffee Bar'],Shelf Clearing Days,Supermarket,$4.44 Millions,1.9536 Millions,1233.66,440.92,,£380.91,ipira,BA,-12.157899638207386,-39.7404365008309,,,,,1.0
mc_ID_2132,"Maried Male with two children, education: bachelors degree working as management",110K+,"Hygiene from Health and Hygiene department, Ordered Brand : Consolidated",16.8617,13.9545,recyclable,"['Bar For Salad', 'Coffee Bar', 'Ready Food', 'Video Store', 'Florist']",Price Cutters,Deluxe,5.12 Millions,2.3552 Millions,1525.35,373.1,248.79,642.0871,valparaiso de goias,"GO
",-16.07525306359139,-48.0037471483984,socorr0,SP,-22.59496246184797,-46.521509282521215,3.0
mc_ID_2134,"Single Male with three children, education: partial high school working as skilled manual",10K+,"Vegetables from Produce department, Ordered Brand : Tell Tale",30.8162,29.3626,non recyclable,"['Bar For Salad', 'Ready Food', 'Video Store', 'Coffee Bar', 'Florist']",Sales Days,DELUXE,€3.2M,1.3392 Millions,1871.16,593.93,397.73,608.772, florianopoli$,sc,-27.58657286234056,-48.578813680679794,CAMPO LIMPO PAULISTA,Sp,-23.20706431353269,-46.760735214610754,4.0
mc_ID_2135,"Single Female wiht three children, education: Bachelors degree working as professional.",10K+,"Snack Foods from Snack Foods department, Ordered Brand : Nationeel",23.6936,measure: 20.641,non recyclable,['Coffee Bar'],Promo Big,Supermarket,5.24 Millions,2.096 Millions,1238.46,440.92,293.95,647.8924,itapeva,sp,-23.98884665275079,-48.872938661986566,sao paulo,SP,-23.537511255832708,-46.63705730743676,1.0
mc_ID_2136,"sINGLE fEMALE WITH ONE CHILD, EDUCATION: PARTIAL HIGH SCHOOL WORKING AS SKILLED MANUAL",Income: 10K+,"Fruit from Produce department, Ordered Brand : Ebony",31.92 lbs,11.5706,non recyclable,"['Florist', 'Coffee Bar', 'Bar For Salad', 'Ready Food']",Two Day Sale,Deluxe,11.84Ms,5.8016 Millions,2055.29,654.13,436.09,542.0895,maceio,AL,-9.608373953921216,-35.76131246142304,sao paulo,Sp ,-23.61424927422236,-46.68844105482136,val: 5.0
mc_ID_2137,"Married Male with one child, education: high school degree working as professional",€127K+,"Vegetables from Canned Foods department, Ordered Brand : Just Right",22.0946,measure: 19.0421,non recyclable,['Florist'],Shelf Emptiers,supermarket,11.49 Millions,4.1364 Millions,1319.07,525.32,348.54,564.2647,marechal candido rondon,PR,-24.549059297396184,-54.05157641917936,SAO PAULO,SP,-23.57841833611285,-46.5592068753823,Data Missing
mc_ID_2139,"Single Female with one child, education: bachelors degree working as management",1080+ monthly,"Electrical from Household department, Ordered Brand : Sunset",24.275,19.9142,recyclable,"['Ready Food', 'Bar For Salad']",,Superm@rket,"4.92 ,000,000illions",2.1648 Millions,2448.37,470.27,,347.1151,taub@Te,SP,-23.036951634709904,-45.56997640165054,	itaquaquecetuba,sp,-23.43567309991361,-46.38032799842931,1.0
mc_ID_2140,"Single Female with one child, education: graduate degree working as professional",50000,"Fruit from Produce department, Ordered Brand : Tell Tale",30.0894,28.6358,non recyclable,,Two Day Sale,Mid-Size,7.64 Millions,3.2088 Millions,2085.67,783.64,522.49,734.9719,Santa Barbara,Mg,-19.964212954976457,-43.41725182108993,ribeirao preto,SP,-21.1774515925616,-47.79583295337295,1.0
mc_ID_2141,"Married Female with one child, education: partial college working as professional",$110K+,"Electrical from Household department, Ordered Brand : Red Wing",-14.972,12.0648,recyclable,"['Coffee Bar', 'Bar For Salad', 'Ready Food', 'Video Store', 'Florist']",Bag Stuffer,,11.07 Millions,4.8708 Millions,1734.5,503.07,335.38,662.2226,DOM AQUINO,MT ,-15.812079109113665,-54.922725734434536,ltatiba,	SP,-22.993820438600167,-46.81014454759541,5.0
mc_ID_2142,"Single Female with No children, education: partial high school working as manual",10K+,"Meat from Deli department, Ordered Brand : Moms",23.5482,20.641,recyclable,['Coffee Bar'],Weekend Discount,SUPERMARKET,11.55Ms,5.4285 Millions,1236.07,442.92,293.95,364.1649,sao paulo,SP,-23.6119461648681,-46.68121078074323,Ouro Preto,MG,data: -20.38523748903572,-43.50551302553521,1.0
mc_ID_2143,"Single Female with No children, education: partial high school working as manual",10K+,"Bread from Baked Goods department, Ordered Brand : Modell",17.007,12.6317,recyclable,"['Coffee Bar', 'Video Store', 'Bar For Salad', 'Ready Food', 'Florist']",Bag Stuffer,Deluxe,1.53 Millions,0.5661 Millions,1734.5,503.07,,662.2226,matipo,mg,-20.28244511155565,-42.33920230324944,BELO HORIZONTE,MG,-19.878513898894187,-43.95694702879617,5.0
mc_ID_2144,"Married Female with five children, education: high school degree working as professional",130K+,"Hot Beverages from Beverages department, Ordered Brand : BBB Best",22.0946,19.0421,recyclable,,Big Time Discounts,_supermarket,$7.71 Millions,2.4672 Millions,2047.68,457.36,304.91,£226.78,preSiDentE PRudeNTE,SP,val: -22.09785593377639,-51.40156940368525,Jacarei,SP,-23.29818595956356,-45.974828011182304,4.0
mc_ID_2145,"Single Female with five children, education: bachelors degree working as management",10K+,"Pizza from Frozen Foods department, Ordered Brand : Imagine",15.9895,val: 13.0823,non recyclable,"['Florist', 'Video Store', 'Coffee Bar', 'Ready Food', 'Bar For Salad']",You Save Days,Gourmet,13.84 Millions,6.228 Millions,1424.85,465.54,309.63,$689.37,sao paulo,SP,-23.597850331669445,amount: -46.68127270191584,Belo Horizonte,MG_,-19.92449229586244,-43.947039608806,1.0
mc_ID_2146,"Married Male with two children, education: bachelors degree working as professional",50K+,"Vegetables from Produce department, Ordered Brand : High Top",27.1822,25.7286,non recyclable,"['Ready Food', 'Coffee Bar', 'Bar For Salad', 'Florist', 'Video Store']",One Day Sale,Deluxe,6.69 Millions,2.8767 Millions,1871.16,593.93,395.95,360.3993,Primavera Do Leste,MT,-15.572155522371638,-54.305904302386686,Meringa,PR,-23.41848622413047,measure: -51.92625934548862,val: 1.0
mc_ID_2147,"Single Male with two children, education: high school degree working as professional",130K+,"Dairy from Dairy department, Ordered Brand : Carlson",17.2978,34.61 lbs,recyclable,"['Bar For Salad', 'Ready Food']",Money Savers,,$13.8 Millions,4.692 Millions,2451.23,,313.55,290.0035,sAo pAulo,SP,-23.50403914126612,-46.7311139948641,santo angelo,Rs_,-28.281003423550747,-54.258283178397335,data: 1.0
mc_ID_2148,"Married Female with two children, education: bachelors degree working as management",30K+,"Candy from Snacks department, Ordered Brand : Choice",27.0368,24.1296,recyclable,,,Sup3rmarket,5.16 Millions,2.064 Millions,2052.02,457.36,305.13,610.5502,NITEROI,RJ,-22.90581654870452,-43.106988856771984,uberlandia,MG,-18.91595976602804,-48.278974174995646,4.0
mc_ID_2149,"Single Male with three children, education: partial high school working as manual",Income: 10K+,"Electrical from Household department, Ordered Brand : Red Wing",28.1997,25.1472,recyclable,"['Ready Food', 'Florist', 'Coffee Bar', 'Video Store', 'Bar For Salad']",Price Cutters,Gourme7,11.52 Millions,4.2624 Millions,1424.85,465.54,,675.716,juiz de fora,mg,-21.790687704137564,-43.35245517499566,Cascavel,pr,-24.961400882504734,-53.45816618100577,1.0
mc_ID_2150,"Married Male with three kids, education: partial high school working as manual",10K+,"Snack Foods from Snack Foods department, Ordered Brand : Horatio",24.275,21.3678,recyclable,"['Video Store', 'Coffee Bar', 'Florist', 'Ready Food', 'Bar For Salad']",Price Cutters, Deluxe,$11.34 Millions,3.6288 Millions,1525.28,375.1,248.79,642.0871,NAtAl,rn,-5.784737971694812,-35.2054456090658,santo andre,SP,-23.665703457960586,-46.51808196779969,5.0
mc_ID_2153,"Single Female with four children, education: high school degree working as skilled manual",30K+,"Dairy from Dairy department, Ordered Brand : Gorilla",val: 21.0771,18.1699,non recyclable,"['Florist', 'Ready Food', 'Bar For Salad', 'Coffee Bar', 'Video Store']",Shelf Emptiers,,2.67 Millions,0.9078 Millions,1424.85,,310.3,616.4078,itapui,SP,-22.23625902550063,-48.72307610479663,Rio De Janeiro,_RJ,-22.93125598447676,-43.17881321481337,4.0
mc_ID_2154,"Single Female with two children, education: partial high school working as skilled manual",30K+,"Starchy Foods from Starchy Foods department, Ordered Brand : Jardon",-16.7163,13.8091,recyclable,"['Coffee Bar', 'Ready Food', 'Bar For Salad', 'Florist']",Sale : Double Down,deluxe,3.6 Millions,1.476 Millions,2055.29,654.13,436.09,500.7202,populina,	SP,-19.94405346585085,-50.53738820448177,limeira,sp,-22.56835042131686,-47.44743947974489,3.0
mc_ID_2156,"Married Male with three children, education: high school degree working as skilled manual",30K+,"Drinks from Beverages department, Ordered Brand : Token",29.6533,26.6008,recyclable,,Full Free, Supermarket,€4.2M,1.9188 Millions,1506.25,229.8,153.66,272.2738,SAO CA3TANO DO SUL,SP,-23.62105546378897,-46.56510050291419,MaRINgA,PR,-23.41000679702781,-51.88262571961486,5.0
mc_ID_2158,"married male with four kids, education: partial high school working as professional",110K+,"Snack Foods from Snack Foods department, Ordered Brand : Fast",-31.543,27.1822,recyclable,"['Coffee Bar', 'Video Store', 'Ready Food', 'Bar For Salad', 'Florist']",I Cant Believe It Sale,Deluxe,15.48 Millions,7.4304 Millions,1734.5,503.07,334.14,363.3281,floresta,PE,-8.601279061473267,amount: -38.56880103092132,SAOBERNARDODOCAMPO,$p,val: -23.66148702746846,-46.56416174311855,###
mc_ID_2160,"Single Female with two children, education: partial HS working as skilled manual",10k,"Cold Remedies from Health and Hygiene department, Ordered Brand : Steady",27.909,25.0018,recyclable,['Florist'],Sale Winners,Supermarket,2.68 Millions,1.3132 Millions,1320.15,,346.91,770.6405,brasilia,DF,-15.826510026848498,-48.06237218759978,sao paulo,SP,-23.63329280322003,-46.73784151540766,data: 5.0
mc_ID_2162,"Single Female with two children, education: graduate degree working as professional",70K+,"Canned Tuna from Canned Foods department, Ordered Brand : Blue Label",25.0018,22.0946,recyclable,"['Coffee Bar', 'Bar For Salad', 'Video Store', 'Ready Food', 'Florist']",Money Savers,Deluxe,€2.6M,1.426 Millions,1871.16,593.93,394.19,343.611, guaraci ,SP,-20.501357958541256,-48.95033162622613,$p,SP,data: -23.689300411593344,amount: -46.70065806950787,5.0
mc_ID_2163,"Single Male with No children, education: bachelors degree working as professional",Income: 50K+,"Vegetables from Frozen Foods department, Ordered Brand : Imagine",-13.6492,10.7421,recyclable,,Money Savers,Supermarke7,5.16Ms,2.322 Millions,1507.57,227.8,151.9,277.2423,assis,5P,-22.64961538190318,-50.406862966414685,petropolis,RJ,-22.549033360244323,-43.210094724044055,data: 3.0
mc_ID_2165,"Married Male with four kids, education: high school degree working as management",70K+,"Snack Foods from Snack Foods department, Ordered Brand : Nationeel",val: 24.7111,-21.8039,recyclable,"['Coffee Bar', 'Ready Food', 'Florist', 'Video Store', 'Bar For Salad']",Lottery Cash Registerion,Deluxe,7.02 Millions,2.7378 Millions,1732.71,,,313.0678,salvador,BA,-12.931709806568607,-38.46095617332256,pedreira,SP,-22.73824150585765,-46.8958585777586,4.0
mc_ID_2166,"Single Female with three children, education: partial college working as clerical",30K+,"Baking Goods from Baking Goods department, Ordered Brand : CDR",val: 29.6533,26.6008,recyclable,"['Ready Food', 'Bar For Salad']",You Save Days,Supermarket,9.92Ms,3.472 Millions,2265.56,853.22,570.66,data: 268.1421,pONTes e laCerDa,MT,-15.228087212204525,measure: -59.3368078603097,Curitiba,PR,-25.44384908076061,-49.25520561183576,5.0
mc_ID_2167,"Single Female with four children, education: high school degree working as manual",30K+,"Carbonated Beverages from Beverages department, Ordered Brand : Skinner",-1.0,10.6258,recyclable,"['Ready Food', 'Florist', 'Bar For Salad', 'Coffee Bar']",Super Savers,daluxe,11.01 Millions,4.0737 Millions,2054.07,654.13,436.09,data: 373.9973,teresina,PI,-5.1309766020783885,amount: -42.78243452518517,Cascavel,PR,-24.961400882504734,-53.45816618100577,5.0
mc_ID_2168,"Single Male with four children, education: high school degree working as professional",130K+,"Eggs from Eggs department, Ordered Brand : Giant",13.155,10.2478,non recyclable,"['Florist', 'Bar For Salad', 'Video Store', 'Coffee Bar', 'Ready Food']",,Deluxe,$5.13 Millions,1.7955 Millions,,505.07,335.38,279.5435,sAo  PAULO,5P,-23.533965429366937,-46.6787591924808,maringa,PR,-23.41382198370398,amount: -51.90777440824636,4.0
mc_ID_2169,"Single Male with three children, education: partial college working as management",50K+,"Hardware from Household department, Ordered Brand : Red Wing",13.7655,12.3119,recyclable,,Save Price,Supermarket,$4.1 Millions,1.845 Millions,1506.11,227.8,151.9,measure: 325.6721,brasilia,DF,-15.815976328611026,-47.907328086588976,OSASCO,5P,-23.528128203061986,data: -46.77680754732808,5.0
mc_ID_2170,"Single Female with two children, education: partial high school working as skilled manual",30K+,"Jams and Jellies from Baking Goods department, Ordered Brand : Plato",21.6585,17.1524,recyclable,"['Florist', 'Ready Food', 'Video Store', 'Bar For Salad', 'Coffee Bar']",Big Time Saving,Gourmet,5.52 Millions,1.8768 Millions,,465.54,,404.3836,mace1o,AL,-9.608373953921216,-35.76131246142304,goiania,GO,measure: -16.69955774566663,-49.31646534449651,5.0
mc_ID_2171,Single Male with one child | education: partial college working as manual,30K+,"Hygiene from Health and Hygiene department, Ordered Brand : Faux Products",29.944,-27.0368,recyclable,,Save It (Sale),,"1.3 ,000,000illions",0.546 Millions,2048.48,457.36,303.22,467.4051,ituiutaba,MG,-18.95211041971708,-49.45749467634344,formiga, MG ,-20.474084262411907,-45.424321458052006,5.0
mc_ID_2172,"Single Female with one child, education: partial high school working as skilled manual",10K+,"Pain Relievers from Health and Hygiene department, Ordered Brand : Bird Call",measure: 28.9265,25.874,non recyclable,"['Bar For Salad', 'Coffee Bar', 'Florist', 'Ready Food', 'Video Store']",Bag Stuffer,,8.61 Millions,3.0996 Millions,1737.24,503.07,336.87,,H0LAMBRA,sp,val: -22.61429565168213,-47.06761188787577,ribeirao preto,	SP,-21.174925033585303,-47.7686162776848,5.0
mc_ID_2173,"Married Male with four children, education: partial high school working as skilled manual",10K+,"Decongestants from Health and Hygiene department, Ordered Brand : Faux Products",24.275,19.9142,recyclable,"['Bar For Salad', 'Ready Food']",Budget Bargains,	SUPERMARKET,5.22 Millions,1.7226 Millions,2264.33,853.22,568.58,amount: 346.1214,ivaipora,PR,-24.237456137353824,-51.65890263758289,sAO PAuLo,SP,-23.54279940605341,-46.595165217323526,
mc_ID_2174,Single Female with No children + education: partial high school working as skilled manual,30k,"Bathroom Products from Health and Hygiene department, Ordered Brand : Bird Call",23.9843,19.6235,non recyclable,,Two Day Sale,mid-size,4.22 Millions,1.477 Millions,2819.7,449.7,298.5,495.7517,cunha,Sp,-23.07558796563428,-44.95788421241348,,,,,1.0
mc_ID_2175,"sINGLE fEMALE WITH ONE CHILD, EDUCATION: PARTIAL HIGH SCHOOL WORKING AS SKILLED MANUAL",30K+,"Cleaning Supplies from Household department, Ordered Brand : High Quality",data: 31.8337,27.3275,recyclable,['Florist'],Price Winners,Supermarket,5.73Ms,2.4066 Millions,1320.15,523.32,348.85,640.7273, espumoso ,R5,-28.730970788547925,-52.841267188979046,SANTA BARBARA D´OESTE,SP,-22.760477687572443,-47.41281121951772,5.0
mc_ID_2177,"Single Female with No children, education: partial high school working as management",130 Thousand,"Snack Foods from Snack Foods department, Ordered Brand : Best Choice",22.0946,19.0421,non recyclable,,Best Price Savers,Supermarket,10.98 Millions,4.5018 Millions,,227.8,151.9,650.4028,Embu Das Artes,$P,-23.66364846622004,-46.79594902419812,sao paulo,SP,-23.51674732944774,-46.54818243075192,5.0
mc_ID_2179,"Single Male with No children, education: bachelors degree working as management",50K+ annually,"Canned Soup from Canned Foods department, Ordered Brand : Pleasant",29.7987,26.8915,non recyclable,"['Video Store', 'Ready Food', 'Bar For Salad', 'Coffee Bar', 'Florist']",Lottery Cash Registerion,deluxe,$3.9 Millions,1.833 Millions,1734.5,503.07,335.38,500.9294,vitoria da conquista, BA,-14.888989891999929,-40.82496999999995,timbo,SC,-26.83365489702238,-49.26170944102369,3.0
mc_ID_2180,"Single Male with two children, education: high school degree working as manual",30K+,"Cold Remedies from Health and Hygiene department, Ordered Brand : Steady",-27.909,-25.0018,recyclable,['Coffee Bar'],Savings Galore,supermarket,2.01 Millions,0.6432 Millions,1234.94,440.92,293.52,724.5119,gravatai, RS ,-29.94668826089216,-51.06579546156727,PRAIA GRANDE,SP,-24.011288218359883,-46.41873374429398,5.0
mc_ID_2181,"Single Male with two children, education: partial high school working as manual",$10K+,"Dairy from Dairy department, Ordered Brand : Booker",26.6008,23.5482,non recyclable,"['Ready Food', 'Bar For Salad', 'Video Store', 'Florist', 'Coffee Bar']",Lottery Cash Registerion,"DeLUXE
",7.74 Millions,2.5542 Millions,1734.5,505.07,335.38,data: 313.0678,campo grande,MS,-20.45741496364473,-54.59501939260764,uBerABa, mg,measure: -19.762886766028046,-47.93858631709849,5.0
mc_ID_2182,"MaRrIeD MaLe wItH OnE ChIlD, eDuCaTiOn: BaChElOrS DeGrEe wOrKiNg aS PrOfEsSiOnAl",30 Thousand,"Vegetables from Produce department, Ordered Brand : Ebony",data: 10.8729,6.5121,non recyclable,"['Bar For Salad', 'Ready Food']",Three for One,Supermarket,"6.63 ,000,000illions",2.9835 Millions,,472.27,313.55,656.2604,sao paulo,SP,-23.49353250403937,-46.63842778172417,presidente prudente,SP,data: -22.13651597360134,-51.396204302534905,val: 5.0
mc_ID_2183,"Married Female with No children, education: partial high school working as skilled manual",10K+,"Canned Soup from Canned Foods department, Ordered Brand : Pleasant",measure: 20.3503,measure: 17.4431,recyclable,"['Bar For Salad', 'Coffee Bar', 'Ready Food', 'Florist', 'Video Store']",You Save Days,Gourmet,€2.3M,1.269 Millions,1424.55,465.54,310.3,689.3663,rio de janeiro,RJ,-23.01133469499096,-43.45025641534424,volta redonda,sp,-22.498182754371285,data: -44.12361371579433,5.0
mc_ID_2185,"Married Male with three children, education: partial high school working as skilled manual",10K+,"Dairy from Dairy department, Ordered Brand : Booker",25.1472,22.0946,recyclable,,Super Savers,	Mid-Size,4.35 Millions,2.175 Millions,2083.04,783.64,522.49,531.4203,belo horizonte,MG,-19.89411305190717,-43.909105945322864,Sao Paulo,SP,val: -23.54507217346644,-46.68438057799065,5.0
mc_ID_2186,"Married Female with two children, education: partial High School working as skilled manual",10K+,"Meat from Deli department, Ordered Brand : Cutting Edge",21.41 lbs,8.2419,non recyclable,"['Ready Food', 'Bar For Salad', 'Florist', 'Coffee Bar', 'Video Store']",,gourmet,4.32 Millions,1.6416 Millions,1422.42,465.54,310.3,616.4078,sao paulo,Sp,-23.50126797890817,-46.73964800083672,sao paulo,SP,-23.612052666446743,val: -46.60783466642034,5.0
mc_ID_2187,"Married Female with No children, education: partial high school working as skilled manual",10K+,"Bread from Baked Goods department, Ordered Brand : Colony",11.745,7.3697,non recyclable,"['Video Store', 'Bar For Salad', 'Coffee Bar', 'Ready Food', 'Florist']",Dimes Off,Deluxe,8.72Ms,3.2264 Millions,2038.11,,321.26,550.6144,niteroi,RJ,-22.933383999999933,-43.01855731699993,ibitinga,SP,-21.7664768468313,-48.83154737836604,4.0
mc_ID_2189,Married Male with No children; education: partial college working as professional,50k,"Meat from Deli department, Ordered Brand : Lake",9.6809,8.2128,non recyclable,['Coffee Bar'],Sale Sale Sale,SUPERMARKET,9.6Ms,3.936 Millions,1235.45,,293.95,473.7334,colonia castrolanda,pr,-23.7028527233944,-46.401558774842776,pinhais,PR,-25.428798209273445,-49.19005993003079,5.0
mc_ID_2190,"Single  Male  with  two  children,  education:  high  school  degree  working  as  manual",30K+,"Paper Products from Household department, Ordered Brand : High Quality",11.4543,7.0935,recyclable,"['Ready Food', 'Bar For Salad']",Money Savers,_Supermerket,8.6 Millions,2.924 Millions,,853.22,568.75,432.0503,Belo H0Rizonte,MG,-19.85054756671417,measure: -43.90399965691794,Piracikaba,SP,-22.71683928585045,-47.65736585405934,5.0
mc_ID_2192,"Married Female with No children, education: partial high school working as skilled manual",30K+,"Canned Soup from Canned Foods department, Ordered Brand : Pleasant",29362.60 grams,27.909,recyclable,"['Ready Food', 'Bar For Salad', 'Video Store', 'Coffee Bar', 'Florist']",,deLuxE,3.93 Millions,1.7292 Millions,1734.5,503.07,,measure: 432.1026,gaspar,SC,-26.924731602973864,-48.96055664215933,Brasilia,DF,-15.784005551214673,-47.88910205029197,4.0
mc_ID_2193,"Married Female with two children, education: partial college working as management",70K+,"Snack Foods from Snack Foods department, Ordered Brand : Fort West",19.3328,16.4256,recyclable,"['Coffee Bar', 'Bar For Salad', 'Florist', 'Ready Food']",Price Winners,Delux3,6.92 Millions,2.9064 Millions,2055.29,654.13,,val: 494.9149,riO dE JAneiRo,Rj,-22.92931946221692,amount: -43.23596118471042,ibitinga,sp,-21.7664768468313,-48.83154737836604,5.0
mc_ID_2194,"Married Female with two children, education: High School degree working as skilled manual",50K+,"Fruit from Produce department, Ordered Brand : Tri-State",15.2627,12.3555,non recyclable,"['Coffee Bar', 'Bar For Salad', 'Florist', 'Video Store', 'Ready Food']",Dimes Off,,10.24 Millions,3.9936 Millions,2036.44,481.98,320.3,602.7575,_tangara da serra,MT,-14.626259297036649,-57.49943277213334,ARARAQUARA,SP,-21.812698026371937,-48.15183966694556,5.0
mc_ID_2196,"married female with two children, education: partial high school working as manual, education: partial high school working as manual",Income: 10K+,"Frozen Entrees from Frozen Foods department, Ordered Brand : Golden",13707.40 grams,329.69 oz,non recyclable,"['Ready Food', 'Bar For Salad', 'Florist', 'Coffee Bar', 'Video Store']",Go For It,deluxe,7.32 Millions,2.928 Millions,2040.66,481.98,321.26,455.3761,guarulhos,"SP
",-23.44803925506378,-46.421980491257415,s@o paulo,SP,-23.54052887362136,-46.44848419206763,1.0
mc_ID_2197,"Single Male with five children, education: high school degree working as skilled manual",$30K+,"Dairy from Dairy department, Ordered Brand : Carlson",28.0543,23.5482,non recyclable,,,MID-SIZE_,18.75 Millions,8.25 Millions,2085.67,783.64,,531.4203,capinzal,5C,data: -27.376096118250835,-51.59534294949204,s@O PAuLO,SP,-23.62358155176294,-46.61056007369148,measure: 5.0
mc_ID_2199,"Married Male with two children,education: partial college working as skilled manual",30K+,"Electrical from Household department, Ordered Brand : Cormorant",29.7987,59.29 lbs,non recyclable,,Weekend Discount,,"11.04 ,000,000illions",3.4224 Millions,1508,227.8,151.9,data: 735.1811,jaboatao dos guararapes,PE,measure: -8.193270817916602,-34.933218138281305,uba,MG,-21.12574332854103,-42.92260482854105,4.0
mc_ID_2201,"Single Male with No children, education: bachelors degree working as professional",70000,"Vegetables from Produce department, Ordered Brand : Tell Tale",-19.6235,16.7163,non recyclable,,,	Supermarket,4.08 Millions,1.836 Millions,2049.72,457.36,304.91,val: 418.1385,curitiba,PR,-25.4389681470945,-49.27448441188181,campinas,SP,-22.92991227115403,-47.07189552530681,10.0/10
mc_ID_2202,"Married Female with two children, education: partial college working as manual",30K+,"Dairy from Dairy department, Ordered Brand : Carlson",12.6608,9.7536,recyclable,"['Video Store', 'Florist', 'Coffee Bar', 'Bar For Salad', 'Ready Food']",Save It (Sale),Deluxe,3.64 Millions,1.456 Millions,1523.78,373.1,248.67,393.4006,	teresina,PL,-5.102923114687079,-42.76012111901045,sao paulo,SP,-23.65250284762537,-46.66809535567546,5.0
mc_ID_2203,"Married Male with two children, education: high school degree working as skilled manual",30K+ annually,"Snack Foods from Snack Foods department, Ordered Brand : Fort West",10.4368,-8.9687,non recyclable,"['Ready Food', 'Video Store', 'Bar For Salad', 'Coffee Bar', 'Florist']",,,$4.17 Millions,1.6263 Millions,1871.16,593.93,394.24,484.1411,sao gONcalO,RJ,-22.829807351422406,-43.00188821360128,joinville_,SC,-26.28314924562872,-48.85128463059032,5.0
mc_ID_2204,"Married Male with five children, education: High School degree working as manual",30 Thousand,"Vegetables from Produce department, Ordered Brand : High Top",27.1822,25.7286,recyclable,"['Florist', 'Coffee Bar', 'Bar For Salad', 'Ready Food', 'Video Store']",One Day Sale,"Deluxe
",7.48 Millions,2.5432 Millions,1871.16,593.93,,360.3993,bARradESAofRANcIscO,ES,-18.753863695129915,-40.89803369413856,ribeirao preto,$P,-21.17121748495008,-47.81941847157649,val: 1.0
mc_ID_2205,"Married Female with three kidren, education: high school degree working as management",1560+ monthly,"Bathroom Products from Health and Hygiene department, Ordered Brand : Hilltop",19.9142,-1.0,recyclable,,Price Winners,,10.14 Millions,3.9546 Millions,2819.7,447.7,298.5,453.9117,boa esperanca do iguacu,Pr,-25.636575922786463,-53.21359392893352,kruzeiro,SP,-22.57792780460501,-44.95825089647411,4.0
mc_ID_2206,"Married Female with two children, education: partial high school working as skilled manual",10K+,"Pizza from Frozen Foods department, Ordered Brand : PigTail",517.87 oz,-1.0,recyclable,['Coffee Bar'],Weekend Discount, Supermarket,$3.63 Millions,1.4883 Millions,1235.86,440.92,293.95,364.1649,sao paulo,Sp,-23.555476749379626,data: -46.67548530850014,	sao pau1o - sp,SP,-23.60520201165676,-46.61844120275258,5.0
mc_ID_2207,"Married Male with three children, education: bachelor'ss degree working as professional",70K or more,"Snack Foods from Snack Foods department, Ordered Brand : Fort West",-23.2575,21.8039,recyclable,"['Video Store', 'Bar For Salad', 'Ready Food', 'Florist', 'Coffee Bar']",Promo Big,gOuRmET,6.45 Millions,1.935 Millions,1424.85,,310.3,612.1192,porto xavier,RS,-27.90472170174092,-55.13510240991884,atibaia,SP,-23.112774381969185,-46.5488845105504,4.0
mc_ID_2208,"Married Female with two children, education: partial HS working as manual",30K+,"Snack Foods from Snack Foods department, Ordered Brand : Nationeel",-16.2802,-14.6813,non recyclable,"['Florist', 'Ready Food', 'Bar For Salad', 'Video Store', 'Coffee Bar']",One Day Sale,DELUXE,10.38 Millions,4.2558 Millions,1871.16,593.93,395.95,360.3993,Senador Canedo,GO,-16.654787002417525,-49.14952789320485,petropolis,RJ,-22.549033360244323,-43.210094724044055,val: 5.0
mc_ID_2209,"Married Female with three children, education: high school degree working as manual",30K+,"Bathroom Products from Health and Hygiene department, Ordered Brand : Faux Products",30.9615,29.3626,recyclable,"['Bar For Salad', 'Ready Food']",Savings Galore,Supermarket,"6.69 ,000,000illions",3.2112 Millions,2448.37,470.27,313.55,550.1437,rio paranaiba,MG,val: -19.20102270024556,-46.24812820360735,itaquaquecetuba,SP,-23.48262344063541,-46.37448952833195,4.0
mc_ID_2210,"Married Female with No children, education: partial high school working as manual, education: partial high school working as manual",Income: 10K+,"Snack Foods from Snack Foods department, Ordered Brand : Fast",-1.0,24.8564,non recyclable,['Coffee Bar'],Price Slashers,SUPERMARKET,7.26 Millions,2.904 Millions,1238.59,,295.1,measure: 402.6054,presidente prudente,SP,-22.104119746441533,data: -51.43176163351843,jaguar1una,5P,-22.68805598473656,val: -46.98525572799933,5.0
mc_ID_2211,"Married Female with No children, education: partial high school working as skilled manual",10K+,"Snack Foods from Snack Foods department, Ordered Brand : Fort West",14.5359,-11.6287,recyclable,,Sale Sale Sale,Mid-Size,10.08 Millions,4.4352 Millions,,783.64,521.63,739.4697,RiO DE JANeiRo,RJ_,-22.884745903139223,-43.31832426351789,sao paulo,SP,-23.62358155176294,-46.61056007369148,5.0
mc_ID_2214,"Single Male with two children, education: partial high school working as skilled manual",10K+ annually,"Magazines from Periodicals department, Ordered Brand : Excel",28.6358,27.1822,recyclable,"['Bar For Salad', 'Coffee Bar', 'Ready Food', 'Florist']",Best Price Savers,Gourmet,10.86 Millions,4.887 Millions,1564.86,385.45,256.97,558.1979,sao jose dos campos,SP,-23.201181199001663,-45.88358210352587, ibitinga ,SP,-21.7664768468313,-48.83154737836604,4.0
mc_ID_2215,"Single Female with two children, education: bachelors degree working as professional",50K+,"Dairy from Dairy department, Ordered Brand : Carlson",16.8617,13.9545,recyclable,"['Coffee Bar', 'Video Store', 'Florist', 'Ready Food', 'Bar For Salad']",Two Day Sale,dELUXE,13.96 Millions,6.1424 Millions,2038.11,483.98,321.26,measure: 495.7517,rio de janeiro,RJ,-22.90160079739165,amount: -43.54808307799064,barueri,sp,-23.491791912543025,-46.94733309700014,1.0
mc_ID_2216,"sINGLE mALE WITH FIVE KIDS, EDUCATION: BACHELORS DEGREE WORKING AS PROFESSIONAL",50K+,"Hygiene from Health and Hygiene department, Ordered Brand : Hilltop",12.3555,9.4484,non recyclable,,Two Day Sale,,10.64 Millions,4.3624 Millions,1623.48,341.05,,383.2021,juiz d3 fora,MG,-21.785166523457747,-43.360415544405335,capivari,SP,-23.0122137105142,-47.52203973160603,5.0
mc_ID_2217,"Single Male with two children, education: high school degree working as skilled manual, education: high school degree working as skilled manual",30K+,"Vegetables from Frozen Foods department, Ordered Brand : Golden",amount: 17.2978,14.376,recyclable,['Coffee Bar'],Savings Galore,Supermarket,8.76 Millions,3.3288 Millions,1236.07,440.92,293.95,724.5119,RIBE1RAO PRETO,Sp,-21.216210904524203,-47.81828973980032,sinop,Mt,val: -11.829317247041294,-55.49644289081176,3.0
mc_ID_2218,"Single Male with one child, education: partial high school working as professional",70K+,"Electrical from Household department, Ordered Brand : Red Wing",29.944,27.0368,recyclable,"['Florist', 'Ready Food', 'Bar For Salad', 'Video Store', 'Coffee Bar']",Save It (Sale),DeIuxe,$3.99 Millions,1.4763 Millions,1525.28,373.1,,393.4006,pontal do paran4,PR,-25.621204126016725,-48.42208269355905,IBITINGA,SP,-21.7664768468313,-48.83154737836604,4.0
mc_ID_2219,"Married Female with one child, education: bachelors degree working as professional",50K+,"Baking Goods from Baking Goods department, Ordered Brand : BBB Best",-11.2217,-8.3,non recyclable,['Florist'],Saving Days,Superm4rket,2.52 Millions,1.2348 Millions,1320.15,523.32,349.7,435.4498,cerquilho,SP,-23.17098515567461,-47.73847012348546,rio de janeiro,RJ,-22.8860986389002,-43.3108898963299,4.0
mc_ID_2220,"Married Female with one child, education: bachelors degree working as management",50K+,"Vegetables from Produce department, Ordered Brand : High Top",data: 23.4028,-20.4957,non recyclable,['Florist'],You Save Days,Supermarke7,6.64 Millions,2.7224 Millions,1320.15,523.32,348.85,689.3663,sao 1uis,MA,data: -2.508543046667356,measure: -44.303019926805405,jacarel,Sp,-23.28798077892242,-45.9570349350898,1.0
mc_ID_2223,"Single Female with two children, education: bachelors degree working as professional",600+ monthly,"Vegetables from Produce department, Ordered Brand : Tri-State",28.4904,-0.1,recyclable,"['Video Store', 'Ready Food', 'Coffee Bar', 'Florist', 'Bar For Salad']",,Deluxe,8.84 Millions,4.2432 Millions,2038.11,481.98,319.71,602.7575,itaborai, RJ ,-22.7125342435385,-42.89540473111652,Rio  De  Janeiro,RJ,-22.87459850346245,-43.477731000000006,5.0
mc_ID_2227,"sINGLE mALE WITH FOUR KIDS, EDUCATION: BACHELORS DEGREE WORKING AS PROFESSIONAL",50K+,"Kitchen Products from Household department, Ordered Brand : Red Wing",12.7771,8.4018,non recyclable,['Florist'],Weekend Discount,5upermarket,5.26 Millions,2.5248 Millions,1320.15,523.32,348.85,279.1251, SAO beRnArdO DO caMPO,SP,-23.70899726008409,-46.54812620982171,belo horizonte,MG,amount: -19.91624655709342,-43.93623364096637,3.0
mc_ID_2228,"Single Male with one child, education: partial high school working as professional",€59K+,"Fruit from Produce department, Ordered Brand : High Top",25.0018,20.641,recyclable,"['Ready Food', 'Florist', 'Video Store', 'Bar For Salad', 'Coffee Bar']",Fantastic Discounts,Gourmet,3.68Ms,1.288 Millions,1424.85,467.54,310.3,718.9158,rio de janeiro,RJ,-22.8860986389002,measure: -43.3108898963299,joimville,sc,-26.28314924562872,-48.85128463059032,5.0
mc_ID_2229,"Single Male with five children, education: partial college working as clerical",30 Thousand,"Snack Foods from Snack Foods department, Ordered Brand : Fast",val: 28.9265,27.3275,non recyclable,"['Florist', 'Video Store', 'Bar For Salad', 'Ready Food', 'Coffee Bar']",Dimes Off,Deluxe,5.04 Millions,1.8144 Millions,2038.11,481.98,320.92,602.7575,Jaragua Do Sul,Sç,val: -26.549359542616333,-49.15957560323741,sao paulo,SP,val: -23.59798552039933,-46.55547278711988,5.0
mc_ID_2230,"Single Female with two kidren, education: partial high school working as manual",30K+,"Eggs from Eggs department, Ordered Brand : Giant",15.8442,14.376,recyclable,"['Florist', 'Bar For Salad', 'Ready Food', 'Coffee Bar', 'Video Store']",Price Cutters,Gourmet,$5.32 Millions,1.7556 Millions,1424.85,465.54,310.3,675.716,sao paul0,SP,-23.64518277768481,-46.64275852192855,sao paulo - sp,$P,-23.57828270774424,-46.65102362378097,3.0
mc_ID_2232,"Married Female with one child, education: bachelors degree working as professional",10K+,"Kitchen Products from Household department, Ordered Brand : Cormorant",30.9615,27.909,recyclable,"['Ready Food', 'Florist', 'Coffee Bar', 'Bar For Salad', 'Video Store']",Lottery Cash Registerion,,8.16 Millions,2.6112 Millions,1734.5,503.07,,313.0678,jatoba,MA,-5.818367879674888,-44.224600493904205,sao paulo,_SP,-23.52399579739165,-46.51294318734492,5.0
mc_ID_2233,"Single Male w/ four childern, education: partial college working as skilled manual",360+ monthly,"Snack Foods from Snack Foods department, Ordered Brand : Nationeel",20.9317,17.8792,recyclable,"['Ready Food', 'Bar For Salad']",Go For It,"Supermarket
",10.74 Millions,3.4368 Millions,2445.48,470.27,314.81,347.1151,tres rios,RJ,-22.119462909796585,-43.212276368761366, ribeirao preto,sp,-21.17121748495008,-47.81941847157649,5.0
mc_ID_2234,"Single Male with four children, education: partial high school working as skilled manual",10K+,"Snack Foods from Snack Foods department, Ordered Brand : Nationeel",data: 22.5307,19.6235,recyclable,,GLD,Supermarket,7.17 Millions,3.3699 Millions,2049.72,457.36,304.91,697.7866, caxias do sul ,RS,data: -29.184320575640843,-51.23000145931209,_limeire,SP,amount: -22.56835042131686,-47.44743947974489,4.0
mc_ID_2235,"Single Female with two kids, education: partial high school working as manual",$10K+,"Baking Goods from Baking Goods department, Ordered Brand : CDR",9.3466,6.4249,non recyclable,"['Video Store', 'Bar For Salad', 'Ready Food', 'Coffee Bar', 'Florist']",Two Day Sale,Gourmet,5.32Ms,2.394 Millions,,465.54,311.03,measure: 663.5824, rio de janeiro,RJ,-22.917041999999995,-43.18825317816965,campinas,SP,-22.895876357204664,-47.0791850342778,val: 5.0
mc_ID_2236,"Single Female with four children, education: bachelors degree working as professional",10K+,"Bread from Baked Goods department, Ordered Brand : Sphinx",23.2575,20.3503,recyclable,"['Florist', 'Bar For Salad', 'Video Store', 'Coffee Bar', 'Ready Food']",Pick Your Savings,Deluxe,5.49 Millions,2.5803 Millions,,481.98,320.02,739.4174, Brasilia ,DF,-15.874430313645602,amount: -48.00033930006178,SAO PAULO,SP,-23.5300706924808,val: -46.56414335887811,1.0
mc_ID_2240,"Married Male with No children, education: partial high school working as skilled manual",10K+,"Fruit from Produce department, Ordered Brand : Hermanos",25.5832,-24.1296,recyclable,,Sale Winners,,6.22Ms,2.1148 Millions,1507.46,227.8,151.9,720.171,brasilia_,DF,-15.808247999999995,amount: -47.93843924999999,sao paulo,sp,-23.56168119891244,-46.50627110555333,3.0
mc_ID_2241,"Married Male with five children, education: graduate degree working as professional",110K+,"Dairy from Dairy department, Ordered Brand : Even Better",amount: 21.5132,18.606,recyclable,"['Video Store', 'Bar For Salad', 'Ready Food', 'Coffee Bar', 'Florist']",Money Savers,"Deluxe
",2.55 Millions,1.02 Millions,1524.82,375.1,250.4,560.656,taboao da serra,"Sp
",-23.62704363918865,-46.79980025520799,$Ao Paulo,SP,amount: -23.540988782128203,-46.56475255635056,4.0
mc_ID_2244,"Married Female w/ three children, education: partial college working as skilled manual",30 Thousand,"Magazines from Periodicals department, Ordered Brand : Excel",18.0246,13.6492,recyclable,['Coffee Bar'],Weekend Discount,,$2.31 Millions,0.8778 Millions,1236.07,442.92,293.95,698.728,iacu,Be,-12.768737085366936,-40.21564152337491,ITAQUAQUECETUBA,Sp,-23.48262344063541,-46.37448952833195,5.0
mc_ID_2245,"Married Male with four children, education: high school degree working as skilled manual",30K+,"Baking Goods from Baking Goods department, Ordered Brand : Super",25437.90 grams,-21.0771,recyclable,"['Ready Food', 'Bar For Salad']",Coupon Spectacular,Supermarket,"8.19 ,000,000illions",3.4398 Millions,2265.9,853.22,568.75,269.1881,barra mansa,Rj,-22.56314478067754,-44.25649843818681,CAMPINAS,SP,data: -22.85275770752771,measure: -47.05510214136723,4.0
mc_ID_2246,"Single Female with three kidren, education: partial high school working as skilled manual",120+ monthly,"Vegetables from Produce department, Ordered Brand : Ebony",30.2347,27.1822,recyclable,"['Bar For Salad', 'Ready Food']",Super Savers,Supermarket,$11.36 Millions,4.544 Millions,2450.79,470.27,313.55,amount: 754.7413,Santo Andre,SP,-23.624784000000005,-46.53954225000001,Ibitinga,SP,-21.7664768468313,-48.83154737836604,measure: 4.0
mc_ID_2247,"Single Female with one child, education: high school degree working as skilled manual",30K+,"Bread from Baked Goods department, Ordered Brand : Great",-16.7163,13.8091,non recyclable,"['Florist', 'Ready Food', 'Video Store', 'Bar For Salad', 'Coffee Bar']",Roller Savings (High) ,guurmet,7.23 Millions,2.5305 Millions,1424.85,465.54,311.53,532.6232,juazeiro do norte,CE,-7.240280110218386,-39.29590528290103,Porto Alegre,RS,-30.03215040714993,-51.2325516998384,5.0
mc_ID_2248,"Single Male with two children, education: partial high school working as manual",30 Thousand,"Dairy from Dairy department, Ordered Brand : Carlson",amount: 14.2452,9.8844,recyclable,"['Coffee Bar', 'Florist', 'Ready Food', 'Bar For Salad']",Two Day Sale,Gourmet,3.93 Millions,1.7685 Millions,1564.86,,256.97,486.9653,SAO PAULO,SP ,measure: -23.58454739993657,-46.67456147821567,rlbeirao preto,SP,-21.17121748495008,-47.81941847157649,5.0
mc_ID_2249,"Single Female with two children, education: graduate degree working as professional",90K+,"Magazines from Periodicals department, Ordered Brand : Gauss",19.9142,543.51 oz,recyclable,"['Bar For Salad', 'Ready Food', 'Florist', 'Coffee Bar', 'Video Store']",Two for One,Gourmet,$11.4 Millions,5.358 Millions,1427.15,465.54,310.3,€306.61,brasilia,DF,-15.687127618933868,measure: -47.8263635190533,ilicinea,MG,-20.944705621834668,-45.82709818233235,5.0
mc_ID_2250,"Married Male with three children, education: high school degree working as manual",30K+,"Pain Relievers from Health and Hygiene department, Ordered Brand : Steady",9.1867,6.2795,non recyclable,"['Florist', 'Ready Food', 'Coffee Bar', 'Video Store', 'Bar For Salad']",Sale : Double Down,,3.06 Millions,0.918 Millions,1525.28,375.1,248.79,746.3733,5ALTO,sp,-23.22591187118796,-47.26603912401082,jau ,SP,-22.27568678711987,-48.542599749927895,5.0
mc_ID_2252,"Married Male with four children, education: partial high school working as manual",10k,"Bread from Baked Goods department, Ordered Brand : Sphinx",9.0995,6.1923,recyclable,,Best Price Savers,suPERMarkEt,4.38 Millions,1.4892 Millions,1508,,151.9,650.4028,campo grande,MS,-20.438625865398983,measure: -54.622625500144224,Ribeirao Preto,SP,-21.210104711049134,-47.80139005429387,5.0
mc_ID_2253,"Single Female with three kidren, education: partial college working as professional",30 Thousand,"Dairy from Dairy department, Ordered Brand : Booker",11.9921,7.6314,non recyclable,,Two Day Sale,supermarket,5.76 Millions,2.7648 Millions,1626.13,341.05,227.33,383.2021,Ilha Solteira,SP,-20.422366149890298,-51.33743860294578,canoinhas,Sc,-26.16862248406491,-50.392861528512256,5.0
mc_ID_2254,"Single Female with four children, education: bachelors degree working as management",50K+,"Fruit from Produce department, Ordered Brand : Tri-State",13.6202,10.6984,recyclable,"['Ready Food', 'Bar For Salad']",Super Duper Savers,SUpErMaRKET,5.72 Millions,2.3452 Millions,2265.9,853.22,568.75,677.285,oLIñDA,PE,-7.994313671100516,-34.8893069038317,Sao Paulo,SP_,-23.693985995008337,-46.70188324132953,1.0
mc_ID_2255,"Single Female with five kids, education: high school degree working as skilled manual",10K+,"Frozen Entrees from Frozen Foods department, Ordered Brand : PigTail",-31.8337,28.7811,recyclable,,Go For It,Supermarke7,11.64 Millions,3.6084 Millions,1508,,,623.939,sao paulo,SP,-23.665532196779964,val: -46.67940095905711,peDREira,SP,data: -22.73824150585765,-46.8958585777586,1.0
mc_ID_2256,"Single Female with four children, education: High School degree working as management",70K+,"Dairy from Dairy department, Ordered Brand : Even Better",12.9224,10.0153,non recyclable,"['Ready Food', 'Bar For Salad']",Super Duper Savers,Supermarket,7.16 Millions,2.3628 Millions,2265.9,853.22,568.75,677.285,matorico,PR,-24.70652009100258,-52.14889159203102,borda da mata,mg,-22.264093569966427,measure: -46.15856420525942,5.0
mc_ID_2257,Single Male with No children; education: High School degree working as skilled manual,€25K+,"Bathroom Products from Health and Hygiene department, Ordered Brand : Hilltop",28.0543,23.5482,non recyclable,,,Supermarket,10.86 Millions,3.3666 Millions,1508,227.8,,350.4623,BELO 	HORIZONTE,mg,val: -19.91802549653755,data: -43.97613252844943,Ibitinga,5P,-21.7664768468313,-48.83154737836604,3.0
mc_ID_2258,"Singlee  Male  with  three  children,  education:  partial  high  school  working  as  skilled  manual",30K+,"Starchy Foods from Starchy Foods department, Ordered Brand : Monarch",18.8967,val: 14.5359,non recyclable,"['Ready Food', 'Bar For Salad']",Savings Galore,Supermarket,5.2 Millions,2.132 Millions,2448.37,470.27,313.55,550.1437,piracicaba,SP,-22.746032877835145,-47.63636231303046,itaquaquecetuba,SP,-23.48262344063541,-46.37448952833195,4.0
mc_ID_2260,"Single Male with three children, education: bachelors degree working as management",50 Thousand,"Bathroom Products from Health and Hygiene department, Ordered Brand : Consolidated",23.5482,20.641,non recyclable,"['Ready Food', 'Bar For Salad']",Super Savers, SUPERMARKET,2.19 Millions,0.7227 Millions,2448.37,472.27,312.58,754.7413,itaperuna,rJ,-21.20851525964521,amount: -41.87484723167247,sao jose do rio preto,5P,-20.80243626346376,-49.39562406741489,3.0
mc_ID_2263,"Married Female with four children, education: high school degree working as professional",110K+,"Meat from Frozen Foods department, Ordered Brand : Big Time",11.4398,8.5181,non recyclable,['Florist'],Sale : Double Down,Supermarket,7.34 Millions,3.2296 Millions,1322.89,523.32,348.85,measure: 292.6708,_Candiota,r5,data: -31.45772380559633,-53.66263312223996,lauro de freitas,BA,-12.895112589380958,-38.33895999999978,5.0
mc_ID_2264,"Married Male with four children, education: graduate degree working as professional",70K+,"Jams and Jellies from Baking Goods department, Ordered Brand : Landslide",amount: 11.338,8.4308,recyclable,['Florist'],,Supermarket,2.19 Millions,1.0074 Millions,1320.15,523.32,348.85,data: 532.6232,duque de caxias,RJ,-22.78420528628237,-43.31477950055586,marilia,SP,-22.217405964096468,-49.95110711067839,amount: 5.0
mc_ID_2267,"Married Female with five children, education: high school degree working as professional",130K+,"Snack Foods from Snack Foods department, Ordered Brand : Horatio",27.0368,amount: 24.1296,recyclable,,,,5.37 Millions,2.4702 Millions,,457.36,306.19,697.7866,Sao pAulO,SP,amount: -23.511816775463107,-46.550531954757936,LONDRINE,PR,data: -23.34725214100632,-51.15045275673721,amount: 5.0
mc_ID_2268,"Married Male with No children, education: bachelors degree working as professional",70K+,"Snack Foods from Snack Foods department, Ordered Brand : Horatio",measure: 26.6008,22.0946,recyclable,,,Supermarket,5.64 Millions,1.8612 Millions,1623.48,341.05,226.18,718.9681,barueri,SP,-23.53163248852317,amount: -46.88560266531674,b3lo horizonte,SP,-19.81011863229108,-43.98472732006267,5.0
mc_ID_2269,"sINGLE fEMALE WITH FIVE KIDS, EDUCATION: PARTIAL hs WORKING AS PROFESSIONAL",130K+,"Beer and Wine from Alcoholic Beverages department, Ordered Brand : Pearl",14.347,-1.0,recyclable,,Shelf Clearing Days,SUPERMARKET,$1.71 Millions,0.8037 Millions,1508,227.8,151.9,399.6243,pas$o fundo,R5,val: -28.246010663976687,-52.38356841481704,petropolis,RJ,-22.549033360244323,-43.210094724044055,data: 5.0
mc_ID_2270,"Single Male with four children, education: partial high school working as skilled manual",10k,"Meat from Deli department, Ordered Brand : Red Spade",-8.9105,7.4569,non recyclable,,GLD,Supermarket,6.28 Millions,2.1352 Millions,2049.72,457.36,305.76,697.7866,barra mans@,rJ,data: -22.54746268887411,data: -44.18748354094289,santo andre,SP,-23.665703457960586,-46.51808196779969,5.0
mc_ID_2271,"Single Female with four children, education: partial college working as professional",30K+,"Dairy from Dairy department, Ordered Brand : Booker",31.543,28.6358,non recyclable,"['Florist', 'Bar For Salad', 'Ready Food', 'Coffee Bar']",Save Price,De1uxe,12.88 Millions,5.5384 Millions,2055.29,654.13,436.09,584.191,caete,MG,measure: -19.883520408537528,-43.66933297389486, ibitinga,SP,-21.7664768468313,-48.83154737836604,1.0
mc_ID_2272,"Single Male with three children, education: bachelors degree working as management",600+ monthly,"Cold Remedies from Health and Hygiene department, Ordered Brand : Bird Call",25.1472,23.5482,non recyclable,"['Bar For Salad', 'Ready Food']",Super Savers,Superm4rket,5.78 Millions,2.6588 Millions,2448.06,470.27,313.55,754.7413,Serra,ES,-20.21682736389826,-40.24697369558151,Jundiai,Sp,-23.211714582578274,-46.8753760355472,4.0
mc_ID_2273,"Married Male with one child, education: high school degree working as manual",10K+,"Jams and Jellies from Baking Goods department, Ordered Brand : Landslide",26.7461,23.6936,non recyclable,['Florist'],,Supermarket,4.05 Millions,1.944 Millions,,523.32,348.85,427.7617,mage,RJ,-22.6719052822929,-43.16990957323648,aruja,SP,-23.39591131724272,amount: -46.31899827976228,5.0
mc_ID_2274,"Single Male with No children, education: bachelors degree working as management",50K+,"Fruit from Produce department, Ordered Brand : High Top",25.0018,20.641,recyclable,"['Florist', 'Ready Food', 'Bar For Salad', 'Coffee Bar', 'Video Store']",,_Deluxe,3.68 Millions,1.3984 Millions,1734.5,503.07,333.7,500.9294,orlandia,SP,-20.71749602546334,-47.8769102907048,sao paulo,sp,val: -23.58667354731954,-46.61242320483004,4.0
mc_ID_2275,"Married Male with two kidren, education: partial high school working as manual",10K+,"Fruit from Produce department, Ordered Brand : Ebony",21.8039,-18.8967,non recyclable,"['Ready Food', 'Bar For Salad']",Save Price,5uPERmARket,$6.48 Millions,2.2032 Millions,2448.37,470.27,313.55,406.4756,CURITIBA,PR,-25.424755962259752,-49.2010723395753,porto alegre,RS,-30.03215040714993,-51.2325516998384,5.0
mc_ID_2278,"Married Male with three children, education: partial high school working as manual",10K+,"Vegetables from Produce department, Ordered Brand : Tri-State",25.5832,22.676,recyclable,,,Mid-Size,€4.4M,2.4012 Millions,2086.29,783.64,522.49,739.4697,be1o horizonte,MG,-19.94290708159733,-44.020034873997325,sao paulo,SP,-23.539494799586286,-46.63284391414975,5.0
mc_ID_2279,"Married Male with three children, education: high school degree working as management",130K+,"Hot Beverages from Beverages department, Ordered Brand : CDR",16.4256,14.972,recyclable,"['Bar For Salad', 'Video Store', 'Florist', 'Coffee Bar', 'Ready Food']",Dimes Off,DElUxe ,7.16Ms,3.0788 Millions,2038.11,481.98,321.26,550.6144,sao pau1o,SP,-23.53300053398933,-46.671775821945936,maringa,PR,-23.41382198370398,-51.90777440824636,3.0
mc_ID_2280,"Married Male with three children, education: bachelors degree working as professional",50K+,"Snack Foods from Snack Foods department, Ordered Brand : Horatio",measure: 15.9895,11.6287,recyclable,"['Coffee Bar', 'Bar For Salad', 'Florist', 'Ready Food']",Super Duper Savers,Deluxe,5.52 Millions,2.4288 Millions,,656.13,437.9,475.93,sao paulo,SP,-23.505895624473467,-46.60638997293555,rio de janeiro,RJ,measure: -22.93781597002137,amount: -43.17619884430715,5.0
mc_ID_2281,Married Male with five children and education: partial college working as professional,30K+,"Snack Foods from Snack Foods department, Ordered Brand : Horatio",11.0037,9.5501,recyclable,,Savings Galore,Supermarket,5.19 Millions,2.1279 Millions,2047.88,457.36,303.66,714.2611,urussanga,SC,-28.52646158500828,-49.32174954817925,suzano_,SP,-23.54646763188849,-46.31743880609893,5.0
mc_ID_2282,"Married_Male_with_one_child,_education:_partial_high_school_working_as_skilled_manual",10K+,"Plastic Products from Household department, Ordered Brand : Red Wing",23.9843,-22.5307,recyclable,"['Bar For Salad', 'Florist', 'Ready Food', 'Coffee Bar']",,Deluxe,$6.92 Millions,2.422 Millions,2055.29,654.13,434.19,725.9763,palmeira das missoes,Rs,val: -27.890224444772645,-53.30591654790965,it@tiba,SP,-22.99567770323237,-46.857106243157794,5.0
mc_ID_2283,"Single Male with three children, education: bachelors degree working as management",70000,"Bathroom Products from Health and Hygiene department, Ordered Brand : Faux Products",27.7636,23.4028,non recyclable,['Florist'],Weekend Discount,,7.2 Millions,2.952 Millions,1320.15,523.32,350.35,279.1251,Taboao Da Serra,SP,measure: -23.612294462020333,-46.76578686529368, sao paulo,SP,amount: -23.62358155176294,-46.61056007369148,5.0
mc_ID_2284,"Single Male with four children, education: partial high school working as manual",30000,"Vegetables from Frozen Foods department, Ordered Brand : Imagine",-30.5255,27.6183,recyclable,"['Bar For Salad', 'Florist', 'Ready Food', 'Video Store', 'Coffee Bar']",Tip Top Savings,Deluxe,7.64 Millions,2.5976 Millions,,481.98,319.62,416.2557,_jales,SP,-20.27939929861524,-50.5535315563023,sao paulo,SP,-23.49266694338963,-46.649278230509495,data: 5.0
mc_ID_2285,"Single Female with No children, education: bachelors degree working as professional",50K+,"Carbonated Beverages from Beverages department, Ordered Brand : Token",14.5359,amount: 11.6287,non recyclable,"['Bar For Salad', 'Florist', 'Coffee Bar', 'Ready Food']",Price Winners,,1.1 Millions,0.396 Millions,1566.94,385.45,256.97,769.7514,sao paulo,SP,-23.56180201082004,-46.47968149264242,saO JoSe do RIO pReTo ,SP,amount: -20.80243626346376,amount: -49.39562406741489,amount: 5.0
mc_ID_2288,"Married Male with four children, education: high school degree working as skilled manual",30K+,"Fruit from Produce department, Ordered Brand : Tri-State",43.90 lbs,16.8617,recyclable,['Florist'],Sale : Double Down,sUPeRMARKEt,$10.83 Millions,4.4403 Millions,1321.49,523.32,348.85,292.6708,rio de janeiro,RJ,-22.936378144309987,-43.32533727849932,CURITIBA,Pr,-25.40444171696837,-49.34025084016421,5.0
mc_ID_2289,"Single Female with three children, education: high school degree working as manual",30K+,"Meat from Deli department, Ordered Brand : American",10.8874,9.4193,recyclable,,,Supermarket,11.04 Millions,5.52 Millions,1508,227.8,150.12,R$1497.51,	B4GE,r$,-31.32151917200534,-54.10078389798132,5Ao Jose Do Rio Preto,SP,-20.8186365094994,val: -49.36992583875571,5.0
mc_ID_2291,"Single Female with five children, education: partial high school working as manual",30K+,"Fruit from Produce department, Ordered Brand : Ebony",-10.5822,9.1286,recyclable,"['Coffee Bar', 'Ready Food', 'Bar For Salad', 'Florist', 'Video Store']",Pick Your Savings,,6.86 Millions,3.1556 Millions,1871.16,593.93,395.95,295.4427,PORTO ALEGRE,RS,-30.0671587507646,amount: -51.1688040863292,sumare_,5P,measure: -22.828654864562257,-47.267296160568925,1.0
mc_ID_2293,"Single Male with four children, education: bachelors degree working as professional",50K+,"Candy from Snacks department, Ordered Brand : Gulf Coast",10.335,8.8815,recyclable,"['Florist', 'Coffee Bar', 'Video Store', 'Ready Food', 'Bar For Salad']",Two Day Sale,Gourmet,8.43 Millions,3.9621 Millions,1426.5,,310.84,783.1925,ribeirao pr3to,SP,-21.179578055269594,-47.81126902131619,Ibitinga,$P,-21.7664768468313,,1.0
mc_ID_2294,"Single Female with one kid, education: bachelors degree working as professional",50K+,"Hardware from Household department, Ordered Brand : High Quality",11.1054,8.1837,recyclable,"['Bar For Salad', 'Florist', 'Video Store', 'Coffee Bar', 'Ready Food']",Roller Savings (High) ,Deluxe,5.24 Millions,2.3056 Millions,1734.5,503.07,335.38,440.1568,praia grande,sp,val: -24.016283558765817,-46.39843570349071,sao pau1o,sP,-23.58452319555432,-46.51460627909786,5.0
mc_ID_2295,Married Female with three children and education: bachelors degree working as professional,70K+,"Candy from Snacks department, Ordered Brand : Choice",-31.8337,27.3275,non recyclable,['Florist'],Save Price,SUPERMARKET,"7.36 ,000,000illions",2.5024 Millions,1320.15,523.32,350.83,val: 670.486,s@o paulo,SP,measure: -23.631274287567287,-46.66813874819448,AtibAia,SP,amount: -23.112774381969185,-46.5488845105504,5.0
mc_ID_2299,"Married Male with three children, education: partial college working as skilled manual",50000,"Snack Foods from Snack Foods department, Ordered Brand : Fast",26.7461,22.24,non recyclable,"['Bar For Salad', 'Florist', 'Video Store', 'Ready Food', 'Coffee Bar']",Save It (Sale),Deluxe,€3.5M,1.7952 Millions,1525.28,,248.79,393.4006,recife,Pe,-8.089194059120523,-34.92564794532288,praia grande,Sp ,-24.026786758814687,-46.49304889148245,5.0
mc_ID_2300,"Single Male with one child, education: graduate degree working as professional",90K or more,"Dairy from Dairy department, Ordered Brand : Booker",11.9921,7.6314,non recyclable,"['Ready Food', 'Coffee Bar', 'Video Store', 'Bar For Salad', 'Florist']",Price Winners,Deluxe_,4.32 Millions,1.5984 Millions,1871.16,593.93,395.5,436.9665,limeira,sp,-22.599254430886607,-47.37980963550319,bariri,SP,-22.08770092098372,measure: -48.7476570587839,5.0
mc_ID_2302,"Single Male with three kidren, education: high school degree working as manual",50K+,"Snack Foods from Snack Foods department, Ordered Brand : Horatio",data: 26.8915,-0.1,recyclable,"['Ready Food', 'Bar For Salad']",Super Savers,SUPERMARKET,11.46 Millions,3.7818 Millions,2448.37,470.27,314.81,754.7413,itaquaquecetuba,Sp ,-23.44306263412358,-46.32046764834173,jaboticabal,SP,-21.253339982915808,-48.32841354256132,5.0
mc_ID_2304,"Married Male with two children, education: partial high school working as skilled manual",10000,"Jams and Jellies from Baking Goods department, Ordered Brand : CDR",-24.7111,23.2575,recyclable,"['Florist', 'Video Store', 'Bar For Salad', 'Ready Food', 'Coffee Bar']",Pick Your Savings,Deluxe,2.92 Millions,1.022 Millions,2037.5,481.98,321.26,739.4174,sao paulo,SP,-23.513593871775623,amount: -46.59299115736628,ibitinga,SP,-21.7664768468313,-48.83154737836604,4.0
mc_ID_2305,"MaRrIe fEmAlE WiTh fOuR ChIlDrEn, EdUcAtIoN: hIgH ScHoOl dEgReE WoRkInG As sKiLlEd mAnUaL",30K+,"Meat from Deli department, Ordered Brand : Lake",data: 9.6809,8.2128,non recyclable,,Savings Galore,"Supermarket
",9.6 Millions,3.744 Millions,2049.72,457.36,304.91,714.2611,itajai,Sc,-26.94530777195044,-48.71846720655428,itaqu@quecetuba,SP,-23.464295023583936,data: -46.32874959104104,5.0
mc_ID_2307,"Married Male with two children, education: partial high school working as manual",30K+,"Vegetables from Produce department, Ordered Brand : Ebony",11.5706,7.2098,recyclable,,Shelf Clearing Days,Supermarket,8.76 Millions,3.6792 Millions,1509.25,227.8,151.9,399.6243,socorro,sp,-22.59496246184797,-46.521509282521215,cajamar,SP,-23.406238298215783,-46.84102497498486,5.0
mc_ID_2310,"Married Male with two children, education: partial college working as skilled manual",30K+,"Snack Foods from Snack Foods department, Ordered Brand : Best Choice",22.0946,19042.10 grams,non recyclable,['Coffee Bar'],Double Your Savings,SUPERMARKET,14.64 Millions,5.2704 Millions,1236.07,440.92,293.95,493.8689,salvador,BA,-12.952462777684802,-38.49582396211551,sao paulo,sp,-23.478102779882025,-46.71737617425583,1.0
mc_ID_2311,"Single Male with five children, education: partial high school working as skilled manual",10K+,"Starchy Foods from Starchy Foods department, Ordered Brand : Colossal",48.07 lbs,17.4431,recyclable,"['Video Store', 'Ready Food', 'Coffee Bar', 'Florist', 'Bar For Salad']",Price Destroyers,Deluxe_,4.38 Millions,1.533 Millions,2038.11,481.98,321,777.2826,salvador,BA,-12.928889252293818,-38.49946382292688,presidente prudente,SP,measure: -22.13392715785725,-51.36875322173029,data: nan
mc_ID_2312,Single Female with one child; education: high school degree working as manual,30K or more,"Pizza from Frozen Foods department, Ordered Brand : Golden",24.8564,23.4028,recyclable,"['Ready Food', 'Florist', 'Bar For Salad', 'Coffee Bar', 'Video Store']",Best Savings,Deluxe,1.66 Millions,0.5976 Millions,1873.45,593.93,395.95,278.7067,inhapim,mg,-19.51279414573376,-42.12905013627184,sao bernardo do campo,Sp,-23.71688471949829,-46.54199108267673,5.0
mc_ID_2313,"Single Female with three children, education: partial high school working as skilled manual",Income: 30K+,"Meat from Deli department, Ordered Brand : Lake",13.8673,12.3991,recyclable,"['Bar For Salad', 'Coffee Bar', 'Florist', 'Ready Food', 'Video Store']",Money Savers,Deluxe,9.04 Millions,3.5256 Millions,1871.16,593.93,395.95,343.611,	santa helena de minas, Mg,-16.938794632557947,-40.68623646515535,borda da mata,MG,-22.264093569966427,-46.15856420525942,5.0
mc_ID_2314,"Married Female with four children, education: bachelors degree working as professional",30K+,"Vegetables from Produce department, Ordered Brand : Tri-State",14.97 kg,12.0648,non recyclable,"['Bar For Salad', 'Coffee Bar', 'Florist', 'Ready Food']",Two Day Sale,gourmet,5.36 Millions,1.7152 Millions,,385.45,,486.9653,jundiai,SP,-23.179889672043977,-46.928510109318665,RIBEIRAO PRETO,SP,-21.17121748495008,-47.81941847157649,3.0
mc_ID_2315,"Married Male with two children, education: partial high school working as skilled manual",10K+,"Specialty from Produce department, Ordered Brand : Ebony",25.0018,20.641,recyclable,"['Bar For Salad', 'Florist', 'Video Store', 'Coffee Bar', 'Ready Food']",One Day Sale,Delux3,6.72 Millions,2.688 Millions,2040.11,481.98,321.26,val: 767.3456,itapevi,SP,-23.538289102900915,-46.9265911416677,CAMPO LIMPO PAULISTA,Sp,-23.20706431353269,amount: -46.760735214610754,measure: 5.0
mc_ID_2316,Single Female with three children - education: partial high school working as skilled manual,10K+,"Meat from Deli department, Ordered Brand : American",12.2102,7.8349,non recyclable,['Coffee Bar'],Shelf Clearing Days,Supermarket,"6.42 ,000,000illions",2.0544 Millions,1236.07,440.92,292.9,521.7971,sao paulo,SP,-23.70689244546711,-46.69166124271453,SAO PAU1O,Sp,-23.554079433810344,-46.53324185942636,3.0
mc_ID_2317,"Single Male with five children, education: high school degree working as professional",70K+,"Paper Products from Household department, Ordered Brand : Red Wing",19.4781,16.4256,recyclable,"['Florist', 'Bar For Salad', 'Ready Food', 'Video Store', 'Coffee Bar']",Save It (Sale),Gourmet,7.12 Millions,2.136 Millions,1424.85,465.54,310.89,427.7617,cacador,Sk,-26.77759782919396,-51.0266006692904,MarinGa,PR,-23.38219409935399,-51.95529780691714,5.0
mc_ID_2318,"Single Female w/ four children, education: bachelors degree working as professional",50K+,"Kitchen Products from Household department, Ordered Brand : Denny",29.944,27.0368,recyclable,"['Video Store', 'Bar For Salad', 'Ready Food', 'Coffee Bar', 'Florist']",Sale : Double Down,DELUXE,11.43 Millions,5.1435 Millions,1734.5,,333.49,265.6317,belo horizonte,mg,-19.95954610294896,-43.93549305303234,ibia,MG,-19.598096999999942,-46.61303299999997,5.0
mc_ID_2319,"Single Female with two children, education: graduate degree working as professional",70K or more,"Snack Foods from Snack Foods department, Ordered Brand : Horatio",18.3153,13.9545,non recyclable,"['Bar For Salad', 'Ready Food']",Save Price,,10.52 Millions,4.4184 Millions,2448.37,,313.55,406.4756,sao paul0 ,SP ,-23.53174394892955,-46.61395302123605,ARAGUARI,MG,-18.65223568071188,-48.19343213192182,5.0
mc_ID_2320,"Married Male with two children, education: bachelors degree working as professional",50K+,"Breakfast Foods from Frozen Foods department, Ordered Brand : PigTail",20.4957,19.0421,non recyclable,"['Florist', 'Ready Food', 'Coffee Bar', 'Video Store', 'Bar For Salad']",Sale : Double Down,,4.92 Millions,2.0172 Millions,1525.28,373.1,249.84,278.2883,Itarare,SP,-24.11419116558057,-49.33254226756805,sao paulo,SP,-23.54260295697964,missing,5.0
mc_ID_2323,"Married Male with one child, education: bachelors degree working as management",70000,"Vegetables from Produce department, Ordered Brand : Ebony",10.5531,9.0995,non recyclable,"['Bar For Salad', 'Video Store', 'Coffee Bar', 'Ready Food', 'Florist']",Price Cutters,Gourmet,3.6 Millions,1.728 Millions,1424.85,465.54,310.74,675.716,brasili@,DF,-15.790700843643224,-47.9348514181837,sao paulu,SP,-23.65250284762537,amount: -46.66809535567546,5.0
mc_ID_2325,"Single Male with one kid, education: bachelor'ss degree working as professional",130K+,"Vegetables from Produce department, Ordered Brand : Tri-State",measure: 25.4379,21.0771,non recyclable,,Wallet Savers,,2.01 Millions,0.8442 Millions,2049.72,457.36,304.91,418.1385,bertioga,$P,data: -23.82834010075353,-46.1430173832652,santa rita do sapucai,mg,-22.243203015748463,-45.71330344759827,5.0
mc_ID_2327,"Single Female with one child, education: high school degree working as skilled manual",30K+,"Baking Goods from Baking Goods department, Ordered Brand : BBB Best",22.5307,19.6235,recyclable,"['Coffee Bar', 'Florist', 'Ready Food', 'Bar For Salad']",Sale : Double Down,Deluxe,"3.08 ,000,000illions",1.386 Millions,2055.29,,436.36,500.7202,SAO PAULO,SP,-23.55896103857696,-46.64089188579832,,,,,1.0
mc_ID_2330,education: high school degree working as professional; Single Male with one child,90K+,"Kitchen Products from Household department, Ordered Brand : Sunset",25.2925,22.24,recyclable,"['Florist', 'Ready Food', 'Coffee Bar', 'Bar For Salad']",,Deluxe,5.7 Millions,2.508 Millions,2057.61,654.13,436.09,500.7202,mogi das cruzes, SP,-23.51937483109403,val: -46.19269037743349,caxlas do sul ,RS,-29.193359085518043,-51.162024291842336,5.0
mc_ID_2331,"Married Male with three children, education: high school degree working as management",130K+ annually,"Carbonated Beverages from Beverages department, Ordered Brand : Fabulous",23.8389,22.24,recyclable,"['Bar For Salad', 'Ready Food', 'Video Store', 'Coffee Bar', 'Florist']",,Deluxe,2.64Ms,1.188 Millions,2038.11,481.98,321.26,495.7517,VIRGEM DA LAPA,Mg,-16.808858992892645,data: -42.33845634604305,ibitinga,sp,-21.7664768468313,-48.83154737836604,5.0
mc_ID_2332,"Married Female with three children, education: high school degree working as professional",150K+,"Fruit from Produce department, Ordered Brand : Tri-State",13.2277,10.3205,recyclable,"['Bar For Salad', 'Ready Food', 'Coffee Bar', 'Video Store', 'Florist']",Go For It,Deluxe,6.38 Millions,2.6796 Millions,2039.81,,319.79,R$2504.57,brasilia,Df,-15.656735706985364,-48.19444331487741,coIombo,PR,-25.34347077721826,-49.227809047574894,5.0
mc_ID_2333,"Married Male with three children, education: bachelors degree working as management",50K+,"Dairy from Dairy department, Ordered Brand : Carlson",12.6608,9.7536,recyclable,"['Coffee Bar', 'Video Store', 'Bar For Salad', 'Florist', 'Ready Food']",Go For It, Deluxe,"3.64 ,000,000illions",1.3104 Millions,2038.11,,321.26,455.3761,OSASCO,"SP
",amount: -23.48960523619365,-46.79252124522469,sa0 paulo,SP,-23.53321650340715,-46.50046729003948,2.0
mc_ID_2334,"Single Female with two children, education: bachelors degree working as professional",€76K+,"Vegetables from Produce department, Ordered Brand : Tri-State",measure: 9.6373,data: 8.1837,recyclable,"['Video Store', 'Bar For Salad', 'Ready Food', 'Coffee Bar', 'Florist']",Lottery Cash Registerion,Deluxe,2.43 Millions,1.0449 Millions,1736.78,503.07,,313.0678,BARuERI,SP,-23.49723420376468,-46.8592171116581,_caxias do sul,Rs,-29.16624369279465,-51.209531752064,5.0
mc_ID_2336,"Married Female with one child, education: partial college working as professional",Income: 30K+,"Fruit from Produce department, Ordered Brand : Hermanos",25.4379,21.0771,recyclable,,,Supermarket,$2.61 Millions,1.2789 Millions,1623.48,341.05,227.33,586.7537,sao paulo ,SP,-23.562331512897508,-46.66120425339033,Rio De Janelro,rJ,-22.87063440440864,-43.29503637633458,5.0
mc_ID_2337,"Single Male with four kids, education: graduate degree working as professional",70K+,"Vegetables from Produce department, Ordered Brand : Ebony",data: 31.543,28.6358,recyclable,,,Supermarket,2.28 Millions,1.0032 Millions,2049.72,457.36,304.91,697.7866,sao paulo,5P,measure: -23.703081988343243,-46.70994655023373,BRUSQUE,5C,-27.14105704919435,-48.96146112936535,5.0
mc_ID_2338,"Married Male with one child, education: partial high school working as manual",€8K+,"Plastic Products from Household department, Ordered Brand : Sunset",31.543,28.6358,recyclable,,Super Savers,SuPERMaRKeT,"2.26 ,000,000illions",0.7458 Millions,2049.72,457.36,303.13,339.8977, VARGINHA ,"MG
",-21.576160565072307,-45.45221819062712,sao jose do rio preto,SP,-20.80243626346376,-49.39562406741489,5.0
mc_ID_2339,"Married Male with two children,education: partial High School working as management",130K+,"Vegetables from Produce department, Ordered Brand : Tri-State",-18.606,17.1524,non recyclable,,Price Destroyers,Mid-Size,"7.86 ,000,000illions",2.6724 Millions,,783.64,522.49,503.0214,pocos de caldas,mg,-21.801414691524894,data: -46.54455938110862,Sau Paulo,SP,-23.539824031911863,-46.434679443937874,1.0
mc_ID_2340,"Married Female with four kids, education: partial high school working as manual",10K+,"Breakfast Foods from Breakfast Foods department, Ordered Brand : Jeffers",31.3976,29.944,recyclable,"['Ready Food', 'Coffee Bar', 'Video Store', 'Bar For Salad', 'Florist']",,Deluxe,3.86 Millions,?,1871.16,593.93,395.88,295.4427,brasilia,DF,-15.774458712142962,-47.87677904665532,	tres coroas,RS,-29.517801962425995,-50.765753555126814,4.0
mc_ID_2341,"SINGLE MALE WITH THREE KIDREN, EDUCATION: BACHELORS DEGREE WORKING AS PROFESSIONAL",50K+,"Bread from Baked Goods department, Ordered Brand : Fantastic",19.6235,16.7163,recyclable,"['Video Store', 'Coffee Bar', 'Ready Food', 'Florist', 'Bar For Salad']",Super Savers,,$5.98 Millions,2.6312 Millions,1525.28,373.1,248.79,755.9442,quevedos ,RS,-29.352236897601173,-54.07527280993666,sao p@ulo,SP,-23.65111484251016,-46.75521082321932,1.0
mc_ID_2342,"SINGLE FEMALE WITH ONE CHILD,EDUCATION: HIGH SCHOOL DEGREE WORKING AS SKILLED MANUAL",30K+,"Bread from Baked Goods department, Ordered Brand : Fantastic",31.1069,26.6008,recyclable,"['Coffee Bar', 'Bar For Salad', 'Florist', 'Ready Food']",Super Duper Savers,deluxe ,10.08 Millions,3.4272 Millions,2055.29,654.13,436.09,364.2695,curitiba,PR,-25.43499239826664,-49.35249508144927,lAranjAL PaULISTa,SP,-23.03582473318652,-47.8363026594829,4.0
mc_ID_2343,"Married Female with two children, education: high school degree working as skilled manual",30 Thousand,"Kitchen Products from Household department, Ordered Brand : Denny",29.944,27.0368,recyclable,"['Coffee Bar', 'Florist', 'Ready Food', 'Bar For Salad', 'Video Store']",Super Duper Savers,Deluxe,11.43Ms,4.2291 Millions,1525.84,373.1,250.06,266.73,feira de santana,Not Specified,-12.248541681316151,-38.97197508256521,praia grande ,SP,-24.011288218359883,-46.41873374429398,5.0
mc_ID_2344,"Single  Female  with  three  children,  education:  high  school  degree  working  as  skilled  manual",30K+,"Dairy from Dairy department, Ordered Brand : Carlson",16.8617,13.9545,recyclable,,Price Cutters,,"10.47 ,000,000illions",3.8739 Millions,2085.67,,522.14,324.7307,sorocaba ,SP,-23.50450737663172,-47.47555993853608,sao paulo,5P,-23.51845531779098,-46.53268368206479,5.0
mc_ID_2346,"Married Female with four children, education: partial high school working as manual",$30K+,"Frozen Desserts from Frozen Foods department, Ordered Brand : Carrington",16.7163,13.8091,recyclable,"['Bar For Salad', 'Video Store', 'Ready Food', 'Coffee Bar', 'Florist']",,	Deluxe,3.62 Millions,1.1946 Millions,1871.16,593.93,395.55,measure: 360.3993,VITORIA,ES,-20.258271017529587,-40.26903411769548,sao paulo,SP,-23.48770416180969,-46.41534043450283,5.0
mc_ID_2347,"SiNgLe mAlE WiTh tHrEe cHiLdReN,EdUcAtIoN: bAcHeLoRs dEgReE WoRkInG As pRoFeSsIoNaL",50K+,"Fruit from Produce department, Ordered Brand : Tell Tale",10.5822,9.1286,recyclable,"['Bar For Salad', 'Ready Food', 'Video Store', 'Coffee Bar', 'Florist']",One Day Sale,DELUXE,$11.2 Millions,5.376 Millions,,503.07,,689.0525,Çuritiba,PR,-25.487698473772284,-49.203383034277806,GUARIBA,SP,-21.36235769739203,-48.232975701561735,amount: 3.0
mc_ID_2348,"Married Female with one child, education: high school degree working as skilled manual",30K+,"Vegetables from Produce department, Ordered Brand : High Top",-31.8337,30.2347,non recyclable,['Coffee Bar'],Two Day Sale,,4.29Ms,1.6731 Millions,1236.07,,293.12,477.3944,ca5cavel,PR,-24.98699978821639,-53.450685208725176,rio de janeiro,RJ,-22.842290284753936,-43.29762071175495,measure: 5.0
mc_ID_2349,"Married Female with two children, education: bachelors degree working as professional",70k,"Eggs from Eggs department, Ordered Brand : Blue Medal",18.0246,14.972,non recyclable,"['Coffee Bar', 'Bar For Salad', 'Florist', 'Video Store', 'Ready Food']",,Deluxe ,3.96 Millions,1.98 Millions,1871.16,593.93,395.95,326.352,santos,SP,-23.96705241661365,val: -46.33691592783774,sao paulo,sP,-23.554079433810344,-46.53324185942636,100%
mc_ID_2354,"Single Male with two children, education: bachelors degree working as professional",70K+,"Vegetables from Produce department, Ordered Brand : Hermanos",data: 23.4028,20.4957,recyclable,['Florist'],,Supermarket,9.81 Millions,3.6297 Millions,1320.15,523.32,348.85,532.6232,itabira,MG,-19.63165621067063,data: -43.212335433135365,sao paulo, SP,-23.65111484251016,-46.75521082321932,1.0
-1,"MARRIED FEMALE WITH FOUR CHILDREN,EDUCATION: HIGH SCHOOL DEGREE WORKING AS MANUAL",30 Thousand,"Specialty from Produce department, Ordered Brand : Tri-State",12631.70 grams,11.1636,non recyclable,['Coffee Bar'],Big Time Saving,,5.28 Millions,2.3232 Millions,1236.07,440.92,293.95,710.234,tatui,SP,-23.351354573361085,-47.85525165880219,blumenau,SC,-26.88088214922204,data: -49.14153434581907,3.0
mc_ID_2357,"Married Female with four children, education: partial high school working as management",130 Thousand,"Hardware from Checkout department, Ordered Brand : Queen",12.5154,8.1401,recyclable,['Coffee Bar'],Discount Frenzy,Small Grocery,1.78 Millions,0.6586 Millions,2069.04,330.83,219.52,570.2269,SaO PauLo,SP,-23.57520734776961,val: -46.77326426839399,MARINGA,PR,-23.41000679702781,-51.88262571961486,5.0
mc_ID_2360,"Married Male with five children, education: partial high school working as manual",10K or more,"Vegetables from Produce department, Ordered Brand : Hermanos",20.4957,-999.0,non recyclable,"['Bar For Salad', 'Video Store', 'Coffee Bar', 'Florist', 'Ready Food']",Discount Frenzy,Gourmet,11.85Ms,3.9105 Millions,1424.85,465.54,310.3,504.9565,RIO DE JANEIRO,Rj,measure: -22.882750764257885,-43.5234642776684,ribeirao preto,SP,-21.21227916180968,-47.78815176242136,4.0
mc_ID_2361,"Single Female with four children, education: bachelors degree working as professional",70K+,"Paper Products from Household department, Ordered Brand : Sunset",measure: 19.1874,16.1349,recyclable,"['Ready Food', 'Bar For Salad']",Three for One,Supermarkat,$5.25 Millions,2.415 Millions,2448.37,470.27,313.55,656.2604,miraguai,"RS
",-27.489171862543643,-53.68513919043854,"porto a1egre
",RS,-30.01895817707312,-51.16296204564608,3.0
mc_ID_2363,"Single Female with one child, education: high school degree working as skilled manual",30K+,"Vegetables from Produce department, Ordered Brand : Hermanos",25.1472,23.5482,non recyclable,"['Bar For Salad', 'Coffee Bar', 'Florist', 'Ready Food']",,Deluxe,15.44 Millions,7.1024 Millions,2055.29,654.13,435.26,500.7202,rio de janeiro,RJ_,measure: -22.913297402446734,data: -43.20920670635925,guarulhos,_SP,-23.42207596280801,-46.49318406994056,5.0
mc_ID_2364,"Married Female with one child, education: bachelors degree working as professional",50K+,"Paper Products from Household department, Ordered Brand : Cormorant",30.6708,29.2172,recyclable,"['Ready Food', 'Bar For Salad', 'Florist', 'Coffee Bar']",Three for One,Deluxe,3.36 Millions,1.0416 Millions,2055.29,654.13,434.4,640.5181,goiana,PE,-7.559924763060348,-34.99311916917845,pedreira,SP,-22.73824150585765,-46.8958585777586,5.0
mc_ID_2365,"Single Male with No children, education: bachelors degree working as professional",50K+,"Meat from Deli department, Ordered Brand : Lake",11.3235,8.4018,recyclable,['Florist'],, Supermarket ,1.92 Millions,0.672 Millions,1320.15,523.32,348.85,427.7617,sao paulo,SP,measure: -23.471607970858106,-46.580389438802,sumare,_SP,-22.828654864562257,-47.267296160568925,4.0
mc_ID_2366,"Single Male with two children, education: partial high school working as skilled manual",10K+,"Vegetables from Frozen Foods department, Ordered Brand : Carrington",17.2978,-14.376,non recyclable,"['Coffee Bar', 'Florist', 'Video Store', 'Ready Food', 'Bar For Salad']",,Deluxe,6.4Ms,2.432 Millions,1732.67,503.07,335.38,313.0678,Data Missing,Rs,-30.02933889702238,-51.21207766403137,sao paulo,$P,-23.56613158673322,-46.40933117430316,2.0
mc_ID_2367,"Married Female with four children, education: partial high school working as skilled manual",10K+ annually,"Hot Beverages from Beverages department, Ordered Brand : Super",val: 15.9895,11.6287,recyclable,"['Florist', 'Bar For Salad', 'Coffee Bar', 'Ready Food']",Price Winners,Deluxe,1.5 Millions,0.66 Millions,2055.69,654.13,,494.9149,ITAPETININGA,SP,-23.57032615450668,-48.04184261282094,$ao paulo,"SP
",-23.541941545934563,-46.49095488842404,5.0
mc_ID_2368,Married Male with one child + education: high school degree working as skilled manual,Income: 30K+,"Kitchen Products from Household department, Ordered Brand : High Quality",30.3801,27.3275,recyclable,"['Coffee Bar', 'Video Store', 'Bar For Salad', 'Florist', 'Ready Food']",Roller Savings (High) ,DELUXE,2.16 Millions,0.7992 Millions,1734.5,503.07,335.38,440.1568,sao p@ulo,SP,amount: -23.55998249125743,-46.697973427289455,sao jose dos campos,SP,-23.221431461827063,-45.888163895493165,data: 5.0
mc_ID_2372,"Single Female with four children, education: high school degree working as skilled manual",30K+,"Cleaning Supplies from Household department, Ordered Brand : Sunset",23.8389,20.7864,recyclable,['Coffee Bar'],Two Day Sale,Supermarket,5.55 Millions,2.3865 Millions,1236.07,440.92,293.95,477.3944,jales,sp,-20.26932873300056,-50.54852495698551,sa0 paulo,SP,-23.537511255832708,-46.63705730743676,5.0
mc_ID_2373,"Married Male with two children, education: partial high school working as skilled manual",10k,"Snack Foods from Snack Foods department, Ordered Brand : Fort West",28.0543,25.0018,non recyclable,['Florist'],,	Supermarket,4.26Ms,1.4484 Millions,1320.15,523.32,348.85,532.6232,sao paulo,SP,-23.525377438802,-46.40950968151651,porto alegre,"RS
",-30.00731246906908,-51.19422244408211,5.0
mc_ID_2374,"Married Female with two children, education: bachelors degree working as professional",50 Thousand,"Fruit from Produce department, Ordered Brand : Tell Tale",15.9895,14.5359,recyclable,"['Ready Food', 'Coffee Bar', 'Bar For Salad', 'Florist']",Price Winners,Gourmet,1.74 Millions,0.6264 Millions,1564.86,385.45,256.97,£561.92,itagu4i,RJ,-22.90448396332168,-43.87221941677409,sAo paulO,Sp,-23.537511255832708,-46.63705730743676,5.0
mc_ID_2375,"Married Female with three children, education: high school degree working as professional",70K+,"Pure Juice Beverages from Beverages department, Ordered Brand : Excellent",19187.40 grams,17.5885,recyclable,"['Ready Food', 'Coffee Bar', 'Florist', 'Bar For Salad']",Roller Savings (High) ,Gourmet,€8.2M,3.1812 Millions,1564.86,385.45,256.97,637.6939,barra da estiva,Ba,-13.626367667837362,-41.32333173748239,CAMPO LIMPO PAULISTA,SP,measure: -23.20706431353269,-46.760735214610754,3.0
mc_ID_2378,"Single Female with one child, education: high school degree working as skilled manual",30K+,"Jams and Jellies from Baking Goods department, Ordered Brand : Super",9.7681,8.3,non recyclable,"['Florist', 'Bar For Salad', 'Ready Food', 'Coffee Bar']",Weekend Discount,Gourmet,€8.6M,4.2714 Millions,1564.86,385.45,257.73,470.177,duque de caxias,rj,-22.78420528628237,-43.31477950055586,Marilia,SP,-22.217405964096468,-49.95110711067839,5.0
mc_ID_2380,"Single Female with three children, education: partial high school working as skilled manual",10K+,"Jams and Jellies from Baking Goods department, Ordered Brand : BBB Best",12.8788,9.9571,recyclable,"['Ready Food', 'Coffee Bar', 'Florist', 'Bar For Salad', 'Video Store']",Price Winners,Deluxe,1.68 Millions,0.6888 Millions,2038.11,481.98,321.67,453.9117,itapejara d'oeste,_PR,data: -25.96338729196559,-52.81157455432807,sao peulo,SP,measure: -23.62358155176294,-46.61056007369148,5.0
mc_ID_2382,"Married Female with three children, education: high school degree working as skilled manual",30K+ annually,"Bread from Baked Goods department, Ordered Brand : Modell",-21.3678,18.3153,non recyclable,,Best Price Savers,_Supermarket,6.92Ms,2.2836 Millions,1510.79,229.8,151.9,650.4028,sorocab@_,5P,-23.450593895051057,-47.47570043199476,sao paulo,sp,-23.55156260866176,-46.64021297307979,5.0
mc_ID_2383,"education: bachelors degree working as management, Single Male with No children",30K+,"Fruit from Produce department, Ordered Brand : Tri-State",11.0618,6.7011,non recyclable,['Coffee Bar'],Big Time Saving,,5.88 Millions,2.1756 Millions,1238.59,440.92,295.41,710.234,SAO PAULO,SP,-23.63298562975359,-46.62612026686477,brasilia, DF,-15.84494561197996,-47.98527498130505,5.0
mc_ID_2384,"Married Male with two kidren, education: bachelors degree working as professional",30K+,"Fruit from Produce department, Ordered Brand : Tell Tale",30.5255,27.6183,non recyclable,"['Bar For Salad', 'Coffee Bar', 'Florist', 'Ready Food']",Bag Stuffer,Deluxe,2.04 Millions,0.612 Millions,,656.13,436.09,367.7736,curitiba, PR,-25.48663937607479,-49.33860322009349,	TERESOPOIIS,RJ,-22.428725888669057,-42.97556752642736,1.0
mc_ID_2385,"Married Male with five children, education: partial college working as professional",Income: 30K+,"Snack Foods from Snack Foods department, Ordered Brand : Best Choice",19.4781,39.42 lbs,non recyclable,,Super Duper Savers,Supermarket,5.18 Millions,2.4346 Millions,2049.72,457.36,304.91,527.7593,serra,E5,-20.155123308644374,data: -40.27182103511451,belo horizonte,MG,-19.95661690748416,-43.968436347881045,1.0
mc_ID_2387,"Single Male with four children, education: high school degree working as skilled manual",30K+,"Canned Tuna from Canned Foods department, Ordered Brand : Pleasant",12.9515,val: 8.5762,recyclable,"['Florist', 'Bar For Salad', 'Video Store', 'Ready Food', 'Coffee Bar']",Money Savers,Deluxe,4.11 Millions,1.8495 Millions,1871.16,593.93,,343.611,uberlandia,mG,-18.882476025535222,amount: -48.2792850313636,Serra Negra,SP,data: -22.596440207291085,-46.71196868822353,1.0
mc_ID_2388,"Single Male with five children, education: graduate degree working as management",70K+,"Vegetables from Produce department, Ordered Brand : Hermanos",26.6008,25.0018,non recyclable,"['Florist', 'Bar For Salad', 'Coffee Bar', 'Ready Food', 'Video Store']",Green Light Special,Deluxe,10.9 Millions,5.341 Millions,1525.28,373.1,248.79,507.9899,sañtos,SP,-23.9678895545329,-46.34412123980033,guarulhos,Sp,data: -23.46530411469876,-46.51148732089968,5.0
mc_ID_2389,"Single Female with four children, education: high school degree working as manual",30K+,"Fruit from Produce department, Ordered Brand : Hermanos",21.8039,20.3503,recyclable,,Sale : Double Down,,"5.12 ,000,000illions",1.6384 Millions,2049.72,459.36,,data: 327.7641,cidade ocidental,GO,-16.089353187179697,-47.93972590355894,santa  barbara  d'oeste,SP,-22.75967282783305,-47.364736674563375,amount: 3.0
mc_ID_2391,"Married Female with five children, education: bachelors degree working as professional, education: bachelors degree working as professional",50K+,"Side Dishes from Deli department, Ordered Brand : American",372.25 oz,7.6459,non recyclable,"['Video Store', 'Florist', 'Coffee Bar', 'Bar For Salad', 'Ready Food']",Promo Big,DELUXE,9.08 Millions,3.7228 Millions,1871.16,,395.95,578.2288,taguatinga,TO,-12.397255984273702,-46.43739149940548,ITAQUAQUECETUBA,SP,-23.464295023583936,-46.32874959104104,5.0
mc_ID_2393,"Married Female with four kids, education: high school degree working as skilled manual",30K+,"Pizza from Frozen Foods department, Ordered Brand : Imagine",15.9895,13.0823,non recyclable,"['Florist', 'Ready Food', 'Video Store', 'Bar For Salad', 'Coffee Bar']",Shelf Clearing Days,,$13.84 Millions,4.7056 Millions,1871.16,593.93,395.95,516.7763,ALaGOInHas,BA,-12.151531044479942,val: -38.4178163659543,sao paulo,SP,-23.60262394182404,-46.55136429842682,3.0
mc_ID_2394,"married female with three children, education: high school degree working as manual",50K+,"Kitchen Products from Household department, Ordered Brand : Sunset",25.2925,22.24,recyclable,"['Florist', 'Coffee Bar', 'Bar For Salad', 'Ready Food', 'Video Store']",,Deluxe,5.7Ms,2.451 Millions,2036.58,481.98,321.26,284.3028,Recife,PE,-8.055613969473121,-34.91775662170349,san7o andre,	SP,-23.665703457960586,-46.51808196779969,4.0
mc_ID_2395,"Married Female with three children, education: partial college working as professional",150K+,"Dairy from Dairy department, Ordered Brand : Booker",amount: 20.0596,17.1524,recyclable,"['Coffee Bar', 'Florist', 'Bar For Salad', 'Ready Food']",Save Price,Deluxe,11.04 Millions,4.416 Millions,,654.13,436.09,602.1299,contagem,MG,-19.944519773919623,-44.03388528779314,SANTOS,sp,-23.93360892117263,-46.34716271579432,4.0
mc_ID_2397,"married female with four children, education: hs degree working as skilled manual",30k,"Vegetables from Produce department, Ordered Brand : High Top",13.155,8.7942,non recyclable,"['Bar For Salad', 'Ready Food', 'Florist', 'Video Store', 'Coffee Bar']",Sales Days,D3Luxe,7.36Ms,3.2384 Millions,1871.16,593.93,395.95,amount: 608.772,PONTA PORA,MS_,-22.52284115993474,amount: -55.711830616350696,sao paulo,SP,-23.5300706924808,-46.56414335887811,5.0
mc_ID_2398,"Marrie Male with two children , education: bachelors degree working as management",€42K+,"Drinks from Beverages department, Ordered Brand : Fabulous",21.0771,18.1699,non recyclable,['Florist'],Price Winners,SUPerMARKEt,8.52 Millions,2.8968 Millions,1319.02,,348.85,R$3524.00,sorocaba,sp,-23.50616891395926,amount: -47.43999487691152,"sao pauIo
", SP,-23.551013388568272,-46.44848890729416,val: 5.0
mc_ID_2399,"Married Male with five children, education: bachelors degree working as professional",110K+,"Hot Beverages from Beverages department, Ordered Brand : Landslide",15.1174,12.1956,non recyclable,['Coffee Bar'],Savings Galore,"Supermarket
",2.56 Millions,1.2032 Millions,,442.92,295.32,724.5119,jacarei,$P,-23.303587327226044,val: -45.92931482292686,conselheiro lafaiate,MG,-20.656390614345373,-43.80405126006627,3.0
mc_ID_2401,"Married Male w/ No children, education: high school degree working as skilled manual",10 Thousand,"Snack Foods from Snack Foods department, Ordered Brand : Fast",10.7711,7.8494,non recyclable,"['Video Store', 'Bar For Salad', 'Ready Food', 'Coffee Bar', 'Florist']",I Cant Believe It Sale,Daluxe,7.64 Millions,3.5144 Millions,,503.07,335.38,363.3281,varginha,MG,-21.592971734414537,-45.44673265091192,curitiba,PR,-25.47727317456296,-49.32436710519932,5.0
mc_ID_2402,"Single Male with three children, education: bachelors degree working as professional",130K+,"Vegetables from Produce department, Ordered Brand : High Top",12.8643,8.5035,recyclable,,Budget Bargains,Supermarket,"1.26 ,000,000illions",0.4788 Millions,1623.48,341.05,227.33,623.7298,macap@, ap ,0.027502444816341,-51.12354024723783, lauro de freitas ,	BA,-12.895112589380958,val: -38.33895999999978,3.0
mc_ID_2403,"Single Female with five kidren, education: partial college working as management",€25K+,"Paper Products from Household department, Ordered Brand : Denny",27.0368,24.1296,recyclable,,Go For It,,10.35Ms,3.933 Millions,2087.34,783.64,523.45,717.3991, sau paulo,	SP,-23.521947201039,-46.44086049035999,sao paulo,SP,data: -23.59798552039933,-46.55547278711988,5.0
mc_ID_2404,"Single Male with two children, education: graduate degree working as professional",70K+,"Fruit from Produce department, Ordered Brand : High Top",24.7111,20.3503,non recyclable,"['Florist', 'Bar For Salad', 'Video Store', 'Ready Food', 'Coffee Bar']",,Deluxe,4.62Ms,2.1714 Millions,,481.98,322.92,777.2826,sao paulo,Sp,-23.678985771856432,-46.678985470858095,santo andre,SP,-23.624784000000005,-46.53954225000001,5.0
mc_ID_2405,"Married Female with three children, education: bachelors degree working as professional",50K+,"Starchy Foods from Starchy Foods department, Ordered Brand : Discover",23.2575,20.3503,recyclable,"['Ready Food', 'Coffee Bar', 'Bar For Salad', 'Video Store', 'Florist']",Roller Savings (High) ,Deluxe,4.83 Millions,1.5456 Millions,1733.34,,334.43,440.1568,	pelota$,rs,-31.77338257617298,-52.324852395089145,sao paulo,SP,-23.59272363197529,-46.6315844403312,5.0
mc_ID_2407,"SINGLE MALE WITH FOUR CHILDREN, EDUCATION: PARTIAL HIGH SCHOOL WORKING AS MANAGEMENT",150K+,"Carbonated Beverages from Beverages department, Ordered Brand : Token",9.7827,6.8755,non recyclable,,Wallet Savers,Supermarket,3.87 Millions,1.8963 Millions,1508,227.8,150.2,277.8699,curitiba,PR,-25.459127696635733,-49.23715637356463,	Sao JOsE,SC,-27.543786658615705,-48.62567962615467,5.0
mc_ID_2408,"Single Female with three kids, education: bachelors degree working as professional",50K+,"Frozen Desserts from Frozen Foods department, Ordered Brand : Golden",26.1647,-24.7111,recyclable,,Save Price,Supermarket,11.64 Millions,4.1904 Millions,1508,227.8,151.05,325.6721,diadema,SP,-23.691369029140542,measure: -46.60741867158489,ribeira0 preto,SP,-21.216210904524203,-47.81828973980032,3.0
mc_ID_2411,"Married Female with No children, education: high school degree working as manual",30K+,"Frozen Entrees from Frozen Foods department, Ordered Brand : Imagine",21.8039,18.8967,recyclable,,,$upermarket,$9.28 Millions,4.0832 Millions,2049.72,457.36,306.03,€602.37,santa adelia,SP,-21.24607941923738,-48.80412605259864,rio de janeiro,RJ,-22.89002472433818,-43.23590644033692,5.0
mc_ID_2413,"Single Male with three children, education: high school degree working as skilled manual",30K+,"Meat from Deli department, Ordered Brand : Cutting Edge",18.7513,14.376,recyclable,"['Ready Food', 'Bar For Salad']",Three for One,Supermarket,7.04 Millions,2.6048 Millions,2265.9,853.22,568.51,618.4475,luuveira ,sp,-23.08412527710581,-46.98121307089687,pedreira,SP,-22.73824150585765,-46.8958585777586,val: 5.0
mc_ID_2417,"Single Male with one child, education: bachelors degree working as professional",110K+,"Electrical from Household department, Ordered Brand : Sunset",26.0193,21.5132,recyclable,"['Ready Food', 'Florist', 'Video Store', 'Bar For Salad', 'Coffee Bar']",Price Winners,delUxe,8.85 Millions,3.894 Millions,2040.12,481.98,323.14,$453.91,Santo Andre,SP,-23.666655446303828,-46.53485782638931,louveira,SP,-23.08412527710581,data: -46.98121307089687,4.0
mc_ID_2418,"Married Male with two children, education: partial High School working as manual",120+ monthly,"Breakfast Foods from Frozen Foods department, Ordered Brand : Carrington",val: 28.6358,25.7286,recyclable,,Full Free,Supermarket,3.68 Millions,1.3248 Millions,1508.34,227.8,152.08,data: 272.2738,Santos,SP,-23.9678895545329,-46.34412123980033,"sorocaba
",SP,val: -23.442173999999994,-47.45493449999999,5.0
...,"Married Male with five kids, education: partial high school working as management",Income: 70K+,"Electrical from Household department, Ordered Brand : High Quality",-30.9615,27.909,non recyclable,,Sales Days,Supermarket,8.84 Millions,3.4476 Millions,2047.96,457.36,305.02,610.5502,belo horizonte,Mg,-19.88561895920133,measure: -43.93859494364943,goi@nia,GO,-16.69955774566663,val: -49.31646534449651,val: 5.0
mc_ID_2420,"Single Male with one child, education: high school degree working as skilled manual",30K+,"Paper Products from Household department, Ordered Brand : Cormorant",12.6899,9.7681,non recyclable,['Florist'],Sale Winners,Supermerket,5.49 Millions,1.8117 Millions,1320.15,523.32,349.95,770.6405,rio de janeiro,RJ,-22.99399656731484,-43.23396766206948, santo andre,SP,-23.65981413717008,val: -46.52676210599556,4.0
mc_ID_2422,"mARRIED mALE WITH TWO CHILDREN, EDUCATION: bACHELORS DEGREE WORKING AS PROFESSIONAL",$70K+,"Frozen Entrees from Frozen Foods department, Ordered Brand : Big Time",15.84 kg,12.9224,recyclable,['Florist'],Weekend Discount,,7.82 Millions,3.7536 Millions,1320.15,523.32,,279.1251,bras1lia, DF,,,assis,SP,-22.657282312191057,-50.41657037194679,2.0
mc_ID_2423,"Married Female with one child, education: high school degree working as manual",30K+,"Cleaning Supplies from Household department, Ordered Brand : Sunset",23.8389,-0.1,recyclable,['Coffee Bar'],Coupon Spectacular,Small Grocery,3.7 Millions,1.591 Millions,1392.31,534.29,356.19,439.8953, BRASILIA,DF,-15.91648775173155,-48.05926157037188,SA0 PAULO,5p,-23.58343069747245,-46.50203424424373,5.0
mc_ID_2424,"Single Male with three children, education: high school degree working as skilled manual",$30K+,"Jams and Jellies from Baking Goods department, Ordered Brand : Landslide",10.5822,20.13 lbs,recyclable,"['Coffee Bar', 'Florist', 'Bar For Salad', 'Video Store', 'Ready Food']",,Deluxe,€3.6M,1.974 Millions,1734.5,503.07,335.17,419.9167,Pirip1Ri,PI,-4.266378331490602,amount: -41.77837489461923,Assis,sp,-22.64961538190318,val: -50.406862966414685,1.0
mc_ID_2425,"Single Male with one child, education: bachelors degree working as professional",110K+,"Fruit from Produce department, Ordered Brand : Tell Tale",65.37 lbs,26.6008,recyclable,"['Bar For Salad', 'Florist', 'Ready Food', 'Coffee Bar', 'Video Store']",Price Winners,,7.59 Millions,3.036 Millions,2035.48,481.98,322.89,453.9117, CURITIBA,PR,amount: -25.41420518595992,-49.259492785590666,joinville,Sc,-26.285093458703344,-48.87010250956512,5.0
mc_ID_2426,"Single Female with three kids, education: partial college working as skilled manual.",30K or more,"Hygiene from Health and Hygiene department, Ordered Brand : Consolidated",37.17 lbs,13.9545,recyclable,,Coupon Spectacular,	Mid-Size,$3.84 Millions,1.6896 Millions,2085.62,783.64,522.71,759.9713,rio de janeiro,RJ,-23.01373315958797,data: -43.31153889592586,tres coracoes,mG,measure: -21.69216794221008,-45.25804903964345,1.0
mc_ID_2427,"Single Female with four children, education: partial high school working as skilled manual",50K+,"Baking Goods from Baking Goods department, Ordered Brand : CDR",30.8162,26.4554,recyclable,"['Coffee Bar', 'Bar For Salad', 'Ready Food', 'Florist']",Weekend Discount,,8.85 Millions,3.9825 Millions,1564.86,385.45,255.83,470.177,votorantim,SP ,-23.54014649628784,-47.49201645624124,brasilia ,Df,-15.784005551214673,-47.88910205029197,5.0
mc_ID_2428,"Single Male with one child, education: partial high school working as skilled manual",10K+,"Fruit from Produce department, Ordered Brand : Tell Tale",24.8564,21.9493,recyclable,,Budget Bargains,Mid-Size,"7.64 ,000,000illions",3.5908 Millions,2085.67,783.64,522.49,546.0643,Sao Paulo,SP,-23.54268733028447,-46.59453248320733,sao paulo,5P,data: -23.539494799586286,-46.63284391414975,1.0
mc_ID_2429,"Single Female with three children, education: partial high school working as management",Income: 130K+,"Dairy from Dairy department, Ordered Brand : Club",20.7864,17.8792,recyclable,"['Video Store', 'Ready Food', 'Florist', 'Coffee Bar', 'Bar For Salad']",,Deluxe,$10.5 Millions,4.725 Millions,2040.25,481.98,,453.9117,rio das pedras,SP,-22.849226544300205,-47.61048571730711,santo andre,SP,-23.665703457960586,-46.51808196779969,4.0
mc_ID_2431,"Married Female with one child, education: High School degree working as professional",130K+,"Paper Products from Household department, Ordered Brand : Red Wing",22.676,21.2225,recyclable,['Coffee Bar'],Price Smashers,Supermarket,4.24 Millions,1.3992 Millions,1236.07,440.92,293.95,722.9429,conchal,SP,-22.338621,-47.17603125,brusque,SC,-27.14105704919435,-48.96146112936535,1.0
mc_ID_2432,"Single Female with two children, education: bachelors degree working as professional",Income: 70K+,"Starchy Foods from Starchy Foods department, Ordered Brand : Shady Lake",28.6358,27.1822,recyclable,['Coffee Bar'],Price Winners,,6.78 Millions,3.1866 Millions,1394.66,534.29,356.19,amount: 647.0556,sao paulo,SP,measure: -23.667041652697392,-46.67496025552495,cajamar,SP,-23.406238298215783,-46.84102497498486,5.0
mc_ID_2433,"Single Male with three children, education: high school degree working as manual",30K+,"Frozen Desserts from Frozen Foods department, Ordered Brand : Carrington",25.7286,measure: 21.3678,recyclable,['Florist'],Shelf Emptiers,SUPERMARKET,5.3 Millions,1.749 Millions,1320.15,523.32,,564.2647,sao paulo,SP,,,"CAMP1NAS
", Sp ,-22.92991227115403,-47.07189552530681,data: 5.0
mc_ID_2434,"Single Female with No children, education: bachelors degree working as professional",70K+,"Canned Soup from Canned Foods department, Ordered Brand : Better",val: 12.123,10.6694,recyclable,"['Bar For Salad', 'Coffee Bar', 'Ready Food', 'Video Store', 'Florist']",GLD,Deluxe,2.25 Millions,0.945 Millions,1734.5,503.07,335.61,346.5921,sao paulo,SP,-23.63918311962604,-46.665798720930205,birigui,SP,-21.301705697260985,amount: -50.33198634467411,5.0
mc_ID_2435,"Married Male with two children, education: HS degree working as skilled manual",30000,"Fruit from Produce department, Ordered Brand : High Top",17.1524,12.7916,non recyclable,['Florist'],Save It (Sale),Supermarket,4.47 Millions,1.5645 Millions,1320.15,523.32,,427.7617,Sao PauLo,5P,-23.599634741329545,-46.6603591434878,monten3gro,r5,-29.67034898140752,-51.46146829327502,5.0
mc_ID_2437,"Single Male with four children, education: bachelors degree working as management",50K+,"Dairy from Dairy department, Ordered Brand : Gorilla",12.7771,data: 9.8554,non recyclable,"['Bar For Salad', 'Ready Food']",Price Slashers,suPERmarkET ,4.71 Millions,1.7427 Millions,2448.37,470.27,313.55,402.7623,port0 alegre,Rs,data: -30.04758119296532,-51.13461203217546,pIrACIcAba,SP,-22.71683928585045,amount: -47.65736585405934,1.0
mc_ID_2438,"Married Male with three children, education: partial college working as clerical",30K+,"Bread from Baked Goods department, Ordered Brand : Fantastic",amount: 16.8617,13.9545,non recyclable,['Coffee Bar'],Super Savers,Supermarket,1.26 Millions,0.5544 Millions,1235.17,,293.95,704.2718,guarulhos,SP,measure: -23.44634995836461,-46.54365549347912,santO aNDRe,SP,val: -23.665703457960586,-46.51808196779969,4.0
mc_ID_2439,"Single Male with one child, education: partial high school working as skilled manual",10K+,"Vegetables from Frozen Foods department, Ordered Brand : Golden",-29.944,data: 27.0368,non recyclable,,,Supermarket,€1.8M,0.7128 Millions,2049.72,457.36,304.91,599.358,Natal,RN,-5.851241769086473,data: -35.207529631975284,SAO PAULO,SP,amount: -23.554133203993324,-46.53048959908248,measure: 5.0
mc_ID_2441,"Married Male with four children, education: bachelors degree working as professional",70K+,"Frozen Desserts from Frozen Foods department, Ordered Brand : Big Time",28.9265,24.4204,recyclable,,,Supermarket,"11.08 ,000,000illions",3.4348 Millions,,227.8,151.78,619.0228,torres,Rs,-29.333594390939208,-49.73818879957859,sao paulo,5P,-23.554079433810344,-46.53324185942636,measure: 4.0
mc_ID_2442,"Married Female with No children, education: partial high school working as manual",10k,"Candy from Snacks department, Ordered Brand : Atomic",20.2049,15.6988,non recyclable,['Coffee Bar'],Price Slashers,SUPERMARKET,3.56 Millions,1.4596 Millions,1236.07,440.92,294.76,402.6054,rio de janeiro, RJ,amount: -22.938518021928537,measure: -43.17619539800332,pradopolis,SP,-21.36757068180344,measure: -48.06270442872158,5.0
mc_ID_2444,"Married Female with No children, education: bachelors degree working as management",50K+,"Fruit from Produce department, Ordered Brand : Tri-State",11.0618,6.7011,non recyclable,"['Ready Food', 'Video Store', 'Coffee Bar', 'Bar For Salad', 'Florist']",Saving Days,Gourm3t,7.84 Millions,3.92 Millions,1422.89,465.54,308.44,350.9853,santo angelo,rs,-28.302982775967653,-54.26130006953182,massaranduba,$C,-26.59892353667944,-48.99279267408672,3.0
mc_ID_2445,"Single Female with three children, education: HS degree working as skilled manual",30000,"Pain Relievers from Health and Hygiene department, Ordered Brand : Faux Products",19.3328,14.972,recyclable,['Florist'],Sale : Double Down,Supermarket,3.63 Millions,1.4157 Millions,1318.19,523.32,,amount: 292.6708,piracicaba,SP,-22.715110444918835,-47.645625352213,sao paulo_,$P,val: -23.40112949486411,-46.34138851387846,
mc_ID_2446,"mARRIED fEMALE WITH FOUR KIDREN, EDUCATION: HIGH SCHOOL DEGREE WORKING AS SKILLED MANUAL",30K+ annually,"Hygiene from Health and Hygiene department, Ordered Brand : Bird Call",24.7111,-1.0,non recyclable,,Two for One,Supermarket,"4.2 ,000,000illions",1.47 Millions,2049.72,457.36,306.51,300.8296,CAXIAS  DO  SUL,_Rs,amount: -29.15431985306487,-51.18599374251306,"araguari
",MG,-18.65223568071188,measure: -48.19343213192182,5.0
mc_ID_2453,"married female with three children, education: hs degree working as manual",30K+,"Canned Soup from Canned Foods department, Ordered Brand : Blue Label",-13.7801,12.3119,recyclable,,,,€6.6M,2.325 Millions,1623.48,341.05,228.83,543.397,sao pau1o,SP,-23.54335652677597,val: -46.683946373016354,piracicaba,SP,-22.71683928585045,-47.65736585405934,3.0
mc_ID_2455,"Single Male with one child, education: partial high school working as professional",150K+,"Cold Remedies from Health and Hygiene department, Ordered Brand : Faux Products",21.0771,18.1699,non recyclable,,One Day Sale,Mid-Size,2.12Ms,0.9752 Millions,2819.7,447.7,299.11,767.3456,santa isabel do para,PA,amount: -1.2987799721680668,-48.16186402937194,sao JOSE Do RIO PARDo,SP,-21.592175195884263,-46.89389599036144,5.0
mc_ID_2456,"Married Male with three children, education: bachelors degree working as professional",70K+,"Meat from Deli department, Ordered Brand : Moms",14.8266,11.9049,recyclable,"['Coffee Bar', 'Florist', 'Bar For Salad', 'Video Store', 'Ready Food']",Sales Days,Deluxe,4.86 Millions,2.0412 Millions,1870.44,,395.95,measure: 608.772,niteroi,Rj,measure: -22.88248286955392,-43.0886607547753,sao paulo,SP,-23.468440512490595,-46.72068807496815,4.0
mc_ID_2457,"Married Female with one child, education: high school degree working as manual",30K+,"Candy from Snacks department, Ordered Brand : Gulf Coast",-19.1874,14.6813,non recyclable,['Coffee Bar'],,Small Grocery,"6.86 ,000,000illions",2.5382 Millions,,534.29,356.19,439.8953,verginha,mg,-21.555365756683145,-45.4286114519794,sao paulo,SP,amount: -23.566230979700467,-46.58020347785505,5.0
mc_ID_2458,"Married Male with five children, education: high school degree working as skilled manual",30K+,"Canned Shrimp from Canned Foods department, Ordered Brand : Pleasant",23.2575,20.3503,non recyclable,,GLD,Supermarket,8.31 Millions,3.4902 Millions,,457.36,304.29,697.7866,indaiatuba,SP,-23.1144961851232,-47.22977576894223,sao bernardo do campo,SP,-23.71688471949829,-46.54199108267673,5.0
mc_ID_2459,"Single Male with one child, education: partial high school working as manual",10K or more,"Magazines from Periodicals department, Ordered Brand : Robust",15.1174,-12.1956,non recyclable,['Coffee Bar'],Two Day Sale,,$3.78 Millions,1.323 Millions,1236.07,,293.95,val: 477.3944,Joimville,_sc,-26.297897521784314,-48.84623041326677,pedreira,SP,-22.73824150585765,-46.8958585777586,5.0
mc_ID_2461,"Married Male with two children, education: bachelors degree working as management",50K+,"Vegetables from Frozen Foods department, Ordered Brand : Carrington",11.8468,8.9251,non recyclable,"['Bar For Salad', 'Ready Food']",Three for One,Supermarket,7.23 Millions,3.5427 Millions,2449.53,470.27,313.21,656.2604, travessao ,RJ,val: -21.75025495843957,val: -41.3293745730636,canoinhas,5C,-26.16862248406491,-50.392861528512256,4.0
mc_ID_2462,"Single Male with one child, education: high school degree working as manual",30K+,"Baking Goods from Baking Goods department, Ordered Brand : Landslide",-23.1121,20.0596,recyclable,"['Video Store', 'Florist', 'Coffee Bar', 'Bar For Salad', 'Ready Food']",Two Day Sale,Deluxe,8.56 Millions,2.7392 Millions,2038.11,481.98,,495.7517,uberaba,Mg,-19.795850304096405,-47.98758009027437,,SP,-21.7664768468313,-48.83154737836604,measure: 3.0
mc_ID_2463,"Married Female with one child, education: partial college working as skilled manual",30 Thousand,"Bathroom Products from Health and Hygiene department, Ordered Brand : Hilltop",val: 19.0421,14.6813,non recyclable,,Price Destroyers,Supermarket,5.96 Millions,2.0264 Millions,1509.7,227.8,,635.1312,	tres coracoes,mg,-21.69216794221008,-45.25804903964345,ibitinga,Sp,-21.7664768468313,-48.83154737836604,5.0
mc_ID_2464,"Single Female with two childran, education: high school degree working as skilled manual",30000,"Hot Beverages from Beverages department, Ordered Brand : Super",8.8524,4.4916,recyclable,"['Ready Food', 'Video Store', 'Bar For Salad', 'Coffee Bar', 'Florist']",,Deluxe,5.1 Millions,2.091 Millions,1525.28,373.1,248.79,amount: 755.9442,sao paulo,5P,-23.45886783036675,-46.58574627053405,sao paulo,Sp,amount: -23.58452319555432,-46.51460627909786,5.0
mc_ID_2466,"Single Female with four children, education: partial high school working as skilled manual.",10K+,"Dairy from Dairy department, Ordered Brand : Gorilla",19.4781,14.972,recyclable,"['Bar For Salad', 'Ready Food']",Coupon Spectacular,,5.88 Millions,2.352 Millions,2265.9,853.22,568.75,val: 269.1881,belo horizonte,MG,-19.95661690748416,-43.968436347881045,caxias do sul,RS,-29.193359085518043,-51.162024291842336,3.0
mc_ID_2467,"Single Female with one child, education: bachelors degree working as professional",70K+,"Breakfast Foods from Breakfast Foods department, Ordered Brand : Radius",12.2102,10.7421,non recyclable,"['Florist', 'Ready Food', 'Bar For Salad', 'Coffee Bar']",Super Savers,Deluxe,3.44 Millions,1.6512 Millions,2055.29,654.13,436.09,373.9973,sao joao de meriti,RJ,-22.792149941366457,-43.38383110536862,itaquaquece7uba,SP,-23.43567309991361,-46.38032799842931,1.0
mc_ID_2468,"Married Female with one child, education: graduate degree working as management",70K+,"Eggs from Eggs department, Ordered Brand : National",24.1296,21.2225,non recyclable,"['Bar For Salad', 'Ready Food']",Roller Savings (High) ,	Supermarket,3.72 Millions,1.1904 Millions,2264.74,853.22,,356.4245,seo paulo,SP,-23.61010867721736,-46.612242581049074,sao paulo,sp,-23.61411790980433,-46.60034800222169,5.0
mc_ID_2469,"Single Female with No children, education: high school degree working as skilled manual",30K+,"Beer and Wine from Alcoholic Beverages department, Ordered Brand : Walrus",25.5832,22.676,non recyclable,"['Bar For Salad', 'Ready Food']",Price Slashers,Supermarket,10.36 Millions,4.144 Millions,2265.9,,568.75,450.8783,MONTES CLAROS,MG,val: -16.74508472799934,-43.88799563794789,cotia,5P,-23.6051651312828,-46.92504614654623,4.0
mc_ID_2470,"Single  Female  with  one  child,  education:  bachelors  degree  working  as  professional",50k,"Pain Relievers from Health and Hygiene department, Ordered Brand : Faux Products",16.1349,amount: 13.2277,non recyclable,,Price Slashers,SUPERMARKET,9.28 Millions,3.1552 Millions,1626.05,,,277.0331,rodeio,Sç,-26.90788801527196,-49.36522248757208,ibltinga,$P,-21.7664768468313,-48.83154737836604,5.0
mc_ID_2471,"Single Male with four children, education: bachelors degree working as professional",50K+,"Fruit from Produce department, Ordered Brand : Tell Tale",20.0596,-17.1524,non recyclable,"['Bar For Salad', 'Ready Food', 'Video Store', 'Florist', 'Coffee Bar']",,Gourmet,5.22 Millions,2.5578 Millions,1424.85,465.54,310.3,350.9853,sao paulo,SP,-23.58902002192854,-46.62638589800334,saopaulo,SP,-23.56351781487679,-46.584379697472464,5.0
mc_ID_2472,"single male with two children, education: partial high school working as skilled manual",10K+,"Dairy from Dairy department, Ordered Brand : Gorilla",31.8337,27.3275,recyclable,"['Ready Food', 'Coffee Bar', 'Florist', 'Bar For Salad']",Price Winners,GOURMET,--,5.4234 Millions,1563.03,385.45,,769.7514,belo horizomte,MG,-19.90179566778229,measure: -44.00424794061967,curitiba,PR,-25.453155877315545,-49.2850395992267,measure: 4.0
mc_ID_2473,"Married Female with two children, education: partial college working as management",70K+,"Baking Goods from Baking Goods department, Ordered Brand : Plato",16.571,13.6492,non recyclable,"['Florist', 'Ready Food', 'Coffee Bar', 'Bar For Salad']",,Deluxe,6.88 Millions,2.2016 Millions,2055.29,654.13,436.09,267.3576,guaxupe,MG,-21.309842064487707,-46.7248749153552,praia grande, SP ,measure: -24.026786758814687,-46.49304889148245,5.0
mc_ID_2474,"Married Female with four children, education: partial high school working as professional",110K+,"Electrical from Household department, Ordered Brand : Cormorant",17.4431,-13.0823,recyclable,"['Coffee Bar', 'Video Store', 'Bar For Salad', 'Ready Food', 'Florist']",Save Price,Deluxe,10.28 Millions,4.8316 Millions,2039.84,481.98,319.5,284.3028,"osasco
",SP,-23.53538565178984,-46.76092361691542,cURiTiBa,"PR
",-25.464029318048183,-49.30472794690424,amount: 5.0
mc_ID_2475,"Single Male with four children, education: high school degree working as skilled manual",30K+,"Frozen Desserts from Frozen Foods department, Ordered Brand : Imagine",19.9142,15.4081,non recyclable,"['Ready Food', 'Bar For Salad', 'Coffee Bar', 'Video Store', 'Florist']",Save Price,,7.62 Millions,2.8956 Millions,1734.5,503.07,335.38,419.9167,Sao Paulo,Sp,measure: -23.547650962519555,-46.64357747515727,mariñga,PR,-23.411103505732864,-51.98023531507588,5.0
mc_ID_2477,"Single Male with one child, education: Bachelors degree working as professional",50K+,"Snack Foods from Snack Foods department, Ordered Brand : Best Choice",11.8759,7.5151,non recyclable,['Coffee Bar'],?,Supermarket,$7.88 Millions,3.6248 Millions,1236.07,440.92,293.03,760.4943,_sao g0ncalo,RJ,-22.827206075806263,-43.08632597763122,Sao Jose Do Rio Preto,SP,amount: -20.80243626346376,-49.39562406741489,1.0
mc_ID_2481,"Single Male with four kidren, education: bachelor'ss degree working as professional",70K+,"Meat from Deli department, Ordered Brand : Lake",24.5657,22.9668,recyclable,"['Florist', 'Video Store', 'Ready Food', 'Coffee Bar', 'Bar For Salad']",Super Duper Savers,Deluxe,7.47 Millions,3.5109 Millions,1523.32,373.1,248.79,318.3501,tamandare,PE,-8.757576618616556,-35.102467146958816,sao pau1o,SP,data: -23.65111484251016,-46.75521082321932,amount: 5.0
mc_ID_2482,"Single Male with one child, education: bachelors degree working as professional",€42K+,"Vegetables from Canned Foods department, Ordered Brand : Better",30.9615,27.909,recyclable,"['Video Store', 'Ready Food', 'Florist', 'Bar For Salad', 'Coffee Bar']",I Cant Believe It Sale,Deluxe,5.6 Millions,1.96 Millions,1734.5,503.07,335.38,363.3281,londrina ,PR,-23.318557344711184,-51.17755380195063, santana de parnaiba ,SP,-23.419753962259747,-46.95925190896761,1.0
mc_ID_2483,"Married Male with two children, education: graduate degree working as professional",130K+,"Snack Foods from Snack Foods department, Ordered Brand : Best Choice",32.05 lbs,11.6287,non recyclable,['Coffee Bar'],Weekend Discount,Supermarket,$5.3 Millions,1.961 Millions,1236.07,442.92,,364.1649,sao bernardo do campo,SP,-23.77796700043484,-46.60196970048699,RIO DE JANEIRO,rj,amount: -22.87459850346245,measure: -43.477731000000006,4.0
mc_ID_2484,"Married Male with five children, education: partial college working as professional",90K or more,"Bread from Baked Goods department, Ordered Brand : Colony",12.68 kg,9.7681,non recyclable,"['Coffee Bar', 'Florist']",I Cant Believe It Sale,Mid-Size,3.51 Millions,1.3689 Millions,2551.4,389.54,258.02,275.9871,hortolandie,SP,-22.84130864526152,-47.21940877608377,belo horizonte,mg,-19.926141851520523,-43.93684827200066,4.0
mc_ID_2486,"Single Female with four children, education: bachelors degree working as professional",70K or more,"Frozen Desserts from Frozen Foods department, Ordered Brand : Imagine",17.7338,13.3585,non recyclable,['Coffee Bar'],Sale : Double Down,,3.52 Millions,1.5488 Millions,1236.07,440.92,292.28,309.5637,sao paulo,$P,-23.48938575704257,-46.49049703183771,ribeirao pret0,SP,-21.116471333054424,-47.79073400291418,4.0
mc_ID_2489,"Married Male with two children, education: high school degree working as skilled manual",30K+,"Candy from Snacks department, Ordered Brand : Choice",val: 27.0368,24.1296,recyclable,"['Ready Food', 'Bar For Salad']",,supermarket,5.16 Millions,1.6512 Millions,2268.02,853.22,,339.1132,Natal, Rn ,-5.879141145328188,measure: -35.20142316133947,sao paulo,SP,-23.59272363197529,-46.6315844403312,5.0
mc_ID_2490,"mARRIED fEMALE WITH ONE KID, EDUCATION: PARTIAL COLLEGE WORKING AS PROFESSIONAL",30K+,"Fruit from Produce department, Ordered Brand : High Top",data: 21.3678,18.3153,non recyclable,"['Ready Food', 'Coffee Bar', 'Florist', 'Bar For Salad']",Dollar Days,,4.5 Millions,1.575 Millions,2055.29,654.13,435.22,measure: 725.9763,atibaia,SP,-23.09886363588941,-46.54789512763439,sao 	paulo,SP,-23.485253731057767,-46.73312974854289,4.0
mc_ID_2491,"Single Female with five children, education: high school degree working as skilled manual",30K+,"Canned Anchovies from Canned Foods department, Ordered Brand : Bravo",12.1084,data: 7.7331,non recyclable,,Big Time Discounts,Supermarket,$6.93 Millions,3.3264 Millions,2049.72,457.36,304.91,310.662,	sertanopolis,PR,-23.06054119222585,-51.03218870823536,Ribeirao Pires,SP,measure: -23.73407261059953,-46.44241000920845,5.0
mc_ID_2492,"Married Male with No children, education: bachelors degree working as management",90k,"Magazines from Periodicals department, Ordered Brand : Mighty Good",9.4484,6.5412,non recyclable,"['Florist', 'Bar For Salad', 'Ready Food', 'Coffee Bar', 'Video Store']",,Deluxe,4.56 Millions,1.6872 Millions,1871.16,593.93,395.96,R$3721.62,santa cruz do sul,R$,-29.704781007155663,-52.42944384718152,PETROPOLIS,	Rj,-22.549033360244323,-43.210094724044055,1.0
mc_ID_2494,"Married Female with two children, education: bachelors degree working as professional",130000,"Canned Soup from Canned Foods department, Ordered Brand : Better",23.2575,-18.8967,recyclable,"['Ready Food', 'Bar For Salad']",Three for One,supermarket,1.89 Millions,0.5859 Millions,2448.37,470.27,313.55,656.2604, portalegre, RN ,-6.02837434793123,-37.99270910154039,santo andre,SP,measure: -23.624784000000005,-46.53954225000001,2.0
mc_ID_2496,"Single Female with three children, education: bachelors degree working as professional",50K+,"Magazines from Periodicals department, Ordered Brand : Mighty Good",data: 21.8039,20.3503,non recyclable,,Save Price,,4.9 Millions,2.352 Millions,1508,227.8,151.57,325.6721,campo ere,SC,-26.39359270318612,-53.08265733215715,valinhos,SP,-22.976619071841363,-47.01071509319301,5.0
mc_ID_2501,"Single Male with two kids, education: partial high school working as skilled manual",10K or more,"Vegetables from Produce department, Ordered Brand : Tell Tale",13.1114,8.7506,recyclable,"['Coffee Bar', 'Video Store', 'Bar For Salad', 'Florist', 'Ready Food']",,Gourmet,5.79 Millions,2.8371 Millions,1424.33,,310.3,499.7265,espumoso,RS,-28.730970788547925,-52.841267188979046,SAO JOSE DOS CAMPOS,SP,-23.221587583126546,-45.90665169219235,4.0
mc_ID_2502,"Married Female with three children, education: bachelors degree working as professional, Married Female with three children",50K+,"Paper Products from Household department, Ordered Brand : Sunset",13.7074,10.8002,non recyclable,"['Bar For Salad', 'Coffee Bar', 'Florist', 'Ready Food']",Sale : Double Down,Deluxe,€8.8M,3.8332 Millions,,654.13,436.09,500.7202,santo andre,_SP,-23.656293518994904,-46.55412213733605,guaratuba,PR,-25.879391743627053,-48.61948177812689,4.0
mc_ID_2506,"Married Male with four children, education: partial high school working as skilled manual",10K+,"Jams and Jellies from Baking Goods department, Ordered Brand : BBB Best",357.38 oz,5.7562,non recyclable,,Super Savers,Mid-Size,"7.88 ,000,000illions",3.3884 Millions,2085.67,783.64,522.49,measure: 531.4203,jundiei,_SP,-23.148804478137823,-46.92948882832884,rio de janeiro,Rj,-22.87459850346245,-43.477731000000006,2.0
mc_ID_2507,"Single Female with one child, education: graduate degree working as management",1560+ monthly,"Vegetables from Frozen Foods department, Ordered Brand : Big Time",val: 12.3555,-9.4484,non recyclable,"['Bar For Salad', 'Ready Food']",Coupon Spectacular,,14.28Ms,4.5696 Millions,2265.9,853.22,568.75,val: 269.1881,SAo PAUlo,SP,-23.454003750910267,data: -46.69883840613622,curitiba ,SP,-25.491606559524563,-49.28283748666978,5.0
nil,"Single Male with one child, education: partial college working as manual",30K+,"Snack Foods from Snack Foods department, Ordered Brand : Nationeel",14.0999,12.6317,non recyclable,,Sales Days,SuPERMARkeT,€9.3M,4.5864 Millions,2049.72,457.36,304.91,610.5502,betim,MG,-19.94861206494891,-44.16252047002138,santo andre,SP,-23.665703457960586,-46.51808196779969,val: 5.0
mc_ID_2509,"Married Male with two children, education: high school degree working as management",130K+,"Electrical from Household department, Ordered Brand : Cormorant",30.5255,measure: 29.0719,non recyclable,"['Florist', 'Video Store', 'Bar For Salad', 'Ready Food', 'Coffee Bar']",Full Free,Deluxe,2.36 Millions,0.8968 Millions,1736.49,503.07,,752.2309,feira de santana,BA,-12.221791826533549,-38.96251667277394,lauro de freitas,BA,val: -12.895112589380958,-38.33895999999978,val: 5.0
mc_ID_2510,"Single Female with No children, education: partial high school working as manual, Single Female with No children",10K+,"Vegetables from Frozen Foods department, Ordered Brand : Big Time",10.4659,8.9977,recyclable,"['Ready Food', 'Bar For Salad', 'Coffee Bar', 'Florist', 'Video Store']",Bag Stuffer,	Deluxe,13.28 Millions,4.648 Millions,1734.5,503.07,335.96,662.2226,belo horizonte,MG,-19.8824409955566,measure: -43.92902237968148,curitiba,PR,-25.43548786011886,-49.270213781291496,5.0
mc_ID_2512,"Single Female with one child, education: HS degree working as management",150K+,"Breakfast Foods from Frozen Foods department, Ordered Brand : Golden",-10.3496,7.4279,non recyclable,"['Ready Food', 'Coffee Bar', 'Bar For Salad', 'Video Store', 'Florist']",Shelf Emptiers,Gourmet,"4.08 ,000,000illions",1.836 Millions,1427.33,465.54,310.3,616.4078,Guarulhos,5P,-23.41873121065844,-46.50373953497029,birigui, SP,-21.301705697260985,-50.33198634467411,5.0
mc_ID_2513,"Single Male with four children, education: high school degree working as professional",130K+,"Vegetables from Produce department, Ordered Brand : Tri-State",-22.0946,20.4957,recyclable,['Coffee Bar'],,,2.96 Millions,0.9176 Millions,1236.07,440.92,293,$364.16,franca,SP,-20.54822779974972,-47.395897060007975,5ao paulo,SP,-23.667843855675457,measure: -46.66038973120199,val: 4.0
mc_ID_2514,"Married Female with five children, education: high school degree working as management",150K+ annually,"Dairy from Dairy department, Ordered Brand : Even Better",11.4979,10.0298,recyclable,['Florist'],Price Winners,Supermarket_,€8.0M,3.3696 Millions,1320.15,523.32,348.85,640.7273,Agua Clara,MS,data: -20.432566862943663,measure: -52.87786501220904,ribEiRaO prETo,sp,-21.210104711049134,-47.80139005429387,4.0
mc_ID_2515,"EDUCATION: PARTIAL HIGH SCHOOL WORKING AS MANUAL, MARRIED MALE WITH ONE CHILD",50K+ annually,"Fruit from Produce department, Ordered Brand : Tri-State",30.5255,-29.0719,recyclable,,Budget Bargains,Supermarket,5.46 Millions,1.9656 Millions,1623.48,341.05,227.33,623.7298,registro,Sp,val: -24.49203032806276,-47.83413137913321,PORTO ALEGRE, R$,amount: -30.00731246906908,measure: -51.19422244408211,5.0
mc_ID_2518,"Single Male with one child, education: partial high school working as skilled manual",30K+,"Cleaning Supplies from Household department, Ordered Brand : High Quality",13.8237,10.9165,non recyclable,,Super Savers,Mid-Size,8.73 Millions,3.0555 Millions,,783.64,522.49,531.4203,DIADEMA,SP,-23.68674443213689,measure: -46.62957957175823,Piracikaba,SP,-22.71683928585045,-47.65736585405934,Rating: 5.0
mc_ID_2519,"EDUCATION: BACHELORS DEGREE WORKING AS MANAGEMENT, SINGLE FEMALE WITH NO CHILDREN",50K+,"Snack Foods from Snack Foods department, Ordered Brand : Nationeel",12.5445,measure: 9.6373,non recyclable,"['Ready Food', 'Bar For Salad']",,,1.38 Millions,0.4278 Millions,2445.65,470.27,313.55,656.2604,Bra$Ilia,DF,data: -15.84372601762118,-48.11611031164195,ibitinga,SP,-21.7664768468313,-48.83154737836604,4.0
mc_ID_2523,"Single Male with two children, education: partial college working as professional",30K+,"Snack Foods from Snack Foods department, Ordered Brand : Best Choice",23.5482,20.641,non recyclable,"['Video Store', 'Bar For Salad', 'Florist', 'Ready Food', 'Coffee Bar']",Save Price,deluxe,"10.32 ,000,000illions",3.612 Millions,1732.18,503.07,,419.9167,sao joaquim,SC,data: -28.291582383859733,-49.933255822992784,sao paulo,SP,-23.555682314184303,measure: -46.63309991286275,4.0
mc_ID_2524,"Married Male with three children, education: bachelors degree working as management",70K+,"Vegetables from Frozen Foods department, Ordered Brand : Carrington",14.376,11.4688,recyclable,"['Bar For Salad', 'Video Store', 'Florist', 'Coffee Bar', 'Ready Food']",Discount Frenzy,	Deluxe,4.56 Millions,2.0976 Millions,1871.16,593.93,395.95,326.352,s4o jose,SC,-27.59986895857613,-48.61160100033628,pENAPOLIs,SP,-21.426570046543283,-50.06791761043272,5.0
mc_ID_2525,"SINGLE MALE WITH FIVE CHILDREN, EDUCATION: BACHELORS DEGREE WORKING AS MANAGEMENT",50K+,"Snack Foods from Snack Foods department, Ordered Brand : Nationeel",-27.4729,24.4204,recyclable,"['Ready Food', 'Coffee Bar', 'Bar For Salad', 'Video Store', 'Florist']",Tip Top Savings,Deluxe,"6.4 ,000,000illions",2.048 Millions,1734.5,503.07,335.38,287.127,SANTOS,$P,-23.93360892117263,amount: -46.34716271579432,FazENdA RIo GRANde,PR,-25.665981910215244,-49.32886111300174,5.0
mc_ID_2526,"Married Male with one child, education: high school degree working as skilled manual",30K+,"Frozen Desserts from Frozen Foods department, Ordered Brand : PigTail",measure: 14.5359,data: 11.6287,recyclable,"['Florist', 'Bar For Salad', 'Ready Food', 'Coffee Bar']",Budget Bargains,Deluxe,12.92 Millions,3.876 Millions,2053.84,654.13,435.46,$715.15,passa quatro,MG,-22.432184248067912,-44.94238775322013,sCao JoSe DO rIO paRdo,SP,-21.592175195884263,-46.89389599036144,1.0
mc_ID_2528,"Singlee Female with No children, education: partial High School working as manual",10K+,"Magazines from Periodicals department, Ordered Brand : Excel",28.6358,27.1822,recyclable,"['Ready Food', 'Bar For Salad', 'Florist', 'Coffee Bar', 'Video Store']",Sale : Double Down,Deluxe,10.86 Millions,3.3666 Millions,1732.79,503.07,335.38,265.6317,jundiai,"Sp
",-23.151712385018914,-46.97128780668247,MARINGA ,PR,-23.377396999935016,-51.93100618003307,data: 4.0
mc_ID_2530,Single Female with two children; education: partial college working as professional,nil,"Meat from Deli department, Ordered Brand : Lake",13.8673,-12.3991,recyclable,['Coffee Bar'],Best Savings,Supermarket,€7.7M,4.4296 Millions,1236.07,440.92,,596.2723,juiz d3 fora,MG,data: -21.74661521914629,-43.33178067215903,ribeirao preto,SP,amount: -21.17121748495008,-47.81941847157649,5.0
mc_ID_2532,"Single Male with two children, education: partial college working as professional",90K+,"Kitchen Products from Household department, Ordered Brand : Denny",data: 31.2522,28.3451,non recyclable,,Full Free,SUPERMARKET,€1.9M,0.902 Millions,1509.72,229.8,151.9,660.2352,sao goncalo,RJ,-22.826989851782468,-42.98979511839941,sao paulo,Sp,-23.512538179294825,-46.50108112461768,1.0
mc_ID_2533,"Married Male with three children, education: bachelors degree working as management",50K+,"Breakfast Foods from Breakfast Foods department, Ordered Brand : Johnson",15.2627,10.9019,non recyclable,"['Coffee Bar', 'Florist', 'Ready Food', 'Video Store', 'Bar For Salad']",,Deluxa,$2.49 Millions,0.9462 Millions,1525.28,373.1,,318.3501,santa luzia,MG,-19.82288586494744,-43.83217979957775,sAo pAULO,SP,-23.646246311207523,-46.66349868836885,3.0
mc_ID_2535,"Single Male with No children, education: partial HS working as skilled manual",10K+,"Electrical from Household department, Ordered Brand : High Quality",val: 30.2347,27.1822,non recyclable,['Coffee Bar'],,Supermarket,4.62 Millions,1.848 Millions,1236.07,440.92,293.95,745.0135,sao paulo,SP,-23.61763890592578,-46.6389807441141,campina$,SP,-22.943830511384977,-47.11233196480047,val: 5.0
mc_ID_2536,"Married Male with two children, education: bachelors degree working as professional",50K+,"Eggs from Eggs department, Ordered Brand : Jumbo",11.0764,8.1547,recyclable,['Coffee Bar'],Weekend Discount,Supermarket,8.91 Millions,2.9403 Millions,1234.8,,292.16,698.728,sao paulo,SP,-23.537309857060443,-46.6787664476888,Ibitinga,SP,data: -21.7664768468313,-48.83154737836604,4.0
mc_ID_2538,"Single Male with five children , education: high school degree working as skilled manual",€25K+,"Dairy from Dairy department, Ordered Brand : Booker",17.2978,data: 14.376,recyclable,['Coffee Bar'],Bag Stuffer,Small Grocery,"3.7 ,000,000illions",1.406 Millions,1394.66,534.29,355.3,647.4217,JeQuItinhoNhA,	MG,measure: -16.448097063759583,-41.01595908921325,santo andre,5P,amount: -23.645729347481154,-46.518892643487824,4.0
mc_ID_2539,"married female with one child, education: high school degree working as manual, married female with one child",360+ monthly,"Dairy from Dairy department, Ordered Brand : Booker",11.9921,7.6314,non recyclable,"['Ready Food', 'Florist', 'Bar For Salad', 'Video Store', 'Coffee Bar']",,Deluxe,4.32 Millions,1.5984 Millions,1734.5,503.07,335.38,440.1568,goiania,G0,-16.704177885673925,-49.30012373064592,ribeirao preto,SP,-21.17121748495008,,measure: 5.0
mc_ID_2540,"Married Male with three children, education: High School degree working as management",$130K+,"Fruit from Canned Products department, Ordered Brand : Big City",25.874,24.275,recyclable,"['Ready Food', 'Video Store', 'Coffee Bar', 'Bar For Salad', 'Florist']",One Day Sale,Deluxe,4.68 Millions,1.404 Millions,2035.7,481.98,321.26,767.3456,_itororo,BA,-15.119168211880428,-40.06723059750183,_piracicaba,Sp,-22.71683928585045,-47.65736585405934,1.0
mc_ID_2541,"Single Male with one child, education: high school degree working as manual",30K+,"Meat from Deli department, Ordered Brand : Red Spade",17.2978,12.9224,recyclable,"['Bar For Salad', 'Coffee Bar', 'Ready Food', 'Florist']",Sale : Double Down,Deluxe,6.88 Millions,2.4768 Millions,2055.29,654.13,434.89,500.7202,it@pevi,SP,-23.53604565485012,-46.94279597843593,JAGUARUNA,_SC,-28.621531461000867,-49.023995719014565,3.0
mc_ID_2542,"Married Male with three kidren, education: partial HS working as skilled manual",30K+,"Breakfast Foods from Frozen Foods department, Ordered Brand : Carrington",15.1174,12.1956,recyclable,"['Ready Food', 'Video Store', 'Bar For Salad', 'Coffee Bar', 'Florist']",Full Free,Deluxe,5.24 Millions,1.834 Millions,1734.5,503.07,335.35,752.2309,SaO pauiO,SP,-23.496648475157265,measure: -46.49657523674192,SANTO aNdrE,sp,-23.70007597807146,-46.512702481822366,5.0
mc_ID_2543,"Married Female with four children, education: partial high school working as skilled manual",10K+,"Canned Tuna from Canned Foods department, Ordered Brand : Pleasant",12.9515,8.5762,recyclable,,I Cant Believe It Sale,,4.11 Millions,1.8084 Millions,2819.7,447.7,298.5,693.498,ARACRUZ,ES,-19.832533074852947,-40.26723918916462, sao paulo ,SP,val: -23.54029947071385,-46.66278360519932,val: 5.0
mc_ID_2545,"married male w/ two children, education: partial high school working as skilled manual",10K+,"Beer and Wine from Alcoholic Beverages department, Ordered Brand : Top Measure",23.9843,19.6235,recyclable,"['Coffee Bar', 'Bar For Salad', 'Florist', 'Ready Food']",Save Price,Daluxe,2.8 Millions,0.98 Millions,2055.29,654.13,434.15,584.191,mogi mirim,sp,-22.438121280598992,-46.973524736049406,sao paulo,SP,-23.59272363197529,-46.6315844403312,3.0
mc_ID_2546,"Single Male with three children, education: bachelors degree working as professional",50k,"Candy from Snacks department, Ordered Brand : Musial",-14.972,10.6112,non recyclable,"['Florist', 'Ready Food', 'Coffee Bar', 'Bar For Salad']",Two Day Sale,Gourmat,9.42 Millions,3.6738 Millions,1564.86,387.45,256.97,486.9653, sao paulo ,Sp,amount: -23.56536319233657,-46.68764024978366,santo andre,sp,-23.666655446303828,-46.53485782638931,5.0
mc_ID_2547,"Married Female with No children, education: bachelors degree working as professional",50K+,"Dairy from Dairy department, Ordered Brand : Carlson",9.6373,8.1837,recyclable,['Coffee Bar'],,	Supermarket,"2.76 ,000,000illions",1.2696 Millions,1236.07,440.92,293.95,724.5119,riachao do jacuipe,	Be,-11.810624672685105,-39.37858831066986,sao paulo,SP,-23.53877907744238,-46.53648566833056,5.0
mc_ID_2548,"Married Male with four children, education: bachelors degree working as professional",50K+,"Canned Soup from Canned Foods department, Ordered Brand : Better",11.5997,-8.6925,recyclable,"['Video Store', 'Ready Food', 'Coffee Bar', 'Florist', 'Bar For Salad']",Super Savers,DELUXE,4.92 Millions,2.1648 Millions,1525.28,373.1,248.79,755.9442,Rio DE JAneirO,_RJ,-22.98193586539897,-43.22428066457964,sAo jOse DOs CampOS,Sp,-23.221431461827063,-45.888163895493165,5.0
mc_ID_2549,"Married Female with three children, education: bachelors degree working as professional",€42K+,"Dairy from Dairy department, Ordered Brand : Booker",-11.9921,7.6314,non recyclable,,,Supermarket,€3.7M,1.944 Millions,2049.72,459.36,306.48,325.6198,sao paulo,$p,-23.42808084901036,-46.79365920690751,sao paulu,SP,-23.56753031883281,measure: -46.51205478799173,4.0
mc_ID_2550,"Married Female with one child, education: partial high school working as manual",10K+,"Snack Foods from Snack Foods department, Ordered Brand : Best Choice",19.4781,630.67 oz,non recyclable,"['Video Store', 'Bar For Salad', 'Coffee Bar', 'Ready Food', 'Florist']",Fantastic Discounts,Gourmet,7.77 Millions,3.4188 Millions,1424.85,465.54,310.59,718.9158,mozarlandia,G0,data: -14.748634131167314,-50.57128121158679,guara,SP,-20.43399042630061,-47.81416224047547,4.0
mc_ID_2553,"Married Female with five children, education: graduate degree working as management",Income: 70K+,"Starchy Foods from Starchy Foods department, Ordered Brand : Jardon",25.2925,20.7864,non recyclable,"['Ready Food', 'Video Store', 'Florist', 'Coffee Bar', 'Bar For Salad']",Dimes Off,,$2.32 Millions,0.8816 Millions,2036.33,483.98,319.58,602.7575,sabara,MG,-19.886497118571203,-43.85203057628576,riberao preto,SP,-21.16850440882337,-47.79370519233655,5.0
mc_ID_2555,"Single Male with No children, education: partial HS working as skilled manual",10K+,"Bread from Baked Goods department, Ordered Brand : Modell",10.5822,val: 6.2214,recyclable,,Money Savers,Supermarket,$4.88 Millions,2.0008 Millions,1508,,152.11,277.2423,pAlMA,MG,-21.37690203881977,-42.31332227689926,CAmpINAS,SP,-22.943830511384977,-47.11233196480047,Rating: 5.0
mc_ID_2556,"MaRrIeD MaLe wItH TwO ChIlDrEn, EdUcAtIoN: pArTiAl hIgH ScHoOl wOrKiNg aS SkIlLeD MaNuAl, EdUcAtIoN: pArTiAl hIgH ScHoOl wOrKiNg aS SkIlLeD MaNuAl",10K+,"Miscellaneous from Checkout department, Ordered Brand : Framton",-30.0894,28.6358,recyclable,"['Coffee Bar', 'Florist', 'Bar For Salad', 'Ready Food', 'Video Store']",Super Savers,Deluxe,"6.9 ,000,000illions",2.346 Millions,1525.28,373.1,249.09,755.9442,brasilia,DF,-15.776146452495912,-47.886903973698345,	ribeirao preto,$P,-21.210104711049134,-47.80139005429387,4.0
mc_ID_2558,"Single Female with No children, education: bachelors degree working as management",1800+ monthly,"Hot Beverages from Beverages department, Ordered Brand : Super",27.4729,amount: 24.4204,non recyclable,"['Ready Food', 'Bar For Salad']",,,"11.44 ,000,000illions",4.2328 Millions,2265.9,853.22,570.43,761.0696,sao paulo,SP,-23.56536319233657,-46.68764024978366,maring4,pr,measure: -23.437975269077903,val: -51.91385959802448,5.0
mc_ID_2559,"Married Female with four children, education: Bachelors degree working as professional",30K+,"Starchy Foods from Starchy Foods department, Ordered Brand : Monarch",19.1874,16.1349,non recyclable,"['Ready Food', 'Bar For Salad', 'Coffee Bar', 'Florist']",Roller Savings (High) ,Gourmet,9.0 Millions,2.88 Millions,1564.86,385.45,,data: 637.6939,rio de janeiro,rj,-23.00927096142304,-43.42940927644404,_sau paulo,sp,data: -23.554597380692613,measure: -46.57370400298258,data: 3.0
mc_ID_2562,"Married Male with three kidren, education: partial college working as professional",70000,"Snack Foods from Snack Foods department, Ordered Brand : Fast",30.3801,27.3275,recyclable,,You Save Days,,2.79 Millions,1.3392 Millions,1508,227.8,151.9,data: 565.9906,PiCui,PB,-6.50959390931356,-36.34990140757297,Sao PaulO,sP,-23.539824031911863,-46.434679443937874,val: 5.0
mc_ID_2564,"Married Male with two children, education: partial high school working as manual",30K+,"Baking Goods from Baking Goods department, Ordered Brand : Plato",31.543,28.6358,non recyclable,"['Ready Food', 'Bar For Salad']",Price Destroyers,,€5.1M,2.384 Millions,2266.47,853.22,568.75,601.7115,rio d4s ostras,RJ,-22.49321971715972,measure: -41.91021028549174,ribeirao pires,sp,-23.70206320161832,-46.40534820551376,1.0
mc_ID_2565,"Single Male with No children, education: bachelors degree working as professional",€42K+,"Specialty from Produce department, Ordered Brand : Tell Tale",31.6883,28.64 kg,recyclable,,,?,3.7Ms,1.258 Millions,1508,227.8,151.9,574.9339,SAO MIGUEL DO OESTE,SC,-26.7286991677439,-53.51449582910278,guarulhos_,SP,data: -23.44007914793122,-46.51144923980033,4.0
mc_ID_2566,"Single Male with two children, education: graduate degree working as professional",110K+,"Pain Relievers from Health and Hygiene department, Ordered Brand : Hilltop",12.748,11.2944,recyclable,,,,"10.8 ,000,000illions",4.32 Millions,,341.05,,353.7049,be1Em,Pa,-1.4490947274224149,-48.484601999451726,5ao paulo,SP,-23.577073040798663,-46.7199426382077,5.0
mc_ID_2569,"mARRIED  fEMALE  WITH  TWO  CHILDREN,  EDUCATION:  PARTIAL  HIGH  SCHOOL  WORKING  AS  MANUAL.",10k,"Vegetables from Produce department, Ordered Brand : High Top",15.2627,-12.3555,non recyclable,"['Video Store', 'Florist', 'Ready Food', 'Bar For Salad', 'Coffee Bar']",Save It (Sale),Deluxe,$3.32 Millions,1.66 Millions,1525.28,,248.79,393.4006,mogi-guacu,SP,-22.35835224656331,-46.96074827733332,limeira,SP,-22.564590914796,-47.40315315223038,5.0
mc_ID_2571,"Single Female with two children, education: partial high school working as skilled manual",10K+,"Vegetables from Frozen Foods department, Ordered Brand : Imagine",data: 25.7286,22.8214,recyclable,,Super Wallet Savers,SUPERMARKET,5.16Ms,1.8576 Millions,1508,,152.21,$733.19,santo andre,Sp,-23.639620380229736,-46.50604149140166,	TaBOAo DA SErRa,SP,-23.607693000000005,-46.75265774999998,5.0
mc_ID_2572,"Married Male wiht four children, education: bachelors degree working as professional",30000,"Candles from Household department, Ordered Brand : Cormorant",-11.7596,7.3988,non recyclable,"['Bar For Salad', 'Ready Food', 'Video Store', 'Florist', 'Coffee Bar']",Price Slashers,Deluxe,5.43 Millions,1.6833 Millions,1525.28,373.1,248.79,403.9652,juazeiro,BA,-9.41607599375542,-40.49660607987629,belo horizonte,MG,val: -19.907108245080448,-43.91966546502971,4.0
mc_ID_2573,"Married Female with two children, education: bachelors degree working as professional",90K+,"Fruit from Produce department, Ordered Brand : Tell Tale",10.5822,9.1286,recyclable,,You Save Days,Supermarket,8.4 Millions,4.116 Millions,1509.46,227.8,151.34,565.9906,praia grande,SP,-24.026786758814687,-46.49304889148245,_ribEiRao Preto,SP,-21.135911060505503,-47.83943588412487,4.0
mc_ID_2574,"Married Female with four children, education: high school degree working as professional",Income: 150K+,"Pure Juice Beverages from Beverages department, Ordered Brand : Washington",11.8177,10.3641,recyclable,,GLD,supermarket,4.26 Millions,1.3632 Millions,2049.72,457.36,304.91,697.7866,araxa,MG,-19.571173048293257,-46.940679726851926,itajai,SP,-26.91626999999994,val: -48.65245999999996,4.0
mc_ID_2577,"Single Female with one child, education: high school degree working as skilled manual",30K+,"Baking Goods from Baking Goods department, Ordered Brand : Plato",21.0771,18.1699,recyclable,"['Bar For Salad', 'Coffee Bar', 'Ready Food', 'Video Store', 'Florist']",Bag Stuffer,DELUXE,$5.2 Millions,1.924 Millions,,503.07,335.38,662.2226,ubatuba,Sp,-23.43162669109582,measure: -45.07722870122336,campinas,SP,-22.92991227115403,-47.07189552530681,5.0
mc_ID_2578,"Married Female with No children, education: partial high school working as skilled manual",120+ monthly,"Vegetables from Produce department, Ordered Brand : Tell Tale",19.6235,measure: 16.7163,non recyclable,"['Video Store', 'Coffee Bar', 'Bar For Salad', 'Ready Food', 'Florist']",,Gourmet,5.44Ms,2.1216 Millions,,465.54,310.3,675.716,capitolio,mg,-20.61778970195198,measure: -46.05100847800213,Santo Andre,5P,-23.665703457960586,-46.51808196779969,data: 5.0
mc_ID_2579,"Married Male with two children, education: partial high school working as skilled manual",$10K+,"Specialty from Produce department, Ordered Brand : High Top",12.6753,9.7681,non recyclable,['Florist'],Roller Savings (High) ,Supermarket,€4.5M,1.8054 Millions,1320.15,523.32,348.85,532.6232,campos dos goytacazes,RJ_,-21.76030683669503,-41.32653140262073,RIBEIRAO PRETO,sp,amount: -21.174925033585303,-47.7686162776848,4.0
mc_ID_2580,"Single Male with two children, education: Bachelors degree working as management",50K+,"Baking Goods from Baking Goods department, Ordered Brand : Super",amount: 24.4204,21.3678,recyclable,['Coffee Bar'],Price Slashers,Supermarket,11.76 Millions,4.4688 Millions,1233.65,440.92,,402.6054,belo horizonte,MG,-19.93779686343708,-43.93511809270582,s@o paulo,"SP
",-23.581373061053768,-46.6178758329102,4.0
mc_ID_2582,"Married Female with three children, education: Bachelors degree working as professional",50K+,"Snack Foods from Snack Foods department, Ordered Brand : Horatio",18.3153,13.9545,non recyclable,"['Bar For Salad', 'Ready Food']",Money Savers,Supermarket,5.26 Millions,1.6306 Millions,2265.9,853.22,568.33,432.0503,brasilia,DF,-15.843092528722453,-47.82225242246026,PIRACICABA,$P,val: -22.71683928585045,amount: -47.65736585405934,2.0
mc_ID_2584,"Married Female with four children, education: partial high school working as skilled manual",10000,"Breakfast Foods from Breakfast Foods department, Ordered Brand : Best",10.8002,7.8785,non recyclable,,,,"5.91 ,000,000illions",2.1276 Millions,1508,227.8,,R$3162.14,FRUTAL,MG,-20.02025438264054,-48.93543951469848,sao paulo,SP,-23.65111484251016,-46.75521082321932,5.0
mc_ID_2586,"Singlee Female with one child, education: partial high school working as skilled manual",10K+,"Hot Beverages from Beverages department, Ordered Brand : CDR",30.51 lbs,10.931,non recyclable,"['Florist', 'Coffee Bar', 'Bar For Salad', 'Ready Food']",Full Free,DELUXE,6.87 Millions,2.4045 Millions,2052.67,654.13,436.09,data: 288.5914,guanambi,ba,measure: -14.224788977578138,-42.77686614606025,sao paulo,SP,-23.62358155176294,-46.61056007369148,3.0
mc_ID_2588,"Married Female with four children, education: bachelors degree working as professional",50 Thousand,"Vegetables from Produce department, Ordered Brand : High Top",19.6235,16.7163,recyclable,,,Supermarket,4.96 Millions,1.7856 Millions,2049.72,457.36,304.91,data: 714.2611,juiz de fora,mg,data: -21.74494928504241,val: -43.380469534970274,salto,SP,-23.194155763010308,measure: -47.26601382366275,100%
mc_ID_2589,Married Female with four children; education: bachelors degree working as professional,600+ monthly,"Meat from Meat department, Ordered Brand : Quick",30.3801,25.874,recyclable,"['Video Store', 'Ready Food', 'Coffee Bar', 'Bar For Salad', 'Florist']",One Day Sale,Deluxe,10.44 Millions,3.4452 Millions,1734.5,503.07,336.3,689.0525,sao joao da barra,RJ,-21.635803004926267,-41.05005765980928,sao paulo,SP,-23.554079433810344,-46.53324185942636,5.0
mc_ID_2591,"Single Female with one child, education: partial HS working as manual",10K or more,"Hot Beverages from Beverages department, Ordered Brand : Plato",9.8554,6948.20 grams,non recyclable,,Go For It,_Mid-Size,8.76 Millions,3.7668 Millions,2084.61,,522.49,717.3991,joao pessoa,PB,-7.131637979358836,-34.82528061818289,sao paulo,SP,data: -23.71992046378896,-46.693208556754605,4.0
mc_ID_2593,"Single Female with three kids, education: partial college working as professional",30K+,"Electrical from Household department, Ordered Brand : Sunset",15.8442,12.9224,recyclable,,Two Day Sale,,13.96Ms,5.7236 Millions,1623.48,341.05,227.74,383.2021,Rio De Janeiro,rJ,-22.887998108806,-43.27113442743371,ibltinga,5P,-21.7664768468313,-48.83154737836604,5.0
mc_ID_2594,"Married Male with two children, education: graduate degree working as professional",Income: 130K+,"Cold Remedies from Health and Hygiene department, Ordered Brand : Faux Products",-13.7946,10.8729,recyclable,['Coffee Bar'],Two Day Sale,Supermarket,4.65 Millions,2.232 Millions,1237.65,440.92,293.95,477.3944,PORTO ALEGRE,R5,measure: -30.089115335824385,-51.20802961919336,ibitinga,SP,-21.7664768468313,-48.83154737836604,4.0
mc_ID_2596,"Single Male with four children, education: bachelors degree working as management",50K or more,"Pizza from Frozen Foods department, Ordered Brand : Imagine",val: 24.5657,21.5132,recyclable,['Florist'],Dollar Days,Supermarket,1.71 Millions,0.7011 Millions,1320.15,,348.85,748.0992,BALNEARIO CAMBORIU_,Sc,-26.999696999999948,-48.63513949999995,sao paulo, SP,-23.545478675515763,-46.58524120407659,4.0
mc_ID_2597,"Single Male with four children, education: High School degree working as professional",90K+,"Vegetables from Produce department, Ordered Brand : Ebony",25.2925,22.24,recyclable,,Go For It,SUPERMARKET,8.91 Millions,3.6531 Millions,1510.43,227.8,,350.4623,ariquemes,RO,-9.929099172563712,-63.055623758210544,maua,SP,-23.68011442853022,-46.4524537436668,4.0
mc_ID_2598,"Married Female with one kid, education: partial high school working as skilled manual",10K+,"Snack Foods from Snack Foods department, Ordered Brand : Fast",21.3678,18.3153,non recyclable,"['Bar For Salad', 'Coffee Bar', 'Ready Food', 'Florist']",Saving Days,Gourmet,5.56 Millions,1.7236 Millions,1564.86,385.45,258.13,474.0995,niteroi,RJ,-22.896755634456788,-43.09981143435861,Petropolis,"rj
",-22.549033360244323,measure: -43.210094724044055,5.0
mc_ID_2603,"Married_Female_with_four_childran,_education:_partial_college_working_as_professional",110K+,"Meat from Deli department, Ordered Brand : Cutting Edge",18.7513,-14.376,recyclable,"['Coffee Bar', 'Florist', 'Bar For Salad', 'Video Store', 'Ready Food']",,Deluxe,14.08 Millions,6.7584 Millions,1871.16,595.93,395.95,€439.26,presidente prudente ,SP,-22.11414425309672,-51.42129393535142,guaruja_,SP,-23.99367886011885,-46.28818069747246,1.0
mc_ID_2605,"Married Male with two kids, education: high school degree working as manual",30K+,"Pain Relievers from Health and Hygiene department, Ordered Brand : Steady",15.6988,12.7916,recyclable,"['Florist', 'Coffee Bar']",Save It (Sale),,6.96 Millions,3.0624 Millions,2551.4,389.54,,394.5512,Tiete,sP,-23.112239657852275,-47.71121420729847,itaquaquecetuba,$P,-23.48262344063541,-46.37448952833195,measure: 5.0
mc_ID_2606,"Married Female with three children, education: bachelors degree working as management",50K+,"Paper Products from Household department, Ordered Brand : Denny",8.7652,5.858,non recyclable,,Two for One,Supermarket,7.28 Millions,2.7664 Millions,2048.73,457.36,303.81,300.8296,sao paulo,SP,-23.64348821065844,-46.605521299613336, ibitinga,_SP,-21.7664768468313,-48.83154737836604,5.0
mc_ID_2607,"Married Female with four children, education: partial high school working as management",110K+,"Dairy from Dairy department, Ordered Brand : Booker",measure: 27.0368,24.1296,recyclable,"['Florist', 'Video Store', 'Ready Food', 'Bar For Salad', 'Coffee Bar']",Big Time Discounts,Deluxe,2.64 Millions,0.792 Millions,2035.19,481.98,321.26,328.1302,BELO  HORIZONTE,"MG
",val: -19.82150921426511,-43.96683064016958,rio de janeiro,RJ,-22.93125598447676,-43.17881321481337,5.0
mc_ID_2608,"Married Female with five children, education: high school degree working as management",€93K+,"Snack Foods from Snack Foods department, Ordered Brand : Fast",16.4256,-999.0,recyclable,"['Coffee Bar', 'Florist', 'Bar For Salad', 'Ready Food']",Saving Days,Gourmet,9.75 Millions,3.9 Millions,,385.45,256.97,474.0995,bage,RS,-31.31124851159016,-54.09360649811303,DRAcena,SP,-21.4988715,data: -51.53786099999999,measure: 5.0
mc_ID_2609,"Married Male with No children, education: bachelors degree working as professional",70K+,"Dairy from Dairy department, Ordered Brand : Gorilla",12.4718,8.0965,recyclable,,Price Winners,,$4.32 Millions,1.512 Millions,1623.48,341.05,227.33,586.7537,icara,sC,-28.7629920668113,-49.27499226831797,pOrTo FeRReIRA,SP,data: -21.858555070695942,-47.48403458197557,4.0
mc_ID_2610,"Married Female with four children, education: partial high school working as skilled manual",10K+,"Hardware from Household department, Ordered Brand : High Quality",-11.1054,8.1837,recyclable,"['Bar For Salad', 'Coffee Bar', 'Ready Food', 'Florist']",Price Winners,Deluxe,5.24 Millions,2.62 Millions,,654.13,436.09,494.9149,sao carlos,	SP,-22.031055932281127,amount: -47.89876955759132,sao paulo,SP,measure: -23.54966011798125,val: -46.57027590146579,1.0
mc_ID_2611,"Single Male with three children, education: bachelos degree working as professional",130K+ annually,"Meat from Deli department, Ordered Brand : Cutting Edge",28.4904,25.5832,recyclable,,,"Supermarket
","2.16 ,000,000illions",0.8424 Millions,1623.48,341.05,227.33,383.2021,rio de janeiro,RJ,-23.010698995411467,-43.33245982226944,marilia,_SP,-22.193082052455427,-49.948926747706174,1.0
mc_ID_2612,"Single Male with four children, education: partial high school working as manual",10K+,"Fruit from Produce department, Ordered Brand : Tell Tale",14.3179,11.4107,non recyclable,['Florist'],Super Savers,supermarket,10.96 Millions,4.2744 Millions,,523.32,348.85,338.6948,ribeirao pre7o,SP,-21.21227916180968,-47.78815176242136,	SERRA NEGRA,SP,-22.596440207291085,-46.71196868822353,4.0
mc_ID_2614,"Marriied_Female_with_four_children,_education:_bachelors_degree_working_as_professional",50K+,"Frozen Desserts from Frozen Foods department, Ordered Brand : Golden",26.4554,-25.0018,non recyclable,['Coffee Bar'],Two Day Sale,,4.9 Millions,1.764 Millions,1236,442.92,293.95,477.3944,mogi das cruzes,Sp ,-23.5214492199589,-46.17673150042012,campinas,SP,-22.90081444463038,-46.99864279239999,1.0
mc_ID_2617,"single female with two children,education: high school degree working as professional",70K or more,"Fruit from Produce department, Ordered Brand : Tell Tale",12.3265,9.4047,recyclable,"['Bar For Salad', 'Coffee Bar', 'Florist', 'Ready Food']",,DeLUXE,7.26 Millions,2.9766 Millions,2056.44,654.13,,728.9051,ribeirao preto,5P,data: -21.224269886202343,-47.83392543796527, NAVEGANTES ,SC,-26.85907968190116,-48.63953562951828,4.0
mc_ID_2618,"single female with three children, education: bachelor'ss degree working as professional",70K+,"Beer and Wine from Alcoholic Beverages department, Ordered Brand : Good",10.1461,measure: 7.2389,non recyclable,"['Coffee Bar', 'Ready Food', 'Bar For Salad', 'Florist']",-999,D3luxe,2.49 Millions,1.2201 Millions,,654.13,436.35,500.7202,SAO PAULO,SP,-23.484810467943905,-46.71073145184375,PORTO FERREIRA,SP,-21.858555070695942,-47.48403458197557,5.0
mc_ID_2621,"Married Male with five children, education: high school degree working as skilled manual",360+ monthly,"Fruit from Produce department, Ordered Brand : Hermanos",25.4379,measure: 21.0771,recyclable,"['Ready Food', 'Bar For Salad']",,Supermarket,$2.61 Millions,0.8613 Millions,2265.9,853.22,568.75,761.0696,parenagua ,Pr,measure: -25.516713753654106,-48.539559843604536,curITiBa,PR,-25.508669747227305,-49.33026677895873,5.0
mc_ID_2622,"Single Female with two children, education: high school degree working as skilled manual",30K+,"Frozen Desserts from Frozen Foods department, Ordered Brand : PigTail",18.3153,15.4081,non recyclable,"['Coffee Bar', 'Florist', 'Video Store', 'Ready Food', 'Bar For Salad']",I Cant Believe It Sale,Deluxe,"3.66 ,000,000illions",1.6104 Millions,1734.5,503.07,336.62,363.3281,poRTo sEguR0_,BA,-16.44446967266491,-39.06166956260506,salto,SP,amount: -23.194155763010308,-47.26601382366275,3.0
mc_ID_2623,"mARRIED mALE WITH ONE CHILD, EDUCATION: GRADUATE DEGREE WORKING AS PROFESSIONAL",130K+,"Vegetables from Produce department, Ordered Brand : Hermanos",val: 20.4957,19.0421,non recyclable,,Big Time Discounts,sUP3rmaRket,missing,3.8868 Millions,1508,227.8,,574.9339,santana de parnaiba,SP,-23.463669949766263,-46.867870523601965,maringa,PR,-23.377396999935016,-51.93100618003307,5.0
mc_ID_2626,"Married Female with four children, education: partial high school working as skilled manual",600+ monthly,"Magazines from Periodicals department, Ordered Brand : Gauss",22.676,19.7689,non recyclable,"['Bar For Salad', 'Ready Food']",Price Destroyers,Supermarket,18.05 Millions,8.1225 Millions,2265.76,855.22,568.54,601.7115,PoRTo aLEGRe,R5,amount: -30.04307239410819,-51.21141662640671,sao paulo,sP,-23.59798552039933,-46.55547278711988,5.0
mc_ID_2628,"single male with no children, education: partial high school working as management",€93K+,"Frozen Desserts from Frozen Foods department, Ordered Brand : PigTail",646.05 oz,-0.1,non recyclable,['Florist'],,,"2.44 ,000,000illions",0.854 Millions,1319.66,523.32,,738.7898,uberlandia,MG,-18.915256718016018,-48.19413815875127,sao paulo,Sp,-23.532447184574945,-46.61401961463438,amount: 1.0
mc_ID_2629,"Single Female with one child, education: batchelors degree working as professional",840+ monthly,"Canned Soup from Canned Foods department, Ordered Brand : Pleasant",20350.30 grams,38.46 lbs,recyclable,"['Bar For Salad', 'Florist', 'Coffee Bar', 'Ready Food']",Two for One,,"2.7 ,000,000illions",1.107 Millions,2055.29,654.13,,312.9109,japaraib@,MG_,data: -20.13967910227216,-45.50258689539273,çajamar,5P,-23.406238298215783,-46.84102497498486,5.0
mc_ID_2630,"Married Male with four childern, education: partial high school working as skilled manual",10K+,"Eggs from Eggs department, Ordered Brand : Blue Medal",28.3451,25.4379,recyclable,,Super Wallet Savers,,4.38 Millions,1.6644 Millions,1508,?,151.9,733.1937,vassouras,Rj,amount: -22.418541912748985,-43.67993483814997,belo horizonte,MG,-19.892338512349244,-43.9326199797449,amount: 5.0
mc_ID_2631,"Married Female with three children, education: high school degree working as manual",30K+ annually,"Vegetables from Produce department, Ordered Brand : Tri-State",22.0946,20.4957,recyclable,"['Coffee Bar', 'Ready Food', 'Video Store', 'Bar For Salad', 'Florist']",Bag Stuffer,"Deluxe
",2.22 Millions,0.8658 Millions,1734.5,503.07,335.38,662.2226,$ao jose dos campos,SP,-23.25777249999993,amount: -45.82569514299996,Sao Paulo,SP,amount: -23.4719444074384,-46.59864459256161,3.0
mc_ID_2632,"Single Female with four kids, education: partial HS working as skilled manual",€8K+,"Snack Foods from Snack Foods department, Ordered Brand : Fast",-16.4256,12.0648,recyclable,"['Video Store', 'Coffee Bar', 'Ready Food', 'Florist', 'Bar For Salad']",Two Day Sale,Gourmet,$9.75 Millions,3.9975 Millions,1426.92,465.54,,588.4796,joao pessoa,PB,-7.131637979358836,-34.82528061818289,sao paulo,SP,-23.71992046378896,-46.693208556754605,4.0
mc_ID_2633,"Single Female with one child, education: partial high school working as skilled manual",10K+,"Snack Foods from Snack Foods department, Ordered Brand : Fort West",29.2172,27.7636,non recyclable,,Super Wallet Savers,Supermarket,"7.41 ,000,000illions",2.8158 Millions,1509.67,227.8,151.69,733.1937,rio de janeiro,	RJ,amount: -22.88071189148247,-43.37148510017898,ilicinea,MG,-20.944705621834668,-45.82709818233235,5.0
mc_ID_2637,"Single Male with three children, education: partial high school working as manual",10K+,"Magazines from Periodicals department, Ordered Brand : Gauss",22.676,-19.7689,non recyclable,"['Bar For Salad', 'Coffee Bar', 'Florist', 'Video Store', 'Ready Food']",,,"10.83 ,000,000illions",4.1154 Millions,1424.85,467.54,310.3,304.1768,sao paulo,SP,-23.490745910352587,-46.57794383819032,ibitinga,$p,-21.7664768468313,-48.83154737836604,5.0
mc_ID_2638,"Married Female with one child, education: high school degree working as manual",30K or more,"Breakfast Foods from Frozen Foods department, Ordered Brand : Big Time",-31.2522,28.3451,recyclable,"['Bar For Salad', 'Ready Food']",Full Free,Supermarket,2.24 Millions,1.0304 Millions,2265.9,853.22,568.75,amount: 736.907,sao paulo,SP,data: -23.544317693577312,-46.66982279920932,sao paulo,SP,-23.50739523980033,-46.74054093839796,amount: 1.0
mc_ID_2642,"Married Female with four children, education: high school degree working as skilled manual",30K+,"Miscellaneous from Checkout department, Ordered Brand : Queen",-0.1,16.8617,recyclable,"['Coffee Bar', 'Video Store', 'Ready Food', 'Florist', 'Bar For Salad']",I Cant Believe It Sale,Deluxe,11.28 Millions,4.7376 Millions,1734.5,503.07,335.38,363.3281,mog1-guacu,Sp,-22.359648157307664,-46.93603474635176,sao paulo,sp,val: -23.746252526227707,-46.677001782820696,5.0
mc_ID_2644,"Single Male w/ four children, education: high school degree working as skilled manual",$30K+,"Bathroom Products from Household department, Ordered Brand : Sunset",10.4368,amount: 8.9687,non recyclable,"['Ready Food', 'Bar For Salad', 'Video Store', 'Florist', 'Coffee Bar']",Two Day Sale,guurmet,2.12 Millions,0.954 Millions,1424.85,465.54,,663.5824,sao paulo,SP,-23.61096525950718,-46.60248109686078,sao paulo,SP,-23.58343069747245,amount: -46.50203424424373,5.0
mc_ID_2647,"Married Male with two children, education: high school degree working as skilled manual",30K+,"Bathroom Products from Health and Hygiene department, Ordered Brand : Hilltop",-19.0421,14.6813,non recyclable,"['Coffee Bar', 'Bar For Salad', 'Ready Food', 'Video Store', 'Florist']",Save Price,Gourmet,€3.8M,1.341 Millions,1424.85,465.54,310.04,670.486,sao paulo,SP,-23.5980830224768,-46.48270993963872,assis_,Sp,-22.64961538190318,-50.406862966414685,val: 4.0
mc_ID_2648,"Married Male with one child, education: high school degree working as skilled manual",30K+,"Hygiene from Health and Hygiene department, Ordered Brand : Consolidated",10.3496,-999.0,recyclable,['Coffee Bar'],Savings Galore,SMALL GROCERY,1.85Ms,0.592 Millions,1423.91,398.93,265.98,measure: 397.7415,barreiras,BA,-12.130004155594662,val: -44.976010609160376,	sao paulo,$p,-23.554079433810344,data: -46.53324185942636,2.0
mc_ID_2649,"Single Female with three kids, education: high school degree working as manual",€8K+,"Frozen Entrees from Frozen Foods department, Ordered Brand : PigTail",31.8337,28.7811,recyclable,['Florist'],Savings Galore,Supermarket,€12.4M,6.402 Millions,,523.32,346.86,322.4295,recife,P3,-8.035457003721227,-34.89245369438057,teresopolis,RJ,-22.428725888669057,-42.97556752642736,4.0
mc_ID_2650,"Married Female with two children, education: High School degree working as manual",30K+,"Specialty from Produce department, Ordered Brand : Ebony",27.3275,24.275,non recyclable,"['Florist', 'Bar For Salad', 'Coffee Bar', 'Ready Food']",Sale : Double Down,,7.17 Millions,3.5133 Millions,2055.29,654.13,436.09,500.7202,sao paulo,SP,-23.47929118373822,amount: -46.56787618526742,atibaia,SP,-23.14492333670709,-46.539830386938746,4.0
mc_ID_2651,"Single Female with one child, education: bachelors degree working as professional",70K+,"Snack Foods from Snack Foods department, Ordered Brand : Fort West",-28.9265,25.874,recyclable,['Florist'],Roller Savings (High) ,5upermarket,1.8 Millions,0.648 Millions,1320.15,,349.76,532.6232,BELo HORIZOnte,MG_,amount: -19.95661690748416,-43.968436347881045,IBITINGA,SP,-21.7664768468313,-48.83154737836604,3.0
mc_ID_2652,"MaRrIeD MaLe wItH ThReE ChIlDrEn, EdUcAtIoN: bAcHeLoS DeGrEe wOrKiNg aS MaNaGeMeNt",70K+,"Paper Products from Household department, Ordered Brand : Sunset",19.19 kg,16.1349,recyclable,"['Ready Food', 'Bar For Salad', 'Florist', 'Video Store', 'Coffee Bar']",, Deluxe ,3.5 Millions,1.365 Millions,1870.86,595.93,395.95,519.7574,SAO PAULO,SP,-23.506049208479613,data: -46.71737739541604,sao paulo,SP,-23.746252526227707,-46.677001782820696,4.0
mc_ID_2653,"Single Male with one child, education: partial high school working as manual",30K+,"Dairy from Dairy department, Ordered Brand : Gorilla",15.1174,val: 10.7421,recyclable,['Florist'],,Supermarkat,€1.6M,0.8601 Millions,1322.98,523.32,348.85,measure: 532.6232,sAO PaulO,Sp,-23.488791114931203,-46.69673727457101,salto,SP_,-23.20591698084141,-47.307845865803,5.0
mc_ID_2654,"Married Female with one child, education: bachelors degree working as management",50K+,?,25.0018,amount: 23.5482,non recyclable,"['Coffee Bar', 'Bar For Salad', 'Ready Food', 'Florist']",Three for One,,10.88 Millions,5.0048 Millions,2055.29,654.13,436.09,640.5181,apareclda,SP,data: -22.851929577501,amount: -45.23031074613782,juiz de fora,MG,-21.76282506633389,-43.34295644532287,5.0
mc_ID_2656,"Married Male with No children, education: partial high school working as professional",1560+ monthly,"Snack Foods from Snack Foods department, Ordered Brand : Nationeel",22.5307,amount: 19.6235,recyclable,['Florist'],Price Destroyers,Supermarket,4.78 Millions,1.6252 Millions,1320.15,523.32,348.85,710.8616,mogi das cruzes,Sp,-23.519975947056054,-46.18756607644843, riO De JAnElRo ,RJ_,-22.87459850346245,-43.477731000000006,3.0
mc_ID_2657,"mARRIED fEMALE WITH FOUR KIDS, EDUCATION: HIGH SCHOOL DEGREE WORKING AS MANUAL",30K+,"Canned Shrimp from Canned Foods department, Ordered Brand : Bravo",-15.6988,-0.1,non recyclable,['Coffee Bar'],Big Time Saving,Supermarket,8.68 Millions,3.472 Millions,1236.07,440.92,293.95,measure: 710.234,sao paulo,sP,-23.622378899038896,-46.756199559667984,sao paulo,SP,-23.45852627699232,-46.62665931349181,3.0
mc_ID_2658,"Single Female with three children, education: partial high school working as manual",30K+,"Breakfast Foods from Breakfast Foods department, Ordered Brand : Radius",12.2102,10.7421,non recyclable,['Coffee Bar'],Best Price Savers,,3.44 Millions,1.3072 Millions,1236.07,440.92,293.88,720.5371,guapiacu ,SP,-20.788349306054016,-49.22697732034519,sao paulo,5P,-23.581373061053768,-46.6178758329102,5.0
mc_ID_2659,"MARRIED FEMALE WITH TWO KIDREN, EDUCATION: PARTIAL HS WORKING AS SKILLED MANUAL",€8K+,"Snack Foods from Snack Foods department, Ordered Brand : Best Choice",13.8237,10.9165,non recyclable,"['Bar For Salad', 'Coffee Bar', 'Ready Food', 'Florist']",Saving Days,	DALUXE,€4.4M,1.6058 Millions,,654.13,436.09,352.0313,MOGI-GUACU,sp,-22.359648157307664,-46.93603474635176,sao paulo, Sp,-23.611654194010004,-46.63258761587511,5.0
mc_ID_2660,"Married Male with three children, education: partial college working as clerical",30K+,"Snack Foods from Snack Foods department, Ordered Brand : Fast",-1.0,20.4957,recyclable,"['Video Store', 'Florist', 'Coffee Bar', 'Ready Food', 'Bar For Salad']",Save Price,Deluxe,11.8 Millions,5.782 Millions,2038.11,481.98,321.44,284.3028,contagem,mg,-19.934105134575645,-44.058949745074095,sao paulo,SP,-23.60262394182404,-46.55136429842682,val: 2.0
mc_ID_2662,"Married Male with No children, education: partial high school working as skilled manual",10K+,"Baking Goods from Baking Goods department, Ordered Brand : BBB Best",18.606,17.1524,recyclable,"['Florist', 'Bar For Salad', 'Video Store', 'Ready Food', 'Coffee Bar']",Big Time Discounts,DElUxE,$2.12 Millions,0.6572 Millions,2038.11,481.98,321.26,data: 328.1302,porto alegre,RS,-30.04404879488149,-51.19180931334757,ibitinga,$P,-21.7664768468313,-48.83154737836604,3.0
mc_ID_2664,"Married Male with four children, education: partial college working as clerical, Married Male with four children",30K+,"Specialty from Carousel department, Ordered Brand : Toretti",27.4729,-22.9668,non recyclable,"['Ready Food', 'Bar For Salad', 'Florist', 'Coffee Bar']",Two for One,Deluxe,6.05 Millions,1.936 Millions,2055.29,,436.09,312.9109,varzea paulista,sP,-23.221738357943583,-46.8463421029226,sao  jose  dos  pinhais,PR,-25.550486998908475,-49.18996687114555,5.0
mc_ID_2665,"Single Male with two children, education: high school degree working as skilled manual",360+ monthly,"Starchy Foods from Starchy Foods department, Ordered Brand : Discover",23.2575,20.3503,recyclable,"['Video Store', 'Bar For Salad', 'Florist', 'Ready Food', 'Coffee Bar']",Two for One,Deluxe,6.44 Millions,2.1896 Millions,2038.11,481.98,,358.9349,TUBaR4o,sC,-28.46951928224586,-48.99324969252177,marilia,_SP,-22.193082052455427,-49.948926747706174,5.0
mc_ID_2667,Married Female with five children + education: partial college working as professional,130K+,"Candy from Snacks department, Ordered Brand : Choice",16.8617,12.5009,non recyclable,"['Florist', 'Coffee Bar', 'Ready Food', 'Bar For Salad']",,Gourmet,2.8 Millions,1.036 Millions,1564.86,385.45,258.9,measure: 396.2248, Anapolis,GO,-16.339306642026028,-48.96303169514996,campo grande,M$,amount: -20.43684652070092,-54.67593485958462,4.0
mc_ID_2669,"Single Female with No children, education: bachelors degree working as management",70K+,"Side Dishes from Deli department, Ordered Brand : American",30.0894,-27.1822,recyclable,"['Ready Food', 'Bar For Salad', 'Coffee Bar', 'Video Store', 'Florist']",One Day Sale,Delux3,6.2 Millions,2.976 Millions,1869.92,593.93,395.95,360.3993,guarulhos,$P,-23.44020126089216,-46.42148489425242,sao paulo,sp,-23.606332072162274,-46.488808985429046,5.0
mc_ID_2670,"Single Male w/ one child, education: Bachelors degree working as professional",50K+,"Carbonated Beverages from Beverages department, Ordered Brand : Washington",26.1647,24.7111,recyclable,,Full Free,Supermarket,10.44 Millions,4.0716 Millions,1508,227.8,151.9,272.2738,"cotia
",SP,-23.615928708516527,-46.84997839900814,sao paul0,SP,-23.62358155176294,-46.61056007369148,5.0
mc_ID_2671,"Single Male with three children, education: bachelors degree working as professional",50K+,"Breakfast Foods from Breakfast Foods department, Ordered Brand : Jeffers",-12.937,10.0153,recyclable,,Full Free,Supermarket,3.08 Millions,1.078 Millions,1508,,152.11,272.2738,belo horizonte,MG,amount: -19.881438098245752,-43.91679121149515,sao paulo, SP ,-23.573423597337367,-46.56044110973281,amount: 3.0
mc_ID_2673,"Single Male with two children, education: bachelors degree working as management",Income: 110K+,"Fruit from Produce department, Ordered Brand : Hermanos",25.4379,21.0771,recyclable,"['Coffee Bar', 'Florist', 'Bar For Salad', 'Ready Food']",Two for One,Deluxe,2.61 Millions,1.2267 Millions,2055.29,656.13,436.09,312.9109,fortaleza,_çE,amount: -3.823830806352522,-38.48108614165762,sAnTO andre,SP,-23.665703457960586,-46.51808196779969,1.0
mc_ID_2675,Married Female with four children; education: high school degree working as manual,30K+,"Dairy from Dairy department, Ordered Brand : Booker",19.0421,16.1349,non recyclable,,Two Day Sale,Mid-Size,4.94Ms,2.3218 Millions,2085.67,783.64,522.49,509.0882,SAO LOURENCO,MG,amount: -22.13123511319532,-45.056949145523085,sao bernardo do campo,SP,amount: -23.71688471949829,-46.54199108267673,5.0
mc_ID_2677,"Single Male with two children, education: bachelors degree working as professional",Income: 50K+,"Candy from Snacks department, Ordered Brand : Thresher",16.7163,13.8091,recyclable,"['Ready Food', 'Coffee Bar', 'Bar For Salad', 'Florist']",Promo Big,,7.47 Millions,2.7639 Millions,2055.29,654.13,434.94,267.3576,sao paulo,Sp,-23.60221982653356,-46.58613386955392,itaquaquecetuba,$P,-23.48262344063541,-46.37448952833195,5.0
mc_ID_2678,Single Female with four children; education: bachelors degree working as professional,50K+,"Snack Foods from Snack Foods department, Ordered Brand : Horatio",20.641,620.42 oz,non recyclable,"['Coffee Bar', 'Ready Food', 'Florist', 'Bar For Salad']",Super Duper Savers,Delux3,5.28Ms,1.6368 Millions,2055.29,654.13,436.09,###,jose bonifacio,SP,-21.051780813361503,-49.68915443687084,Santo Andre,sp_,-23.665703457960586,-46.51808196779969,1.0
mc_ID_2680,"Single Male with two children, education: bachelors degree working as professional",70K+,"Cleaning Supplies from Household department, Ordered Brand : Red Wing",20.3503,-17.4431,non recyclable,['Coffee Bar'],,SMAll grOcERY,1.86 Millions,0.558 Millions,2069.04,330.83,220.79,413.8499,b3lo horizonte,MG,-19.926141851520523,amount: -43.93684827200066,pETroPoLIs,RJ,-22.549033360244323,-43.210094724044055,5.0
mc_ID_2681,"Married Male with one child, education: partial HS working as skilled manual",30K+,"Pure Juice Beverages from Beverages department, Ordered Brand : Token",29.944,27.0368,non recyclable,,Price Destroyers,supermarket,$1.66 Millions,0.6474 Millions,2049.72,,,325.6198,rio de janeiro,RJ,-22.96308886984238,-43.402024304605,teresopoIis,RJ,amount: -22.428725888669057,-42.97556752642736,5.0
mc_ID_2682,"Married Male with two kidren, education: bachelors degree working as management",30000,"Vegetables from Produce department, Ordered Brand : Tri-State",9.6809,6.7592,recyclable,"['Florist', 'Coffee Bar', 'Ready Food', 'Bar For Salad', 'Video Store']",One Day Sale,Gourmet,7.5 Millions,3.75 Millions,1425.03,,310.3,449.1524,BELEM,pA,-1.4219309958450534,data: -48.46648868235325,joao pinheiro, MG,-17.74069805141251,-46.175478354989366,5.0
mc_ID_2683,"Single Female with one child, education: partial college working as professional",30K+,"Vegetables from Frozen Foods department, Ordered Brand : Imagine",13.6492,amount: 10.7421,recyclable,"['Ready Food', 'Coffee Bar', 'Florist', 'Bar For Salad']",Best Price Savers,GOURMET,5.16 Millions,1.5996 Millions,1564.86,385.45,256.48,558.1979,aracatuba,SP,-21.22597638634657,-50.459834200386645,"CerquEiRA cesAR
",$P,-23.037596029379426,-49.163361189515406,5.0
mc_ID_2686,"Married Male with three children, education: high school degree working as manual",30K or more,"Snack Foods from Snack Foods department, Ordered Brand : Horatio",26.8915,23.9843,recyclable,"['Florist', 'Video Store', 'Bar For Salad', 'Coffee Bar', 'Ready Food']",,Deluxe,7.64 Millions,2.5976 Millions,2038.11,481.98,322.78,767.3456,_joao pessoa,PB,data: -7.157376565641395,-34.83253336372553,ibitinga,SP,-21.7664768468313,-48.83154737836604,data: 1.0
mc_ID_2688,"Single Female with three kids, education: high school degree working as skilled manual",50K+,"Snack Foods from Snack Foods department, Ordered Brand : Fast",val: 22.8214,19.7689,recyclable,"['Bar For Salad', 'Coffee Bar', 'Ready Food', 'Florist']",Promo Big,Deluxe,3.08 Millions,1.1088 Millions,2055.29,654.13,436.09,267.3576,sao paulo,SP,-23.539098006665103,-46.48619464224707,Sao Paulo,SP,-23.63665699295384,-46.69477973651988,5.0
mc_ID_2689,"Single Male with two children, education: partial college working as professional",90K+,"Kitchen Products from Household department, Ordered Brand : Denny",-20.0596,15.6988,recyclable,,GLD,Supermarket ,5.7 Millions,1.767 Millions,1508,227.8,151.63,727.9637,pedro leopoldo ,MG,-19.652292291953287,-44.056767929538886,_cotia,SP,-23.6051651312828,val: -46.92504614654623,5.0
mc_ID_2692,"Married Male with two children, education: partial college working as skilled manual",30K+,"Seafood from Seafood department, Ordered Brand : Curlew",13.0387,10.1315,non recyclable,,Price Winners,Supermarket,6.48 Millions,2.9808 Millions,1621.78,341.05,227.33,586.7537,guarulhos,sp,-23.444360601996667,-46.551058040798665,Cotia,Sp,amount: -23.59398471189917,-46.91059123022104,5.0
mc_ID_2694,Single Male with five children + education: partial high school working as manual,120+ monthly,"Specialty from Produce department, Ordered Brand : Tri-State",19.7689,18.3153,recyclable,"['Florist', 'Ready Food', 'Video Store', 'Coffee Bar', 'Bar For Salad']",Two for One,,$10.52 Millions,4.6288 Millions,1427.37,465.54,310.3,360.7131,carapicuiba,SP,-23.542083660447123,-46.83143328168663,sao paulo,SP,-23.693985995008337,-46.70188324132953,5.0
mc_ID_2695,"married male with five children, education: high school degree working as professional",70K+,"Cleaning Supplies from Household department, Ordered Brand : Sunset",-22.8214,19.7689,recyclable,['Florist'],Roller Savings (High) ,Supermarket,9.76 Millions,4.5872 Millions,1320.15,523.32,350.83,532.6232,itajuba,MG,-22.41341676594225,-45.47431045409493,maringa,pr,-23.42880633856904,-51.97183135000928,4.0
mc_ID_2696,"Single Male with four children, education: high school degree working as skilled manual",30K+,"Jams and Jellies from Baking Goods department, Ordered Brand : Plato",17.4431,13.0823,recyclable,"['Ready Food', 'Coffee Bar', 'Florist', 'Bar For Salad', 'Video Store']",Big Time Saving,Deluxe,12.25 Millions,5.2675 Millions,1871.16,595.93,,676.6574,rio de janeiro,RJ,-22.903440789341573,-43.25796388245143,cAscavel,pr,-24.961400882504734,-53.45816618100577,5.0
mc_ID_2697,"Married Female with four children, education: graduate degree working as professional",130K+,"Dairy from Dairy department, Ordered Brand : Carlson",738.34 oz,17.8792,non recyclable,"['Video Store', 'Ready Food', 'Florist', 'Coffee Bar', 'Bar For Salad']",Bag Stuffer,Deluxe,3.42 Millions,1.6074 Millions,1734.5,503.07,335.38,662.2226,	verañopolis,RS,-28.935745148342484,-51.55204762348925,ANDRadaS,sp,-22.07406456966723,measure: -46.5864399743845,3.0
mc_ID_2701,"Single Female with four children, education: bachelors degree working as professional",50K+,"Candy from Snacks department, Ordered Brand : Atomic",15.1174,val: 12.1956,non recyclable,,Price Slashers,supERmaRKET,2.5 Millions,1.05 Millions,1508,227.8,151.9,data: 351.456,sao paulo,SP,-23.59677856702638,-46.41115888190316,alfenas,MG,-21.420179371992425,amount: -45.959964474046224,5.0
mc_ID_2703,"Married Male with No children, education: high school degree working as skilled manual",30K+,"Snack Foods from Snack Foods department, Ordered Brand : Fast",19.0421,17.5885,recyclable,"['Ready Food', 'Bar For Salad', 'Coffee Bar', 'Video Store', 'Florist']",Promo Big,Deluxe,$9.42 Millions,3.297 Millions,1871.16,593.93,395.98,578.2288,SIDR0LANDIA,MS,-20.937569123176043,measure: -54.96874327509509,ibitinga,SP,-21.7664768468313,-48.83154737836604,data: 3.0
mc_ID_2704,"Single Male with three children, education: high school degree working as manual",50K+,"Magazines from Periodicals department, Ordered Brand : Excel",val: 18.0246,13.6492,recyclable,['Florist'],Roller Savings (High) ,,"3.08 ,000,000illions",1.0164 Millions,1320.15,523.32,348.85,532.6232,PINdamOnHAnGAba,$P,-22.94385742701493,-45.4770251456873,laurentino,SC ,-27.23087744199508,-49.73043032302249,5.0
mc_ID_2705,"Single Female with one child, education: bachelors degree working as professional",50K+,"Candy from Snacks department, Ordered Brand : Atomic",23.1121,20.0596,recyclable,"['Bar For Salad', 'Ready Food', 'Florist', 'Video Store', 'Coffee Bar']",Lottery Cash Registerion,,7.05 Millions,3.3135 Millions,1734.5,503.07,,val: 646.4803,paulo afonso,BA,-9.389995384239766,amount: -38.227672721758765,ilicinea,MG,val: -20.944705621834668,-45.82709818233235,5.0
mc_ID_2706,MARRIED FEMALE WITH TWO CHILDREN; EDUCATION: PARTIAL HIGH SCHOOL WORKING AS MANUAL,30K+,"Vegetables from Produce department, Ordered Brand : Tri-State",29.944,-1.0,recyclable,"['Video Store', 'Bar For Salad', 'Ready Food', 'Coffee Bar', 'Florist']",Best Savings,Deluxe,$13.68 Millions,5.0616 Millions,1870.86,593.93,395.95,278.7067,PANAMBI,RS,-28.295275344382283,-53.49959283295684,5UmaRE,SP,-22.828654864562257,-47.267296160568925,5.0
mc_ID_2707,"Single Male with two children, education: high school degree working as manual",30K+,"Dairy from Dairy department, Ordered Brand : Even Better",17.8792,13.5184,non recyclable,,Full Free,Supermarket,8.64 Millions,3.456 Millions,1505.63,227.8,,660.2352,_carazinho,rs,val: -28.28944621405989,-52.79412331824494,sao paulo,sp,-23.59798552039933,-46.55547278711988,5.0
mc_ID_2708,"Single Male with No children, education: high school degree working as manual",30K+,"Dairy from Dairy department, Ordered Brand : Club",9.1722,-999.0,recyclable,['Florist'],Saving Days,,3.76Ms,1.7672 Millions,1320.15,523.32,350.01,435.4498,teIxeIRa de FReITaS,Ba,-17.530789975548146,data: -39.76235742240667,_franca,5P,-20.506793628480604,-47.40773763671002,2.0/10
mc_ID_2709,"Single Female with two kidren, education: partial high school working as manual",10K+,"Cleaning Supplies from Household department, Ordered Brand : High Quality",31.6883,30.0894,recyclable,"['Florist', 'Ready Food', 'Coffee Bar', 'Video Store', 'Bar For Salad']",,,4.38 Millions,2.19 Millions,1734.1,503.07,337.16,755.1074,itanh4em,_SP,-24.149651009642906,-46.7480979001278,sao paulo,5p,-23.603187216486816,-46.62096322009347,val: 5.0
mc_ID_2710,"Married Female with four children, education: bachelors degree working as professional",30 Thousand,"Snack Foods from Snack Foods department, Ordered Brand : Best Choice",14.3906,data: 10.0153,non recyclable,"['Ready Food', 'Coffee Bar', 'Bar For Salad', 'Florist']",Roller Savings (High) ,,4.47 Millions,1.3857 Millions,1564.86,385.45,,data: 637.6939,salvador,BA_,-12.970153992000766,-38.41364598491432,rio de janeiro,RJ,-22.93125598447676,-43.17881321481337,amount: 5.0
mc_ID_2713,"Single Female with one child, education: partial high school working as manual",Income: 10K+,"Breakfast Foods from Frozen Foods department, Ordered Brand : Big Time",20.2049,17.1524,non recyclable,"['Video Store', 'Ready Food', 'Bar For Salad', 'Coffee Bar', 'Florist']",,Deluxe,2.8 Millions,0.896 Millions,1873.04,593.93,395.95,val: 343.611,ribeirao pires,$P,-23.676027730141065,-46.34579957525459,sao paulo,SP,-23.57714001165677,-46.48276229003407,3.0
mc_ID_2714,"Single Male with five children, education: partial high school working as manual, education: partial high school working as manual",30K+,"Canned Soup from Canned Foods department, Ordered Brand : Bravo",26.8915,22.5307,recyclable,"['Video Store', 'Florist', 'Ready Food', 'Coffee Bar', 'Bar For Salad']",Two Day Sale,Gourmet,19.9 Millions,6.368 Millions,1424.85,465.54,310.3,588.4796,sau paulo,$P,-23.70402762753189,val: -46.634320833198665,SantA 	bARBARa 	d'OEstE,SP,-22.75967282783305,-47.364736674563375,4.0
mc_ID_2716,"Married Male with one child, education: bachelors degree working as professional",70K+,"Cleaning Supplies from Household department, Ordered Brand : Red Wing",15.1174,10.7421,recyclable,"['Ready Food', 'Bar For Salad']",,Supermarket,5.04 Millions,1.7136 Millions,2265.9,853.22,568.75,618.4475,sao jose do rio preto,SP,-20.8170171874536,data: -49.36425413438004,ibi7inga,SP,-21.7664768468313,-48.83154737836604,3.0
mc_ID_2718,"Married Female with five children, education: HS degree working as manual",30K+,"Vegetables from Produce department, Ordered Brand : Tell Tale",29.2172,26.31,recyclable,"['Florist', 'Video Store', 'Bar For Salad', 'Coffee Bar', 'Ready Food']",Shelf Clearing Days,Deluxe,"9.51 ,000,000illions",3.6138 Millions,1871.16,,396.16,516.7763,sao paulo,SP,amount: -23.66818375378558,-46.64595940053346,sao paulo,SP,-23.58359782304825,-46.50714769338705,5.0
mc_ID_2719,"Single Female with No children, education: high school degree working as manual",30K+,"Cleaning Supplies from Household department, Ordered Brand : Denny",amount: 12.3265,9.4047,non recyclable,"['Florist', 'Bar For Salad', 'Coffee Bar', 'Video Store', 'Ready Food']",Price Smashers,Daluxe,6.96 Millions,3.3408 Millions,1527.82,373.1,247.16,499.2035,sao goncalo,RJ,-22.82408398146363,-43.06864776948586,AMPERe,PR,data: -25.90304171673461,-53.46746806886998,measure: 5.0
mc_ID_2721,"Single Male with three children, education: high school degree working as skilled manual",30K+,"Paper Products from Household department, Ordered Brand : Sunset",19.7689,16.8617,recyclable,['Florist'],Sale Sale Sale,Supermarket,7.89 Millions,3.2349 Millions,1320.15,523.32,348.85,304.1768,ibirama,SC_,-27.05334559133681,-49.5094661052278,salto,SP,measure: -23.20591698084141,-47.307845865803,5.0
mc_ID_2722,Single Male with three children | education: partial high school working as skilled manual,10K+,"Fruit from Produce department, Ordered Brand : Ebony",26746.10 grams,25.1472,non recyclable,['Florist'],Roller Savings (High) ,SUPERMARKET,€4.7M,2.7342 Millions,,,348.85,532.6232,rio de janeiro,RJ,-22.957756281983983,-43.19249263780366,salto,SP,-23.20591698084141,-47.307845865803,5.0
mc_ID_2723,"Single Female with one child, education: high school degree working as manual",30K+,"Candy from Snacks department, Ordered Brand : Choice",26.7461,25.1472,recyclable,,Roller Savings (High) ,Supermarket,3.8 Millions,1.862 Millions,1508,227.8,150.58,379.7503,foz 	do 	iguacu,PR,measure: -25.548584861815545,-54.58121020316589,SALTO,SP,-23.20591698084141,-47.307845865803,5.0
mc_ID_2724,"Married Male with one child, education: high school degree working as skilled manual",360+ monthly,"Plastic Products from Household department, Ordered Brand : Red Wing",-29.2172,26.31,non recyclable,,GLD,Supermarket,5.18 Millions,1.8648 Millions,1508,227.8,152.77,measure: 727.9637,saO PAUio,SP,data: -23.550651,-46.69978398499636,rio de janeiro,RJ,-22.920104850395337,-43.22138202997862,5.0
mc_ID_2725,"Married Male with three kids, education: partial HS working as manual",30K+,"Breakfast Foods from Breakfast Foods department, Ordered Brand : Special",23.4028,21.9493,recyclable,,Wallet Savers,,7.72 Millions,3.474 Millions,2051.84,457.36,,amount: 418.1385,brasilia,DF,-15.806524500000004,measure: -47.93582925,sao paulo,SP,-23.54029947071385,val: -46.66278360519932,5.0
mc_ID_2727,"Married Female with three children, education: partial college working as skilled manual",30K+,"Meat from Deli department, Ordered Brand : American",28.9265,27.3275,non recyclable,"['Bar For Salad', 'Coffee Bar', 'Florist', 'Ready Food', 'Video Store']",,DeIuxe,5.04 Millions,2.1168 Millions,2039.95,481.98,321.26,550.6144,brasilie,DF,-15.81229929770141,-48.06916235516832,timoteo,Mg,-19.54373077737746,-42.651621091858686,amount: 5.0
mc_ID_2728,"Single Male with No childern, education: bachelos degree working as management",30K+ annually,"Pure Juice Beverages from Beverages department, Ordered Brand : Excellent",-0.1,11.0037,non recyclable,['Coffee Bar'],,Sup3rmarket,3.2 Millions,1.344 Millions,1236.07,440.92,293.95,710.234,Sao rOquE,SP,val: -23.51189569797908,-47.06599345693552,Santo Andre,SP,-23.665703457960586,-46.51808196779969,5.0
mc_ID_2729,"Single Female with No children, education: partial college working as professional",30K+,"Hardware from Household department, Ordered Brand : Cormorant",18.3153,16.8617,recyclable,"['Florist', 'Coffee Bar', 'Ready Food', 'Video Store', 'Bar For Salad']",Save Price,gourmet,4.94 Millions,2.2724 Millions,1424.85,465.54,310.3,670.486,indaiatuba,SP,-23.096930888424048,-47.22158776519132,jundia1,SP,-23.211714582578274,-46.8753760355472,1.0
mc_ID_2731,"Single Female with four children, education: partial college working as clerical",30K+,"Vegetables from Produce department, Ordered Brand : Hermanos",25.1472,23.5482,non recyclable,['Coffee Bar'],Sale : Double Down,Supermerket,15.44 Millions,6.4848 Millions,1236.07,440.92,293.95,309.5637,sao paulo,$P,measure: -23.58732199832657,-46.71691465762608,Itatiba,$P,-22.99567770323237,-46.857106243157794,4.0
mc_ID_2733,"Single Female with four children, education: bachelors degree working as professional",50K+,"Specialty from Carousel department, Ordered Brand : Toretti",27.4729,22.9668,non recyclable,,Super Duper Savers, Supermarket ,"4.84 ,000,000illions",1.7424 Millions,2047.87,457.36,304.91,527.7593,jundiai, $P,-23.179889672043977,-46.928510109318665,PATOS DE MINAS,mg,-18.60497691187199,-46.52154885505743,4.0
mc_ID_2734,"Single Female with five children, education: partial high school working as manual",10K+ annually,"Hot Beverages from Beverages department, Ordered Brand : Super",27.4729,24.4204,non recyclable,,,supermarket,"14.3 ,000,000illions",7.007 Millions,1622.97,341.05,227.72,353.7049,caieiras,sp,amount: -23.34251792334343,-46.745811114511866,SaO PaULO,SP,-23.532447184574945,-46.61401961463438,5.0
mc_ID_2735,"Single Female with three children , education: high school degree working as manual",30K+,"Eggs from Eggs department, Ordered Brand : Blue Medal",28.3451,25.4379,recyclable,"['Ready Food', 'Florist', 'Coffee Bar', 'Video Store', 'Bar For Salad']",GLD,deluxe,6.57Ms,3.285 Millions,1869.2,593.93,395.95,484.1411, curitiba ,"PR
",-25.53334346710718,-49.26949584595194,sao JoSE DO RiO preto,Sp,measure: -20.80243626346376,-49.39562406741489,5.0
mc_ID_2736,"Single Female with two children, education: partial high school working as manual",10000,"Fruit from Produce department, Ordered Brand : Hermanos",25.0018,23.5482,non recyclable,['Coffee Bar'],Big Time Saving,SuPeRMArKet,4.92 Millions,1.968 Millions,1234.94,440.92,293.95,710.234,marilia,SP,-22.205948517432308,-49.95494015032813,sao paulo,Sp,-23.50636475575626,-46.58066375575627,4.0
mc_ID_2737,"Married Female with three childran,education: Bachelors degree working as professional",50K+,"Electrical from Household department, Ordered Brand : Denny",20.3503,17.4431,recyclable,"['Ready Food', 'Bar For Salad']",Go For It,Supermarket,€6.5M,3.7534 Millions,2268.9,853.22,567.31,553.0202,sa0 paulo, SP ,-23.609703174851425,-46.66192238204739,HORTOLANDIA,SP,measure: -22.887514996879027,-47.19573904628551,5.0
mc_ID_2738,"Single Male with one child, education: partial college working as clerical",30000,"Baking Goods from Baking Goods department, Ordered Brand : BBB Best",-19.6235,16.7163,non recyclable,,Sale Winners,,8.91 Millions,3.0294 Millions,1507.63,227.8,151.9,720.171,"vOlta rEdOndA
",RJ,-22.511182871227355,-44.082603602140885,curitiba,PR,-25.41390855314792,-49.34702339687815,val: 5.0
mc_ID_2740,"Single Male with five children, education: bachelors degree working as professional",70K+,"Snack Foods from Snack Foods department, Ordered Brand : Fort West",26.1647,24.7111,non recyclable,['Coffee Bar'],Budget Bargains,Supermark3t,"6.2 ,000,000illions",1.984 Millions,1236.07,442.92,293.95,754.0614,pinhalzinho,SP,-22.78314454789037,-46.58949540991712,rio de janeiro,RJ,-22.93125598447676,-43.17881321481337,5.0
mc_ID_2742,"Married Female with No children, education: partial high school working as skilled manual",...,"Starchy Foods from Starchy Foods department, Ordered Brand : Monarch",27.05 lbs,-999.0,non recyclable,['Coffee Bar'],Two Day Sale,Supermarket,12.44 Millions,6.0956 Millions,1235.76,,293.95,477.3944,novo hamburgo,_RS,-29.69097966967412,-51.116357834642415,monte siao,MG,-22.42880507067007,-46.569550269431765,amount: 1.0
mc_ID_2743,"Single Male with four children, education: bachelors degree working as professional",...,"Breakfast Foods from Frozen Foods department, Ordered Brand : Big Time",23.6936,20.641,recyclable,"['Coffee Bar', 'Florist', 'Bar For Salad', 'Video Store', 'Ready Food']",Price Slashers,,16.2 Millions,5.508 Millions,1525.28,373.1,248.79,val: 403.9652,CAMPO GRANDE,"MS
",-20.538361655288806,-54.60554058188578,ASsls,$P,-22.66791333527613,val: -50.41920174522468,5.0
mc_ID_2744,"sINGLE fEMALE W/ THREE CHILDREN, EDUCATION: HIGH SCHOOL DEGREE WORKING AS SKILLED MANUAL",30K+,"Snack Foods from Snack Foods department, Ordered Brand : Fast",15.2627,13.8091,recyclable,,I Cant Believe It Sale,,€4.3M,1.9656 Millions,2819.7,447.7,298.5,693.498,PRUDENTOPOLIS,PR ,-25.20150185622089,-50.970647374151824,SALTO,SP,-23.19024365306712,measure: -47.291570633360266,2.0
mc_ID_2746,"Married Female with five children, education: partial college working as clerical",30K+,"Frozen Desserts from Frozen Foods department, Ordered Brand : Imagine",amount: 29.3626,26.4554,non recyclable,"['Ready Food', 'Coffee Bar', 'Florist', 'Bar For Salad']",Two for One,	deluxe,11.32Ms,4.9808 Millions,2057.09,654.13,436.88,312.9109,rio de janeiro,RJ,-22.95549,-43.20057987621901,limeira,SP,-22.564590914796,-47.40315315223038,5.0
mc_ID_2747,"Single Female with three children, education: High School degree working as skilled manual",30000,"Jams and Jellies from Baking Goods department, Ordered Brand : CDR",data: 11.0909,8.1837,recyclable,"['Florist', 'Ready Food', 'Coffee Bar', 'Video Store', 'Bar For Salad']",One Day Sale,GOURME7,"5.0 ,000,000illions",2.05 Millions,1424.85,465.54,310.3,449.1524,nilopolis,RJ,-22.79956422482205,-43.414218925501736,sao ludgero,Sk,amount: -28.327530882623098,data: -49.18050954005345,5.0
mc_ID_2749,"Single Male with one child, education: bachelors degree working as management",$50K+,"Decongestants from Health and Hygiene department, Ordered Brand : Faux Products",-24.275,19914.20 grams,recyclable,,Price Destroyers,Supermarket,$5.22 Millions,2.1924 Millions,1508,227.8,151.9,588.3227,sao francisco de itabapoana,RJ,-21.4795193189133,-41.10923999356295,Piracicaba,sP,-22.71683928585045,-47.65736585405934,5.0
mc_ID_2751,"Single Male with four children, education: partial high school working as management",€127K+,"Pizza from Frozen Foods department, Ordered Brand : PigTail",8.8088,4.4335,non recyclable,,Wallet Savers,Supermarket,$6.72 Millions,2.2848 Millions,1508,,151.85,277.8699,Sao Paulo_,SP,-23.85920023380768,-46.708474228442746,praIA gRAnDE,_$P,amount: -24.026786758814687,-46.49304889148245,5.0
mc_ID_2752,"Married Male with five childern, education: high school degree working as manual",30K+ annually,"Canned Soup from Canned Foods department, Ordered Brand : Blue Label",30.5255,27.6183,recyclable,['Florist'],,supeRMArkET,"4.77 ,000,000illions",1.6218 Millions,1320.15,523.32,348.85,data: 532.6232,paraty,RJ_,-23.226942512091888,-44.72617217705374,mogi  guacu,SP,-22.3970091627978,-46.94545202732525,5.0
mc_ID_2754,"Single Male with five children, education: partial college working as manual",30K+,"Frozen Entrees from Frozen Foods department, Ordered Brand : Imagine",21.8039,18.8967,recyclable,,Best Price Savers,Supermarket,6.96Ms,2.1576 Millions,1508,227.8,150.91,650.4028,t0me-acu,PA,-2.417793377438449,amount: -48.15235963847371,sao paulo,SP,-23.62358155176294,-46.61056007369148,3.0
mc_ID_2756,"Single Male with one child, education: partial college working as management",30K or more,"Eggs from Eggs department, Ordered Brand : Urban",20.4957,17.5885,non recyclable,['Florist'],Saving Days,Supermarket,5.37 Millions,2.2554 Millions,1318.79,523.32,350.7,435.4498,riO De JanEiro,rj,val: -22.848617611278385,-43.26966669595899,Petropolis,rj,-22.549033360244323,-43.210094724044055,5.0
mc_ID_2757,"SINGLE FEMALE WITH FOUR KIDREN, EDUCATION: BACHELOR'SS DEGREE WORKING AS MANAGEMENT",€42K+,"Jams and Jellies from Baking Goods department, Ordered Brand : CDR",-11.1927,6.8174,non recyclable,"['Bar For Salad', 'Ready Food']",,supermarket,9.05 Millions,4.163 Millions,2266.24,855.22,568.75,570.8022,brumadinho, MG,-20.198222315762948,measure: -44.00961734339785,brasilia,Df,-15.840667480274698,-48.051942900348365,5.0
mc_ID_2758,"Single Female with four children, education: high school degree working as management",130K+,"Breakfast Foods from Breakfast Foods department, Ordered Brand : Special",val: 23.4028,21.9493,recyclable,"['Video Store', 'Florist', 'Coffee Bar', 'Ready Food', 'Bar For Salad']",Price Winners,dEluXe,7.72 Millions,2.8564 Millions,2038.11,481.98,321.26,amount: 453.9117,feira de santana,BA,-12.241961717179295,-38.96893132070517,"sao paulo
",SP,-23.54387085706044,-46.55735807729814,5.0
mc_ID_2759,"Singlee Female with five children, education: Bachelors degree working as professional",50K+ annually,"Fruit from Produce department, Ordered Brand : Tri-State",-999.0,11.0618,non recyclable,"['Ready Food', 'Florist', 'Bar For Salad', 'Video Store', 'Coffee Bar']",Three for One,Deluxe,5.68 Millions,2.0448 Millions,1871.16,593.93,395.95,688.3726,cotia,SP,-23.60522961818243,-46.90761789965579,salto,SP,amount: -23.198860047870664,-47.29334560811024,5.0
mc_ID_2761,"Married Female with two children, education: partial college working as management, Married Female with two children",30K or more,"Pure Juice Beverages from Beverages department, Ordered Brand : Fabulous",8.7216,5.8144,recyclable,"['Ready Food', 'Bar For Salad']",Roller Savings (High) ,,$11.4 Millions,3.534 Millions,2265.9,853.22,568.75,356.4245,chapeco,SC,-27.106398057114777,-52.611720735721306,Diadema,SP,val: -23.68008452677597,measure: -46.62410537301638,4.0
mc_ID_2762,"Marriied Female with four children, education: high school degree working as professional",Income: 150K+,"Carbonated Beverages from Beverages department, Ordered Brand : Fabulous",23.8389,-22.24,recyclable,,Promo Big, SUPERMARKET ,3.52 Millions,1.6896 Millions,2052.62,,304.91,515.2596,Cot1A,SP,-23.59398471189917,-46.91059123022104,SANTO @NDRE,$P,-23.68645557285476,-46.52061165889549,5.0
mc_ID_2764,"Married Male with No children , education: partial high school working as management",130K+ annually,"Canned Clams from Canned Foods department, Ordered Brand : Blue Label",24.275,21.3678,recyclable,"['Video Store', 'Florist', 'Coffee Bar', 'Ready Food', 'Bar For Salad']",,Daluxe,5.07 Millions,1.8759 Millions,1734.5,503.07,335.38,€247.13,deodapulis,MS,-22.280653401455822,-54.16218589233392, franca,sp,-20.530671079410943,-47.39851931627846,3.0
mc_ID_2765,"Married Female with four childran, education: bachelors degree working as management",€59K+,"Electrical from Household department, Ordered Brand : High Quality",13.969,12.5009,recyclable,"['Florist', 'Ready Food', 'Coffee Bar', 'Bar For Salad', 'Video Store']",Two Day Sale,Deluxe,2.0 Millions,0.94 Millions,2038.11,481.98,321.26,495.7517,arequari,SC,-26.417275647222727,-48.756934054286376,Sao Paulo,SP,-23.554079433810344,-46.53324185942636,5.0
mc_ID_2766,"Single Female with two children, education: graduate degree working as professional",90 Thousand,"Dairy from Dairy department, Ordered Brand : Gorilla",15.1174,10.7421,recyclable,"['Bar For Salad', 'Ready Food', 'Florist', 'Coffee Bar', 'Video Store']",Shelf Clearing Days,Deluxe,$1.83 Millions,0.7503 Millions,1871.16,593.93,397.23,516.7763,campinas,SP,-22.854651104564187,-47.160697766786136,americana,SP,val: -22.72893170107914,-47.301322143632056,3.0
mc_ID_2767,"Married Male with two children, education: partial college working as management",€76K+,"Canned Soup from Canned Foods department, Ordered Brand : Pleasant",29.7987,26.8915,non recyclable,"['Coffee Bar', 'Video Store', 'Bar For Salad', 'Florist', 'Ready Food']",Tip Top Savings,,5.2 Millions,2.08 Millions,2038.11,481.98,321.26,416.2557,sao paulo,SP,measure: -23.501974767413024,-46.453601609210025,santo andre,Sp,data: -23.665703457960586,-46.51808196779969,5.0
mc_ID_2768,"Single Female with five children, education: partial high school working as skilled manual",10K+,"Frozen Entrees from Frozen Foods department, Ordered Brand : Big Time",15.8442,12.9224,recyclable,"['Bar For Salad', 'Coffee Bar', 'Video Store', 'Ready Food', 'Florist']",Sale : Double Down,Deluxe,15.64 Millions,6.0996 Millions,1734.5,,335.38,265.6317,Campo Alegre De Goias,GO,-17.63183152644835,-47.77256871816776,sao paulo,SP,-23.553644898695826,measure: -46.63261889578163,5.0
mc_ID_2769,"Married Female with two kidren, education: partial high school working as professional",130K+ annually,"Carbonated Beverages from Beverages department, Ordered Brand : Washington",26.1647,-24.7111,recyclable,"['Florist', 'Bar For Salad', 'Ready Food', 'Video Store', 'Coffee Bar']",GLD,Deluxe,7.83Ms,3.2103 Millions,1871.16,593.93,397.05,484.1411,mairipor4,SP,amount: -23.32358162262788,-46.571516434161296,sao paulo,SP,data: -23.693985995008337,-46.70188324132953,val: 5.0
mc_ID_2774,"Married Male with No children, education: partial high school working as manual",10K+,"Electrical from Household department, Ordered Brand : Sunset",24.275,19.9142,recyclable,,Price Destroyers,SUpErmARkET,3.28 Millions,1.1152 Millions,1508,227.8,153.31,635.1312,paulista,PE,-7.947378378984839,-34.88790974626262,jaU,SP,-22.27568678711987,-48.542599749927895,5.0
mc_ID_2775,"Married Female with four children, education: bachelor'ss degree working as professional",$70K+,"Fruit from Produce department, Ordered Brand : Tell Tale",10.5822,9.1286,recyclable,,GLD,supermarke7,"8.4 ,000,000illions",4.032 Millions,2049.66,457.36,304.91,697.7866,	rio de janeiro,Rj,-22.91064096725142,-43.17650983181368,PIRACICABA,$P,-22.71683928585045,-47.65736585405934,4.0
mc_ID_2776,"Married Male with two children, education: high school degree working as skilled manual",30K+,"Beer and Wine from Alcoholic Beverages department, Ordered Brand : Portsmouth",26.95 lbs,10.7566,non recyclable,,Price Slashers,,10.29 Millions,3.3957 Millions,1508,227.8,151.9,data: 351.456,sao paulo,SP,-23.52377256527157,val: -46.47524063467857, mirandopolis,SP,-21.131534491601712,-51.10568265114781,1.0
mc_ID_2777,"Married Male with three children, education: bachelors degree working as professional",€59K+,"Carbonated Beverages from Beverages department, Ordered Brand : Washington",22.9668,20.0596,non recyclable,"['Ready Food', 'Bar For Salad']",Shelf Clearing Days,,2.3 Millions,1.012 Millions,2265.9,853.22,569.76,554.903,itatiba,SP,data: -22.962507150351165,-46.79794228444784,porto ferreira,SP,-21.858555070695942,-47.48403458197557,1.0
mc_ID_2778,"Single Male with two children,education: partial high school working as skilled manual",10K+,"Plastic Products from Household department, Ordered Brand : High Quality",11.4252,8.5181,recyclable,,,Supermarket,13.8 Millions,4.416 Millions,,341.05,229.1,743.1307,goiania,Go,-16.70924822674422,-49.3260131269197,Belo Horizonte,MG,-19.86247705744709,-43.89710791840267,data: 5.0
mc_ID_2779,"Single Female with two children, education: graduate degree working as professional",110K+,"Fruit from Produce department, Ordered Brand : Hermanos",-10.306,8.8524,non recyclable,"['Bar For Salad', 'Ready Food']",Two for One,SUPERMARKET,3.78 Millions,1.701 Millions,,853.22,570.07,555.426,Pouso Alegre,MG,-22.26188292523682,-45.93266601660692,IbiTiNgA,SP,-21.7664768468313,-48.83154737836604,1.0
mc_ID_2781,"Married Male with five childern , education: graduate degree working as professional",€76K+,"Frozen Desserts from Frozen Foods department, Ordered Brand : Imagine",29.3626,26.4554,non recyclable,"['Bar For Salad', 'Video Store', 'Coffee Bar', 'Ready Food', 'Florist']",Best Savings,Gourmet,"8.49 ,000,000illions",3.9903 Millions,1424.85,,310.3,281.4786,JUINA,MT,-11.418759603270525,-58.77167173409165,sao bernardo do campo,$P,-23.71933860892157,-46.5517479343586,data: 5.0
mc_ID_2782,"Married Male with one child, education: bachelors degree working as management",90K+,"Drinks from Beverages department, Ordered Brand : Fabulous",21.0771,18.1699,non recyclable,,Two Day Sale,Supermarket,8.52 Millions,3.9192 Millions,1623.48,341.05,227.33,383.2021,sao paulo,sp,-23.651919356367944,data: -46.68110818679663,curitiba,PR,measure: -25.526084940879464,-49.27440966694559,data: 1.0
mc_ID_2783,"Married Female with five children, education: partial college working as professional",30K+,"Snack Foods from Snack Foods department, Ordered Brand : Nationeel",-28.6358,25.7286,recyclable,"['Video Store', 'Coffee Bar', 'Florist', 'Ready Food', 'Bar For Salad']",Bag Stuffer,Deluxe,15.36 Millions,5.6832 Millions,1734.5,503.07,335.38,432.1026,boa vista,RR,2.830159585947976,-60.67595449823801,CAMPINAS,	SP,-22.895876357204664,-47.0791850342778,4.0
mc_ID_2784,"Married Male with one child, education: partial high school working as management",130K+,"Fruit from Canned Products department, Ordered Brand : Applause",10.117,5.7562,recyclable,"['Florist', 'Video Store', 'Bar For Salad', 'Coffee Bar', 'Ready Food']",Two Day Sale,Deluxe,8.4 Millions,2.688 Millions,2038.11,481.98,321.26,R$2726.63,sao lu1s,MA,-2.572329289004968,-44.19951421099502,belo horizonte,MG,-19.878513898894187,-43.95694702879617,1.0
mc_ID_2785,"Married Male with four children, education: graduate degree working as professional",70K+ annually,"Snack Foods from Snack Foods department, Ordered Brand : Best Choice",17.7338,14.6813,non recyclable,,,Supermarket,10.2 Millions,4.08 Millions,,227.8,151.9,272.2738,DUQUE DE CAXIAS ,RJ,-22.7898225982794,amount: -43.32827859671635,mogi das cruzes,SP,-23.512628393866617,-46.15269778088044,5.0
mc_ID_2786,"Single Female with three children, education: partial high school working as manual",30K+,"Carbonated Beverages from Beverages department, Ordered Brand : Skinner",12.748,val: 8.3872,recyclable,['Coffee Bar'],Best Price Savers,,€4.4M,2.1033 Millions,1236.07,440.92,295.25,720.5371,brasilia,DF,-15.906466093180695,-47.77423989072256,franca, SP ,-20.50234199999999,-47.4215895,4.0
mc_ID_2787,"Married Male with one child, education: partial high school working as skilled manual",30K+,"Specialty from Produce department, Ordered Brand : Hermanos",-16.1349,11.7741,recyclable,"['Florist', 'Bar For Salad', 'Video Store', 'Coffee Bar', 'Ready Food']",,Gourmet,6.39 Millions,2.4282 Millions,1423.39,465.54,310.86,281.4786,riu De jaNEIro,RJ,-22.915539999999964,-43.54233999999997,araraquara,SP,-21.760806096824155,data: -48.17228519205648,1.0
mc_ID_2788,"Single Female with three children, education: high school degree working as manual",30K+,"Dairy from Dairy department, Ordered Brand : Booker",9.1576,7.704,recyclable,"['Ready Food', 'Coffee Bar', 'Video Store', 'Bar For Salad', 'Florist']",Shelf Clearing Days,	Deluxe,2.68 Millions,1.0988 Millions,1871.16,595.93,394.34,516.7763,catanduva,5P,val: -21.126845368024707,-48.98932863142702,itaquaquecetuba,SP,-23.48262344063541,-46.37448952833195,measure: 5.0
mc_ID_2790,"Married Male with five kidren, education: HS degree working as skilled manual",30k,"Specialty from Produce department, Ordered Brand : Hermanos",16.2802,13.3585,recyclable,['Coffee Bar'],Fantastic Discounts,Small Grocery,1.76 Millions,0.5984 Millions,2069.04,330.83,,628.0707,TApInas,SP,-21.448052139973765,-48.78723054003935,ilicinee,MG,-20.944705621834668,-45.82709818233235,2.0
mc_ID_2791,"Married Female with three children, education: high school degree working as manual",30K+,"Beer and Wine from Alcoholic Beverages department, Ordered Brand : Good",10.0153,301.49 oz,non recyclable,"['Ready Food', 'Bar For Salad', 'Video Store', 'Florist', 'Coffee Bar']",I Cant Believe It Sale,dElUXe,6.48 Millions,2.4624 Millions,,373.1,247.99,535.9181,sao paulo,SP,-23.540902503474072,-46.7434498020753,sao jose dos campos,SP,-23.221431461827063,-45.888163895493165,3.0
mc_ID_2792,"Married Male with one child , education: partial high school working as professional",90K+,"Jams and Jellies from Baking Goods department, Ordered Brand : CDR",31.1069,29.5079,recyclable,,Coupon Spectacular,mid-size,€9.2M,4.644 Millions,2085.67,783.64,522.49,658.0909,rio d3 janeiro,RJ,val: -22.86269660648672,-43.46837099999999,sao jose do r1o preto,SP,-20.80243626346376,-49.39562406741489,5.0
mc_ID_2793,"Married Male with one child, education: high school degree working as skilled manual",30K+,"Vegetables from Produce department, Ordered Brand : Hermanos",-12.6172,9.71,non recyclable,"['Coffee Bar', 'Florist', 'Bar For Salad', 'Ready Food']",Discount Frenzy,Deluxe,5.78 Millions,1.8496 Millions,2055.29,,,779.6884,eusebio,CE,-3.8901147556598543,-38.44773101809647,7eresopolis,RJ,-22.428725888669057,-42.97556752642736,3.0
mc_ID_2794,"Married Female with three children, education: high school degree working as manual",30K+,"Dairy from Dairy department, Ordered Brand : Booker",17.7338,14.6813,non recyclable,"['Coffee Bar', 'Ready Food', 'Bar For Salad', 'Florist']",Weekend Discount,Gourmet,2.04Ms,0.7344 Millions,1562.68,385.45,,470.177,cuiaba,MT,-15.615363052962408,-56.0766050630054,Votuporanga,5P,amount: -20.405604560394835,-49.99195266803888,3.0
mc_ID_2795,"Married Male wiht one child, education: High School degree working as management",130000,"Snack Foods from Snack Foods department, Ordered Brand : Fast",21.8039,17.4431,non recyclable,"['Bar For Salad', 'Coffee Bar', 'Florist', 'Ready Food']",Save Price,DELUXE,"3.6 ,000,000illions",1.224 Millions,2055.29,654.13,436.09,602.1299,londrina_,PR,-23.25795336554321,-51.15321467790985,SAO PAULO,$P,-23.59798552039933,-46.55547278711988,4.0
mc_ID_2797,"Single Male with one child, education: high school degree working as skilled manual",30K+,"Drinks from Beverages department, Ordered Brand : Skinner",16.571,-999.0,recyclable,['Florist'],Sale : Double Down,5upermarket,10.74 Millions,5.0478 Millions,1321.12,523.32,,292.6708,BRASILIA,DF,-15.901888173722122,-48.06304267789562,guarulhos,sp ,-23.422313378296494,-46.520062240348594,5.0
mc_ID_2799,"Married Male with No children, education: partial high school working as manual",10K+,"Breakfast Foods from Frozen Foods department, Ordered Brand : Golden",30.9615,26.4554,non recyclable,"['Florist', 'Video Store', 'Coffee Bar', 'Ready Food', 'Bar For Salad']",One Day Sale,deluxe,8.1 Millions,3.159 Millions,1869.18,593.93,394.69,360.3993,niterui,RJ,-22.929128181028045,-43.0144161973205,sao paulu,_SP,-23.541718547319537,-46.64883066180968,5.0
mc_ID_2800,"Married Male with five children, education: high school degree working as manual",30k,"Breakfast Foods from Breakfast Foods department, Ordered Brand : Radius",625.54 oz,13.3585,non recyclable,"['Coffee Bar', 'Ready Food', 'Bar For Salad', 'Florist']",,Deluxe,€9.0M,4.8576 Millions,2054.8,654.13,434.54,542.0895,camboriu,SC,-27.034085037613515,-48.66663167776647,	sao jose dos campos,SP,-23.18093790397594,-45.86936250721335,5.0
mc_ID_2801,"Married Female with No children, education: bachelors degree working as professional",50K+,"Paper Products from Household department, Ordered Brand : High Quality",10.5531,7.6459,non recyclable,['Coffee Bar'],Best Savings,Supermarket,3.32 Millions,1.2284 Millions,,440.92,,596.2723,sao paULO, SP ,-23.47846082653355,-46.74780027254892,sao paulo,sp,-23.55487039661836,-46.5943762934965,3.0
mc_ID_2802,"Single Female with five children, education: high school degree working as professional",90K+,"Eggs from Eggs department, Ordered Brand : National",30.9615,27.909,non recyclable,"['Ready Food', 'Video Store', 'Coffee Bar', 'Florist', 'Bar For Salad']",Price Winners,Deluxe,14.96 Millions,5.984 Millions,2038.11,481.98,321.26,val: 478.9634,CAXiAsdOSul,Rs,-29.16624369279465,-51.209531752064,laranjal paulista,sp,measure: -23.03582473318652,-47.8363026594829,4.0
mc_ID_2803,"Single Male with one child, education: partial college working as manual",30K+,"Beer and Wine from Alcoholic Beverages department, Ordered Brand : Pearl",14.972,12.0648,non recyclable,,One Day Sale,Supermarket,"5.58 ,000,000illions",2.6226 Millions,2049.72,457.36,304.91,486.7561,ERECHIM,RS,-27.65750342315629,-52.27005072567331,ibitinga,SP,-21.7664768468313,-48.83154737836604,5.0
mc_ID_2804,"Married Female with three children, education: partial college working as professional",360+ monthly,"Magazines from Periodicals department, Ordered Brand : Excel",10.3205,7.3988,recyclable,,Tip Top Savings,SUPeRmarKET,6.39 Millions,3.0033 Millions,2049.72,457.36,303.71,557.8318,sao paulo,SP,-23.549773516504185,-46.64559900666509,sao paulo - sp,"SP
",val: -23.60520201165676,-46.61844120275258,data: 5.0
mc_ID_2805,"Married Female with two children, education: bachelors degree working as professional, education: bachelors degree working as professional",30000,"Magazines from Periodicals department, Ordered Brand : Excel",10.3205,7.3988,recyclable,['Coffee Bar'],,Supermarket,€7.2M,2.7264 Millions,1236.07,440.92,293.95,349.2594,AraCAJU,$E,-10.939026624363164,-37.054380862008905,recife,Pa,-8.138173275583135,-34.9322264583223,5.0
mc_ID_2807,"Married Female with No children, education: bachelors degree working as professional",130K+,"Jams and Jellies from Baking Goods department, Ordered Brand : Super",26.4554,22.0946,non recyclable,['Florist'],Roller Savings (High) ,,4.44 Millions,1.3764 Millions,1321.33,,348.85,532.6232,AmaMBai,MS,val: -23.095537793758137,-55.23559163402688,ibitinga,$P,-21.7664768468313,-48.83154737836604,5.0
mc_ID_2809,"education: bachelors degree working as management, Single Female with three children",Income: 50K+,"Vegetables from Produce department, Ordered Brand : Ebony",31.1069,28.0543,non recyclable,,Roller Savings (High) ,Sup3rmarket,$7.02 Millions,2.1762 Millions,1505.55,227.8,151.9,379.7503,rio de janeiro,Rj,-22.930927083992938,-43.3849856514328,itauna,MG,-20.08212660423176,-44.5732983518722,2.0
mc_ID_2810,"Married Female with four children, education: bachelors degree working as management",110K+,"Paper Products from Household department, Ordered Brand : Denny",26.31,24.8564,non recyclable,"['Coffee Bar', 'Florist']",,Mid-Size,8.16 Millions,3.9984 Millions,2550.21,389.54,,275.9871,santaña do livramento,RS,measure: -30.89313313850788,-55.53526684015964,	ibitinga,SP,-21.7664768468313,-48.83154737836604,4.0
mc_ID_2812,"Married Female with five children, education: bachelors degree working as management",70k,"Snack Foods from Snack Foods department, Ordered Brand : Fort West",17.007,12.6317,recyclable,,You Save Days, Supermarket ,9.0 Millions,2.97 Millions,1508,227.8,151.9,$565.99,pinheiros,E$,measure: -18.414545287640298,-40.21490923272721,sao paULO,5P,-23.56336298733478,-46.4596838214109,5.0
mc_ID_2813,"Single Male with one kid, education: partial high school working as skilled manual",30K+,"Electrical from Household department, Ordered Brand : Cormorant",-17.4431,-13.0823,recyclable,,Wallet Savers,Supermarket,7.71 Millions,3.855 Millions,1505.89,227.8,151.22,277.8699,sao paulo,SP,-23.71992046378896,measure: -46.693208556754605,Sao Paulo,5P,-23.48029674271453,-46.71122495337295,5.0
mc_ID_2814,"Married Female with four children, education: bachelors degree working as professional",50K+,"Fruit from Canned Products department, Ordered Brand : Big City",25.874,24.27 kg,recyclable,,Roller Savings (High) ,supermarket,"3.51 ,000,000illions",1.3338 Millions,1508,,151.12,379.7503,"Joacab4
",sc,-27.16882094342798,-51.51882419291629,curitiba,PR,val: -25.464029318048183,-49.30472794690424,5.0
mc_ID_2815,"Married Female with four children, education: high school degree working as skilled manual",30K+,"Frozen Entrees from Frozen Foods department, Ordered Brand : Carrington",14.8266,13.3585,non recyclable,,GLD,Supermarket,7.36 Millions,2.7232 Millions,1508,227.8,,727.9637,jundiai,SP,-23.249726298084145,-46.85297986568742,itatiba,5P,-22.99567770323237,-46.857106243157794,1.0
mc_ID_2816,"Married Female with No kids, education: partial college working as professional.",50K+,"Breakfast Foods from Frozen Foods department, Ordered Brand : Carrington",15.1174,12.1956,recyclable,['Coffee Bar'],Two for One,Small Grocery_,"2.62 ,000,000illions",0.9956 Millions,,534.29,356.19,624.2005,MeDiaNEirA,PR,-25.291725444450297,-54.10023587801571,ribeirao preto,SP,amount: -21.17121748495008,-47.81941847157649,3.0
mc_ID_2817,"Single Female with four children, education: partial high school working as professional.",70K+,"Vegetables from Canned Foods department, Ordered Brand : Just Right",26.1647,23.2575,non recyclable,"['Florist', 'Coffee Bar', 'Bar For Salad', 'Video Store', 'Ready Food']",,Deluxe,6.45 Millions,2.967 Millions,1525.7,,250.79,507.9899, MACEIO ,AL,-9.572681357752924,-35.75742930183505,sao jose do rio preto,5P,-20.80243626346376,-49.39562406741489,4.0
mc_ID_2818,"Married Female with four children, education: high school degree working as manual",30K+,"Baking Goods from Baking Goods department, Ordered Brand : CDR",11.9485,9.0413,recyclable,['Coffee Bar'],I Cant Believe It Sale,small grocery,"0.95 ,000,000illions",0.399 Millions,1423.37,398.93,,data: 605.8955,ibiapina,ce,-3.920747424136267,-40.888623260686686,santo andre,SP,-23.665703457960586,-46.51808196779969,5.0
mc_ID_2819,"Married Male with two children, education: partial college working as professional",30K+,"Bread from Baked Goods department, Ordered Brand : Modell",21.3678,18.3153,non recyclable,"['Coffee Bar', 'Florist', 'Bar For Salad', 'Ready Food']",Discount Frenzy,Deluxe,6.92 Millions,2.9756 Millions,2054.37,656.13,437.13,measure: 779.6884,Porto Alegre,RS,-30.02445275114225,-51.21118835646234,sao paulo,SP,-23.59272363197529,-46.6315844403312,5.0
mc_ID_2820,"Single Male with five children, education: partial high school working as manual",Income: 10K+,"Fruit from Produce department, Ordered Brand : High Top",19.4781,14.972,recyclable,"['Ready Food', 'Florist', 'Video Store', 'Bar For Salad', 'Coffee Bar']",Lottery Cash Registerion, Deluxe,12.35 Millions,4.0755 Millions,1734.5,503.07,335.38,measure: 290.7357,sao paulo,SP,amount: -23.515789212043405,-46.59197639370417,suMARE,SP,-22.828654864562257,-47.267296160568925,5.0
mc_ID_2821,"Single Male with five children, education: partial high school working as skilled manual",10K+,"Vegetables from Canned Foods department, Ordered Brand : Better",30.9615,27.909,recyclable,,,Supermarket,7.0 Millions,2.66 Millions,1623.48,341.05,227.33,586.7537,Paulo Afons0,BA,-9.389995384239766,-38.227672721758765, Ibitlnga ,SP,-21.7664768468313,-48.83154737836604,5.0
mc_ID_2824,"Single Male with three kids, education: bachelor'ss degree working as professional",50K+,"Magazines from Periodicals department, Ordered Brand : Dollar",15.6988,12.7916,non recyclable,"['Bar For Salad', 'Coffee Bar', 'Florist', 'Ready Food']",Saving Days,Gourmet_,11.64Ms,5.0052 Millions,1564.86,385.45,258.8,474.0995,joinville, Sç ,-26.27365337607479,-48.817669368861424,montenegro,	rS,-29.67034898140752,-51.46146829327502,5.0
mc_ID_2825,"Married Male with five children, education: high school degree working as skilled manual",30 Thousand,"Canned Soup from Canned Foods department, Ordered Brand : Just Right",amount: 10.3496,8.8815,non recyclable,['Florist'],Two for One,Supermarket,7.52 Millions,3.6096 Millions,1320.15,523.32,348.85,360.7131,contagem,MG,data: -19.91544506659104,-44.033190549985896,santo andre,SP,-23.665703457960586,data: -46.51808196779969,4.0
mc_ID_2826,"Married Female with five children, education: partial high school working as skilled manual",10K+,"Pure Juice Beverages from Beverages department, Ordered Brand : Washington",13.0387,10.1315,recyclable,"['Florist', 'Coffee Bar', 'Ready Food', 'Video Store', 'Bar For Salad']",Big Time Discounts,DelUXE,7.77 Millions,3.108 Millions,2038.11,481.98,321.26,328.1302,belem,PA,-1.4628823147612158,-48.500386424490856,ribeirao preto,Sp,amount: -21.16850440882337,-47.79370519233655,5.0
mc_ID_2827,"Married Male with four children, education: partial high school working as skilled manual",10K or more,"Electrical from Household department, Ordered Brand : Red Wing",-16.1349,11.7741,non recyclable,"['Ready Food', 'Florist', 'Bar For Salad', 'Video Store', 'Coffee Bar']",Save Price,Deluxe,4.96 Millions,2.2816 Millions,1734.5,503.07,,€356.93,sao paulo,SP,-23.53503193600804,-46.70415462442379,GUARULHOS,SP,-23.46469853788448,-46.54732435567544,data: 1.0
mc_ID_2832,"Single Male with No children, education: bachelors degree working as professional",70K+,"Canned Tuna from Canned Foods department, Ordered Brand : Better",31.543,measure: 28.6358,non recyclable,,Sales Days,,$11.08 Millions,3.5456 Millions,2047.76,457.36,306.71,610.5502,RIbEIraO pretO,5P,-21.18665775437128,-47.80976500582838,suzano,SP,-23.54646763188849,val: -46.31743880609893,5.0
mc_ID_2834,"Married Female with two children, education: high school degree working as skilled manual",€25K+,"Paper Products from Household department, Ordered Brand : High Quality",11.4543,7.0935,recyclable,"['Bar For Salad', 'Ready Food', 'Florist', 'Coffee Bar']",Price Winners,Deluxe,€5.5M,2.322 Millions,2056.38,654.13,434.28,494.9149,caxias do sul,rs,-29.17272910016604,measure: -51.20046833219573,campines,Sp,-22.92991227115403,-47.07189552530681,5.0
mc_ID_2836,"Married Female with two children, education: partial high school working as skilled manual",10K+,"Candles from Household department, Ordered Brand : Red Wing",15.4081,13.9545,recyclable,"['Florist', 'Video Store', 'Coffee Bar', 'Bar For Salad', 'Ready Food']",,DELUXE,5.22 Millions,2.4534 Millions,1873.97,593.93,395.95,343.611,belo horizonte,MG,-19.934353008166628,-43.91592032217033,SAO PAULO,5P,measure: -23.58343069747245,measure: -46.50203424424373,4.0
mc_ID_2837,"Single Male with one child, education: partial HS working as skilled manual",10000,"Frozen Desserts from Frozen Foods department, Ordered Brand : Golden",14.2597,12.8062,recyclable,,GLD,Supermarket,"1.9 ,000,000illions",0.893 Millions,2049.72,457.36,305.11,697.7866,sao paulo, SP ,-23.560092220093484,-46.60333586135961,cAmpo lARGO,PR,-25.446647385196982,-49.55563586004068,5.0
mc_ID_2839,"Single Male with two children, education: partial high school working as skilled manual",10K+,"Cleaning Supplies from Household department, Ordered Brand : Denny",-999.0,19.9142,recyclable,,Weekend Discount,supermarket,3.92 Millions,1.372 Millions,1508,227.8,153.18,614.002,c@bo frio,Rj ,-22.87819893069184,-42.0153349507779,sao paulo,SP,measure: -23.612709195394977,-46.75626773244273,4.0
mc_ID_2841,"Married Female with three children, education: high school degree working as manual",50K+,"Candy from Snacks department, Ordered Brand : Gulf Coast",-27.4729,24.4204,recyclable,"['Bar For Salad', 'Florist', 'Ready Food', 'Coffee Bar']",Tip Top Savings, Deluxe ,3.68 Millions,1.472 Millions,2055.29,654.13,434.8,-1,SAO çaRloS,SP,data: -22.014946613653425,-47.90148946378896,maringa,PR,-23.41000679702781,-51.88262571961486,1.0
mc_ID_2842,"Married Female with three children, education: partial college working as professional",30K+,"Meat from Frozen Foods department, Ordered Brand : Imagine",14.4051,11.4834,recyclable,,Super Savers,,3.64 Millions,1.1648 Millions,2049.72,457.36,304.91,339.8977,manhumirim,MG,-20.344869894707795,-41.94044324204546, ibitinga ,SP,-21.7664768468313,-48.83154737836604,4.0
mc_ID_2844,"Single Female with three kidren, education: graduate degree working as professional",130K+,"Vegetables from Canned Foods department, Ordered Brand : Better",12.5009,11.0473,non recyclable,,Go For It,Supermarket_,2.4 Millions,0.984 Millions,,227.8,150.56,measure: 350.4623, SaO loUrenCo DA sErrA ,SP,-23.854365356661845,-46.95453617477526,sao paulo ,Sp,-23.554079433810344,-46.53324185942636,5.0
mc_ID_2845,"mARRIE fEMALE WITH FOUR CHILDREN, EDUCATION: HIGH SCHOOL DEGREE WORKING AS MANUAL",30K+,"Baking Goods from Baking Goods department, Ordered Brand : Landslide",23.9843,21.0771,recyclable,"['Ready Food', 'Bar For Salad']",Three for One,Supermarket,4.92 Millions,1.476 Millions,2448.37,470.27,313.55,656.2604,itapeva,SP_,-23.994830377122053,-48.8909989492218,louveir4,SP_,-23.08412527710581,-46.98121307089687,5.0
mc_ID_2846,"Married Female w/ one child, education: graduate degree working as professional",70K+,"Beer and Wine from Alcoholic Beverages department, Ordered Brand : Walrus",28.1997,25.1472,recyclable,['Coffee Bar'],Budget Bargains,Supermarket,"6.44 ,000,000illions",2.7692 Millions,1236.07,440.92,293.95,687.5358,corinto,MG,-18.37274023725631,-44.44528162699128,sao paulo,Sp,-23.530915571469773,-46.68060941548848,4.0
mc_ID_2848,Married Male with three children; education: bachelors degree working as professional,Income: 90K+,"Meat from Deli department, Ordered Brand : Red Spade",23.2575,20.3503,recyclable,['Coffee Bar'],Bag Stuffer,sMall gRoceRY,$7.12 Millions,2.2784 Millions,2069.04,330.83,,616.7739,cicero  dantas,Ba,-10.594433179978497,-38.38074697963245,jacarei,SP,-23.29818595956356,-45.974828011182304,4.0
mc_ID_2849,"Single Female with four children, education: high school degree working as professional",150K+,"Beer and Wine from Alcoholic Beverages department, Ordered Brand : Top Measure",15.1174,10.7421,recyclable,['Coffee Bar'],Two Day Sale,SMALL GROCERY,7.04 Millions,3.168 Millions,2069.04,330.83,220.55,389.635,GU4rulHOS,Sp,data: -23.444360601996667,-46.551058040798665,Rio Ciaro,SP,-22.402133192076768,-47.56233402025511,1.0
mc_ID_2850,"Single Female with two children, education: partial college working as professional",50K+,"Kitchen Products from Household department, Ordered Brand : High Quality",-19.6235,16.7163,recyclable,['Coffee Bar'],Best Savings,_Supermarket,7.68 Millions,2.6112 Millions,1236.07,440.92,292.39,596.2723,Sao paulo,SP,-23.53503193600804,measure: -46.70415462442379,guarulhos,SP,-23.46469853788448,-46.54732435567544,1.0
mc_ID_2851,"Single Female with two children, education: bachelors degree working as professional",30K+,"Vegetables from Frozen Foods department, Ordered Brand : PigTail",14.8266,measure: 11.9049,recyclable,"['Bar For Salad', 'Ready Food']",Super Duper Savers,Supermarket,3.81 Millions,1.2954 Millions,2267.01,855.22,567.23,677.285,florianopolis,SC,-27.595379158751264,-48.55382695683541,s4o paulo,SP,-23.65111484251016,-46.75521082321932,measure: 5.0
mc_ID_2853,"Single Male with three children, education: bachelors degree working as professional",50K+,"Snack Foods from Snack Foods department, Ordered Brand : Best Choice",18.8967,measure: 14.5359,non recyclable,"['Bar For Salad', 'Coffee Bar', 'Ready Food', 'Florist']",Saving Days,Gourmet,7.12 Millions,2.3496 Millions,1564.86,387.45,256.97,474.0995,barretos ,SP,-20.57622133702129,-48.57792225353819,CANOINHAS,Sç,-26.16862248406491,-50.392861528512256,5.0
mc_ID_2854,"Married Male with four children, education: high school degree working as skilled manual",30K+,"Jams and Jellies from Baking Goods department, Ordered Brand : BBB Best",30.8162,26.4554,non recyclable,,Super Savers,,10.8 Millions,4.104 Millions,2049.72,457.36,304.91,339.8977,belo horizonte,MG,-19.91802549653755,-43.97613252844943,sao paulo,SP,-23.50032232672679,-46.64104366534537,measure: 4.0
mc_ID_2855,"Married Female with four children, education: partial high school working as skilled manual",10000,"Meat from Frozen Foods department, Ordered Brand : Imagine",measure: 14.4051,11.4834,recyclable,,Save It (Sale),Suparmarket,€2.3M,0.8463 Millions,2049.72,457.36,303.37,467.4051,sao paulo,SP,-23.606085782107137,-46.70428514925532,SAO PAULO,SP,-23.537511255832708,-46.63705730743676,amount: 5.0
mc_ID_2856,"Single Female with two children, education: partial high school working as skilled manual, education: partial high school working as skilled manual",Income: 30K+,"Cold Remedies from Health and Hygiene department, Ordered Brand : Consolidated",15.9895,13.0823,non recyclable,"['Ready Food', 'Bar For Salad', 'Video Store', 'Coffee Bar', 'Florist']",Sale Winners,deluxe,$4.38 Millions,1.533 Millions,1871.99,593.93,396.24,519.7574,curvelo,MG,-18.744756956577486,-44.45041862816433,sao paulo,SP,val: -23.539824031911863,-46.434679443937874,1.0
mc_ID_2857,"Single Female with five children, education: high school degree working as skilled manual",30K+,"Kitchen Products from Household department, Ordered Brand : High Quality",30.0894,measure: 28.6358,recyclable,"['Bar For Salad', 'Florist', 'Ready Food', 'Coffee Bar', 'Video Store']",Full Free,DELUXE,5.62 Millions,2.3042 Millions,1734.5,505.07,335.79,752.2309,sao paulo,SP,-23.5561653491546,-46.52558483971952,joinville,SC,-26.270134671231133,-48.80876106346335,5.0
mc_ID_2858,"Single Male with one child, education: high school degree working as manual",30K+,"Baking Goods from Baking Goods department, Ordered Brand : Plato",-31.543,63.13 lbs,non recyclable,"['Coffee Bar', 'Bar For Salad', 'Ready Food', 'Florist', 'Video Store']",,Gourmat,4.47 Millions,1.4751 Millions,1424.85,465.54,310.3,amount: 449.1524,betim,MG,-19.93876718595992,-44.14012235068381,ITaQuaqUecETUBA,SP,-23.48262344063541,-46.37448952833195,4.0
mc_ID_2859,"Single Female with one child, education: partial HS working as professional",70K+,"Hygiene from Health and Hygiene department, Ordered Brand : Faux Products",13.4312,10.5095,non recyclable,['Coffee Bar'],Sale : Double Down,,5.5 Millions,2.035 Millions,1233.98,440.92,293.95,309.5637,rio de janeiro,RJ,-22.907125456287147,-43.29187014002536,ibitinga,SP,-21.7664768468313,val: -48.83154737836604,5.0
mc_ID_2860,"Married Female with four children, education: high school degree working as manual",30K+,"Candles from Household department, Ordered Brand : Cormorant",11.7596,7.3988,non recyclable,"['Florist', 'Bar For Salad', 'Coffee Bar', 'Video Store', 'Ready Food']",Price Slashers,,7.24 Millions,2.3892 Millions,1734.5,505.07,335.38,amount: 282.9953,novo hamburgo,rs,-29.681469082819493,-51.13042979447871,sao paulo,Sp,-23.69289565500035,-46.68021046531817,5.0 stars
mc_ID_2861,"Married Male with three children, education: high school degree working as skilled manual",50K+,"Baking Goods from Baking Goods department, Ordered Brand : Super",-15.8442,11.4688,non recyclable,,Two Day Sale,mid-size,5.28 Millions,2.0064 Millions,2086.54,783.64,522.86,val: 509.0882,Teresopolis,_RJ,-22.41089955323377,-42.96754519462695,S@O Paulo,SP,-23.70965016443733,-46.69257464205786,measure: 5.0
mc_ID_2862,"Married Male with one child, education: bachelors degree working as professional",110K+,"Bread from Baked Goods department, Ordered Brand : Modell",-999.0,20.7864,non recyclable,"['Ready Food', 'Bar For Salad', 'Coffee Bar', 'Florist', 'Video Store']",Sale Winners,Deluxe,4.95 Millions,1.9305 Millions,1872.68,593.93,395.95,519.7574,$ao paulo,SP,data: -23.74981810254469,-46.69876375197105,brusque,Sk,-27.14105704919435,-48.96146112936535,3.0
mc_ID_2863,"education: bachelors degree working as management, Single Female with No children",70K+,"Electrical from Household department, Ordered Brand : High Quality",13.969,12.5009,recyclable,,Best Price Savers,Supermarket,1.0 Millions,0.47 Millions,1508,227.8,150.93,650.4028,sao paulo,SP,measure: -23.631758958364607,-46.69967548098564,"sao jose do rio preto
",$P,-20.81842802837701,-49.39248776604019,4.0
mc_ID_2864,"Single Male with one child, education: high school degree working as skilled manual",30K+,"Decongestants from Health and Hygiene department, Ordered Brand : Consolidated",13.3585,8.9832,recyclable,,Saving Days,,6.6 Millions,2.31 Millions,1510.28,227.8,150.08,619.0228,guarulhos,$P,-23.42586781265509,data: -46.504539524006,baUrU,SP,-22.353122459390228,-49.0981396206503,5.0
mc_ID_2866,"Married Male wiht two children, education: partial high school working as skilled manual",10K+,"Fruit from Canned Products department, Ordered Brand : Applause",60.89 lbs,24.7111,non recyclable,"['Ready Food', 'Bar For Salad', 'Video Store', 'Coffee Bar', 'Florist']",Bag Stuffer,Deluxe,7.02 Millions,2.5272 Millions,1734.5,503.07,335.38,662.2226,sao caetano do sul,sp,data: -23.620177114796054,-46.551804125504944,osasco,SP,-23.528128203061986,-46.77680754732808,4.0
mc_ID_2867,"Married Female with one child, education: bachelors degree working as professional",70k,"Starchy Foods from Starchy Foods department, Ordered Brand : Monarch",19.1874,16.1349,non recyclable,,Tip Top Savings,Supermarket,5.4 Millions,2.16 Millions,2049.72,457.36,305.55,557.8318,sorocaba,sp,-23.50590292645274,-47.46270406757463, sao paulo, $P ,-23.49517247515727,-46.50119464071786,5.0
mc_ID_2868,"Married Male with one child, education: bachelors degree working as professional",30K+,"Canned Soup from Canned Foods department, Ordered Brand : Better",12.6899,9.7681,recyclable,"['Bar For Salad', 'Ready Food']",Save Price, Supermarket,11.22 Millions,3.927 Millions,2448.37,470.27,313.55,406.4756,sao paulo,SP,-23.505895624473467,-46.60638997293555,rio de janeiro,RJ,-22.93781597002137,-43.17619884430715,val: 5.0
mc_ID_2870,"Single Male with No children, education: high school degree working as professional",$70K+,"Vegetables from Produce department, Ordered Brand : Ebony",30.6708,29.2172,non recyclable,['Coffee Bar'],,,2.82 Millions,1.41 Millions,1237.88,440.92,292.85,722.9429,Sao Paulo,SP,data: -23.51517733749783,-46.50126713849616,Sao pauLo,"SP
",measure: -23.62358155176294,-46.61056007369148,4.0/5.0
mc_ID_2871,"Single Male with two children, education: partial college working as professional",90K+,"Jams and Jellies from Baking Goods department, Ordered Brand : Landslide",24.275,21.3678,recyclable,,Full Free,supermarket,7.56 Millions,2.7972 Millions,1508,227.8,,272.2738,sa0 paulo,$P,-23.5541361268394,-46.51105076686476,sao bernardo do campo,5P,-23.66148702746846,-46.56416174311855,5.0
mc_ID_2872,"Single Female with No children, education: partial high school working as manual",10K+,"Eggs from Eggs department, Ordered Brand : Giant",-17.7338,14.6813,non recyclable,,Weekend Discount,,$6.78 Millions,3.1866 Millions,1508,227.8,151.9,614.002,jenipapo de minas,MG,-17.082321328981724,-42.2582020006941,B4Rrinha,SP,-21.182360068257925,amount: -48.15822670677218,3.0
mc_ID_2873,"Single Female with No children, education: bachelors degree working as professional",50K+,"Vegetables from Produce department, Ordered Brand : High Top",18.3153,13.9545,recyclable,"['Ready Food', 'Florist', 'Bar For Salad', 'Coffee Bar']",GLD,Gourmet,5.74 Millions,2.1812 Millions,1563.56,385.45,256.97,396.2248,franco da rocha_,SP,-23.321870915303485,-46.7015319988488,pRaia GRanDe,SP,-24.026786758814687,-46.49304889148245,3.0
mc_ID_2874,"Married Male with four children, education: partial colllege working as skilled manual.",30K+,"Fruit from Produce department, Ordered Brand : Hermanos",25.0018,23.5482,non recyclable,['Coffee Bar'],Weekend Discount,,6.56 Millions,2.296 Millions,1236.24,440.92,293.16,val: 364.1649,belo horizonte,Mg,-19.892338512349244,-43.9326199797449,rolandia,PR,-23.31259824896755,-51.36894941889966,5.0
mc_ID_2878,"Single Female with four children, education: partial HS working as manual",10K+ annually,"Vegetables from Frozen Foods department, Ordered Brand : PigTail",10.1606,7.2389,non recyclable,"['Video Store', 'Florist', 'Coffee Bar', 'Ready Food', 'Bar For Salad']",One Day Sale,Deluxe,$5.73 Millions,2.8077 Millions,1735.19,503.07,335.38,689.0525,vicosa,mg,-20.721937677884224,-42.86601159708953,ibitinga,SP,-21.7664768468313,-48.83154737836604,5.0
mc_ID_2879,"Single Female with one child, education: high school degree working as skilled manual",50 Thousand,"Frozen Desserts from Frozen Foods department, Ordered Brand : Carrington",29.3626,amount: 26.4554,non recyclable,['Coffee Bar'],,supermarket,$6.68 Millions,2.0708 Millions,1234.36,442.92,295.11,349.2594,SAO PAULO,5P,-23.52076037607479,measure: -46.661384138207694,Sao  Paulo,SP,-23.49517247515727,amount: -46.50119464071786,5.0
mc_ID_2882,"MARRIED FEMALE WITH ONE CHILD, EDUCATION: PARTIAL COLLEGE WORKING AS PROFESSIONAL",30K+,"Electrical from Household department, Ordered Brand : Sunset",15.8442,12.9224,recyclable,['Coffee Bar'],Best Price Savers,Suparmarket,"10.47 ,000,000illions",4.7115 Millions,1236.14,440.92,295.58,val: 349.2594,sao carlos,SP,-22.00000224424374,-47.87647347792721,rio de janeiro_,rJ,-22.93125598447676,-43.17881321481337,5.0
mc_ID_2884,"Single Female with four children, education: high school degree working as skilled manual",360+ monthly,"Dairy from Dairy department, Ordered Brand : Gorilla",19.4781,14.972,recyclable,"['Bar For Salad', 'Ready Food']",, Supermarket,$2.94 Millions,1.4406 Millions,,472.27,315.13,501.9754,divinopolis,mG,-20.146615317146374,-44.892591683425806,goIaNiA_,GO,-16.7130367660346,-49.30127628290576,5.0
mc_ID_2887,"Single Male with three children, education: bachelos degree working as professional",130K+,"Baking Goods from Baking Goods department, Ordered Brand : Super",25.4379,21.0771,recyclable,"['Florist', 'Coffee Bar', 'Bar For Salad', 'Ready Food', 'Video Store']",You Save Days,,"5.46 ,000,000illions",2.2932 Millions,1424.85,465.54,310.3,689.3663,xinguara,PA,-7.104100400330701,-49.941492702113344,_sAO pAulO,SP ,val: -23.62358155176294,-46.61056007369148,5.0
mc_ID_2889,"Single Male with four children, education: high school degree working as manual",30K+,"Beer and Wine from Alcoholic Beverages department, Ordered Brand : Pearl",14.347,9.9716,recyclable,"['Video Store', 'Bar For Salad', 'Coffee Bar', 'Ready Food', 'Florist']",Sale : Double Down,Deluxe,$1.14 Millions,0.4104 Millions,1734.5,503.07,335.38,265.6317,porto alegre,Rs,-30.02870741909516,-51.16881473134623,sao paul0,SP,-23.61411790980433,-46.60034800222169,3.0
mc_ID_2890,"Married Male with four kidren, education: high school degree working as manual",10K+,"Plastic Products from Household department, Ordered Brand : Red Wing",,-13.0823,non recyclable,"['Ready Food', 'Florist', 'Coffee Bar', 'Video Store', 'Bar For Salad']",Full Free,DELUXE ,€9.6M,4.8375 Millions,1734.5,,335.38,752.2309,taio,SC,-27.11748865001931,-50.01200135402357,santo andre,Sp,-23.665703457960586,?,4.0
mc_ID_2893,"Single Male with three children, education: high school degree working as skilled manual",30K or more,"Fruit from Produce department, Ordered Brand : Ebony",26.7461,25.1472,non recyclable,"['Video Store', 'Florist', 'Coffee Bar', 'Ready Food', 'Bar For Salad']",Price Winners,Deluxe,7.44 Millions,3.0504 Millions,1873.74,593.93,395.95,436.9665,Sao Jose Dos Campos,5P,-23.243634071378583,-45.91101044314284,sao paulo,Sp,-23.58374909221269,amount: -46.73472062372479,1.0
mc_ID_2894,"Married Female with three children, education: partial college working as professional",30K+,"Canned Anchovies from Canned Foods department, Ordered Brand : Bravo",-12.1084,7.7331,non recyclable,,Tip Top Savings,Supermarket,6.93 Millions,2.1483 Millions,2049.72,457.36,304.99,557.8318,belem,pa,-1.4628823147612158,-48.500386424490856,sao paulo,5P,amount: -23.532734734664448,-46.654324449073776,3.0
mc_ID_2895,married female with four children; education: partial high school working as management,110K+,"Snack Foods from Snack Foods department, Ordered Brand : Fast",21.8039,17.4431,non recyclable,"['Coffee Bar', 'Video Store', 'Bar For Salad', 'Ready Food', 'Florist']",Price Winners,,3.6 Millions,1.656 Millions,2038.11,481.98,322.02,453.9117,rio de janeiro,RJ,-22.92013400805008,measure: -43.36031889592586,jaragua do sul,SC,-26.491731442148883,data: -49.07562289508913,1.0
mc_ID_2896,"Single Male with four children,education: high school degree working as manual",30K+,"Baking Goods from Baking Goods department, Ordered Brand : Plato",14.8266,11.9049,non recyclable,"['Bar For Salad', 'Florist', 'Ready Food', 'Coffee Bar']",,gourmet_,4.96Ms,1.6368 Millions,1564.86,385.45,256.97,343.5064,Sao Goncalo,RJ,data: -22.83536936790349,measure: -43.08464036790347,americana,Sp,-22.72893170107914,-47.301322143632056,val: 5.0
mc_ID_2897,Married Male with three children; education: high school degree working as manual,$30K+,"Meat from Meat department, Ordered Brand : Gerolli",28.3451,25.4379,recyclable,"['Bar For Salad', 'Ready Food']",Go For It,Supermarket,4.02 Millions,1.3668 Millions,,,568.75,553.0202,serra,ES,-20.10247959939431,-40.184071435819774,paulinla,SP,data: -22.73306060560335,-47.17829082930352,5.0
mc_ID_2898,"Married Male with four children, education: high school degree working as skilled manual",30K+,"Jams and Jellies from Baking Goods department, Ordered Brand : Super",24.1296,21.2225,non recyclable,,,Supermarket ,6.72 Millions,3.2256 Millions,1508,227.8,151.9,379.7503,SAO JOSE DOS CAMPOS,SP,-23.27507448002016,amount: -45.889107474000994,cascavel,	pr,-24.961400882504734,-53.45816618100577,5.0
mc_ID_2899,"Married Female with five children, education: high school degree working as skilled manual",Income: 30K+,"Starchy Foods from Starchy Foods department, Ordered Brand : Monarch",18.8967,val: 14.5359,non recyclable,"['Florist', 'Ready Food', 'Coffee Bar', 'Bar For Salad']",,Daluxe,5.2 Millions,1.716 Millions,,654.13,436.09,715.1502,guarapuava,PR_,data: -25.39721316431984,-51.46133223062508,sao paulo,SP,measure: -23.491089052455425,-46.5850818805182,1.0
mc_ID_2901,"Married Male with three children, education: partial high school working as manual",10K+,"Beer and Wine from Alcoholic Beverages department, Ordered Brand : Pearl",15.5534,12.6317,non recyclable,"['Video Store', 'Coffee Bar', 'Florist', 'Bar For Salad', 'Ready Food']",Sale Winners,,€6.8M,3.9396 Millions,1868.54,593.93,395.95,519.7574,teresopolis ,RJ,-22.43518776254457,-42.947545485310506,ibltinga,SP,-21.7664768468313,-48.83154737836604,5.0
mc_ID_2902,"Married Female with four children, education: partial HS working as skilled manual",10K+,"Dairy from Dairy department, Ordered Brand : Even Better",29.5079,26.4554,non recyclable,['Coffee Bar'],Two for One,Small Grocery,1.64 Millions,0.492 Millions,,,356.32,624.2005,ouro preto,mG,measure: -20.38523748903572,-43.50551302553521, BRASILIA ,DF,-15.843663513974596,-47.981296749911245,5.0
mc_ID_2903,"Married Female with one child, education: high school degree working as manual",30K+,"Dairy from Dairy department, Ordered Brand : Gorilla",13.7074,12.2538,recyclable,"['Ready Food', 'Bar For Salad']",,Suparmarket,"6.9 ,000,000illions",2.277 Millions,2448.37,470.27,313.19,656.2604,SAO PAULO, Sp,-23.501587725229385,data: -46.46351332223437,vicente de carvalho,Sp,measure: -23.939318620030072,-46.30539278864907,5.0
mc_ID_2906,"Married Female with one child , education: partial college working as professional",30K+,"Vegetables from Produce department, Ordered Brand : Ebony",-10.5531,val: 9.0995,non recyclable,"['Florist', 'Bar For Salad', 'Coffee Bar', 'Ready Food']",Bag Stuffer,Data Missing,2.4 Millions,1.104 Millions,2057.69,654.13,437.67,367.7736,Guarulhos,SP,-23.44803925506378,-46.421980491257415,oSaSCo,5P,-23.528128203061986,-46.77680754732808,5.0
mc_ID_2909,"SINGLE  FEMALE  WITH  TWO  CHILDREN,  EDUCATION:  PARTIAL  COLLEGE  WORKING  AS  MANAGEMENT",30K+,"Pizza from Frozen Foods department, Ordered Brand : Carrington",27.3275,25.7286,recyclable,"['Coffee Bar', 'Bar For Salad', 'Ready Food', 'Florist']",,Deluxe,10.17 Millions,4.9833 Millions,2055.29,654.13,436.09,amount: 500.7202,sao paulo,SP,-23.595156305009034,-46.67617027782903,sao paulo ,SP,-23.50097763469062,-46.62712333406575,5.0
mc_ID_2910,"Married Female with one child, education: bachelors degree working as professional, Married Female with one child",70K+,"Jams and Jellies from Baking Goods department, Ordered Brand : Plato",13.5184,10.6112,recyclable,,Two for One,Supermarket,4.44 Millions,1.554 Millions,2048.21,457.36,304.91,300.8296,joimville,Sc,-26.297897521784314,-48.84623041326677,GUARA,Sp,-20.43399042630061,-47.81416224047547,5.0
mc_ID_2911,"Married Female with two children, education: bachelors degree working as professional",840+ monthly,"Candy from Snacks department, Ordered Brand : Thresher",16.7163,13.8091,recyclable,['Florist'],Save It (Sale),5UPERmARKeT,7.47 Millions,3.3615 Millions,1319.97,523.32,348.85,427.7617,sao paulo,SP,-23.44184566410296,-46.75536156333384,"p0nte nova
",MG,-20.415339248383304,-42.89153741877715,4.0
mc_ID_2912,"Married Male with five kidren, education: high school degree working as professional.",150K+,"Starchy Foods from Starchy Foods department, Ordered Brand : Colossal",1122.90 oz,28.7811,recyclable,"['Bar For Salad', 'Florist', 'Video Store', 'Ready Food', 'Coffee Bar']",Price Slashers,Deluxe,$10.11 Millions,4.8528 Millions,1525.28,373.1,248.79,data: 403.9652,duque de caxias,RJ,-22.67141722646238,-43.26755860215828,	guariba,SP,-21.36235769739203,-48.232975701561735,2.0
mc_ID_2913,"Single Male with five children, education: partial college working as clerical",30K+,"Snack Foods from Snack Foods department, Ordered Brand : Nationeel",14.0999,12.6317,non recyclable,"['Coffee Bar', 'Florist', 'Video Store', 'Bar For Salad', 'Ready Food']",Dimes Off, Deluxe ,"10.92 ,000,000illions",5.1324 Millions,2038.11,481.98,321.26,602.7575,SAO BERNARDO DO CAMPO,Sp,-23.71688471949829,measure: -46.54199108267673,pedreira,SP,-22.73824150585765,-46.8958585777586,5.0
mc_ID_2916,"Married Male with five children, education: partial high school working as management",70K+,"Drinks from Beverages department, Ordered Brand : Fabulous",15.4081,-12.5009,recyclable,,Go For It,suPeRmARKET,7.53Ms,3.2379 Millions,2048.99,457.36,304.91,525.8765,valinhos,SP,-22.94668672817708,measure: -46.9746763873937,SAO PAUIO,Sp,amount: -23.681542547319527,measure: -46.70780575451552,5.0
mc_ID_2919,"MARRIED_MALE_WITH_FIVE_KIDREN,_EDUCATION:_BACHELORS_DEGREE_WORKING_AS_MANAGEMENT",Income: 50K+,"Vegetables from Produce department, Ordered Brand : Tri-State",9.6809,6.7592,recyclable,,GLD,Supermarket,€6.4M,3.0 Millions,1508,227.8,151.9,727.9637,sao paulo,SP,-23.631629752149585,-46.61843753635527,SAO BERNARDO DO CAMPO,SP,-23.71933860892157,-46.5517479343586,5.0
mc_ID_2921,"mARRIED fEMALE WITH FIVE CHILDREN, EDUCATION: BACHELORS DEGREE WORKING AS MANAGEMENT",€59K+,"Seafood from Seafood department, Ordered Brand : Kiwi",17.2978,28.49 lbs,non recyclable,,You Save Days,Supermarket,€6.1M,2.9988 Millions,1508,229.8,151.9,565.9906,brasilia,Df,-15.75579960312184,-47.865931631571264,campinas,SP,-22.92991227115403,measure: -47.07189552530681,5.0
mc_ID_2923,"Marriied Male with three children, education: partial college working as clerical",Income: 50K+,"Snack Foods from Snack Foods department, Ordered Brand : Nationeel",13.5329,9.1722,non recyclable,"['Florist', 'Bar For Salad', 'Coffee Bar', 'Video Store', 'Ready Food']",Mystery Sale,Gourmet,10.04 Millions,3.8152 Millions,,465.54,310.15,360.0332,5alvador,BA,-12.990582000000003,-38.49316108814621,osasco,sp,-23.55775014393556,-46.80815711799397,5.0
mc_ID_2926,"Married Male with two children, education: partial high school working as manual",10K+,"Paper Products from Household department, Ordered Brand : Sunset",-14.8266,10.4513,non recyclable,,Full Free,,"4.29 ,000,000illions",1.3728 Millions,1508,227.8,151.9,272.2738,brasilia,DF,-15.617702740796958,-47.65949696280836,sao paulo,Sp,-23.539824031911863,measure: -46.434679443937874,5.0
mc_ID_2927,"Single Female with four children, education: high school degree working as management",110K+,"Meat from Frozen Foods department, Ordered Brand : Big Time",25.22 lbs,-999.0,non recyclable,,One Day Sale,Supermarket,"18.35 ,000,000illions",6.7895 Millions,1509.45,227.8,151.9,613.4267,nova iguacu,Rj,val: -22.768443000000005,-43.43539725,sao jose do rio preto, SP ,-20.80243626346376,-49.39562406741489,
mc_ID_2928,"Married Female with one child, education: partial high school working as manual",10k,"Snack Foods from Snack Foods department, Ordered Brand : Best Choice",11.9776,9.0559,non recyclable,,GLD,Supermarket,6.92 Millions,2.4912 Millions,1508,227.8,151.9,727.9637,jundiai,SP,-23.187084388467,-46.8516474016882,limeira,SP,amount: -22.541719708891844,-47.427681190013296,data: 5.0
mc_ID_2929,"Married Male with three children, education: partial high school working as skilled manual",10K+,"Beer and Wine from Alcoholic Beverages department, Ordered Brand : Portsmouth",16.2802,13.3585,recyclable,"['Ready Food', 'Coffee Bar', 'Bar For Salad', 'Florist', 'Video Store']",Bag Stuffer,Deluxa,3.4 Millions,1.292 Millions,1734.5,503.07,334.99,662.2226,rio de janeiro,RJ,-22.93276755785112,val: -43.17834623036526,petropolis,RJ,-22.549033360244323,-43.210094724044055,amount: 4.0
mc_ID_2930,"mARRIED mALE WITH nO KIDREN, EDUCATION: HIGH SCHOOL DEGREE WORKING AS SKILLED MANUAL",30k,"Snack Foods from Snack Foods department, Ordered Brand : Fort West",23.5482,20.641,non recyclable,['Coffee Bar'],Weekend Discount,suPErMARKet,"10.68 ,000,000illions",4.806 Millions,1233.51,440.92,293.95,364.1649,curitiba,pr,val: -25.4335612739339,-49.29695352080336,ibitinga,sp,-21.7664768468313,-48.83154737836604,3.0
mc_ID_2932,"Single Male with No children, education: High School degree working as management",110K+,"Beer and Wine from Alcoholic Beverages department, Ordered Brand : Top Measure",25.1472,23.5482,recyclable,['Coffee Bar'],Best Price Savers,Supermarket,3.24 Millions,1.5228 Millions,1236.07,440.92,293.13,720.5371,Sao Jose Dos Campos,SP,-23.23009940009024,-45.90094499999999,SAO PAULO,SP,-23.62615314929649,measure: -46.74691974117254,5.0
mc_ID_2934,"Married Male with five children, education: high school degree working as skilled manual",30K+,"Pain Relievers from Health and Hygiene department, Ordered Brand : Steady",15.6988,-12.7916,recyclable,"['Ready Food', 'Bar For Salad']",Big Time Discounts,Supermarket,$5.22 Millions,2.2968 Millions,2448.37,470.27,,501.9754,Rio De Janeiro,RJ,-22.88641096422165,-43.3508660295746,sumare,SP,-22.828654864562257,-47.267296160568925,measure: 2.0
mc_ID_2935,"Marriied Male with two children, education: partial college working as skilled manual",30K+,"Candy from Snacks department, Ordered Brand : Choice",27.0368,24.1296,recyclable,['Coffee Bar'],Double Your Savings,,3.44 Millions,1.0664 Millions,1236.07,440.92,292.96,493.8689,cortes,PE,val: -8.475008743669271,-35.544236173217755,sao paulo,SP,-23.554079433810344,val: -46.53324185942636,5.0
mc_ID_2938,"Single Male with one child, education: partial college working as management",$70K+,"Canned Tuna from Canned Foods department, Ordered Brand : Bravo",31.12 lbs,11.2072,recyclable,"['Video Store', 'Coffee Bar', 'Florist', 'Bar For Salad', 'Ready Food']",,,8.34 Millions,3.1692 Millions,1871.16,595.93,395.15,360.3993,nova venecia,3S,-18.716793326809164,-40.39796908496742,CURITIBA,PR,-25.46921399278664,measure: -49.29393514695028,5.0
mc_ID_2940,"Single Male with four children, education: high school degree working as skilled manual",30K+,"Meat from Deli department, Ordered Brand : Cutting Edge",26.4554,data: 25.0018,non recyclable,"['Bar For Salad', 'Coffee Bar', 'Video Store', 'Ready Food', 'Florist']",Dimes Off,Deluxe,€5.2M,2.6928 Millions,,593.93,396.04,474.7271,porto alegre,"R5
",val: -30.099819425212,-51.234831738963614,sao paulo,	SP,val: -23.472335179294816,-46.64636526449883,5.0
mc_ID_2941,"Married Male with five children, education: bachelors degree working as professional",70K+,"Vegetables from Produce department, Ordered Brand : High Top",23.4028,val: 20.4957,non recyclable,"['Ready Food', 'Coffee Bar', 'Florist', 'Bar For Salad', 'Video Store']",,,13.28 Millions,5.4448 Millions,,,248.79,266.73,Aparecida De Goiania,Gu,-16.743197999999946,-49.26037399999996,sumare,SP,-22.828654864562257,-47.267296160568925,5.0
mc_ID_2942,"Single Female with three children, education: HS degree working as manual",30K or more,"Breakfast Foods from Frozen Foods department, Ordered Brand : PigTail",16.2802,13.3585,recyclable,['Coffee Bar'],Two Day Sale,,6.39 Millions,2.6838 Millions,1236.07,440.92,293.95,477.3944,brasilia,DF,-15.777074739737486,amount: -47.875398856324736,ibitlnga,SP,-21.7664768468313,-48.83154737836604,1.0
mc_ID_2943,"Maried Female with three children,education: high school degree working as professional",$150K+,"Paper Products from Household department, Ordered Brand : Sunset",13.7074,10.8002,non recyclable,,One Day Sale,Mid-Slze,10.36Ms,4.3512 Millions,2819.7,447.7,298.5,767.3456,con7agem,MG,measure: -19.83178058505065,-44.15214545360349,5ao paulo,SP,-23.65250284762537,-46.66809535567546,3.0
mc_ID_2944,"Single Male with four children, education: high school degree working as professional",130000,"Candy from Snacks department, Ordered Brand : Gulf Coast",28.0543,25.0018,recyclable,"['Coffee Bar', 'Florist', 'Video Store', 'Bar For Salad', 'Ready Food']",Big Time Saving,Deluxe,$5.96 Millions,2.3244 Millions,1732.34,503.07,335.7,279.5435,campiNA VERDe,MG,data: -19.532123317424016,-49.48745803479252,maringa,Pr,data: -23.38219409935399,-51.95529780691714,data: 5.0
mc_ID_2945,"Single Female with four children, education: high school degree working as skilled manual",30K+,"Fruit from Produce department, Ordered Brand : Ebony",data: 26.7461,25.1472,non recyclable,,Sale : Double Down,Supermarket,5.58 Millions,1.8972 Millions,2048.82,,303.71,327.7641,rio de janeiro,Rj,-22.98386326005543,-43.21581052596791,franca ,Sp,-20.53193450696372,-47.399446711253766,5.0
mc_ID_2946,"Married Female with No children, education: bachelors degree working as professional",50K+,"Dairy from Dairy department, Ordered Brand : Even Better",-25.0018,23.5482,recyclable,"['Coffee Bar', 'Bar For Salad', 'Ready Food', 'Florist']",Discount Frenzy,,13.0 Millions,6.11 Millions,2056.75,,437.07,779.6884,sao pau1o,SP,-23.51228181032049,-46.51270622499318,sao paulo,SP,-23.65111484251016,-46.75521082321932,5.0
mc_ID_2947,"Single Male with one child, education: bachelors degree working as professional",130K+,"Cold Remedies from Health and Hygiene department, Ordered Brand : Faux Products",-21.0771,18.1699,non recyclable,,Big Time Discounts, Supermarket ,1.59 Millions,0.6678 Millions,2051.26,457.36,304.91,310.662,lagoa da confusao,TO,-10.78600479476781,-49.61819438694136,sao paulo,SP,amount: -23.541941545934563,-46.49095488842404,2.0
mc_ID_2948,"Single Female w/ one child, education: partial High School working as manual",€8K+,"Bathroom Products from Health and Hygiene department, Ordered Brand : Faux Products",28.6358,25.7286,recyclable,"['Bar For Salad', 'Coffee Bar', 'Video Store', 'Florist', 'Ready Food']",Price Cutters,Deluxe ,6.87 Millions,2.6106 Millions,###,373.1,248.79,642.0871,"londrina
",PR,-23.34725214100632,-51.15045275673721,GUARULHOS,SP,-23.44007914793122,-46.51144923980033,4.0
mc_ID_2949,"Single Female with two children, education: high school degree working as manual",30K or more,"Snack Foods from Snack Foods department, Ordered Brand : Nationeel",20.9317,16.4256,non recyclable,"['Florist', 'Coffee Bar', 'Bar For Salad', 'Ready Food', 'Video Store']",Big Time Saving,Gourmet,$1.32 Millions,0.4356 Millions,1424.85,465.54,310.3,404.3836,rIo DE janEiro,RJ,-22.92531913366395,-43.25369631041029,ilicinea,Mg,-20.944705621834668,-45.82709818233235,
mc_ID_2951,"Married Male with five children, education: high school degree working as skilled manual",30K+,"Pain Relievers from Health and Hygiene department, Ordered Brand : Bird Call",28.9265,25.874,non recyclable,,Price Winners,Mid-Size,"5.74 ,000,000illions",2.296 Millions,2818.72,447.7,298.5,478.9634,rio grande,RS,-32.032076778660375,-52.103793550113096,,,,,measure: 1.0
mc_ID_2952,"Single Female with two children, education: bachelors degree working as management",50K+,"Vegetables from Frozen Foods department, Ordered Brand : Big Time",20.641,17.5885,recyclable,"['Coffee Bar', 'Video Store', 'Bar For Salad', 'Ready Food', 'Florist']",Shelf Clearing Days,Deluxe,$5.44 Millions,,1871.16,593.93,395.95,516.7763,presidente dutra,MA,val: -5.288118655826027,-44.49006344486956,Sumare,SP,-22.828654864562257,-47.267296160568925,5.0
mc_ID_2953,"education: partial high school working as skilled manual, Married Female with four children",50K+,"Starchy Foods from Starchy Foods department, Ordered Brand : Monarch",19.1874,16.1349,non recyclable,['Florist'],Pick Your Savings,Supermarket,9.0 Millions,3.78 Millions,,523.32,348.85,769.6991,montes claro5,Mg,-16.74508472799934,-43.88799563794789,cariacica,ES,-20.29753657631548,-40.40086853731229,5.0
mc_ID_2959,"mARRIIED mALE WITH ONE CHILD , EDUCATION: PARTIAL HIGH SCHOOL WORKING AS SKILLED MANUAL",€25K+,"Starchy Foods from Starchy Foods department, Ordered Brand : Medalist",27.1822,24.275,recyclable,,Go For It,SUPERMARKET,$11.12 Millions,5.1152 Millions,2049.72,457.36,,525.8765,Sao Paulo,5P,-23.6224788373536,-46.68981120330083,SANTO ANDRE,SP,-23.66721675288362,-46.49913206319721,
mc_ID_2960,"Single Male with one child, education: graduate degree working as management",90000,"Baking Goods from Baking Goods department, Ordered Brand : BBB Best",41.02 lbs,17.1524,recyclable,"['Ready Food', 'Florist', 'Bar For Salad', 'Coffee Bar']",Two for One,Deluxe,$1.59 Millions,0.7314 Millions,2055.29,654.13,436.09,312.9109,curitibanos,sc,-27.288614821408185,data: -50.57696646191445,sao paulo,SP,-23.62358155176294,measure: -46.61056007369148,3.0
mc_ID_2963,"Single Male with four children, education: bachelors degree working as professional",70K+,"Breakfast Foods from Frozen Foods department, Ordered Brand : Carrington",11.1054,8.1837,non recyclable,"['Ready Food', 'Florist', 'Coffee Bar', 'Video Store', 'Bar For Salad']",,Deluxe,"1.71 ,000,000illions",0.684 Millions,1734.5,503.07,335.38,500.9294,piracaia,$P,-23.05588544094924,-46.35910657270963,ibi7inga,sp,-21.7664768468313,data: -48.83154737836604,5.0
mc_ID_2964,"Married Male with one child, education: bachelors degree working as professional, education: bachelors degree working as professional",50K+,"Meat from Deli department, Ordered Brand : Moms",17.8792,16.4256,non recyclable,###,Roller Savings (High) ,SUPERMARKET,9.08 Millions,2.9056 Millions,1320.15,523.32,350.03,532.6232,_BRASILIA,DF,-15.790700843643224,-47.9348514181837,IBITINGA,SP,-21.7664768468313,-48.83154737836604,5.0
mc_ID_2966,"Single Male with two children, education: partial high school working as skilled manual",10K+,"Decongestants from Health and Hygiene department, Ordered Brand : Hilltop",31.2522,26.8915,recyclable,"['Video Store', 'Coffee Bar', 'Bar For Salad', 'Florist', 'Ready Food']",Roller Savings (High) ,GOURMET,5.04 Millions,1.6128 Millions,,,310.3,499.7265,CHAPECO,Sc,-27.08366516889852,-52.612186909071255,PIRACICABA,Sp,-22.726257875353635,-47.63781138952056,amount: 3.0
mc_ID_2967,"single male with no kids, education: partial hs working as skilled manual",10K+,"Pizza from Frozen Foods department, Ordered Brand : Carrington",val: 27.909,26.4554,recyclable,"['Ready Food', 'Bar For Salad']",Super Duper Savers,,13.8Ms,4.554 Millions,2265.59,853.22,568.75,677.285,sao paulo,Sp,-23.602707503462444,-46.64264399999999,claud1o,MG,data: -20.43773362250285,-44.75914024487753,4.0/5.0
mc_ID_2968,"married male with no children, education: bachelors degree working as professional",70K+,"Plastic Products from Household department, Ordered Brand : Sunset",31.543,28.6358,recyclable,"['Florist', 'Bar For Salad', 'Video Store', 'Ready Food', 'Coffee Bar']",,Deluxe,4.52 Millions,1.4916 Millions,1526.75,373.1,248.79,499.2035,jaboticabal,SP,-21.253339982915808,measure: -48.32841354256132,itaquaquecetuba,SP,-23.48262344063541,-46.37448952833195,5.0
mc_ID_2969,"Single Male with five children, education: high school degree working as skilled manual",30K+,"Snack Foods from Snack Foods department, Ordered Brand : Fort West",9.8554,6.9482,non recyclable,"['Coffee Bar', 'Florist', 'Ready Food', 'Bar For Salad', 'Video Store']",Price Destroyers,Deluxe,15.84 Millions,6.1776 Millions,2040.88,481.98,321.26,777.2826,curitiba,pr,-25.45871651095423,-49.30218888165614,_sao jose du rio preto,Sp,-20.84380119949777,data: -49.36891118527178,5.0
mc_ID_2970,"married female with three children, education: graduate degree working as management",130K+,"Snack Foods from Snack Foods department, Ordered Brand : Fort West",28.9265,25.874,recyclable,,Big Time Discounts,Supermarket,1.2 Millions,0.54 Millions,2049.72,457.36,304.91,amount: 310.662,sao paulu,SP,-23.62662913572619,-46.60440844823705,ITatIBa, Sp ,-22.99567770323237,-46.857106243157794,measure: 5.0
mc_ID_2971,,$30K+,"Vegetables from Canned Foods department, Ordered Brand : Better",23.1121,20.0596,non recyclable,['Coffee Bar'],Double Your Savings,	Supermarket,8.49 Millions,3.8205 Millions,1236.07,440.92,294.52,493.8689,anapolis,GO,-16.327942149486358,-48.93600324439582,franca,Sp,-20.530671079410943,-47.39851931627846,2.0
mc_ID_2972,"Married Male with two kids, education: partial HS working as manual",10K+,"Snack Foods from Snack Foods department, Ordered Brand : Nationeel",15.8442,11.4688,recyclable,,Money Savers,SUPERMARKET,€4.1M,1.536 Millions,1508,227.8,151.9,$277.24,sao paulo,"Sp
",-23.877859500000003,-46.659051000000005,barueri,SP,-23.496512330315728,-46.85319907277732,5.0
mc_ID_2974,"Married Female with four kidren, education: graduate degree working as management",70K+,"Packaged Vegetables from Produce department, Ordered Brand : Tri-State",19.7689,16.8617,non recyclable,"['Ready Food', 'Bar For Salad']",Budget Bargains,Supermarket,4.98 Millions,1.6932 Millions,2265.9,853.22,567.39,346.1214,florianopolis,SC,-27.44750424718865,-48.39733340340489,sao paulo,$P,measure: -23.545478675515763,measure: -46.58524120407659,5.0/5.0
mc_ID_2975,"Married Female with No children, education: high school degree working as skilled manual",30K or more,"Fruit from Produce department, Ordered Brand : Tri-State",390.19 oz,6.7011,non recyclable,,,supermarket,5.88 Millions,2.5284 Millions,2049.72,457.36,304.91,£437.53,sao jose dos pinhais,PR,measure: -25.533751917338503,-49.199826126071535,sao paulo,SP,data: -23.5300706924808,-46.56414335887811,1.0
mc_ID_2976,"Single Female with one child, education: partial high school working as manual",10K+,"Snack Foods from Snack Foods department, Ordered Brand : Fast",23.4028,measure: 20.4957,recyclable,,One Day Sale,Supermarket,€10.0M,5.31 Millions,2049.72,459.36,304.68,val: 486.7561,5aO paULo,_SP,-23.56175985825543,amount: -46.60140647059026,ITATIBA,SP,-22.99567770323237,-46.857106243157794,data: 5.0
mc_ID_2977,"married female with no childran, education: bachelors degree working as professional",50K+,"Decongestants from Health and Hygiene department, Ordered Brand : Consolidated",18.606,15.6988,recyclable,"['Ready Food', 'Coffee Bar', 'Bar For Salad', 'Florist']",Bag Stuffer,_Deluxe,€6.8M,2.8836 Millions,2055.29,654.13,437.91,367.7736,Ourinhos,SP,-22.978119940676454,-49.869067789454,sao paulo,SP,-23.693985995008337,-46.70188324132953,4.0
mc_ID_2979,"sINGLE fEMALE WITH TWO CHILDREN , EDUCATION: hIGH sCHOOL DEGREE WORKING AS PROFESSIONAL",70K+,"Bread from Baked Goods department, Ordered Brand : Modell",31.8337,28.7811,recyclable,"['Ready Food', 'Florist', 'Bar For Salad', 'Coffee Bar']",Save Price,Deluxa,€4.0M,1.5912 Millions,2055.29,654.13,,584.191,rio 	de 	janeiro,RJ,-22.945175455450418,-43.18674295048741,Jacarei,"Sp
",-23.29818595956356,data: -45.974828011182304,val: 3.0
mc_ID_2981,"Married Female with one child, education: partial HS working as manual",10k,"Magazines from Periodicals department, Ordered Brand : Robust",28.3451,-25.4379,recyclable,"['Bar For Salad', 'Ready Food', 'Coffee Bar', 'Florist']",Super Duper Savers,"Deluxe
",7.92 Millions,3.4056 Millions,,654.13,435.85,measure: 364.2695,cesario lange,5P,-23.235338322949616,-47.96399245493129,colombo,pr,-25.34347077721826,-49.227809047574894,1.0
mc_ID_2983,Single Male with three children | education: partial high school working as professional,90K+,"Eggs from Eggs department, Ordered Brand : National",24.7111,21.8039,non recyclable,,Budget Bargains,	supermarket,4.68Ms,2.1996 Millions,,457.36,304.91,708.665,sao paulo,5P,-23.60400209853421,-46.67823278143572, cruzeiro,SP,-22.57792780460501,-44.95825089647411,3.0
mc_ID_2984,Single Female with three children; education: high school degree working as manual,10k,"Side Dishes from Deli department, Ordered Brand : Moms",31.1069,28.0543,recyclable,"['Bar For Salad', 'Florist', 'Coffee Bar', 'Ready Food']",Super Duper Savers,Deluxe,3.66 Millions,1.1346 Millions,2055.29,654.13,436.09,364.2695,sao paulo,$P,-23.594828563419696,-46.6123102076,sarandi,Pr,-23.431481257369107,-51.85490851643521,4.0
mc_ID_2985,"Married Female with four kids, education: bachelors degree working as professional",50K+,"Kitchen Products from Household department, Ordered Brand : Denny",-1.0,28.3451,non recyclable,"['Bar For Salad', 'Ready Food']",Three for One,,1.65 Millions,0.6765 Millions,2448.37,470.27,314.34,656.2604,recife,PE,-8.124466128224375,data: -34.896920107276785,sao paulo,$P,-23.58343069747245,-46.50203424424373,4.0
mc_ID_2986,Single Female with one child; education: bachelors degree working as professional,30K+,"Cleaning Supplies from Household department, Ordered Brand : Sunset",,26164.70 grams,non recyclable,"['Coffee Bar', 'Florist', 'Video Store', 'Bar For Salad', 'Ready Food']",,DELUXE,2.49 Millions,0.8964 Millions,1734.5,503.07,334.73,313.0678,sao paulo, Sp ,-23.53399869525075,measure: -46.68496714377629,osasko,SP,-23.528128203061986,-46.77680754732808,val: 5.0
mc_ID_2987,"Single Male with one child, education: partial college working as professional",30K+,"Seafood from Seafood department, Ordered Brand : Tip Top",30.9615,29.3626,recyclable,['Coffee Bar'],Weekend Discount,SUPERMARKET,10.8 Millions,5.184 Millions,1236.07,440.92,293.95,364.1649,Sao Bento Do Sul,SC,-26.24064764899593,-49.392258941532816,porto alegre,RS,-30.02996719492721,-51.2285747494748,val: 5.0
mc_ID_2988,Single Male with one child; education: partial high school working as skilled manual,30K+,"Hygiene from Health and Hygiene department, Ordered Brand : Hilltop",-12.3555,9.4484,non recyclable,"['Bar For Salad', 'Ready Food']",Super Savers,suPeRmaRKet,7.98 Millions,3.2718 Millions,2448.37,470.27,313.55,719.3865,elias fausto,Sp,-23.045485430713946,-47.37933912085125,sao  jose  do  rio  preto,Sp_,data: -20.80243626346376,-49.39562406741489,amount: 4.0
mc_ID_2990,"Married Male with three kidren, education: partial HS working as skilled manual",10K+,"Jams and Jellies from Baking Goods department, Ordered Brand : Plato",21.0771,-19.6235,recyclable,"['Florist', 'Bar For Salad', 'Ready Food', 'Coffee Bar', 'Video Store']",Lottery Cash Registerion,Deluxe,4.62 Millions,2.0328 Millions,1735.17,503.07,335.38,£471.93,rio de janeiro,RJ,-22.933479697760923,-43.350149913122536, braganca paulista,SP,-23.01778836599993,-46.52244499999995,data: 5.0
mc_ID_2992,"Single Female with four kids, education: bachelor'ss degree working as professional",50K+,"Vegetables from Produce department, Ordered Brand : Hermanos",16.4256,12.0648,non recyclable,"['Coffee Bar', 'Video Store', 'Bar For Salad', 'Florist', 'Ready Food']",One Day Sale,,€5.9M,2.5752 Millions,2040.82,481.98,321.61,767.3456,JuiZ DE foRA,MG,val: -21.724358773241413,-43.39844678351318,campinas,SP,-22.90081444463038,-46.99864279239999,5.0
mc_ID_2995,"Single Female with four children, education: high school degree working as skilled manual",30K+,"Vegetables from Produce department, Ordered Brand : Hermanos",21.2225,amount: 19.7689,recyclable,"['Coffee Bar', 'Video Store', 'Bar For Salad', 'Ready Food', 'Florist']",Shelf Emptiers,Gourmet,3.93 Millions,1.7292 Millions,1424.85,465.54,310.3,616.4078,Sao Paulo,sp,-23.45543839716661,-46.74349258148175,sau paulo,sp,-23.58452319555432,-46.51460627909786,measure: 5.0
mc_ID_2998,"Married Male with five children, education: high school degree working as management",130K+,"Cleaning Supplies from Household department, Ordered Brand : Sunset",30.3801,63.45 lbs,recyclable,['Coffee Bar'],Two Day Sale,supermarket,€3.9M,1.5312 Millions,1235.58,440.92,293.95,477.3944,joinville,$C,amount: -26.270855620639093,-48.86166604614817,_indaiatuba,SP,-23.089034640573622,-47.21441923786709,5.0
mc_ID_2999,"Single Female with one child, education: partial high school working as professional",150K+,"Paper Products from Household department, Ordered Brand : Red Wing",22.676,21.2225,recyclable,"['Ready Food', 'Bar For Salad', 'Coffee Bar', 'Florist', 'Video Store']",Price Slashers,DELUXE,$4.24 Millions,1.4416 Millions,1734.5,503.07,334.63,282.9953,Sao Paulo,SP,measure: -23.54741871135092,-46.48356109478331, brasilia ,DF,-15.84494561197996,-47.98527498130505,measure: 5.0
mc_ID_3000,"Single Female with three children, education: high school degree working as skilled manual",30K+,"Fruit from Canned Products department, Ordered Brand : Swell",22.24,17.8792,recyclable,"['Video Store', 'Ready Food', 'Coffee Bar', 'Florist', 'Bar For Salad']",Dimes Off,,"6.52 ,000,000illions",3.0644 Millions,2038.11,481.98,322.66,measure: 602.7575,taboao da serra,SP,-23.612294462020333,-46.76578686529368,praia grande,SP,amount: -24.011288218359883,-46.41873374429398,2.0
mc_ID_3001,"Married Female with one kid, education: bachelors degree working as professional",70K+,"Pain Relievers from Health and Hygiene department, Ordered Brand : Consolidated",14535.90 grams,11.6287,recyclable,"['Florist', 'Bar For Salad', 'Video Store', 'Coffee Bar', 'Ready Food']",Two Day Sale,,7.96Ms,2.4676 Millions,1424.85,465.54,311.13,measure: 783.1925,TRES PONTAS,MG,-21.37265818200068,-45.51500579722833,jacarei,sp,-23.29818595956356,-45.974828011182304,2.0
mc_ID_3003,"Married Female with four children, education: bachelors degree working as professional",70K+,"Vegetables from Produce department, Ordered Brand : Hermanos",887.04 oz,23.5482,non recyclable,,Go For It,Supermarket,"11.58 ,000,000illions",4.9794 Millions,2049.72,457.36,304.91,525.8765,Campo Grande,MS,-20.46994200109652,-54.612753842691966,sao 	paulo,SP,-23.539824031911863,-46.434679443937874,5.0
mc_ID_3004,"Married_Female_with_two_children,_education:_partial_high_school_working_as_skilled_manual",10 Thousand,"Bathroom Products from Health and Hygiene department, Ordered Brand : Bird Call",22.24,20.7864,recyclable,"['Florist', 'Coffee Bar', 'Ready Food', 'Bar For Salad', 'Video Store']",,,5.86 Millions,2.2268 Millions,2037.5,481.98,322.36,739.4174,BRASILIA,df,,, sao luis ,_MA,-2.546079233971952,-44.3089863702464,1.0
mc_ID_3006,"Single Male with No children, education: partial high school working as professional",150K+,"Vegetables from Produce department, Ordered Brand : Hermanos",23.4028,20.4957,recyclable,"['Florist', 'Video Store', 'Coffee Bar', 'Ready Food', 'Bar For Salad']",Price Winners,Deluxe,6.54 Millions,2.3544 Millions,1868.62,593.93,395.95,436.9665,itapetininga,SP,-23.57076399930005,-48.01854694865938,campinas,SP,-22.8475181626464,-47.03552279669915,5.0
mc_ID_3007,"Single Male with one child, education: bachelors degree working as professional",130000,"Snack Foods from Snack Foods department, Ordered Brand : Fast",22.8214,19.7689,recyclable,,Two Day Sale,"Mid-Size
",2.31 Millions,0.7623 Millions,2085.67,783.64,522.49,509.0882,imbe,RS,amount: -29.965246172122555,amount: -50.11768106939471,SaO pAUlo,SP,-23.59798552039933,-46.55547278711988,4.0
mc_ID_3008,"MARRIED FEMALE WITH ONE CHILD , EDUCATION: BACHELOS DEGREE WORKING AS PROFESSIONAL",50000,"Side Dishes from Deli department, Ordered Brand : American",372.25 oz,7.6459,non recyclable,,Coupon Spectacular,"MID-SIZE
","9.08 ,000,000illions",3.9044 Millions,2085.67,,522.49,658.0909,botucatu,SP,-22.885356846451742,-48.47764303000053,barueri,Sp,amount: -23.491791912543025,-46.94733309700014,4.0
mc_ID_3011,"education: bachelors degree working as professional, Single Female with two children",$70K+,"Dairy from Dairy department, Ordered Brand : Even Better",25.0018,23.5482,recyclable,"['Bar For Salad', 'Ready Food']",Super Duper Savers,Supermarket,$9.75 Millions,3.0225 Millions,2263.78,855.22,569.44,677.285,sao jose dos campos,$P,val: -23.215086943101173,-45.88965270330085,COroNEL FAbrICiano,MG ,-19.50664329902649,-42.630873484496206,2.0
mc_ID_3012,"Single Female with two children, education: high school degree working as professional",90K+,"Snack Foods from Snack Foods department, Ordered Brand : Fast",28.0543,26.4554,recyclable,,,Mld-Size,$8.64 Millions,4.32 Millions,2819.7,447.7,300.05,728.2775,sao joao da boa vista,SP,-21.951603059791644,-46.7973683734107,SaO PauLu,sp,-23.606158440567068,amount: -46.69703876815752,4.0
mc_ID_3014,"Single Male with one child, education: partial high school working as skilled manual",10K+,"Pain Relievers from Health and Hygiene department, Ordered Brand : Hilltop",9.303,6.3958,recyclable,,Wallet Savers,Supermarket,$9.88 Millions,4.3472 Millions,2048.74,457.36,304.91,418.1385,ponta gross@,PR,-25.090806929770974,-50.15864960866176,sao paulo,SP,-23.46824404524207,-46.585030834727874,5.0
mc_ID_3015,"Married Female with two children, education: high school degree working as skilled manual",30K+,"Carbonated Beverages from Beverages department, Ordered Brand : Skinner",amount: 12.748,8.3872,recyclable,,GLD,Supermarkat,5.13 Millions,1.6416 Millions,,227.8,152.44,727.9637,makeio,AL,-9.66093139295328,-35.72371047723787,uba,Mg,-21.120087446232457,val: -42.91067895264525,5.0
mc_ID_3016,"Single Male with two children, education: bachelors degree working as professional",70K+ annually,"Cleaning Supplies from Household department, Ordered Brand : Red Wing",22.0946,19.0421,non recyclable,"['Ready Food', 'Florist', 'Video Store', 'Coffee Bar', 'Bar For Salad']",Saving Days,Gourme7,11.8Ms,5.31 Millions,,465.54,310.3,350.9853,jarinu,5P,-23.087824894141608,-46.71345491227471,atibaia,SP,-23.112774381969185,-46.5488845105504,4.0
mc_ID_3017,"Single Male with two children, education: high school degree working as skilled manual",30K+,"Vegetables from Canned Foods department, Ordered Brand : Better",30.9615,27.909,recyclable,['Coffee Bar'],Big Time Saving,,2.8 Millions,1.344 Millions,,398.93,264.43,631.1041,sao paulo,sp,-23.53496387454557,-46.6170557381269,Santo Andre, SP ,-23.665703457960586,-46.51808196779969,5.0
mc_ID_3018,"Single Male with three children, education: high school degree working as management",90K or more,"Decongestants from Health and Hygiene department, Ordered Brand : Hilltop",31.2522,26.8915,recyclable,"['Ready Food', 'Bar For Salad', 'Florist', 'Video Store', 'Coffee Bar']",Save It (Sale),Gourmet,$5.04 Millions,1.9656 Millions,1424.85,465.54,,427.7617,goiania,GO,-16.68822438741148,-49.31497955985662,sao p@ulo, Sp ,-23.58343069747245,amount: -46.50203424424373,1.0
mc_ID_3019,"single female with four kids, education: high school degree working as manual",30K+,"Canned Soup from Canned Foods department, Ordered Brand : Just Right",-999.0,8.8815,non recyclable,"['Video Store', 'Ready Food', 'Florist', 'Bar For Salad', 'Coffee Bar']",Money Savers,Delux3,$11.28 Millions,4.2864 Millions,1525.28,373.1,248.79,560.656,brasilia,DF,...,-47.981296749911245,santo andre,SP,-23.665703457960586,-46.51808196779969,5.0
mc_ID_3020,"Single Female with three kidren, education: partial high school working as professional",90K+,"Dairy from Dairy department, Ordered Brand : Carlson",amount: 28.0543,23.5482,non recyclable,"['Florist', 'Coffee Bar', 'Ready Food', 'Video Store', 'Bar For Salad']",Price Cutters,Gourmet,15.0 Millions,6.0 Millions,1424.85,465.54,311.87,675.716,sao paulo,SP_,val: -23.56753031883281,-46.51205478799173,ibi7inga,SP,-21.7664768468313,-48.83154737836604,2.0
mc_ID_3024,"Single Female with five children, education: bachelors degree working as management",840+ monthly,"Dairy from Dairy department, Ordered Brand : Even Better",9.2012,6.2795,recyclable,,GLD,5upermarket,2.43 Millions,0.972 Millions,1508,227.8,151.9,727.9637,dOis irmaos,RS,-29.58769365168213,val: -51.09061000331821,santo andre,SP,-23.665703457960586,measure: -46.51808196779969,5.0
mc_ID_3025,"Single Female with two children, education: Bachelors degree working as professional",50000,"Frozen Desserts from Frozen Foods department, Ordered Brand : PigTail",24711.10 grams,21.8039,non recyclable,"['Florist', 'Ready Food', 'Video Store', 'Coffee Bar', 'Bar For Salad']",Two Day Sale,,$3.96 Millions,1.5048 Millions,1424.85,465.54,311.99,783.1925,Itajuba,MG,-22.43106190186255,-45.45559685991584, LbITINGa ,	SP,measure: -21.7664768468313,val: -48.83154737836604,4.0
mc_ID_3027,"Married Male with one child, education: HS degree working as manual",30000,"Snack Foods from Snack Foods department, Ordered Brand : Horatio",26.6008,22.0946,recyclable,"['Coffee Bar', 'Florist']",Savings Galore,Mid-Size,5.64 Millions,2.7072 Millions,2551.4,389.54,259.66,680.2138,hurtolandia,SP,-22.904356478404523,-47.1755015158131,s4o paulo,SP,amount: -23.60408998251485,-46.61372320760002,1.0
mc_ID_3028,"Married Female with one child, education: bachelors degree working as professional",130k,"Breakfast Foods from Frozen Foods department, Ordered Brand : Golden",val: 30.9615,measure: 26.4554,non recyclable,"['Ready Food', 'Bar For Salad', 'Video Store', 'Coffee Bar', 'Florist']",Lottery Cash Registerion,deluxa,8.1 Millions,3.726 Millions,1734.5,503.07,335.38,500.9294,altamira,p@,-3.2056389790715394,-52.208863809676046,osasko,SP,-23.57022881903173,-46.78203873576096,5.0
mc_ID_3029,"Single Female with one child, education: high school degree working as manual",30K+,"Frozen Entrees from Frozen Foods department, Ordered Brand : Golden",-13.7074,9.3466,non recyclable,"['Bar For Salad', 'Florist', 'Ready Food', 'Coffee Bar']",Dollar Days,Deluxe,5.49Ms,1.9215 Millions,2055.29,,,725.9763,venancio aires,RS,-29.616140787882497,amount: -52.17587557262544,santo 	andre,SP_,-23.7622680628159,-46.46728047262276,4.0
mc_ID_3030,"Married Female with four children, education: high school degree working as professional",150K+,"Beer and Wine from Alcoholic Beverages department, Ordered Brand : Top Measure",10.7275,6.3667,non recyclable,,Promo Big,sUPERmarKEt,$9.24 Millions,3.0492 Millions,2049.72,457.36,305.54,data: 515.2596,pouso alegre,mg,-22.23423662262365,-45.935242048994425,santo @ndre,Sp,-23.665703457960586,-46.51808196779969,1.0
mc_ID_3033,"Married Female with four children, education: bachelors degree working as professional",€42K+,"Seafood from Seafood department, Ordered Brand : Amigo",31.1069,26.6008,recyclable,"['Bar For Salad', 'Ready Food']",Price Slashers,,8.88 Millions,3.996 Millions,2447.82,470.27,313.55,402.7623,mogi das cruzes,sp,-23.516579606826944,-46.13731417572359,queimados,RJ,-22.75207045168108,-43.57632171567059,4.0
mc_ID_3034,"education: graduate degree working as professional, Single Female with two children",70K+,"Bread from Baked Goods department, Ordered Brand : Great",9.1431,4.7678,non recyclable,"['Ready Food', 'Video Store', 'Florist', 'Bar For Salad', 'Coffee Bar']",Money Savers,_Deluxe,5.43 Millions,2.3349 Millions,1871.16,,395.95,343.611,iNaja,	Pr,measure: -22.75051478806147,-52.20109895136724,SaLT0,SP,amount: -23.20591698084141,measure: -47.307845865803,4.0
mc_ID_3035,"Single Male with three children, education: high school degree working as skilled manual",30K+,"Fruit from Canned Products department, Ordered Brand : Green Ribbon",20.3503,15.9895,recyclable,"['Bar For Salad', 'Video Store', 'Ready Food', 'Coffee Bar', 'Florist']",Discount Frenzy,gourmet,"3.93 ,000,000illions",1.9257 Millions,1424.85,465.54,310.3,555.2168,pirac1caba,sp,-22.72737479516996,-47.67061025477531,sao paulo,SP,-23.532734734664448,-46.654324449073776,5.0
mc_ID_3039,"Maried Female with three children, education: high school degree working as manual",10K+,"Vegetables from Produce department, Ordered Brand : Tri-State",29944.00 grams,28.4904,recyclable,,Price Winners,Supermarket,10.26 Millions,3.2832 Millions,1623.48,341.05,228.29,543.397,SaNto ANdre,SP,-23.665703457960586,-46.51808196779969,,SP,-22.193082052455427,amount: -49.948926747706174,5.0
mc_ID_3040,"Married Female with one child, education: bachelors degree working as professional",50K+,"Snack Foods from Snack Foods department, Ordered Brand : Best Choice",29.5079,27.909,recyclable,"['Video Store', 'Ready Food', 'Bar For Salad', 'Florist', 'Coffee Bar']",I Cant Believe It Sale,Deluxe ,$6.38 Millions,2.233 Millions,1734.5,503.07,335.38,363.3281,sao 	bernardo 	do 	campo,$P,-23.71128768249748,-46.5875374675112,curitiba,PR,-25.46921399278664,-49.29393514695028,5.0
mc_ID_3041,"MARRIED MALE WITH TWO KIDREN, EDUCATION: HS DEGREE WORKING AS PROFESSIONAL",150K+,"Candy from Snacks department, Ordered Brand : Thresher",10.4659,-999.0,non recyclable,['Florist'],Roller Savings (High) ,SuperMArKet,9.05 Millions,4.525 Millions,1320.15,523.32,348.47,532.6232,carapicuiba,SP,-23.5259011954249,-46.84502074190641,santo andre,SP,-23.665703457960586,-46.51808196779969,val: 5.0
mc_ID_3043,"Married Female with two children, education: high school degree working as skilled manual",30K+,"Pure Juice Beverages from Beverages department, Ordered Brand : Skinner",21.3678,16.8617,recyclable,,GLD,,6.42Ms,1.926 Millions,1506.53,227.8,152.24,727.9637,bauru,SP,-22.34920673674664,-49.04109341945789,"foz do iguacu
",PR,-25.548584861815545,-54.58121020316589,5.0
mc_ID_3044,"Married Male with two children, education: graduate degree working as professional",150K+,"Snack Foods from Snack Foods department, Ordered Brand : Nationeel",24.8564,20.4957,recyclable,,Money Savers,Supermarket,13.24Ms,6.4876 Millions,1508.25,227.8,151.9,277.2423, SAO PAULO,SP,-23.611696198164942,-46.654233495700815,sao paulo,SP,-23.693985995008337,-46.70188324132953,5.0
mc_ID_3045,"Single Female with one child, education: bachelors degree working as professional",50K+,"Pizza from Frozen Foods department, Ordered Brand : Big Time",10.1461,5.7853,recyclable,"['Ready Food', 'Bar For Salad']",Save It (Sale),Supermarket,2.5 Millions,1.1 Millions,2265.9,853.22,570.62,339.1132,ATIBAIA, $P ,-23.09886363588941,amount: -46.54789512763439,pEDreira,sp,-22.73824150585765,-46.8958585777586,3.0
mc_ID_3046,"Single Male with one child, education: high school degree working as professional",110K+,"Baking Goods from Baking Goods department, Ordered Brand : Plato",522.99 oz,-11.9049,non recyclable,,,Suparmarket,###,1.4136 Millions,1508,229.8,151.43,350.4623,simoes filho,BA,val: -12.784545646663265,-38.39048596300195,sao paulo,sp,-23.499318080212344,-46.578124372468125,3.0
mc_ID_3047,"Married Male with four children, education: high school degree working as manual",$30K+,"Bread from Baked Goods department, Ordered Brand : Fantastic",29.7987,26.8915,non recyclable,"['Florist', 'Coffee Bar', 'Ready Food', 'Video Store', 'Bar For Salad']",Lottery Cash Registerion,Deluxe,6.99 Millions,2.3766 Millions,,503.07,335.38,646.4803,sobral,CE,-3.685944349572401,-40.34070459159922,"lauro de freitas
",BA,-12.895112589380958,-38.33895999999978,5.0
mc_ID_3049,"Married Male with one child, education: partial high school working as skilled manual",10K+,"Candy from Snacks department, Ordered Brand : Gulf Coast",21.3678,16.8617,non recyclable,"['Ready Food', 'Bar For Salad']",,Supermarket,8.25Ms,3.2175 Millions,2265.9,853.22,568.75,554.903,JaCAREI,SP,amount: -23.31977511073924,-45.923898996537545,penapolis,SP,-21.426570046543283,-50.06791761043272,4.0
mc_ID_3050,"Single Male with five kids, education: partial HS working as skilled manual",10K+,"Vegetables from Produce department, Ordered Brand : Tri-State",25.5832,22.676,recyclable,"['Ready Food', 'Florist', 'Video Store', 'Bar For Salad', 'Coffee Bar']",One Day Sale,Deluxe,10.44 Millions,5.1156 Millions,2038.11,481.98,,767.3456,leopoldina,MG,-21.526803364146524,-42.64106019317997,tupa,SP,-21.93532101918528,val: -50.49756182976886,5.0
mc_ID_3051,"Married Female with one child, education: bachelors degree working as professional",70K+,"Fruit from Produce department, Ordered Brand : Hermanos",31.3976,27.0368,recyclable,,Budget Bargains,"$UpERmarkEt
",$5.8 Millions,2.61 Millions,2049.72,457.36,304.89,708.665,paraguaçu paulista,SP,val: -22.430861482369068,-50.57420394458222,rio claro,SP,-22.402133192076768,-47.56233402025511,5.0
mc_ID_3052,"Married Female with three kids, education: high school degree working as manual",30K+,"Vegetables from Produce department, Ordered Brand : Tell Tale",-12.1375,9.2303,non recyclable,"['Florist', 'Bar For Salad', 'Ready Food', 'Coffee Bar']",Shelf Emptiers,Gourmet,$10.92 Millions,3.4944 Millions,1564.86,385.45,256.97,measure: 773.0986,sao paulo,SP,-23.525377438802,-46.40950968151651, itatiba ,SP,-22.993820438600167,-46.81014454759541,5.0
mc_ID_3053,"Married Female with two kids, education: graduate degree working as professional",70K+,"Frozen Entrees from Frozen Foods department, Ordered Brand : Big Time",-22.8214,21.2225,recyclable,['Florist'],Roller Savings (High) ,"Supermarket
",6.6Ms,2.178 Millions,1320.15,523.32,349.41,532.6232,campos dos goytacazes,rj,val: -21.78080222519011,val: -41.30502259827724, icara, SC ,-28.7629920668113,-49.27499226831797,3.0
mc_ID_3054,"Single Male with two children, education: partial college working as skilled manual",30K+,"Bread from Baked Goods department, Ordered Brand : Sphinx",-20.0596,17.1524,non recyclable,,Saving Days,Supermarket,€5.4M,2.4054 Millions,1508,227.8,150.61,619.0228,	Joao Monl3Vade,Mg,-19.83450146867729,data: -43.188507135626296,guariba,Sp,-21.36235769739203,-48.232975701561735,val: 4.0
mc_ID_3055,"Married Female with three children, education: partial college working as professional",130K+,"Vegetables from Produce department, Ordered Brand : Tri-State",31.1069,29.5079,non recyclable,['Florist'],Shelf Emptiers,Supermarket,3.14Ms,1.0676 Millions,1320.15,523.32,348.85,564.2647,SAo PAulo,SP_,-23.704596,-46.68698474999999,sao paulo,$P,-23.693985995008337,-46.70188324132953,val: 5.0
mc_ID_3057,"Married Male with three kids, education: bachelor'ss degree working as professional",$110K+,"Frozen Desserts from Frozen Foods department, Ordered Brand : Imagine",29.3626,26.4554,non recyclable,,Tip Top Savings,Supermarket,5.66 Millions,2.0942 Millions,2049.72,,304.91,557.8318,bel0 horizonte,MG,-19.89328670774424,-43.97195292532757,	ibitinga,$P,-21.7664768468313,-48.83154737836604,4.0
mc_ID_3058,"Married Male with three children, education: high school degree working as professional",130 Thousand,"Snack Foods from Snack Foods department, Ordered Brand : Horatio",-26.8915,25.4379,To Be Determined,"['Florist', 'Bar For Salad', 'Ready Food', 'Coffee Bar']",Two Day Sale,Deluxe,6.63 Millions,2.1879 Millions,2053.83,654.13,434.65,542.0895,blumenau,SC,-26.89871292062437,-49.088533432136906, Belo Horizonte ,MG,-19.878513898894187,-43.95694702879617,3.0
mc_ID_3060,"Single Male with four children, education: partial college working as skilled manual",€25K+,"Jams and Jellies from Baking Goods department, Ordered Brand : Landslide",20.2049,15.6988,recyclable,"['Coffee Bar', 'Florist', 'Video Store', 'Bar For Salad', 'Ready Food']",I Cant Believe It Sale,Deluxe,€3.9M,1.392 Millions,1733.95,503.07,334.64,363.3281,joao pessoa,PB,-7.115545623925199,-34.8557625,Sao Paulo,SP,-23.693985995008337,-46.70188324132953,3.0
mc_ID_3061,"Single Female with one child, education: bachelors degree working as professional",50000,"Canned Soup from Canned Foods department, Ordered Brand : Bravo",18.1699,16.7163,recyclable,,Price Winners,supermarket,"8.16 ,000,000illions",3.5904 Millions,1623.48,341.05,228.25,val: 543.397,rio de janeiro,RJ,-22.954859287264107,-43.18091709714924,sao paulo_,Sp,-23.612052666446743,data: -46.60783466642034,1.0
mc_ID_3062,"Married Male with two children, education: bachelors degree working as professional",Income: 50K+,"Canned Soup from Canned Foods department, Ordered Brand : Better",13.6056,-10.6839,non recyclable,"['Bar For Salad', 'Coffee Bar', 'Video Store', 'Florist', 'Ready Food']",,Deluxe,6.63Ms,2.652 Millions,1868.33,593.93,393.98,360.3993,sao carlos,SP,-22.01401696225976,-47.87496317485142,tres coracoes,MG,data: -21.69216794221008,-45.25804903964345,3.0
mc_ID_3066,"Single Female with one child, education: graduate degree working as professional",30K+,"Breakfast Foods from Breakfast Foods department, Ordered Brand : Special",23.4028,21.9493,recyclable,,Saving Days,Supermarket,5.79 Millions,2.2581 Millions,1508,227.8,153,619.0228,rio de janeiro,RJ,-22.97823619758802,-43.2372780819727,SAO PEULO,$P,-23.529307180131543,-46.63490526351788,3.0
mc_ID_3067,"Married Male with one kid, education: graduate degree working as professional",130k,"Snack Foods from Snack Foods department, Ordered Brand : Fort West",17.007,12.6317,recyclable,,Best Price Savers,,3.6 Millions,1.332 Millions,1508,229.8,151.9,650.4028,_serrana,SP,data: -21.21594896945095,-47.59002511568736,sao paulo,SP,-23.539494799586286,-46.63284391414975,1.0
mc_ID_3068,"Single Female with three children, education: partial high school working as skilled manual",30K+,"Vegetables from Produce department, Ordered Brand : Tell Tale",13.2132,-8.8524,non recyclable,"['Bar For Salad', 'Ready Food', 'Video Store', 'Florist', 'Coffee Bar']",Two Day Sale,Deluxe,"10.4 ,000,000illions",4.68 Millions,1871.78,,395.95,402.0824,maua,SP,-23.678798920064235,-46.45947764149177,BELO HORIZONTE,MG,-19.843708202868147,data: -43.95899630890419,5.0
mc_ID_3072,"Single Male with one child, education: HS degree working as management",$70K+,"Jams and Jellies from Baking Goods department, Ordered Brand : Plato",9.3321,4.9713,non recyclable,"['Bar For Salad', 'Ready Food']",Go For It,Supermarket,11.92 Millions,4.0528 Millions,2265.9,853.22,568.81,measure: 553.0202,brASILia,DF,-15.732234000000002,-47.89837349999999,uberlandia,MG,-18.94141413405276,-48.33714543949449,measure: 4.0
mc_ID_3074,"Married Male with No children, education: bachelors degree working as management",50 Thousand,"Canned Oysters from Canned Foods department, Ordered Brand : Just Right",-21.5132,18.606,non recyclable,"['Ready Food', 'Florist', 'Coffee Bar', 'Bar For Salad']",Saving Days,,2.68 Millions,1.072 Millions,,,436.78,352.0313,americana,5P,-22.760113693741847,-47.3108787206844,itauna,MG,-20.08212660423176,-44.5732983518722,1.0
mc_ID_3075,"Single Male with five children, education: high school degree working as skilled manual",30K+,"Candy from Snacks department, Ordered Brand : Thresher",14.972,12.0648,recyclable,"['Coffee Bar', 'Ready Food', 'Video Store', 'Bar For Salad', 'Florist']",Dimes Off,DELUXE,7.9Ms,3.95 Millions,2038.11,481.98,321.56,550.6144,belo horizonte,MG,amount: -19.8780710718738,-43.91303661434592,uberlandia,"MG
",-18.94141413405276,-48.33714543949449,5.0
mc_ID_3076,"Married_Male_with_two_children,_education:_high_school_degree_working_as_skilled_manual",50K+,"Baking Goods from Baking Goods department, Ordered Brand : CDR",30.82 kg,26.4554,recyclable,"['Coffee Bar', 'Florist', 'Bar For Salad', 'Video Store', 'Ready Food']",,DELUXE,11.8 Millions,4.366 Millions,1525.28,373.1,,755.9442,indaiatuba,5P,-23.08609461599848,-47.224962351552726,salto,SP,measure: -23.20591698084141,-47.307845865803,1.0
mc_ID_3077,"Single Male with No children, education: partial high school working as skilled manual, Single Male with No children.",€8K+,"Specialty from Produce department, Ordered Brand : Tri-State",28.6358,24.275,non recyclable,"['Coffee Bar', 'Ready Food', 'Video Store', 'Bar For Salad', 'Florist']",Super Duper Savers,Deluxe,1.76 Millions,0.6688 Millions,1525.28,373.1,248.79,318.3501,5Ao Paulo,SP,-23.449902150152923,-46.7894070051359,jacarei, SP,data: -23.29818595956356,-45.974828011182304,4.0
mc_ID_3078,"SiNgLe mAlE WiTh tWo cHiLdReN, eDuCaTiOn: PaRtIaL HiGh sChOoL WoRkInG As mAnUaL",Income: 30K+,"Snack Foods from Snack Foods department, Ordered Brand : Fast",30.0894,27.1822,recyclable,"['Bar For Salad', 'Coffee Bar', 'Florist', 'Ready Food']",,,5.3 Millions,1.696 Millions,1564.86,385.45,,486.9653,laranjal paulista,5P,-23.03582473318652,-47.8363026594829,sao paulo,sp,-23.611243044405345,-46.64579071565007,4.0
mc_ID_3080,"Single Male with two children, education: high school degree working as professional",110K+,"Bathroom Products from Health and Hygiene department, Ordered Brand : Hilltop",13.4603,12.0067,non recyclable,['Florist'],Saving Days,SUPERMARKET,$5.76 Millions,2.2464 Millions,1320.15,525.32,349.73,435.4498,sa0 paulo,SP,-23.52870986955392,-46.5417239089676,sao paulo,SP,-23.58667354731954,--,5.0
mc_ID_3081,"Married Male with five children, education: high school degree working as skilled manual",50K+,"Bathroom Products from Health and Hygiene department, Ordered Brand : Bird Call",27.4729,24.4204,recyclable,['Florist'],,Supermarket,€6.1M,2.9315 Millions,1320.15,523.32,350.16,532.6232,fortaleza,CE,-3.7335671035258686,val: -38.49101697224308,piracicaba,_SP,-22.71683928585045,-47.65736585405934,5.0
mc_ID_3082,"Single Female with four kids, education: high school degree working as manual",30K+,"Dairy from Dairy department, Ordered Brand : Even Better",21.5132,-18.606,recyclable,"['Ready Food', 'Coffee Bar', 'Florist', 'Bar For Salad']",Save Price,,2.55 Millions,1.224 Millions,2056.69,654.13,434.3,584.191,coNCEIcaO da ApaRECIDA,mg,-21.094827088463017,-46.20170079724575,sao paulo,Sp,-23.58374909221269,-46.73472062372479,data: 5.0
mc_ID_3084,"Single Male with one child, education: high school degree working as manual",30K+,"Vegetables from Canned Foods department, Ordered Brand : Just Right",-999.0,27.1822,recyclable,['Coffee Bar'],Double Your Savings,Supermark3t_,"2.72 ,000,000illions",0.952 Millions,1236.07,440.92,293.95,493.8689,bra5ilia,DF,-15.812585705044665,-48.06177935363809,Guara,SP_,-20.43399042630061,-47.81416224047547,Rating: 3.0
mc_ID_3087,"Marriied Male with one child , education: Bachelors degree working as professional.",50K or more,"Vegetables from Frozen Foods department, Ordered Brand : Imagine",20.0596,15.6988,recyclable,"['Bar For Salad', 'Coffee Bar', 'Florist', 'Ready Food']",Best Price Savers,Gourmet,11.56 Millions,4.2772 Millions,1564.86,,257.38,558.1979,Sao Paulo,SP,-23.4408456305819,-46.806897340964944,Sao Paulo,SP,-23.61411790980433,-46.60034800222169,5.0
mc_ID_3088,"Single Male with one child, education: bachelors degree working as professional",70K+,"Specialty from Produce department, Ordered Brand : Ebony",27.33 kg,24.275,non recyclable,"['Florist', 'Ready Food', 'Coffee Bar', 'Bar For Salad', 'Video Store']",Roller Savings (High) ,Gourmet,"7.17 ,000,000illions",3.2982 Millions,1424.85,465.54,310.3,499.7265,coxim,MS,measure: -18.498574618152823,-54.751548779899416,Santo Andre,$P,-23.665703457960586,-46.51808196779969,1.0
mc_ID_3089,"Married Male with two children, education: partial college working as skilled manual",$30K+,"Snack Foods from Snack Foods department, Ordered Brand : Best Choice",21.3678,18.3153,recyclable,"['Florist', 'Bar For Salad', 'Video Store', 'Ready Food', 'Coffee Bar']",,Deluxe,3.44 Millions,1.548 Millions,1735.62,503.07,335.38,363.3281,forquilhinha,SC,measure: -28.748325046839994,-49.483182534145975,"salto
",SP,-23.20591698084141,amount: -47.307845865803,5.0
mc_ID_3090,"Single Female with one child, education: partial high school working as skilled manual",10K+,"Canned Soup from Canned Foods department, Ordered Brand : Just Right",25.1472,23.5482,non recyclable,"['Florist', 'Bar For Salad', 'Coffee Bar', 'Ready Food']",,,"3.06 ,000,000illions",1.3158 Millions,2053.16,654.13,436.09,312.9109,Foz Do Iguacu ,PR,-25.548584861815545,-54.58121020316589,sao paulu,Sp,-23.504769581649203,-46.62470303231384,1.0
mc_ID_3092,"Married Female with four children, education: bachelors degree working as professional",50 Thousand,"Canned Soup from Canned Foods department, Ordered Brand : Blue Label",22.0946,17.5885,recyclable,"['Coffee Bar', 'Bar For Salad', 'Florist', 'Video Store', 'Ready Food']",,deluxe,$12.76 Millions,5.742 Millions,1525.28,373.1,248.79,755.9442,belo horizonte,MG,amount: -19.881438098245752,-43.91679121149515,sao jose do rio preto,SP,-20.80243626346376,measure: -49.39562406741489,4.0
mc_ID_3093,"Single Female with five children, education: partial High School working as skilled manual",30K+ annually,"Snack Foods from Snack Foods department, Ordered Brand : Best Choice",27.0368,24.1296,non recyclable,"['Florist', 'Ready Food', 'Coffee Bar', 'Video Store', 'Bar For Salad']",Price Cutters,Gourmet,9.76Ms,3.1232 Millions,1424.85,465.54,310.3,675.716,suzano,SP,-23.54981766773588,-46.31698283355356,	SaO paULO,Sp,-23.63133471752179,-46.75945889273972,amount: 5.0
mc_ID_3094,"married male with one child, education: bachelors degree working as professional",50K+,"Hygiene from Health and Hygiene department, Ordered Brand : Consolidated",16.8617,13.9545,recyclable,,Saving Days,,2.56 Millions,1.1008 Millions,1508,227.8,,619.0228,Rio de jaNeIRO,	RJ,-22.920104850395337,measure: -43.22138202997862,,,,,1.0
mc_ID_3095,"Single Female with three children, education: high school degree working as skilled manual",30000,"Dairy from Dairy department, Ordered Brand : Club",19.4781,16.4256,non recyclable,"['Bar For Salad', 'Ready Food']",Roller Savings (High) ,SUPERMARKET,€3.1M,1.258 Millions,2265.9,853.22,568.75,356.4245,sAO pAuLo,SP,-23.65313653566277,-46.75922277560735, sumara ,5P,-22.828654864562257,-47.267296160568925,data: 5.0
mc_ID_3097,"Single Female with No kids, education: partial high school working as manual",10K+,"Candy from Snacks department, Ordered Brand : Thresher",17.007,14.0853,recyclable,,Weekend Discount,supermarket,€2.8M,1.4985 Millions,1508.85,227.8,152.25,614.002,mogi das cruzes,SP,-23.5214492199589,-46.17673150042012,praia grande,SP,-24.011288218359883,-46.41873374429398,5.0
mc_ID_3098,"MARRIED FEMALE WITH FOUR CHILDRAN, EDUCATION: BACHELORS DEGREE WORKING AS PROFESSIONAL",70K+,"Meat from Deli department, Ordered Brand : Cutting Edge",18.7513,17.1524,non recyclable,"['Ready Food', 'Coffee Bar', 'Bar For Salad', 'Florist', 'Video Store']",Money Savers,Deluxe,9.48 Millions,3.0336 Millions,,593.93,395.95,343.611, rondonopolis,MT,-16.465136427693494,-54.632100038028696,buritama,SP,-21.069170059436985,-50.14388889015095,5.0
mc_ID_3100,"Single Male with three kids, education: high school degree working as manual",30k,"Electrical from Household department, Ordered Brand : Red Wing",measure: 22.9668,21.5132,non recyclable,['Coffee Bar'],Bag Stuffer,Small Grocery,1.54 Millions,0.7084 Millions,2066.22,330.83,220.55,val: 616.7739,faxinal,	PR,-23.99732810820379,-51.31358474739845,_sando andre,Sp,-23.66875959201334,-46.53653409354255,5.0
mc_ID_3101,"Married Female with five children, education: high school degree working as professional",130K+,"Bread from Baked Goods department, Ordered Brand : Fantastic",27.0368,24.1296,recyclable,,Sales Days,sUPErMARkeT,2.76 Millions,1.1868 Millions,2048.96,457.36,,610.5502,barueri,Sp,-23.505089673519063,-46.809600405339054,curitiba,PR,-25.526084940879464,-49.27440966694559,5.0
mc_ID_3102,"Married Female with four children, education: partial high school working as management",110K+,"Eggs from Eggs department, Ordered Brand : Jumbo",10.7275,7.8203,recyclable,"['Video Store', 'Bar For Salad', 'Ready Food', 'Coffee Bar', 'Florist']",Save Price,Deluxe,5.36 Millions,2.6264 Millions,2038.11,481.98,319.59,284.3028,sao paulo,SP,-23.540667757429706,amount: -46.6155573687172,curitiba,pr,-25.43585833749783,-49.22158276824976,1.0
mc_ID_3103,"Single Male with four children, education: high school degree working as manual",Income: 30K+,"Fruit from Produce department, Ordered Brand : Ebony",14477.80 grams,11.5706,non recyclable,['Coffee Bar'],Savings Galore,Supermarket,8.88 Millions,4.3512 Millions,1236.07,440.92,295.49,val: 724.5119,balsas,MA,data: -7.511492507642972,data: -46.04703653821487,riberao preto,SP,amount: -21.16850440882337,-47.79370519233655,amount: 5.0
mc_ID_3104,"Married Male with four children, education: partial high school working as skilled manual",30K+,"Vegetables from Frozen Foods department, Ordered Brand : Imagine",25.5832,46.79 lbs,recyclable,"['Ready Food', 'Florist', 'Video Store', 'Bar For Salad', 'Coffee Bar']",Sale : Double Down,Daluxe,1.53 Millions,0.5049 Millions,1525.28,373.1,248.79,278.2883,frutal,	Mg,-20.02025438264054,-48.93543951469848,itatiba,SP,-23.005474434298936,-46.84112811740003,val: 5.0
mc_ID_3105,"Married Female with four children, education: partial HS working as skilled manual.",10K+,"Jams and Jellies from Baking Goods department, Ordered Brand : Landslide",11.338,8.4308,recyclable,,Super Savers,,$2.92 Millions,0.9928 Millions,2049.72,457.36,304.91,339.8977,divlnopolis,MG,-20.15825132557966,-44.88243792415554,pedreira,5P,-22.73824150585765,-46.8958585777586,3.0
mc_ID_3106,"Married Male with No children, education: high school degree working as skilled manual",10K+,"Jams and Jellies from Baking Goods department, Ordered Brand : Super",-12.8207,11.3526,non recyclable,"['Florist', 'Video Store', 'Bar For Salad', 'Coffee Bar', 'Ready Food']",I Cant Believe It Sale,Deluxe,6.54 Millions,2.4198 Millions,1733.19,503.07,334.86,363.3281,Rio De Janeiro,rj,-22.913297402446734,-43.20920670635925,_maringa,PR,-23.41000679702781,val: -51.88262571961486,data: 5.0
mc_ID_3108,"Single Male with four children, education: high school degree working as skilled manual",30K+,"Beer and Wine from Alcoholic Beverages department, Ordered Brand : Portsmouth",19.0421,16.1349,recyclable,"['Ready Food', 'Bar For Salad', 'Florist', 'Video Store', 'Coffee Bar']",Sale : Double Down,Deluxe,€4.6M,1.89 Millions,1732.44,503.07,335.38,265.6317,barueri,SP,val: -23.53558353710553,-46.88310044870239,sao paulo,_Sp,-23.50126797890817,-46.73964800083672,4.0
mc_ID_3109,"Single Female with four kids, education: partial college working as professional",50 Thousand,"Dairy from Dairy department, Ordered Brand : Booker",21.5132,20.0596,recyclable,"['Coffee Bar', 'Ready Food', 'Bar For Salad', 'Florist']",Weekend Discount,Gourmet,9.25 Millions,3.145 Millions,1564.86,385.45,255.82,470.177,valeñcadopiaui,PI,-6.396218999999991,-41.73503400000001,pedreira,SP,-22.73824150585765,-46.8958585777586,5.0
mc_ID_3110,Single Female with four children + education: bachelors degree working as professional,50K+,"Vegetables from Produce department, Ordered Brand : Tell Tale",16.2802,14.6813,non recyclable,"['Ready Food', 'Bar For Salad', 'Coffee Bar', 'Video Store', 'Florist']",Pick Your Savings,Deluxe,1.68 Millions,0.5208 Millions,2038.11,481.98,322.48,739.4174,sombrio,sk,-29.11321350581612,-49.628523808338834,IBITINGA,5p,-21.7664768468313,-48.83154737836604,5.0
mc_ID_3111,"Single Male with one child, education: high school degree working as manual",30K+,"Paper Products from Household department, Ordered Brand : Sunset",val: 14.8266,10.4513,non recyclable,['Coffee Bar'],Price Smashers,,4.29 Millions,1.5873 Millions,1236.07,440.92,293.95,722.9429,campinas,SP,-22.93221846205146,data: -47.096790459495125,"SAO P4uLo
",SP,-23.48535959449485,-46.624283978908174,measure: 1.0
mc_ID_3112,"Married Female with three children, education: bachelors degree working as professional",$50K+,"Canned Tuna from Canned Foods department, Ordered Brand : Pleasant",12.9515,-8.5762,recyclable,['Coffee Bar'],Best Price Savers,Supermarket,4.11 Millions,1.8495 Millions,1236.07,440.92,292.16,349.2594,"sao pau1o
",SP,-23.54108734139297,-46.65733920275257,sao  paulo,SP,-23.526508568411355,-46.731702782676464,4.0
mc_ID_3114,"Married Female with two children, education: partial high school working as manual",10K+,"Beer and Wine from Alcoholic Beverages department, Ordered Brand : Pearl",28.9265,25.874,non recyclable,"['Florist', 'Coffee Bar', 'Video Store', 'Ready Food', 'Bar For Salad']",Save It (Sale),Deluxe,3.84 Millions,1.8048 Millions,,375.1,248.79,amount: 393.4006,Joinville,sc,-26.313496554532893,-48.84862528282071,guarulhos,SP,-23.44007914793122,-46.51144923980033,5.0
mc_ID_3115,"mARRIED fEMALE WITH TWO CHILDREN, EDUCATION: BACHELOR'SS DEGREE WORKING AS MANAGEMENT",50K+,"Fruit from Canned Products department, Ordered Brand : Swell",22.24,-17.8792,recyclable,"['Ready Food', 'Bar For Salad']",Roller Savings (High) ,Supermarket,"4.89 ,000,000illions",1.956 Millions,2265.9,853.22,568.75,356.4245,ipaussu,sp,-23.05035208242116,-49.62755542394423,SAO PAULO,SP,-23.56625832001269,-46.51841724632121,4.0
mc_ID_3117,"Married Female with one child, education: partial college working as professional",150K+,"Electrical from Household department, Ordered Brand : Denny",25.2925,22.24,non recyclable,['Coffee Bar'],Weekend Discount,Supermarket,15.48 Millions,5.418 Millions,1238.69,440.92,293.95,364.1649,vitoria,E5,-20.258271017529587,val: -40.26903411769548,SANTO ANDRE,SP,-23.687193239224257,-46.498261391639694,5.0
mc_ID_3121,"Single Male with four children, education: bachelors degree working as professional",50000,"Plastic Products from Household department, Ordered Brand : Red Wing",23.9843,-22.5307,recyclable,['Coffee Bar'],Full Free,sMAll GROcERY,€2.9M,1.038 Millions,1394.66,534.29,355.18,320.4421,sao paulo,5P,-23.56625832001269,-46.51841724632121, PETROPOLI5,RJ,amount: -22.549033360244323,-43.210094724044055,3.0
mc_ID_3122,"Married Female with five kidren, education: partial HS working as manual",$30K+,"Bathroom Products from Health and Hygiene department, Ordered Brand : Faux Products",16.8617,12.5009,recyclable,"['Coffee Bar', 'Ready Food', 'Florist', 'Video Store', 'Bar For Salad']",Tip Top Savings,Deluxe,"8.94 ,000,000illions",3.8442 Millions,2038.89,481.98,321.26,416.2557,CRUZEIRO,Sp,-22.560972573976017,-44.95780213802325,sao paulo,$P,-23.63697817262972,-46.597344244243736,5.0
mc_ID_3123,"Single Male with five children, education: partial high school working as manual",30K+,"Vegetables from Frozen Foods department, Ordered Brand : PigTail",10.9601,9.492,recyclable,"['Florist', 'Video Store', 'Coffee Bar', 'Bar For Salad', 'Ready Food']",Lottery Cash Registerion,De1uxe,$11.85 Millions,4.977 Millions,1734.5,505.07,335.38,500.9294,nilopolis,_RJ,-22.815880447852667,-43.41899267551425,sao paulo,$P,-23.553644898695826,-46.63261889578163,4.0
mc_ID_3124,"Married Female with two children, education: bachelor'ss degree working as professional",70K+,"Decongestants from Health and Hygiene department, Ordered Brand : Steady",28.9265,25.874,non recyclable,,Super Wallet Savers,Supermarket,"3.94 ,000,000illions",1.6942 Millions,1508,229.8,151.9,data: 733.1937,iTaGUAi,RJ,-22.90448396332168,-43.87221941677409,jundiai,SP,-23.211714582578274,amount: -46.8753760355472,4.0
mc_ID_3126,"Married Female with five children, education: bachelors degree working as professional",30K+,"Candy from Snacks department, Ordered Brand : Gulf Coast",28.0543,25.0018,recyclable,,Saving Days,Supermarket,8.94 Millions,3.2184 Millions,1508,227.8,151.9,619.0228,Sete laGoas,"MG
",-19.46361254830593,-44.24441403023008,guaruja,SP,-23.978624736621192,amount: -46.2155448966947,5.0
mc_ID_3127,"married female with five children, education: graduate degree working as professional, married female with five children",70K+,"Snack Foods from Snack Foods department, Ordered Brand : Fort West",23.4028,measure: 20.4957,recyclable,"['Florist', 'Bar For Salad', 'Video Store', 'Ready Food', 'Coffee Bar']",Shelf Emptiers,Gourmat,7.76Ms,3.0264 Millions,,465.54,308.88,564.2647,rondonopolis,MT,-16.438354742714523,-54.6439153411045,guarulh0s,SP,-23.496488565250488,-46.54671310832206,1.0
mc_ID_3128,"Single Female with five children, education: bachelors degree working as professional",70K+,"Pain Relievers from Health and Hygiene department, Ordered Brand : Hilltop",9.303,6.3958,recyclable,"['Bar For Salad', 'Ready Food', 'Florist', 'Coffee Bar']",Discount Frenzy,Daluxe,"7.41 ,000,000illions",3.5568 Millions,2053.75,654.13,436.09,val: 779.6884,belo horizonte,MG,measure: -19.88556770413756,-44.00816196779967,laranjal paulista,SP,-23.03582473318652,-47.8363026594829,5.0
mc_ID_3130,"Married Female with four children, education: bachelors degree working as professional",70K+,"Frozen Entrees from Frozen Foods department, Ordered Brand : Big Time",9.2303,7.7622,non recyclable,"['Florist', 'Bar For Salad', 'Video Store', 'Coffee Bar', 'Ready Food']",Shelf Clearing Days,dEluxe,6.42 Millions,1.9902 Millions,1871.16,593.93,395,516.7763, cuiaba,mT,-15.569103781550494,-56.043975922295296,MARINGA,PR,-23.377396999935016,-51.93100618003307,1.0
mc_ID_3131,"Married Male with two children, education: partial high school working as manual",10K+,"Beer and Wine from Alcoholic Beverages department, Ordered Brand : Walrus",25.5832,-0.1,non recyclable,,Saving Days,	Supermarket,$7.77 Millions,2.4087 Millions,1508,,150.19,619.0228,rio de janeiro_,RJ,-22.82320810545911,-43.32141146765545,Poa,SP,-23.522975748542905,-46.33702048557326,5.0
mc_ID_3132,"Single Male with four children, education: bachelors degree working as management",50K+,"Beer and Wine from Alcoholic Beverages department, Ordered Brand : Portsmouth",14.972,12.0648,recyclable,"['Coffee Bar', 'Video Store', 'Florist', 'Bar For Salad', 'Ready Food']",You Save Days,,$8.61 Millions,3.8745 Millions,1423.7,465.54,310.3,689.3663,gramado,Rs,-29.37923247792722,-50.88445107799066,itaquaquecetuba,SP,-23.48262344063541,-46.37448952833195,4.0
mc_ID_3133,"Married Male with four children, education: bachelors degree working as professional",70K+ annually,"Paper Products from Household department, Ordered Brand : Red Wing",27.4729,25.874,non recyclable,"['Ready Food', 'Bar For Salad', 'Coffee Bar', 'Video Store', 'Florist']",Super Duper Savers,deluxe,"10.11 ,000,000illions",3.6396 Millions,1525.28,373.1,248.15,266.73,rio de janeiro,RJ,-22.842139499999995,-43.249983750000006, itaquaquecetuba,SP,-23.48262344063541,-46.37448952833195,1.0
mc_ID_3134,"Single Male with four children, education: bachelors degree working as professional",10K+,"Snack Foods from Snack Foods department, Ordered Brand : Horatio",26.8915,23.9843,recyclable,"['Ready Food', 'Video Store', 'Florist', 'Bar For Salad', 'Coffee Bar']",Fantastic Discounts,Gourmet,7.64 Millions,3.82 Millions,,465.54,310.27,718.9158,fortaleza,çE,-3.7624278301402287,data: -38.5300725925616,sao paulo ,sp,-23.59798552039933,-46.55547278711988,4.0
mc_ID_3135,"Married Female with four children, education: bachelors degree working as professional",50K+,"Baking Goods from Baking Goods department, Ordered Brand : Landslide",23.9843,21.0771,recyclable,"['Ready Food', 'Coffee Bar', 'Bar For Salad', 'Florist', 'Video Store']",Two Day Sale,Delux3,4.92 Millions,2.1156 Millions,1873.2,,394.8,$402.08,ronda alta,RS,data: -27.783656327360223,val: -52.8078324850087,sao jose do rio preto,sp,-20.80243626346376,-49.39562406741489,5.0
mc_ID_3136,"Married Male with three children, education: high school degree working as skilled manual",30K+,"Jams and Jellies from Baking Goods department, Ordered Brand : Plato",data: 17.4431,-13.0823,recyclable,"['Ready Food', 'Bar For Salad', 'Video Store', 'Coffee Bar', 'Florist']",,DeluxE,9.8 Millions,3.92 Millions,1525.28,373.1,,507.9899,belo horizonte,MG,-19.938406212043407,-43.93702206884405, ibitinga,SP,-21.7664768468313,-48.83154737836604,1.0
mc_ID_3137,"Married Female with three children, education: high school degree working as manual",10K or more,"Jams and Jellies from Baking Goods department, Ordered Brand : CDR",-31.543,27.1822,recyclable,"['Ready Food', 'Bar For Salad', 'Coffee Bar', 'Florist', 'Video Store']",Best Savings,Deluxe,5.9 Millions,2.596 Millions,1871.16,593.93,394.77,278.7067,vila velha,E5,-20.33161263550869,-40.27958609200332,sao paulo,SP,amount: -23.63133471752179,-46.75945889273972,4.0
mc_ID_3138,"Single Male with one kid, education: partial college working as management",30K+ annually,"Breakfast Foods from Frozen Foods department, Ordered Brand : Carrington",28.6358,907.55 oz,recyclable,"['Coffee Bar', 'Ready Food', 'Bar For Salad', 'Video Store', 'Florist']",Two Day Sale,gOUrmEt,$5.52 Millions,2.484 Millions,1424.85,465.54,310.3,783.1925,SAO CAETANO DO SUL, SP,-23.625774,-46.56855299278663,itaquaquecetuba,_SP,...,-46.37448952833195,5.0
mc_ID_3139,"Single Male with one child, education: partial high school working as skilled manual",10K+,"Bread from Baked Goods department, Ordered Brand : Colony",18.4606,16.8617,recyclable,"['Bar For Salad', 'Ready Food', 'Video Store', 'Coffee Bar', 'Florist']",Dimes Off,Deluxe,7.44 Millions,3.348 Millions,2038.11,481.98,321.26,550.6144, santo andre,SP,-23.644438912091005,-46.53988531353385,_belo horizonte,MG,-19.840168078827364,-43.92329932223438,3.0
mc_ID_3140,"Single Female with three children, education: high school degree working as skilled manual",30K+,"Jams and Jellies from Baking Goods department, Ordered Brand : CDR",amount: 24.7111,23.2575,recyclable,"['Coffee Bar', 'Florist', 'Bar For Salad', 'Video Store', 'Ready Food']",You Save Days, Gourmet,4.38 Millions,1.9272 Millions,1422,465.54,310.3,689.3663,parelhas,Rn,-6.695371474512118,measure: -36.66042073725605,araraquara,SP,-21.812698026371937,-48.15183966694556,4.0
mc_ID_3142,"Single Male with five children, education: bachelors degree working as management",70K+,"Bathroom Products from Health and Hygiene department, Ordered Brand : Hilltop",29.67 lbs,12.0067,non recyclable,"['Ready Food', 'Coffee Bar', 'Florist', 'Video Store', 'Bar For Salad']",Bag Stuffer,Deluxe,$5.76 Millions,2.8224 Millions,1734.5,503.07,335.38,662.2226,bras1lia,DF,-15.82979263835193,-47.90922878406146,sao pAulo,SP,-23.4719444074384,-46.59864459256161,5.0
mc_ID_3147,"Married Male with one child, education: partial high school working as professional",130K or more,"Bathroom Products from Health and Hygiene department, Ordered Brand : Consolidated",13.6928,10.7857,recyclable,,Sales Days,Supermarket,1.92 Millions,0.8448 Millions,1623.48,343.05,227.33,743.1307,RIBEIRAO DAS NEVES,MG,-19.805776157437,amount: -44.01732103235708,santa barbara d'oeste,$P,amount: -22.75967282783305,-47.364736674563375,5.0 stars
mc_ID_3149,"mARRIED mALE WITH FIVE KIDREN, EDUCATION: PARTIAL HIGH SCHOOL WORKING AS PROFESSIONAL",70K+,"Candy from Snacks department, Ordered Brand : Gulf Coast",31.6883,-28.6358,recyclable,"['Bar For Salad', 'Ready Food', 'Coffee Bar', 'Video Store', 'Florist']",,Gourmet,4.77 Millions,1.8126 Millions,1424.85,465.54,,533.2508,SaO PAULO,SP,-23.489552640025373,-46.62852859478329,sao paulo,SP,-23.50751845268047,-46.6174707485429,5.0
mc_ID_3150,"Single Female with five children, education: partial college working as professional",$50K+,"Meat from Frozen Foods department, Ordered Brand : Big Time",-12.0648,9.1576,recyclable,,Save Price,Supermarket,4.44 Millions,1.5984 Millions,1508.98,,153.06,325.6721,FELIZ DEsErtO,al,-10.292327772325192,-36.30577725049051,sao jose do rio preto,Sp,-20.81842802837701,-49.39248776604019,3.0
mc_ID_3153,"Single Female with four children, education: high school degree working as skilled manual",360+ monthly,"Hot Beverages from Beverages department, Ordered Brand : CDR",-16.4256,14.972,recyclable,"['Bar For Salad', 'Florist', 'Video Store', 'Ready Food', 'Coffee Bar']",,Gourme7,10.74 Millions,3.6516 Millions,1423.52,465.54,310.3,533.2508,sud mennucci,SP,-20.688153685692427,-50.92019017922427,"SAO PAULO
",SP,-23.65111484251016,-46.75521082321932,5.0
mc_ID_3154,"Single Male with three children, education: graduate degree working as professional",130K+,"Starchy Foods from Starchy Foods department, Ordered Brand : Colossal",21.8039,17.4431,recyclable,['Coffee Bar'],Big Time Saving,SUPARMARKET,5.84 Millions,2.1608 Millions,1236.07,442.92,291.96,710.234,nOVo hAMBurgO,R5,-29.6948240514127,-51.13882357830916,seo JOSe Dos CAmPOS,SP,-23.23724961587513,val: -45.88082955926476,4.0
mc_ID_3155,"MARRIED FEMALE WITH TWO CHILDERN, EDUCATION: BATCHELORS DEGREE WORKING AS MANAGEMENT",70K+,"Snack Foods from Snack Foods department, Ordered Brand : Horatio",-23.4028,21.9493,non recyclable,,Save Price,,$3.76 Millions,1.4664 Millions,1510.23,227.8,151.9,325.6721,nova 	bassano,Rs,-28.72908960540212,-51.70430074576316,$ao paulo,SP,-23.62358155176294,-46.61056007369148,5.0
mc_ID_3156,"Married Female with one child, education: high school degree working as professional",70K+,"Vegetables from Produce department, Ordered Brand : Ebony",measure: 30.2347,27.1822,recyclable,"['Ready Food', 'Coffee Bar', 'Florist', 'Bar For Salad']",Weekend Discount,,8.52 Millions,3.5784 Millions,2055.29,654.13,,measure: 382.0515,sao paulo_,sp,-23.592660045242067,-46.79704030919264,pedreira,SP,-22.73824150585765,-46.8958585777586,amount: 5.0
mc_ID_3157,"Married Male with two children, education: high school degree working as skilled manual",30K+,"Frozen Desserts from Frozen Foods department, Ordered Brand : Golden",17.8792,-14.972,non recyclable,"['Video Store', 'Bar For Salad', 'Ready Food', 'Coffee Bar', 'Florist']",Save Price,Gourmet,$7.78 Millions,3.5788 Millions,1424.85,465.54,310.3,670.486,PongAI, Sp,-21.73513088208474,-49.35838993660011,sao paulo,sP,-23.59978147599399,-46.73530029378497,5.0
mc_ID_3158,"single male with one child, education: high school degree working as professional",90K+,"Side Dishes from Deli department, Ordered Brand : Moms",-24.5657,20.0596,recyclable,"['Bar For Salad', 'Coffee Bar', 'Florist', 'Ready Food']",Dollar Days,dElUxE,6.69 Millions,3.0774 Millions,,654.13,436.09,val: 725.9763,belo horizonte,MG,-19.885757867332217,-43.90770410407414,sao paulo,sp,-23.554133203993324,-46.53048959908248,5.0
mc_ID_3159,"Maried Male with two children , education: high school degree working as skilled manual",30K+,"Frozen Desserts from Frozen Foods department, Ordered Brand : Imagine",12.3119,9.4047,non recyclable,"['Florist', 'Bar For Salad', 'Ready Food', 'Coffee Bar', 'Video Store']",Discount Frenzy,gOuRme7,12.84 Millions,6.0348 Millions,1424.85,,311.5,504.9565,pocos de caldas,MG,-21.79104335195045,-46.56244368105504,ibitinga,SP,-21.7664768468313,-48.83154737836604,5.0
mc_ID_3160,"Marriied  Female  with  four  children,  education:  graduate  degree  working  as  professional",Income: 70K+,"Breakfast Foods from Breakfast Foods department, Ordered Brand : Special",24.7111,23.2575,recyclable,['Florist'],Dollar Days,SUPERMARKET,"10.96 ,000,000illions",5.1512 Millions,1319.25,523.32,349.19,748.0992,saopaulo,SP,-23.56336298733478,amount: -46.4596838214109,sao paulo,SP,amount: -23.65111484251016,-46.75521082321932,1.0
mc_ID_3161,Single Male with No children - education: bachelors degree working as professional,50k,"Bread from Baked Goods department, Ordered Brand : Sphinx",23.2575,20.3503,recyclable,,Sale Winners,Sup3rmarket,3.66 Millions,1.1712 Millions,1508.87,227.8,151.9,720.171,itatiba,SP,measure: -23.01947776599893,-46.85363048752829,guarulhos,SP,-23.46530411469876,-46.51148732089968,amount: 5.0
mc_ID_3162,"Single Female with three children, education: partial high school working as skilled manual",30K+,"Dairy from Dairy department, Ordered Brand : Carlson",24.8564,21.9493,non recyclable,['Coffee Bar'],Weekend Discount,Supermarket,4.4 Millions,1.848 Millions,1235.66,440.92,293.95,364.1649,salgueiro,PE,-8.058475340149235,-39.12500632992536,limeira,SP,-22.599254430886607,-47.37980963550319,amount: 4.0
mc_ID_3164,"Married Female with four children, education: high school degree working as manual",10K+,"Candles from Household department, Ordered Brand : Sunset",17.7338,13.3585,recyclable,,Promo Big,Supermarket,"1.12 ,000,000illions",Data Missing,,457.36,304.32,515.2596,,Sc,-27.64301988374891,-48.6725565749633,ibitinga,Sp,-21.7664768468313,-48.83154737836604,data: 2.0
mc_ID_3167,"Single Male with three children, education: high school degree working as manual",30K+,"Paper Products from Household department, Ordered Brand : Red Wing",12.0357,7.6604,recyclable,"['Coffee Bar', 'Video Store', 'Florist', 'Ready Food', 'Bar For Salad']",Lottery Cash Registerion,Deluxe,5.0 Millions,2.15 Millions,1734.5,503.07,335.38,290.7357,rlo grande,RS,-32.04232063459594,-52.12953397213267, Belo Horizonta,MG,-19.840168078827364,-43.92329932223438,data: 5.0
mc_ID_3168,"Single Female with one child, education: bachelors degree working as professional",50K+,"Magazines from Periodicals department, Ordered Brand : Mighty Good",26.6008,25.0018,recyclable,"['Florist', 'Ready Food', 'Bar For Salad', 'Coffee Bar', 'Video Store']",Money Savers,Deluxe,4.92 Millions,2.1648 Millions,1870.92,593.93,396.98,343.611,sao paulo,SP,-23.59296483014024,-46.708553808759945,ibitinga, SP,-21.7664768468313,-48.83154737836604,5.0
mc_ID_3172,"Married Female with four childran, education: High School degree working as skilled manual",10K+,"Canned Soup from Canned Foods department, Ordered Brand : Bravo",-8.9832,6.0615,recyclable,"['Ready Food', 'Bar For Salad', 'Florist', 'Video Store', 'Coffee Bar']",Price Cutters,"GOurmet
",5.12 Millions,2.4576 Millions,1426.35,465.54,,675.716,niteroi,RJ,-22.96338484831568,-43.03302455048608,limeira,	SP,-22.599254430886607,-47.37980963550319,5.0
mc_ID_3174,"Married Male with one child , education: high school degree working as skilled manual",30K+,"Breakfast Foods from Frozen Foods department, Ordered Brand : Golden",30.9615,26.4554,non recyclable,,Price Destroyers,Supermarket,8.1 Millions,3.564 Millions,1510.18,227.8,153.43,635.1312,GOIENIA,Go,-16.689003076514556,-49.21824785671566,indaiatuba,SP,-23.089034640573622,-47.21441923786709,5.0
mc_ID_3175,"Single Male with three kidren, education: partial HS working as skilled manual",10 Thousand,"Dairy from Dairy department, Ordered Brand : Gorilla",-12.4718,9.5501,recyclable,"['Coffee Bar', 'Bar For Salad', 'Video Store', 'Ready Food', 'Florist']",Bag Stuffer,DELUXE,8.88 Millions,2.9304 Millions,1734.5,503.07,335.38,662.2226,cajobi,SP,val: -20.88071444349366,-48.8111205087521,sumere,SP,-22.828654864562257,-47.267296160568925,5.0
mc_ID_3177,"Married Female with one child, education: high school degree working as manual",30K+ annually,"Frozen Desserts from Frozen Foods department, Ordered Brand : Imagine",29.3626,26.4554,non recyclable,"['Ready Food', 'Bar For Salad', 'Florist', 'Coffee Bar']",Saving Days,Deluxe,"11.32 ,000,000illions",5.2072 Millions,2052.59,656.13,436.66,352.0313,curitiba,PR,-25.51123247821568,-49.30311141618097,"ibItinGa
",SP,-21.7664768468313,-48.83154737836604,4.0
mc_ID_3178,"education: partial high school working as skilled manual, Married Male with two children",10K+ annually,"Snack Foods from Snack Foods department, Ordered Brand : Fast",12.1956,7.8349,recyclable,,Sales Days,Supermarket,$11.6 Millions,5.568 Millions,1623.42,341.05,227.33,743.1307,sao lourenco do sul,RS ,-31.3666332819698,-51.977665473716826,porto alegre,RS,-30.07200823826747,-51.17719962332037,5.0
mc_ID_3179,"Single Female with two children, education: partial high school working as professional",70k,"Jams and Jellies from Baking Goods department, Ordered Brand : Landslide",11.5561,7.1807,recyclable,"['Ready Food', 'Bar For Salad', 'Florist', 'Coffee Bar']",,,4.26 Millions,1.7466 Millions,,656.13,436.85,584.191, Sao pAULo ,5P_,-23.734658908426308,val: -46.68685840272085,santo andre,SP,-23.61571809769749,-46.53118432278263,5.0
mc_ID_3180,"Single Male with one child, education: bachelors degree working as professional",130K+,"Paper Products from Household department, Ordered Brand : Cormorant",-30.0894,28.6358,recyclable,"['Ready Food', 'Bar For Salad', 'Coffee Bar', 'Florist']",Dollar Days,deluxe,2.85Ms,0.855 Millions,2053.33,654.13,,725.9763,porto alegre,RS,-30.02933889702238,-51.21207766403137,sao paulo_,SP,-23.693985995008337,-46.70188324132953,5.0
mc_ID_3181,"Married Female with three children, education: bachelors degree working as professional",600+ monthly,"Snack Foods from Snack Foods department, Ordered Brand : Horatio",-0.1,12.7916,non recyclable,"['Bar For Salad', 'Florist', 'Ready Food', 'Coffee Bar', 'Video Store']",One Day Sale,Deluxe,3.9 Millions,1.794 Millions,,481.98,321.26,767.3456,francisco beltrao,PR,-26.07915296665839,amount: -53.06725661073275,b0rda da mata,MG,-22.264093569966427,-46.15856420525942,4.0
mc_ID_3182,"Single Male with two children, education: partial high school working as manual.",30K+,"Dairy from Dairy department, Ordered Brand : Carlson",24.8564,21.9493,non recyclable,"['Video Store', 'Florist', 'Coffee Bar', 'Ready Food', 'Bar For Salad']",Promo Big,DeIuxe,6.6 Millions,2.772 Millions,1871.16,593.93,397.62,578.2288,americana,SP,-22.75357308071264,-47.3394119839509,piracicaba,SP,-22.71683928585045,-47.65736585405934,amount: 3.0
mc_ID_3183,"Married Female with two children, education: High School degree working as skilled manual",10K+,"Snack Foods from Snack Foods department, Ordered Brand : Fast",19.0421,17.5885,recyclable,"['Florist', 'Ready Food', 'Coffee Bar', 'Video Store', 'Bar For Salad']",Price Winners,DELUXE,12.56 Millions,5.652 Millions,1871.16,593.93,395.71,436.9665,sao paulo,SP,-23.489552640025373,-46.62852859478329,SANTA BARBARA D´OESTE,SP,-22.760477687572443,-47.41281121951772,80%
mc_ID_3185,"married male with no kidren, education: partial high school working as professional",130k,"Frozen Desserts from Frozen Foods department, Ordered Brand : Big Time",26746.10 grams,val: 25.1472,recyclable,['Florist'],You Save Days,Supermarket,4.5 Millions,1.71 Millions,,523.32,349.21,689.3663,porto alegra,RS,measure: -30.04210197584976,-51.18305187425711,sao paulo,SP,val: -23.485253731057767,-46.73312974854289,5.0
mc_ID_3189,"Single Female with four children, education: Bachelors degree working as management",30K+,"Snack Foods from Snack Foods department, Ordered Brand : Nationeel",24.7111,23.2575,recyclable,['Coffee Bar'],Budget Bargains,SupeRMarKeT,€4.7M,1.8632 Millions,1236.07,440.92,293.95,687.5358,rio de janeiro,RJ,-22.95379584124873,-43.18465490536092,sao josa,$C,-27.543786658615705,-48.62567962615467,1.0
mc_ID_3190,"Single Female with one child, education: high school degree working as manual",30K+,"Decongestants from Health and Hygiene department, Ordered Brand : Bird Call",-30.3801,data: 27.3275,recyclable,,Weekend Discount,Supermarket,"5.64 ,000,000illions",2.7072 Millions,1508,227.8,150.65,614.002,Morro R3Uter,RS,-29.54191591014052,-51.06864867979266,LONDRINA, PR ,-23.32532644463037,-51.15843393839796,1.0
mc_ID_3192,"Married Male with one child, education: partial high school working as skilled manual",30K+,"Carbonated Beverages from Beverages department, Ordered Brand : Excellent",25.874,24.275,recyclable,"['Ready Food', 'Bar For Salad', 'Coffee Bar', 'Video Store', 'Florist']",,Gourmet,7.41 Millions,2.7417 Millions,1422.27,,310.13,amount: 281.4786,"ibatiba
",ES,-20.23522317591383,amount: -41.51097291118037,ibi7inga,"SP
",-21.7664768468313,-48.83154737836604,amount: 5.0
mc_ID_3193,"Married Female with one child, education: partial high school working as skilled manual",10K+,"Frozen Desserts from Frozen Foods department, Ordered Brand : Big Time",29.94 kg,28.4904,recyclable,"['Video Store', 'Florist', 'Coffee Bar', 'Bar For Salad', 'Ready Food']",Price Slashers, Deluxe ,€7.7M,4.2676 Millions,1734.5,503.07,335.38,282.9953,t1ete,SP,-23.112239657852275,-47.71121420729847,Sao Jose Dos Campos,SP ,-23.18093790397594,-45.86936250721335,1.0
mc_ID_3194,"Single Male with three kidren, education: partial high school working as professional",130K+,"Breakfast Foods from Frozen Foods department, Ordered Brand : PigTail",25.5832,24.1296,recyclable,,Price Winners,Supermarket,8.96 Millions,4.2112 Millions,2049.72,459.36,305.83,599.358,sao paulo,SP,data: -23.74981810254469,-46.69876375197105,ibitinga,SP,-21.7664768468313,val: -48.83154737836604,5.0
mc_ID_3195,"sINGLE fEMALE WITH THREE CHILDREN, EDUCATION: PARTIAL hs WORKING AS SKILLED MANUAL",10K+,"Eggs from Eggs department, Ordered Brand : Urban",28.0543,25.0018,recyclable,"['Coffee Bar', 'Florist', 'Video Store', 'Ready Food', 'Bar For Salad']",Price Winners,deluxe,$4.7 Millions,1.833 Millions,2038.11,483.98,321.26,R$2634.30,florianopolis,SC,-27.44750424718865,val: -48.39733340340489,sao paulo,SP,-23.61411790980433,-46.60034800222169,4.0
mc_ID_3196,"Married  Male  with  three  childran,  education:  high  school  degree  working  as  manual",30K+,"Meat from Frozen Foods department, Ordered Brand : Carrington",14.4196,12.966,recyclable,['Florist'],Best Savings,Supermarket,2.79 Millions,1.3113 Millions,1320.15,523.32,348.85,281.4786, macae,RJ,-22.36946010240078,-41.798466492098704,sao paulo,sP,-23.537511255832708,-46.63705730743676,3.0
mc_ID_3197,"Married Male with three children, education: high school degree working as manual",30K+,"Eggs from Eggs department, Ordered Brand : Urban",18.8967,data: 14.5359,non recyclable,"['Florist', 'Ready Food', 'Coffee Bar', 'Bar For Salad', 'Video Store']",Dimes Off,,2.6 Millions,0.962 Millions,2038.11,481.98,321.26,602.7575,Sao Pau1O,$P,-23.564189902302505,-46.64356963725542,curitiba,pR,-25.46921399278664,-49.29393514695028,5.0
mc_ID_3198,"Single Female with two kids, education: partial high school working as skilled manual",10K+,"Magazines from Periodicals department, Ordered Brand : Robust",20.9317,val: 19.3328,non recyclable,,Tip Top Savings,,$1.2 Millions,0.456 Millions,2052.33,,304.91,557.8318, sitio do quinto ,BA,-10.365347918039614,-38.20018215319429,sao paulo,SP,-23.541941545934563,-46.49095488842404,3.0
mc_ID_3199,"Married Male with two children, education: batchelors degree working as professional",70k,"Baking Goods from Baking Goods department, Ordered Brand : CDR",31.1069,28.0543,recyclable,,Super Savers,Supermarket,"14.08 ,000,000illions",6.7584 Millions,2049.72,457.36,306.79,339.8977,varz3a grande,PI,-6.550422363513983,-42.25350033156219,sao paulo,Sp,-23.53877907744238,-46.53648566833056,4.0
mc_ID_3200,"Single Female with four children, education: partial high school working as skilled manual",10K+,"Pure Juice Beverages from Beverages department, Ordered Brand : Excellent",23.8389,amount: 20.7864,non recyclable,,Weekend Discount,,16.3 Millions,7.009 Millions,1508,227.8,,735.1811,sao paulo,5P,measure: -23.57155061972768,-46.56516911210353,SAo paulO,sp,-23.62358155176294,data: -46.61056007369148,data: 5.0
mc_ID_3201,"Married Female with No children, education: partial high school working as skilled manual",10K+,"Eggs from Eggs department, Ordered Brand : Urban",-18.8967,14.5359,non recyclable,,Weekend Discount,Supermarket,5.2 Millions,1.976 Millions,1508,227.8,151.9,R$4043.50,belem,PA,data: -1.4219309958450534,-48.46648868235325,BAEPENDI,Mg,-21.956309999999995,-44.882378788136165,amount: 5.0
mc_ID_3203,"Single  Male  with  four  children,  education:  bachelors  degree  working  as  management",50K+,"Bread from Baked Goods department, Ordered Brand : Great",438.39 oz,8.0674,recyclable,"['Bar For Salad', 'Ready Food']",Three for One,Supermarket,16.8Ms,5.88 Millions,2265.9,,570.24,618.4475,belo horizonte,_MG,measure: -20.005392719401,-44.02125420231988,sao jose do rio preto,5P,-20.80243626346376,-49.39562406741489,5.0
mc_ID_3204,"Single Male with one child, education: bachelors degree working as professional",110K+ annually,"Electrical from Household department, Ordered Brand : Red Wing",measure: 14.972,12.0648,recyclable,['Coffee Bar'],,small grocery,3.69 Millions,1.476 Millions,2067.48,,220.55,val: 406.371,CHAPECO,SC,-27.111570666475647,-52.61231533338108,campinas,Sp,-22.88255076242137,-47.04691965736627,3.0
mc_ID_3205,"Single Female with three children, education: partial high school working as manual",10K+,"Eggs from Eggs department, Ordered Brand : Giant",-17.7338,-14.6813,non recyclable,"['Bar For Salad', 'Ready Food']",Roller Savings (High) ,Supermarket,"9.04 ,000,000illions",3.8872 Millions,2265.9,853.22,568.75,356.4245,sao paulo,SP,-23.6224788373536,-46.68981120330083,novo hamburgo,RS,-29.6881809883103,-51.0915608374261,5.0
mc_ID_3206,"Single Female with three children, education: partial college working as clerical, Single Female with three children",30K+,"Dairy from Dairy department, Ordered Brand : Booker",12.2393,7.8785,recyclable,"['Bar For Salad', 'Ready Food']",Shelf Clearing Days,Supermarket,2.82 Millions,1.0434 Millions,2265.9,,569.39,554.903,macei0,	AL,-9.639509171371904,measure: -35.733717083168045,sao  pau1o,Sp,-23.54029947071385,-46.66278360519932,1.0
mc_ID_3208,"Married Female with four kids, education: bachelors degree working as management",70000,"Dairy from Dairy department, Ordered Brand : Gorilla",30.2347,28.6358,recyclable,,Budget Bargains, Mid-SIze,8.79Ms,4.0434 Millions,2822.02,,299.26,654.273,lage5,_SC,val: -27.777300401610013,measure: -50.304583540106165,ilicinea,mg,,data: -45.82709818233235,4.0
mc_ID_3209,"Married Male with one child, education: partial high school working as skilled manual",€8K+,"Vegetables from Frozen Foods department, Ordered Brand : Imagine",22.0946,-1.0,recyclable,"['Bar For Salad', 'Ready Food']",Roller Savings (High) ,Supermarket,7.84Ms,2.744 Millions,2265.9,853.22,568.75,356.4245,s@o paulo,SP_,val: -23.5475884118818,-46.421000747994654,FraNcA_,SP ,data: -20.50234199999999,-47.4215895,val: 5.0
mc_ID_3210,"Married Female with three children, education: partial college working as clerical",30K+,"Kitchen Products from Household department, Ordered Brand : Denny",data: 14.6813,11.7741,non recyclable,"['Bar For Salad', 'Ready Food']",Save Price,Supermarket,3.42 Millions,1.4706 Millions,2448.37,472.27,313.14,406.4756,4rAcAJu,SE,-10.887084994460084,val: -37.07835772468111,,,,,1.0
mc_ID_3212,"Married Male with one child, education: partial high school working as manual",10K+,"Bathroom Products from Health and Hygiene department, Ordered Brand : Consolidated",23984.30 grams,19.6235,recyclable,,,Supermarkat,7.56 Millions,3.2508 Millions,2049.72,457.36,304.99,599.358,salvador,	BA,-13.001442317790987,-38.528011057735554,ribeirao preto,SP,-21.21227916180968,-47.78815176242136,
mc_ID_3213,"Married Male with two children, education: partial high school working as manual",10k,"Specialty from Produce department, Ordered Brand : Tell Tale",16.4256,13.5184,non recyclable,"['Coffee Bar', 'Ready Food', 'Video Store', 'Florist', 'Bar For Salad']",Super Savers,"Deluxe
",8.55 Millions,3.8475 Millions,1525.28,373.1,248.79,755.9442,SAO PAULO,5P,-23.64666879464098,-46.70170205392939,sao bernardo do campo,_$P,-23.724134173502662,-46.57554561519289,4.0
mc_ID_3215,"MaRrIeD FeMaLe w/ ThReE ChIlDrEn, EdUcAtIoN: bAcHeLoRs dEgReE WoRkInG As mAnAgEmEnT",70K+,"Kitchen Products from Household department, Ordered Brand : Sunset",21.0771,19.6235,recyclable,"['Ready Food', 'Video Store', 'Coffee Bar', 'Bar For Salad', 'Florist']",Shelf Clearing Days,,1.89 Millions,0.8127 Millions,1873.47,593.93,,516.7763,santo andre,SP,-23.73067704424196,-46.47813835714726,sau paulo ,5P,-23.468440512490595,-46.72068807496815,5.0
mc_ID_3216,"Married Male with four kids, education: high school degree working as professional",90K or more,"Fruit from Produce department, Ordered Brand : High Top",amount: 10.4949,7.5732,recyclable,"['Florist', 'Bar For Salad', 'Ready Food', 'Coffee Bar']",Budget Bargains,Deluxe,$1.68 Millions,0.8232 Millions,2055.29,,437.31,715.1502,sao PAuLO,SP,-23.49202606368976,-46.4757014239747,scao jose do rio pardo,SP,-21.592175195884263,-46.89389599036144,3.0
mc_ID_3218,"Single Female with one child, education: high school degree working as manual",50K+,"Magazines from Periodicals department, Ordered Brand : Dollar",15.6988,12.7916,non recyclable,"['Video Store', 'Florist', 'Bar For Salad', 'Ready Food', 'Coffee Bar']",Save Price,DELUXE,"5.82 ,000,000illions",1.8042 Millions,1734.5,505.07,333.48,val: 419.9167,girua,RS,-28.02821551115596,-54.35087038660696,i7atiba,SP,-22.993820438600167,-46.81014454759541,data: 5.0
mc_ID_3220,"Single Male with four children, education: partial high school working as skilled manual",10K+,"Decongestants from Health and Hygiene department, Ordered Brand : Hilltop",31.2522,26.8915,recyclable,"['Coffee Bar', 'Bar For Salad', 'Florist', 'Ready Food', 'Video Store']",Save It (Sale),Deluxe,"8.4 ,000,000illions",3.528 Millions,1734.85,503.07,335.74,755.1074,sao jose dos campos,$P,-23.21370730659085,-45.80156830474517,cotia,SP,-23.6051651312828,-46.92504614654623,2.0
mc_ID_3222,"Single Male with one child, education: high school degree working as manual",30K+,"Hygiene from Health and Hygiene department, Ordered Brand : Bird Call",val: 26.8915,22.5307,non recyclable,['Coffee Bar'],Two Day Sale,,7.4Ms,3.256 Millions,,440.92,293.95,data: 477.3944,SaO paulO,SP,-23.6928580013246,val: -46.63964126947597,santoandre,SP,-23.665703457960586,-46.51808196779969,5.0
mc_ID_3224,"Married Male with four children, education: bachelors degree working as professional",Income: 150K+,"Packaged Vegetables from Produce department, Ordered Brand : Ebony",25.1472,22.0946,recyclable,['Florist'],Roller Savings (High) ,SUPERMARKET,6.87Ms,2.9541 Millions,,525.32,348.85,532.6232, Petrolandia ,PE,-8.97445277384061,-38.21986668988561,guarulhos,SP,-23.444148887039063,-46.50655197737896,3.0
mc_ID_3225,"Married Female with four children, education: partial high school working as manual",,"Bathroom Products from Health and Hygiene department, Ordered Brand : Consolidated",18.1699,-15.2627,non recyclable,"['Ready Food', 'Bar For Salad', 'Coffee Bar', 'Video Store', 'Florist']",Dimes Off,Deluxe,$3.94 Millions,1.2214 Millions,2039.54,481.98,322.89,602.7575,rio de jameiro,RJ_,-22.933479697760923,-43.350149913122536,belo horizonte_,MG,-19.840168078827364,-43.92329932223438,1.0
mc_ID_3226,"Married Female with one child, education: HS degree working as manual",360+ monthly,"Canned Sardines from Canned Foods department, Ordered Brand : Better",17.1524,measure: 12.7916,non recyclable,['Coffee Bar'],Green Light Special,Small Grocery,2.4 Millions,0.864 Millions,1423.37,398.93,,665.2037,joacaba,Sc,val: -27.16882094342798,data: -51.51882419291629,punta grossa,PR,-25.090806929770974,-50.15864960866176,3.0
mc_ID_3227,"Single Female with four children, education: partial high school working as manual",$10K+,"Fruit from Produce department, Ordered Brand : Tell Tale",20.0596,17.1524,non recyclable,"['Florist', 'Coffee Bar']",Double Your Savings,Mid-$Ize ,$6.96 Millions,2.2968 Millions,2551.4,389.54,259.66,599.9856,rio  de  janeiro,Rj,measure: -22.92931946221692,-43.23596118471042,maringa,PR,amount: -23.437975269077903,-51.91385959802448,3.0
mc_ID_3229,"Single Female with four children, education: partial high school working as manual",10K+,"Cleaning Supplies from Household department, Ordered Brand : High Quality",11.5851,8.6634,recyclable,['Florist'],Save It (Sale),,7.14 Millions,2.7846 Millions,1317.9,523.32,348.85,427.7617,	iBiUNa,SP,-23.655113618612447,-47.22029237277671,mogi mirim,5P,-22.410052544109128,amount: -46.97276509151268,5.0
mc_ID_3231,"MARRIED MALE WITH NO CHILDREN, EDUCATION: PARTIAL HIGH SCHOOL WORKING AS MANUAL",10K+ annually,"Beer and Wine from Alcoholic Beverages department, Ordered Brand : Pearl",val: 14.347,9.9716,recyclable,"['Ready Food', 'Bar For Salad']",Price Destroyers,Supermarket,2.28Ms,0.912 Millions,2265.9,853.22,568.75,601.7115,rio de janeiro_,RJ,-22.85162121429074,-43.25132808523804,PiRacIcAbA,SP,-22.726257875353635,-47.63781138952056,5.0
mc_ID_3232,"Married Male with three children, education: high school degree working as manual",30K+,"Beer and Wine from Alcoholic Beverages department, Ordered Brand : Top Measure",17.7338,16.1349,recyclable,['Florist'],Saving Days,,1.74Ms,0.696 Millions,1320.15,523.32,349.26,val: 435.4498,sao paulo,5P,measure: -23.60590732760994,-46.62908109623806,betim,Mg,-19.95866259017359,-44.19878943272789,1.0
mc_ID_3233,"Single Male with three children, education: partial high school working as skilled manual",10K+,"Snack Foods from Snack Foods department, Ordered Brand : Nationeel",15.6988,11.338,recyclable,,Full Free,Supermarket,"11.92 ,000,000illions",3.9336 Millions,1506.87,227.8,151.9,660.2352,rio de jan3iro,RJ,data: -23.051775589507898,measure: -43.55382380118115,Tanabi,sp,amount: -20.619786901756022,-49.64820320291271,5.0
mc_ID_3235,"Single Female with one child, education: bachelors degree working as professional",50 Thousand,"Breakfast Foods from Frozen Foods department, Ordered Brand : Imagine",val: 10.4659,data: 6.0906,recyclable,"['Coffee Bar', 'Florist', 'Ready Food', 'Video Store', 'Bar For Salad']",Save Price, DELUXE,11.61 Millions,3.8313 Millions,1734.5,503.07,335.38,419.9167,NOVA IGUacU,Rj,-22.7298350704696,-43.50611554200521,salto,Sp,-23.20591698084141,-47.307845865803,data: 5.0
mc_ID_3237,"Married Female with three children, education: high school degree working as manual",30K+,"Vegetables from Canned Foods department, Ordered Brand : Pleasant",14.1144,amount: 11.2072,recyclable,"['Coffee Bar', 'Bar For Salad', 'Ready Food', 'Florist']",Best Price Savers,Gourmet,2.16 Millions,0.6912 Millions,1564.82,385.45,256.97,558.1979,LAGarTO,SE,-10.915875416925434,-37.673277546952384,uberaba,Mg,-19.762886766028046,-47.93858631709849,1.0
mc_ID_3239,"Single Female with No children, education: high school degree working as management",€76K+,"Electrical from Household department, Ordered Brand : Denny",19.3328,amount: 16.4256,recyclable,,Price Winners,,11.1 Millions,5.55 Millions,,341.05,226.19,543.397,pilar do sul,_SP,-23.821237436073822,-47.71739093523898,Catanduva,SP_,-21.129687082360803,-48.959593387071685,amount: 4.0
mc_ID_3240,"Single Female with three children, education: bachelors degree working as professional",€42K+,"Snack Foods from Snack Foods department, Ordered Brand : Nationeel",15.6988,11.338,recyclable,"['Ready Food', 'Florist', 'Coffee Bar', 'Video Store', 'Bar For Salad']",Save Price,,5.96 Millions,2.7416 Millions,,503.07,335.38,419.9167,ijui,RS,-28.389227656496743,-53.92967622327969,sao paulo,SP,-23.65111484251016,-46.75521082321932,5.0
mc_ID_3241,"Single Female with two kidren, education: high school degree working as management",70000,"Miscellaneous from Checkout department, Ordered Brand : Akron",11.9776,9.0559,non recyclable,"['Video Store', 'Ready Food', 'Florist', 'Coffee Bar', 'Bar For Salad']",,,5.22 Millions,1.7226 Millions,,503.07,336.07,440.1568,sao paulo,SP_,-23.573623473772287,-46.717553378296486,rio de janeiro,RJ,-22.93125598447676,-43.17881321481337,4.0
mc_ID_3242,"Married Male with two children, education: bachelors degree working as professional",150K+,"Vegetables from Produce department, Ordered Brand : Ebony",data: 10.8729,229.71 oz,non recyclable,"['Bar For Salad', 'Ready Food']",Go For It,suPeRmARKET,8.84 Millions,2.8288 Millions,2448.37,470.27,313.55,347.1151,dores do indaia,MG,val: -19.46290665413787,val: -45.60551787600606,sao paulu,SP,-23.46824404524207,-46.585030834727874,5.0
mc_ID_3244,"Single Male with two children, education: graduate degree working as professional",90K+,"Vegetables from Frozen Foods department, Ordered Brand : Imagine",25.5832,-21.2225,recyclable,['Coffee Bar'],Super Duper Savers,SUPermARket,1.53 Millions,0.7038 Millions,1236.07,442.92,293.95,418.4,mogi-guacu,SP,-22.3970091627978,-46.94545202732525,santos,SP,-23.97025376741302,-46.31830300014421,4.0
mc_ID_3245,Married Female with four children - education: partial high school working as manual,10K+,"Jams and Jellies from Baking Goods department, Ordered Brand : Plato",-0.1,25.874,non recyclable,"['Bar For Salad', 'Florist', 'Ready Food', 'Video Store', 'Coffee Bar']",Roller Savings (High) ,DELUXE,2.92 Millions,1.0512 Millions,1734.5,505.07,336.49,440.1568,turmalina,SP,-20.055136500000003,-50.47708949999999,"CURITIBE
",PR,-25.52418339439665,-49.2531228753823,5.0
mc_ID_3246,"Married Male with four children, education: partial high school working as skilled manual",--,"Baking Goods from Baking Goods department, Ordered Brand : Plato",23.9843,19.6235,recyclable,['Coffee Bar'],Best Price Savers,supermarke7,13.28 Millions,5.312 Millions,1236.07,440.92,,349.2594,rio de janeiro,RJ,-22.972956517889177,-43.39706327699233,CAMpo LImpO PAuLIstA,SP,-23.20706431353269,-46.760735214610754,1.0
mc_ID_3248,"Married Male with three children, education: partial high school working as manual",120+ monthly,"Meat from Deli department, Ordered Brand : Cutting Edge",18.7513,amount: 14.376,recyclable,"['Ready Food', 'Video Store', 'Bar For Salad', 'Coffee Bar', 'Florist']",Discount Frenzy,,10.56 Millions,4.1184 Millions,,,395.95,val: 326.352,sao paulo,"SP
",-23.66421977906979,-46.64701046142303,bento 	goncalves,Rs,-29.15900320184248,-51.49977005197258,1.0
mc_ID_3249,"Single Female with four children, education: high school degree working as manual",30K+,"Vegetables from Frozen Foods department, Ordered Brand : Imagine",25.5832,val: 21.2225,recyclable,,Super Duper Savers,Supermarket,1.02Ms,0.306 Millions,2049.7,457.36,305.7,527.7593,campinas,sp,-22.89149811512646,-47.14575284988991,ibitinga,	SP,val: -21.7664768468313,-48.83154737836604,5.0
mc_ID_3250,"Married Male with four children, education: high school degree working as manual",30K+,"Baking Goods from Baking Goods department, Ordered Brand : Landslide",val: 16.4256,13.5184,non recyclable,"['Bar For Salad', 'Florist', 'Video Store', 'Ready Food', 'Coffee Bar']",Bag Stuffer,Deluxe,5.18 Millions,1.7612 Millions,1732.49,503.07,337.16,662.2226,santo angelo,RS,-28.302982775967653,-54.26130006953182,sao paulo,SP ,amount: -23.62358155176294,-46.61056007369148,3.0
mc_ID_3251,"Single Male with No children, education: partial college working as clerical",30K+,"Baking Goods from Baking Goods department, Ordered Brand : Plato",21.0771,18.1699,recyclable,"['Bar For Salad', 'Ready Food']",Three for One,Supermarket,3.9 Millions,1.326 Millions,2265.9,853.22,568.75,618.4475,curitiba,Pr,-25.48129914876794,measure: -49.27064708076061,belo 	horizonte,Mg,-19.91953334886612,-43.93684688980902,4.0
mc_ID_3252,"education: high school degree working as professional, Married Female with four children",70K+,"Snack Foods from Snack Foods department, Ordered Brand : Horatio",28.4904,25.5832,non recyclable,"['Florist', 'Coffee Bar', 'Ready Food', 'Bar For Salad', 'Video Store']",Best Savings,Deluxe,4.54Ms,1.4074 Millions,1871.16,593.93,395.95,278.7067,Barra Mansa, Rj,-22.537845000000004,-44.17191674999998,CURITIBA,SP,-25.491606559524563,-49.28283748666978,5.0
mc_ID_3254,"Single Female with two children, education: high school degree working as management",90K+,"Baking Goods from Baking Goods department, Ordered Brand : Plato",23.9843,19.6235,recyclable,"['Video Store', 'Coffee Bar', 'Florist', 'Bar For Salad', 'Ready Food']",GLD,,9.96 Millions,3.486 Millions,1731.63,503.07,,346.5921,SAO pAUlO,5P,-23.579681908967608,-46.66963177269314,PIRACICABA,SP,-22.71683928585045,-47.65736585405934,measure: 5.0
mc_ID_3256,"Married Male with three children, education: partial high school working as skilled manual",10K+,"Hygiene from Health and Hygiene department, Ordered Brand : Hilltop",12.3555,9.4484,non recyclable,"['Coffee Bar', 'Bar For Salad', 'Ready Food', 'Video Store', 'Florist']",,,7.98 Millions,2.5536 Millions,1733.11,503.07,335.38,646.4803,franca,Sp ,-20.5098975,-47.3978655,,,,,1.0
mc_ID_3257,"Single Male with four children, education: partial high school working as skilled manual",$10K+,"Breakfast Foods from Breakfast Foods department, Ordered Brand : Best",amount: 12.8934,9.9716,recyclable,['Coffee Bar'],Sale Sale Sale,Small GroCeRy,4.94 Millions,1.7784 Millions,1420.81,400.93,265.98,498.3144,mag3,RJ,-22.65596229769078,-43.03617157238929,salt0,	5P,measure: -23.19024365306712,val: -47.291570633360266,5.0
mc_ID_3258,"education: partial high school working as skilled manual, Married Female with No children",10k,"Snack Foods from Snack Foods department, Ordered Brand : Fast",17.8792,16.4256,recyclable,['Florist'],,Supermarket,2.04 Millions,0.7956 Millions,1318.14,523.32,348.85,427.7617,duque de caxias,RJ,-22.7179799820924,-43.31443538668116,"sao paulo
",SP,-23.693985995008337,-46.70188324132953,val: 1.0
mc_ID_3259,"Single Male with four children, education: partial high school working as manual",30K+,"Vegetables from Produce department, Ordered Brand : Hermanos",25.0018,-22.0946,recyclable,,I Cant Believe It Sale,Mid-Size,"11.73 ,000,000illions",4.1055 Millions,2819.7,449.7,299.05,693.498,alegrete ,RS,-29.78622192549547,-55.77079086762944,sao paulo,SP,-23.555682314184303,-46.63309991286275,2.0
mc_ID_3260,"Single Male with No kidren, education: HS degree working as skilled manual",30K or more,"Cold Remedies from Health and Hygiene department, Ordered Brand : Faux Products",21.0771,18.1699,non recyclable,"['Coffee Bar', 'Video Store', 'Florist', 'Bar For Salad', 'Ready Food']",,gourmet,1.59 Millions,0.636 Millions,1422.54,465.54,310.03,718.9158,palmeira,pr,measure: -25.42801578809382,measure: -50.00165790130647,SAo jOSe do RIO pretO,"SP
",-20.80243626346376,-49.39562406741489,5.0
mc_ID_3261,"Single Male with three children, education: partial high school working as manual",10K+,"Baking Goods from Baking Goods department, Ordered Brand : BBB Best",23.4028,measure: 20.4957,non recyclable,['Florist'],You Save Days,,€2.3M,missing,1320.15,523.32,,689.3663,iraucuba,CE,-3.745330305604771,-39.7902115828313,caucaia,CE,amount: -3.769922999999945,-38.65279399999997,5.0
mc_ID_3262,"Single Female with two children, education: high school degree working as professional",110K+,"Dairy from Dairy department, Ordered Brand : Booker",11.9921,7.6314,non recyclable,['Coffee Bar'],Three for One,SmallGrocery,2.88 Millions,1.296 Millions,1423.37,398.93,265.31,713.5289,sao miguel arcanjo,SP,data: -23.876984168948,-47.99714486734041,san7o andre,SP,-23.624784000000005,amount: -46.53954225000001,5.0
mc_ID_3263,"Married Female with two children, education: bachelors degree working as management",50K+,"Candy from Snacks department, Ordered Brand : Choice",31.8337,27.3275,non recyclable,"['Bar For Salad', 'Ready Food']",Roller Savings (High) ,,€4.7M,2.5392 Millions,2265.9,853.22,568.75,356.4245,sao paulo,SP,val: -23.519807581453097,-46.5960457342604,ibitinga,Sp,-21.7664768468313,-48.83154737836604,measure: 5.0
mc_ID_3264,"Married Male with one child , education: partial college working as professional",30k,"Canned Soup from Canned Foods department, Ordered Brand : Blue Label",18.606,15.6988,non recyclable,"['Ready Food', 'Video Store', 'Coffee Bar', 'Bar For Salad', 'Florist']",GLD,"Deluxe
",5.19 Millions,2.5431 Millions,1873.26,593.93,395.47,484.1411,Campinas,SP,-22.820080499999992,-47.03556149999999,sao jose dos pinhais,pr,-25.533552342489493,-49.18726902068778,5.0
mc_ID_3266,"Married Male with two children, education: high school degree working as skilled manual",30K+,"Meat from Deli department, Ordered Brand : American",10.8874,-9.4193,recyclable,"['Florist', 'Bar For Salad', 'Ready Food', 'Coffee Bar', 'Video Store']",Discount Frenzy,Guurmet,11.04 Millions,3.7536 Millions,1424.85,465.54,,504.9565,Sa0 Paulo,SP,-23.526508568411355,-46.731702782676464,sAo PauLo, $p ,measure: -23.51661167998731,-46.59476458159733,1.0
mc_ID_3267,"Married Male with two children, education: partial college working as professional",30K+,"Baking Goods from Baking Goods department, Ordered Brand : CDR",31.1069,data: 28.0543,recyclable,"['Coffee Bar', 'Ready Food', 'Bar For Salad', 'Florist']",Super Duper Savers,Deluxe,10.56 Millions,3.2736 Millions,2055.29,654.13,436.09,364.2695,florianopolis,5C,measure: -27.42517433269942,-48.426350651572776,saquarema_,RJ,-22.91119567907111,val: -42.47940224673698,measure: 3.0
mc_ID_3268,"Single Female with one child, education: partial high school working as skilled manual",10K+,"Carbonated Beverages from Beverages department, Ordered Brand : Skinner",12.0794,10.6258,recyclable,"['Ready Food', 'Coffee Bar', 'Florist', 'Bar For Salad']",,DELUXE,7.34 Millions,3.4498 Millions,2057.61,654.13,436.09,728.9051,sao bernardo do campo,SP,-23.72527983484343,measure: -46.55702673772287,franca,SP,-20.530671079410943,-47.39851931627846,4.0
mc_ID_3269,"Married Female with two kidren, education: partial HS working as manual",10K+,"Fruit from Produce department, Ordered Brand : High Top",19.7689,15.4081,non recyclable,"['Bar For Salad', 'Ready Food']",Three for One,Supermarket,4.8 Millions,2.016 Millions,2448.37,470.27,313.55,656.2604,rECIFe,PE,val: -8.062508669455134,data: -34.89729983389103,5ao paulo,sp,-23.554079433810344,measure: -46.53324185942636,data: 4.0
mc_ID_3270,"Married Male with three children, education: partial high school working as management",130k,"Bread from Baked Goods department, Ordered Brand : Fantastic",-16.8617,13.9545,non recyclable,,Two Day Sale, Mid-Size,2.52Ms,0.9828 Millions,2820.08,447.7,297.55,$495.75,santo andre,"SP
",-23.681251529834388,-46.509166226470136,JAcarel,SP,-23.29818595956356,-45.974828011182304,5.0
mc_ID_3271,Married Female with five children + education: partial high school working as skilled manual,10K+,"Hot Beverages from Beverages department, Ordered Brand : Landslide",val: 21.6585,18.606,non recyclable,,Two for One,,10.65Ms,3.621 Millions,2046.9,,,data: 300.8296,recife,PE,-8.043481236193653,-34.94853763266778,sao paulo,SP,-23.608841469328887,-46.60984215375959,4.0
mc_ID_3272,"SINGLE FEMALE WITH THREE CHILDREN, EDUCATION: BACHELORS DEGREE WORKING AS PROFESSIONAL",90K+,"Frozen Entrees from Frozen Foods department, Ordered Brand : Carrington",30.8162,measure: 29.3626,recyclable,"['Florist', 'Ready Food', 'Coffee Bar', 'Video Store', 'Bar For Salad']",Two Day Sale,Gourmet,5.31Ms,2.5488 Millions,1424.85,465.54,311.06,783.1925,SAO PAULO,SP,-23.577469384937032,-46.56476410483442,sAo pAUlO,5P,-23.555682314184303,-46.63309991286275,val: 5.0
mc_ID_3273,"Single Female with two children, education: partial high school working as skilled manual",10K+,"Hot Beverages from Beverages department, Ordered Brand : Super",15.9895,11.6287,recyclable,"['Florist', 'Bar For Salad', 'Coffee Bar', 'Ready Food', 'Video Store']",Sale : Double Down,Deluxe_,2.0 Millions,0.78 Millions,1525.28,373.1,250.59,746.3733,ibiuna,Sp,data: -23.655113618612447,-47.22029237277671,_ribeirao preto,5p,-21.17121748495008,-47.81941847157649,val: 4.0
mc_ID_3275,"Married Female with five children, education: partial high school working as skilled manual",10K+,"Frozen Entrees from Frozen Foods department, Ordered Brand : Carrington",13.17 kg,8.8088,recyclable,"['Bar For Salad', 'Florist', 'Video Store', 'Ready Food', 'Coffee Bar']",Two for One,Deluxe,7.05 Millions,2.256 Millions,2038.11,481.98,321.26,358.9349,cachoeiro de itapemirim,ES,measure: -20.84936259522784,-41.11521241330253,PENAPOLIS, SP,-21.426570046543283,data: -50.06791761043272,val: 3.0
mc_ID_3276,"Single Male with four children, education: high school degree working as manual, education: high school degree working as manual",30K+,"Hot Beverages from Beverages department, Ordered Brand : CDR",12.748,11.2944,non recyclable,"['Video Store', 'Coffee Bar', 'Ready Food', 'Bar For Salad', 'Florist']",,GOURMET,8.34 Millions,2.5854 Millions,1426.85,,310.3,351.7175,sao paulo,SP,val: -23.556926913670807,val: -46.6615417904381,ribeIRao prEto,SP,-21.210104711049134,-47.80139005429387,1.0
mc_ID_3278,"Married Female with two children, education: bachelors degree working as professional",90K+,"Vegetables from Produce department, Ordered Brand : Tri-State",25.4379,21.0771,non recyclable,,You Save Days,Supermarket,2.01 Millions,0.9447 Millions,1508,227.8,151.9,565.9906,saO PaULo,	$P,-23.582148872612336,-46.68638063183105,maringa,pr,-23.42880633856904,-51.97183135000928,4.0
mc_ID_3279,"Single Male with two children, education: high school degree working as management",70K+,"Snack Foods from Snack Foods department, Ordered Brand : Nationeel",712.71 oz,18.606,non recyclable,['Coffee Bar'],Weekend Discount,Supermarket,4.52 Millions,2.1696 Millions,1236.07,440.92,293.95,val: 364.1649,belo horizont3,MG,-19.917625059698125,-43.91323566831868,votorantim,SP,-23.540699932021333,-47.45842622799934,5.0
mc_ID_3280,"Married Male with three children, education: partial high school working as professional",110K+,"Bathroom Products from Health and Hygiene department, Ordered Brand : Hilltop",measure: 19.9142,data: 15.4081,recyclable,"['Ready Food', 'Bar For Salad']",Super Savers,supermarket,6.76 Millions,2.366 Millions,2449.36,470.27,314.53,719.3865,curitiba,PR,-25.432110597005,amount: -49.25976793963871,ibitinga, sp ,-21.7664768468313,-48.83154737836604,2.0
mc_ID_3281,"Single Male with one child, education: bachelors degree working as professional",50K+,"Vegetables from Produce department, Ordered Brand : Tri-State",9.6809,6.7592,recyclable,"['Bar For Salad', 'Florist', 'Ready Food', 'Coffee Bar']",,Deluxe,10.0 Millions,3.6 Millions,2055.29,656.13,,382.0515,Trairi,CE_,-3.220680429635581,-39.268772774308815,"CAMPO LIMPO PAULISTA
",SP,-23.20706431353269,-46.760735214610754,
mc_ID_3282,"Married Female with three childern, education: high school degree working as manual",600+ monthly,"Eggs from Eggs department, Ordered Brand : National",30.9615,27.909,non recyclable,"['Florist', 'Bar For Salad', 'Coffee Bar', 'Ready Food']",Promo Big,,8.67 Millions,2.7744 Millions,2055.29,654.13,436.09,267.3576,SAO PAULO,SP,-23.4354855545329,-46.79097199417163,R1O DE JANEIRO,RJ,?,-43.29762071175495,amount: 5.0
mc_ID_3286,"Single Female with No children, education: high school degree working as professional",1320+ monthly,"Snack Foods from Snack Foods department, Ordered Brand : Horatio",26.6008,22.0946,recyclable,['Coffee Bar'],,Supermarket,8.46 Millions,3.5532 Millions,1234.48,440.92,293.95,349.2594,	uberaba,mG,-19.762886766028046,-47.93858631709849,sao paulo,Sp,val: -23.54052887362136,-46.44848419206763,1.0
mc_ID_3287,"MARRIED FEMALE WITH TWO CHILDREN, EDUCATION: PARTIAL HIGH SCHOOL WORKING AS MANUAL",Income: 10K+,"Hardware from Household department, Ordered Brand : Sunset",28.4904,25.5832,recyclable,"['Bar For Salad', 'Ready Food']",,Supermarket,3.66 Millions,1.098 Millions,2448.37,472.27,312.3,501.9754, sao paulo ,	sp,-23.541718547319537,-46.64883066180968,ribeirao preto,5P,amount: -21.174925033585303,-47.7686162776848,2.0
mc_ID_3288,"Married Male with five children, education: bachelors degree working as professional",50K+,"Dairy from Dairy department, Ordered Brand : Gorilla",26.46 kg,22.0946,recyclable,"['Coffee Bar', 'Bar For Salad', 'Video Store', 'Florist', 'Ready Food']",Save It (Sale),,5.37 Millions,1.7721 Millions,1424.85,,310.3,427.7617,mage,rj,-22.610756596789887,-43.15974082935956,Rio De Janeiro,Rj,val: -22.86881073397188,-43.2496625858511,4.0
mc_ID_3290,"Married Female with one child, education: partial college working as professional",30K+,"Hygiene from Health and Hygiene department, Ordered Brand : Steady",12.92 kg,8.56 kg,non recyclable,,Full Free,Supermarket,6.42 Millions,2.889 Millions,1508,227.8,151.9,660.2352,rio de janeiro,rj,-22.89844010101571,-43.28117498222639,Atibaia,sp,-23.120273860118864,-46.56362790244673,1.0
mc_ID_3291,"Married Male with three kids, education: bachelors degree working as management",50K+,"Candy from Snacks department, Ordered Brand : Thresher",23.07 lbs,7.5441,non recyclable,"['Coffee Bar', 'Florist', 'Ready Food', 'Bar For Salad', 'Video Store']",Big Time Saving,Deluxe,€4.6M,2.0091 Millions,1871.16,593.93,395.95,measure: 676.6574,rio de janeiro,RJ ,amount: -22.98683086984238,-43.19030363696695,montes claros,mg,-16.718833477927223,-43.8691627456287,4.0
mc_ID_3294,"Single Female with two children, education: high school degree working as skilled manual",30K+,"Canned Oysters from Canned Foods department, Ordered Brand : Pleasant",12.2974,10.8438,non recyclable,"['Ready Food', 'Coffee Bar', 'Florist', 'Bar For Salad']",Discount Frenzy,Delux3,4.86 Millions,1.458 Millions,2058.18,654.13,436.41,779.6884,pouso alegre,MG,amount: -22.22039807649275,val: -45.939891873985935,borda da mata,mg,-22.264093569966427,-46.15856420525942,5.0
mc_ID_3296,"Married Male with two children, education: partial high school working as manual",10K+,"Eggs from Eggs department, Ordered Brand : National",30.9615,27.909,non recyclable,['Coffee Bar'],Sale Sale Sale,Supermarket,5.78 Millions,2.4276 Millions,1236.07,440.92,293.95,473.7334,Rio De Janeiro,rj,-22.87891050764605,-43.42528383527613,sao paulo,SP,-23.626053031363607,amount: -46.554888478215695,5.0
mc_ID_3297,"Married Female with three children, education: bachelors degree working as professional",70K or more,"Fruit from Produce department, Ordered Brand : Tri-State",30.5255,29.0719,recyclable,,You Save Days,,$5.46 Millions,2.3478 Millions,1510.84,227.8,151.9,565.9906,sao paulo,	sp,-23.611209653067107,-46.72386238343238,hortolandia,Sp,-22.887514996879027,-47.19573904628551,5.0
mc_ID_3298,"Married Male with three children, education: partial high school working as manual",10K+,"Beer and Wine from Alcoholic Beverages department, Ordered Brand : Walrus",-28.1997,25.1472,recyclable,"['Ready Food', 'Bar For Salad', 'Coffee Bar', 'Florist', 'Video Store']",,GOURMET,5.68 Millions,2.2152 Millions,1424.85,465.54,310.3,675.716,Porto Alegre,RS,-30.058735578683137,-51.22157241147777,umuarama,PR,-23.748416432474365,-53.29690112215509,5.0
mc_ID_3299,"Married Female with four children, education: partial high school working as skilled manual",10K+,"Pain Relievers from Health and Hygiene department, Ordered Brand : Bird Call",amount: 22.3853,19.3328,non recyclable,"['Florist', 'Ready Food', 'Bar For Salad', 'Video Store', 'Coffee Bar']",Two Day Sale,Deluxe,6.64 Millions,3.1208 Millions,2038.11,483.98,321.26,495.7517,brasilia,DF,-15.838528302842304,-48.110470859171926,sao paulo,SP,val: -23.693985995008337,-46.70188324132953,5.0
mc_ID_3303,"Single Male with four children, education: high school degree working as professional",110K+,"Electrical from Household department, Ordered Brand : Cormorant",17.4431,13.0823,recyclable,"['Video Store', 'Coffee Bar', 'Bar For Salad', 'Ready Food', 'Florist']",Save Price,Gourmet,10.28 Millions,3.7008 Millions,1424.85,465.54,,670.486,Patos De Minas,MG,-18.57822401746708,val: -46.5130299667096,campinas,SP,-22.90081444463038,-46.99864279239999,1.0
mc_ID_3306,"Married Male with five children, education: partial high school working as manual",10K+,"Snack Foods from Snack Foods department, Ordered Brand : Fast",23.4028,-999.0,recyclable,"['Ready Food', 'Coffee Bar', 'Bar For Salad', 'Florist', 'Video Store']",Two Day Sale,goURmET,€7.5M,4.425 Millions,1424.85,465.54,310.3,783.1925,riO de janeIRO,RJ,-22.99399656731484,-43.23396766206948,Sau Paulo,SP,-23.62358155176294,-46.61056007369148,5.0 stars
mc_ID_3307,"Single Male with four children, education: graduate degree working as professional",70 Thousand,"Fruit from Produce department, Ordered Brand : Tell Tale",13.562,10.6403,recyclable,,Tip Top Savings,Supermarket,"1.83 ,000,000illions",0.7686 Millions,2049.72,459.36,304.91,557.8318,sao mateus,ES,data: -18.71581208449125,-39.87296374035442,SAO PAULO,SP,-23.50412273877685,-46.6246075311652,5.0
mc_ID_3308,"Single Male with four children, education: high school degree working as skilled manual",30K+,"Meat from Meat department, Ordered Brand : Gerolli",28.3451,25.4379,recyclable,"['Bar For Salad', 'Florist', 'Coffee Bar', 'Ready Food']",Sale : Double Down,Deluxe,4.02 Millions,1.8492 Millions,2055.29,654.13,436.09,500.7202,JABOATAO DOS GUARARAPES,PE,-8.198545117404331,-34.91841835152051,Curi7Iba,PR,-25.464029318048183,-49.30472794690424,5.0
mc_ID_3310,"Married Female with three children, education: bachelors degree working as professional",70K+,"Vegetables from Produce department, Ordered Brand : Tri-State",val: 9.6809,6.7592,recyclable,['Coffee Bar'],,Supermarket,10.0 Millions,4.5 Millions,1236.07,440.92,293.95,745.0135,teresopolis,RJ,-22.430047012910247,-42.96533733393267,Sumare,SP,amount: -22.828654864562257,-47.267296160568925,5.0
mc_ID_3311,"Married Female with four children, education: partial college working as professional",€25K+,"Dairy from Dairy department, Ordered Brand : Carlson",17.7338,16.1349,non recyclable,"['Florist', 'Ready Food', 'Coffee Bar', 'Bar For Salad', 'Video Store']",Promo Big,Gourmet,"1.62 ,000,000illions",0.7776 Millions,,,311.33,612.1192,juiz d3 fora,MG,-21.76282506633389,-43.34295644532287,campinas,SP,-22.933200411915568,-47.04106490766075,5.0
mc_ID_3312,"Married Male with two children, education: bachelors degree working as management",150K+,"Baking Goods from Baking Goods department, Ordered Brand : Landslide",30.8162,29.3626,recyclable,['Florist'],Roller Savings (High) ,,$7.08 Millions,3.4692 Millions,1320.15,523.32,347.6,532.6232,carapicuiba,SP,-23.55530825212225,-46.85588504889215,scao jose du rio pardo,$P,-21.592175195884263,-46.89389599036144,val: 4.0
mc_ID_3313,"Married Male with No children, education: partial high school working as manual",30K+,"Paper Products from Household department, Ordered Brand : Sunset",11.6287,10.1752,non recyclable,['Coffee Bar'],,SUPERMARKET,2.58 Millions,1.2642 Millions,1236.07,442.92,293.95,722.9429,barao de cokais,MG,-19.932704332340645,-43.48527861588372,sao paulo,$P,measure: -23.693985995008337,-46.70188324132953,4.0
mc_ID_3314,"Single Female with three children, education: partial high school working as skilled manual",10K+,"Snack Foods from Snack Foods department, Ordered Brand : Fast",-13.1114,10.2042,recyclable,,Two for One,Mid-Size,"9.24 ,000,000illions",3.5112 Millions,2819.7,449.7,298.5,amount: 646.5849,maringa,PR,measure: -23.40870190356673,-51.94097450684423,tabatiñga,SP,-21.72886646318172,measure: -48.68881488220222,1.0
mc_ID_3315,"Single Male with No children, education: partial college working as professional",50k,"Vegetables from Frozen Foods department, Ordered Brand : PigTail",14.8266,11.9049,recyclable,"['Ready Food', 'Bar For Salad']",Super Savers,Supermarket,2.54 Millions,1.1684 Millions,2448.37,470.27,313.55,719.3865,macae,rj,val: -22.36946010240078,-41.798466492098704,5Ao Paulo_,SP,-23.537511255832708,-46.63705730743676,3.0
mc_ID_3317,"Married Male with four children, education: high school degree working as professional",90K+,"Jams and Jellies from Baking Goods department, Ordered Brand : CDR",-0.1,33.65 lbs,recyclable,"['Ready Food', 'Bar For Salad', 'Florist', 'Coffee Bar']",Promo Big,Deluxe,5.58 Millions,2.6784 Millions,2055.29,654.13,434.92,267.3576,Niteroi,RJ,-22.89428279372572,-43.12073703239408,ibitinga,5P,-21.7664768468313,-48.83154737836604,5.0
mc_ID_3318,"Single Male with five children, education: partial high school working as skilled manual",10K+,"Electrical from Household department, Ordered Brand : Red Wing",16.1349,11.7741,non recyclable,"['Coffee Bar', 'Ready Food', 'Florist', 'Bar For Salad']",Shelf Emptiers,Gourmet,9.92 Millions,4.1664 Millions,1561.94,385.45,256.97,773.0986,santa maria da boa vista,PE,-8.798637822387784,-39.824879984911526,sumare,SP,-22.828654864562257,-47.267296160568925,4.0
mc_ID_3319,"Married Female with four children, education: bachelors degree working as professional",50K+,"Vegetables from Produce department, Ordered Brand : High Top",12.3701,9.4629,recyclable,,Super Savers,mid-size,10.35 Millions,3.726 Millions,2085.67,783.64,521.18,531.4203,amtonio prado,rs,-28.848240941404573,-51.27329015376859,sao paulu,_SP,-23.536864121011018,data: -46.63349313820771,2.0
mc_ID_3321,"Single Male with two children, education: high school degree working as manual",$30K+,"Magazines from Periodicals department, Ordered Brand : Gauss",23.40 kg,21.9493,recyclable,,Savings Galore,Supermarket,8.34 Millions,3.2526 Millions,,457.36,304.61,amount: 714.2611,porto alegre,RS,-30.05198212155928,-51.18651997336826,Guarulhos,SP,-23.496488565250488,-46.54671310832206,1.0
mc_ID_3322,"Married Female with five children, education: bachelors degree working as professional",50K+,"Specialty from Produce department, Ordered Brand : High Top",15.8442,data: 11.4688,non recyclable,"['Ready Food', 'Bar For Salad', 'Florist', 'Coffee Bar']",Save Price,DElUXE,8.44 Millions,3.6292 Millions,2055.29,656.13,436.06,584.191,Rio De JAnEiro,RJ,-22.88712561471496,-43.59933516863879,petropolis ,rJ,-22.549033360244323,-43.210094724044055,5.0
mc_ID_3323,"Married Female with three children, education: partial high school working as professional",90K+,"Bread from Baked Goods department, Ordered Brand : Modell",14.972,13.5184,recyclable,['Florist'],Weekend Discount,Supermarket,2.52 Millions,1.0332 Millions,1321.49,523.32,348.85,279.1251,brasilla,DF,data: -15.841450954140925,-48.024025688112914,santo angelo,R$,-28.281003423550747,-54.258283178397335,5.0
mc_ID_3324,"Married Female with five children, education: bachelors degree working as professional",70K+,"Beer and Wine from Alcoholic Beverages department, Ordered Brand : Walrus",val: 28.9265,25.874,non recyclable,,Super Savers,Supermarket,9.64 Millions,4.82 Millions,2049.72,457.36,306.18,339.8977,santa  rita  de  caldas,MG,-22.03374110992265,-46.33238183204734,BeLo hoRIZonte,mg,-19.878513898894187,-43.95694702879617,measure: nan
mc_ID_3325,"Married Female with four kids, education: bachelors degree working as professional",50000,"Hot Beverages from Beverages department, Ordered Brand : CDR",16.4256,14.972,recyclable,"['Ready Food', 'Florist', 'Video Store', 'Bar For Salad', 'Coffee Bar']",Pick Your Savings,Deluxe,"10.74 ,000,000illions",3.759 Millions,2038.11,481.98,321.26,739.4174,santo andre, SP,-23.627599742714523,amount: -46.49554835636796,franco da rocha,SP,-23.295096434365902,-46.708240939623,5.0
mc_ID_3326,"Single Female with four childran, education: High School degree working as manual",€25K+,"Vegetables from Produce department, Ordered Brand : Tri-State",measure: 23.1121,20.06 kg,recyclable,,Go For It,Supermarket,10.12 Millions,3.7444 Millions,2049.72,457.36,306.56,509.6635,belo horizonte,Mg,-19.90179566778229,-44.00424794061967,Sao Paulu,5p,-23.50403914126612,-46.7311139948641,5.0
mc_ID_3327,Single Male with five children + education: partial high school working as manual,10K or more,"Jams and Jellies from Baking Goods department, Ordered Brand : BBB Best",11.12,6.7592,recyclable,"['Ready Food', 'Coffee Bar', 'Bar For Salad', 'Video Store', 'Florist']",Lottery Cash Registerion,Deluxe,4.44Ms,1.6872 Millions,1734.5,505.07,335.38,data: 290.7357,santo andre_,sp,val: -23.653211574239744,-46.55446338438468,sao paulo,SP,-23.539167062727213,-46.71731556994055,1.0
mc_ID_3329,"Single Female with one child, education: partial high school working as professional",150K or more,"Dairy from Dairy department, Ordered Brand : Gorilla",26.4554,22.0946,recyclable,"['Video Store', 'Bar For Salad', 'Coffee Bar', 'Florist', 'Ready Food']",One Day Sale,Deluxe,5.37 Millions,2.0406 Millions,1734.96,505.07,335.38,689.0525,sao paulo,SP,-23.583489065785624,-46.68508055092622,JOINVILLE,SC,-26.330548143460163,-48.88090174304856,val: 5.0
mc_ID_3330,"Single Male with three children, education: partial high school working as professional",70000,"Dairy from Dairy department, Ordered Brand : Booker",26.8915,22.5307,non recyclable,"['Florist', 'Ready Food', 'Video Store', 'Bar For Salad', 'Coffee Bar']",Promo Big,,13.32 Millions,4.1292 Millions,1873.35,593.93,395.95,578.2288,jundiai,SP,-23.221847481562573,-46.86292270289681,cotia,SP,-23.60931570674486,,5.0
mc_ID_3331,"Single Female with one child, education: high school degree working as skilled manual",30K+ annually,"Hot Beverages from Beverages department, Ordered Brand : CDR",12.748,11.2944,non recyclable,,Price Winners,Supermarket,5.56 Millions,1.7792 Millions,1623.97,341.05,226.17,586.7537,piracicaba,SP,-22.74098779744896,-47.60706025967849,Sao Paulo,$P,data: -23.50869470774424,-46.48672956633388,5.0
mc_ID_3334,"married male with four children, education: partial high school working as manual",10K+,"Pain Relievers from Health and Hygiene department, Ordered Brand : Hilltop",12.748,11.2944,recyclable,"['Coffee Bar', 'Bar For Salad', 'Ready Food', 'Florist']",Saving Days,Gourmet,7.2 Millions,2.376 Millions,1564.2,385.45,256.97,474.0995,"mafra
",sc,amount: -26.11990678126073,measure: -49.803153488260165,sAO JosE do RIo PretO,SP,measure: -20.80243626346376,-49.39562406741489,1.0
mc_ID_3335,"Single Female with one child, education: high school degree working as skilled manual",30K+,"Beer and Wine from Alcoholic Beverages department, Ordered Brand : Good",10.2769,8.8233,recyclable,['Florist'],Dollar Days,,11.73 Millions,4.1055 Millions,1317.22,523.32,,748.0992,ubatuba,SP,-23.43162669109582,-45.07722870122336,rio de janeiro,RJ,-22.93125598447676,-43.17881321481337,4.0
mc_ID_3336,"Married Male with three children, education: partial high school working as manual",10K+,"Beer and Wine from Alcoholic Beverages department, Ordered Brand : Walrus",14.3906,data: 10.0153,recyclable,"['Coffee Bar', 'Bar For Salad', 'Video Store', 'Ready Food', 'Florist']",Price Cutters,Deluxe,11.4 Millions,3.762 Millions,1525.28,373.1,248.79,data: 642.0871,jequie,BA,-13.862727524363388,-40.08964220300229,nil0polis,RJ,-22.815880447852667,-43.41899267551425,1.0
mc_ID_3337,"Single Male with four children, education: high school degree working as manual",30K+,"Eggs from Eggs department, Ordered Brand : Jumbo",10.7275,data: 7.8203,recyclable,,,Supermarket,10.72 Millions,3.6448 Millions,2047.13,,304.91,300.8296,sao paulo,SP,-23.63280320739602,-46.739237617304966,ibiting@,SP,-21.7664768468313,-48.83154737836604,5.0
mc_ID_3338,"Single Female with No kidren, education: HS degree working as management",90K+,"Kitchen Products from Household department, Ordered Brand : High Quality",30.3801,27.3275,recyclable,,,Supermarket,2.88 Millions,0.9216 Millions,,341.05,,353.7049,BELO HORIZONTE,Mg,-19.92214631334759,val: -43.92783530223908,santa rita du sapucai,MG,-22.243203015748463,-45.71330344759827,5.0
mc_ID_3339,Married Male with two children and education: high school degree working as manual,$30K+,"Meat from Deli department, Ordered Brand : Moms",25.1472,23.5482,recyclable,"['Coffee Bar', 'Ready Food', 'Florist', 'Video Store', 'Bar For Salad']",Full Free,,4.44 Millions,1.4208 Millions,1734.5,503.07,335.38,752.2309,sao  paulo,SP,-23.57563370053088,-46.64381062559864,piracicaba,SP,-22.71683928585045,measure: -47.65736585405934,5.0
mc_ID_3340,"Single Male with No children, education: high school degree working as management",110K+,"Breakfast Foods from Frozen Foods department, Ordered Brand : Golden",11.4834,7.1226,recyclable,"['Bar For Salad', 'Florist', 'Coffee Bar', 'Ready Food']",Save Price,Deluxe ,2.48Ms,1.116 Millions,2055.29,654.13,436.06,584.191,campo limpo pauliste,Sp,-23.212470018575537,-46.7944565151719,embu guacu,SP,val: -23.82852167738724,amount: -46.814795982633896,4.0
mc_ID_3341,Single Female with three children; education: partial college working as skilled manual,50K+,"Canned Tuna from Canned Foods department, Ordered Brand : Blue Label",25.0018,22.0946,recyclable,['Coffee Bar'],Best Price Savers,Small Grocery,3.1 Millions,1.519 Millions,2069.04,330.83,219.79,495.2287,Boituva,SP,-23.279657630556585,-47.6618565754143,sao paulo,$P,amount: -23.59272363197529,measure: -46.6315844403312,5.0
mc_ID_3342,"Single Female with three children, education: graduate degree working as professional",130K+,"Snack Foods from Snack Foods department, Ordered Brand : Best Choice",21367.80 grams,646.05 oz,recyclable,"['Coffee Bar', 'Ready Food', 'Bar For Salad', 'Florist', 'Video Store']",Big Time Discounts,Deluxe,2.58Ms,0.8256 Millions,1734.5,503.07,335.38,val: 583.1973,Sao Paulo,SP,amount: -23.501596306134218,-46.51654693810951, lbitinga ,sp,-21.7664768468313,-48.83154737836604,4.0
mc_ID_3344,"Single Female with No kidren, education: bachelor'ss degree working as professional",50K+,"Jams and Jellies from Baking Goods department, Ordered Brand : Landslide",10.5822,9.1286,recyclable,"['Ready Food', 'Florist', 'Bar For Salad', 'Video Store', 'Coffee Bar']",Save Price,Deluxe,5.6 Millions,2.128 Millions,1734.5,503.07,335.38,419.9167,franco da rocha,sp,-23.3260510959052,-46.74858284830127, Jau,SP,-22.27568678711987,-48.542599749927895,5.0
mc_ID_3345,"Married Male with three children, education: high school degree working as manual",30K+,"Pizza from Frozen Foods department, Ordered Brand : Big Time",val: 10.1461,-5.7853,recyclable,"['Bar For Salad', 'Ready Food']",Full Free,Supermarket,€4.2M,1.55 Millions,2265.9,853.22,568.75,736.907,santo 	antonio 	de 	padua,Rj,-21.53063424894017,-42.19299779303212,NITEROI,RJ,val: -22.88248286955392,-43.0886607547753,5.0
mc_ID_3346,"Single Male with one child, education: high school degree working as manual",30K or more,"Vegetables from Produce department, Ordered Brand : Tell Tale",13.2132,8.8524,non recyclable,"['Florist', 'Video Store', 'Coffee Bar', 'Bar For Salad', 'Ready Food']",Big Time Discounts,Deluxe,$5.2 Millions,2.444 Millions,2038.11,483.98,,328.1302,_sao vicente,SP,-23.961160517394685,-46.38992802030856,sao paulo,SP,-23.74028612323272,-46.69436740882336,4.0
mc_ID_3347,"Single Male with No children, education: bachelors degree working as professional",70K+,"Specialty from Produce department, Ordered Brand : Ebony",-25.0018,measure: 20.641,recyclable,,Sales Days,Supermarket,3.36 Millions,1.5456 Millions,2049.72,459.36,304.91,amount: 610.5502,soledade,RS,-28.83126025051752,-52.51073263982766,Sao Jose Do Rio Preto,SP,val: -20.80243626346376,-49.39562406741489,5.0
mc_ID_3348,"Married Male with one child, education: partial high school working as skilled manual",10K+,"Vegetables from Produce department, Ordered Brand : Hermanos",-23.4028,20.4957,recyclable,"['Bar For Salad', 'Ready Food', 'Florist', 'Coffee Bar']",Super Savers,Deluxe,13.08Ms,6.0168 Millions,2055.29,656.13,,373.9973,sao paulo,SP,-23.50257293484837,-46.69754189370448,sAO PauLo,$P,-23.47623536441803,-46.58210664723873,5.0
mc_ID_3350,"Single Male with three children, education: bachelors degree working as professional",50K+,"Jams and Jellies from Baking Goods department, Ordered Brand : Plato",18.3153,-16.8617,recyclable,"['Ready Food', 'Coffee Bar', 'Video Store', 'Florist', 'Bar For Salad']",,De1uxe,6.66 Millions,2.0646 Millions,1525.28,373.1,247.08,403.9652,Data Missing,SP,-20.405604560394835,-49.99195266803888,sao paulo,SP,-23.693985995008337,-46.70188324132953,5.0
mc_ID_3351,"Single Female with one child, education: partial high school working as skilled manual",10K+,"Canned Sardines from Canned Foods department, Ordered Brand : Better",17.1524,12.7916,non recyclable,,Full Free,Supermarket,4.8 Millions,2.016 Millions,1508.76,227.8,152.46,660.2352,rio de janeiro,Rj,-22.950922714957603,-43.18739520231989,maua,SP,-23.68011442853022,-46.4524537436668,5.0
mc_ID_3352,"Single Male with three children, education: high school degree working as manual",30K+,"Vegetables from Produce department, Ordered Brand : High Top",21.3678,amount: 16.8617,recyclable,"['Video Store', 'Coffee Bar', 'Ready Food', 'Florist', 'Bar For Salad']",Two Day Sale,deluxe,"7.74 ,000,000illions",3.0186 Millions,2038.11,481.98,322.47,data: 495.7517,sao paulo,SP,-23.48653952622772,-46.57926775506377,itatiba,SP,-22.99567770323237,val: -46.857106243157794,3.0
mc_ID_3354,Single Male with two children; education: partial high school working as professional,110K+,"Frozen Entrees from Frozen Foods department, Ordered Brand : Golden",26.6008,-23.5482,recyclable,,Big Time Discounts,Supermarket,1.77 Millions,0.7965 Millions,1510.64,227.8,151.9,val: 574.9339,SAO PAULO,SP,-23.609703174851425,-46.66192238204739,sao paulo,SP,-23.472335179294816,-46.64636526449883,5.0/5.0
mc_ID_3358,"Single Female with two children, education: partial high school working as skilled manual",$30K+,"Snack Foods from Snack Foods department, Ordered Brand : Fast",27.0368,24.1296,recyclable,"['Ready Food', 'Bar For Salad', 'Video Store', 'Florist', 'Coffee Bar']",One Day Sale,Deluxe,1.1 Millions,0.407 Millions,1871.16,595.93,395.2,360.3993,MUTUM PARANA,_RO,amount: -9.294651000000002,-64.55536884056144,sao paulo,Sp,-23.646246311207523,-46.66349868836885,5.0
mc_ID_3359,"Married Female with three children, education: high school degree working as manual",30K+,"Dairy from Dairy department, Ordered Brand : Gorilla",15.1174,10.7421,recyclable,"['Bar For Salad', 'Florist', 'Video Store', 'Coffee Bar', 'Ready Food']",I Cant Believe It Sale,deluxe,1.83 Millions,0.549 Millions,1525.28,373.1,248.79,data: 535.9181, 5ao paulo,SP,-23.622274456287144,val: -46.66992842714524,"POCOS DE CALDAS
",MG,,,3.0
mc_ID_3362,"Marrie  Male  with  two  children,  education:  bachelors  degree  working  as  professional",50K+,"Eggs from Eggs department, Ordered Brand : Urban",20.4957,measure: 17.5885,non recyclable,['Coffee Bar'],,,$5.37 Millions,2.4702 Millions,,,293.38,477.3944,curltiba,PR,-25.41810890007532,-49.2549331354036,sao bernardo do campo,SP,-23.699353075768943,-46.5600310818858,4.0
mc_ID_3364,"Married Female with five children, education: high school degree working as skilled manual",30K+,"Beer and Wine from Alcoholic Beverages department, Ordered Brand : Top Measure",17.1524,measure: 14.2452,recyclable,"['Coffee Bar', 'Florist', 'Ready Food', 'Bar For Salad']",Tip Top Savings,,4.4 Millions,1.452 Millions,2055.29,656.13,436.09,745.6934,sao bernardo do campo,$P,-23.6593305,-46.61609849999999,Piracicaba,SP,-22.71683928585045,-47.65736585405934,5.0
mc_ID_3365,"Married Male with No children, education: graduate degree working as professional",130K+,"Electrical from Household department, Ordered Brand : High Quality",30.9615,27.909,non recyclable,['Florist'],Best Savings,	Supermarket,6.63 Millions,3.1161 Millions,1320.15,523.32,348.85,281.4786,NAtaL,	Rñ,-5.87077334110451,-35.20888722814357,sao paulo,Sp,amount: -23.62615314929649,-46.74691974117254,3.0
mc_ID_3366,"Single Male with No children, education: partial high school working as skilled manual",10K+,"Carbonated Beverages from Beverages department, Ordered Brand : Token",11.1054,6.7301,recyclable,"['Ready Food', 'Bar For Salad']",Price Cutters,Supermarket,3.4 Millions,1.496 Millions,2265.9,853.22,568.22,761.0696,ARapirACA,AL,measure: -9.753594352228212,-36.65304904837865,jacarei,SP,-23.29818595956356,-45.974828011182304,4.0
mc_ID_3367,"Married Male with three children, education: high school degree working as skilled manual",30K+,"Dairy from Dairy department, Ordered Brand : Gorilla",30.6708,-29.2172,recyclable,,Full Free,,9.54 Millions,3.4344 Millions,1505.59,227.8,151.9,272.2738,	BOCAIUVA,MG,-17.126574817685405,-43.81059822795839,itaquaquecetuba,SP,data: -23.464295023583936,-46.32874959104104,1.0
mc_ID_3368,"Married Female with three children, education: bachelors degree working as professional",50K+,"Dairy from Dairy department, Ordered Brand : Booker",-19.0421,16.1349,non recyclable,"['Florist', 'Coffee Bar', 'Bar For Salad', 'Video Store', 'Ready Food']",Sale : Double Down,Deluxe,"7.41 ,000,000illions",3.4827 Millions,1528.26,373.1,248.79,278.2883,bom jardim de minas,MG,measure: -21.939113999999947,-44.11997899999997,tiMBo,SC,-26.83365489702238,-49.26170944102369,1.0
mc_ID_3369,"Single Male with three children, education: high school degree working as management",90K+,"Meat from Meat department, Ordered Brand : Gerolli",amount: 20.0596,17.1524,recyclable,"['Florist', 'Bar For Salad', 'Coffee Bar', 'Video Store', 'Ready Food']",Price Cutters,,10.14 Millions,4.2588 Millions,1427.3,465.54,310.3,675.716,sao paulo,SP,-23.71535119900167,-46.70368050721337,sao paulo,SP,-23.59272363197529,-46.6315844403312,5.0
mc_ID_3370,"Single Female with one child, education: high school degree working as management",1320+ monthly,"Starchy Foods from Starchy Foods department, Ordered Brand : Colossal",val: 20.7864,16.4256,recyclable,"['Ready Food', 'Bar For Salad', 'Coffee Bar', 'Florist']",Save Price,dELUxE,15.76 Millions,5.0432 Millions,2055.29,654.13,436.09,602.1299,riodosul,SC,measure: -27.21978902609281,val: -49.643018169762,sao bernardo do camp0,SP,-23.71688471949829,data: -46.54199108267673,5.0
mc_ID_3372,"Married Female with four children, education: bachelors degree working as professional",50K+,"Vegetables from Produce department, Ordered Brand : High Top",val: 28.3451,amount: 23.9843,recyclable,"['Ready Food', 'Bar For Salad']",Three for One,,2.66 Millions,1.2768 Millions,2448.37,470.27,315.05,656.2604,rio de janelro,RJ,-22.93276021149516,data: -43.19785123743439,jacarei,sp,-23.29818595956356,-45.974828011182304,measure: nan
mc_ID_3375,"Married Male with two children, education: high school degree working as professional",130K+,"Vegetables from Produce department, Ordered Brand : Tri-State",-17.2978,14.376,recyclable,"['Ready Food', 'Coffee Bar', 'Video Store', 'Bar For Salad', 'Florist']",Two for One,,11.72 Millions,5.7428 Millions,1424.85,465.54,310.09,360.7131,sao paulo_,Sp,-23.581842935887803,-46.60117984194124,scao juse do rio pardo,$P,-21.592175195884263,-46.89389599036144,1.0 stars
mc_ID_3377,"Married Male with one child, education: partial high school working as manual",10 Thousand,"Bathroom Products from Health and Hygiene department, Ordered Brand : Steady",28.9265,27.3275,non recyclable,"['Ready Food', 'Bar For Salad']",Three for One,Supermarket,$2.88 Millions,1.1232 Millions,2265.9,853.22,568.75,618.4475,Santa Maria,rs,-29.689198816146927,amount: -53.8064289212743,sao paulo,SP,-23.62358155176294,amount: -46.61056007369148,5.0
mc_ID_3380,"Married Male with one child, education: bachelors degree working as management",€59K+,"Vegetables from Produce department, Ordered Brand : Tell Tale",19.6235,16.7163,non recyclable,,Price Winners,Supermarket,4.08 Millions,1.6728 Millions,2049.72,,304.91,599.358,rONDonOpOliS,M7,-16.46016861587512,data: -54.60875267638063,sao paulo,SP,measure: -23.569085514570943,-46.52738665237461,data: 5.0
mc_ID_3381,"Single Male with No children, education: partial High School working as skilled manual",€8K+,"Bread from Baked Goods department, Ordered Brand : Fantastic",16.8617,13.9545,non recyclable,"['Ready Food', 'Bar For Salad']",You Save Days,	SUPERMARKET,"1.26 ,000,000illions",0.5544 Millions,2265.9,853.22,568.75,amount: 268.1421,r3cife,PE,-8.026644268942235,-34.90776042423104,sao paulo,sP,measure: -23.62615314929649,-46.74691974117254,5.0
mc_ID_3382,"Married Female with four children,education: bachelors degree working as management",70K+,"Eggs from Eggs department, Ordered Brand : Giant",17.7338,14.6813,non recyclable,,Two Day Sale,Supermarket,6.78 Millions,3.1866 Millions,1623.48,341.05,227.06,data: 383.2021,rio de janeiro,Rj,-22.94765411102769,-43.33860615583707,s@o paulo,5P,-23.612052666446743,-46.60783466642034,5.0
mc_ID_3384,"Married Male with one child, education: High School degree working as manual",30K+,"Dairy from Dairy department, Ordered Brand : Club",val: 15.5534,14.0853,non recyclable,['Florist'],Price Destroyers,_Superm4rket,8.79 Millions,4.3071 Millions,1320.15,523.32,349.32,710.8616,belo horizonte,MG,-19.82150921426511,val: -43.96683064016958,Not Available,SP,amount: -23.693985995008337,-46.70188324132953,5.0
mc_ID_3385,"Married Female with five children, education: bachelors degree working as professional",70K+,"Eggs from Eggs department, Ordered Brand : Blue Medal",24.7111,21.8039,non recyclable,,Promo Big,Supermarket,6.39 Millions,2.1726 Millions,2048.59,457.36,304.82,R$2833.93,olinda, p3,-7.978971512306262,-34.84598183928832,ibitinga,Sp,-21.7664768468313,-48.83154737836604,4.0
mc_ID_3387,"Single Female with one child, education: high school degree working as manual",$30K+,"Electrical from Household department, Ordered Brand : Red Wing",28.1997,measure: 25.1472,recyclable,"['Video Store', 'Ready Food', 'Coffee Bar', 'Bar For Salad', 'Florist']",Pick Your Savings,Deluxe,"5.76 ,000,000illions",2.4192 Millions,1871.16,593.93,396.94,295.4427,curitiba, PR,-25.549428006116845,-49.32449259824576,,,,,amount: 4.0
mc_ID_3390,"Single Male with three children, education: partial high school working as skilled manual",10K+,"Candles from Household department, Ordered Brand : Cormorant",11.7596,data: 7.3988,non recyclable,,One Day Sale,Supermarket,5.43 Millions,2.715 Millions,1506.36,227.8,150.52,613.4267,cornelio procopio,Pr,-23.179392166202167,-50.63492242974283,sao paulo,SP,-23.57282057729816,-46.52329640383172,val: 3.0
mc_ID_3391,"Married Male with two children, education: partial college working as professional",30K+,"Jams and Jellies from Baking Goods department, Ordered Brand : BBB Best",24.16 lbs,14.52 lbs,non recyclable,"['Bar For Salad', 'Ready Food']",Price Slashers,supermarket,5.6 Millions,2.52 Millions,,853.22,568.75,450.8783,ribeirao das neves,mg,-19.757171999999947,-44.161131499999954,s@o paulo,"SP
",amount: -23.59798552039933,-46.55547278711988,5.0
mc_ID_3392,Married Male with two children; education: high school degree working as skilled manual,30K+,"Breakfast Foods from Frozen Foods department, Ordered Brand : Imagine",amount: 9.114,7.6459,non recyclable,"['Ready Food', 'Florist', 'Coffee Bar', 'Bar For Salad']",Tip Top Savings,Deluxe,5.43 Millions,2.172 Millions,2053.36,654.13,,745.6934,$ao paulo,SP,-23.66056249930752,-46.7754027171793,maua,SP,-23.656676689970634,-46.44420755410021,amount: 5.0
mc_ID_3393,"Married Male with three children, education: partial high school working as skilled manual",10K+,"Magazines from Periodicals department, Ordered Brand : Excel",-999.0,measure: 27.1822,recyclable,"['Ready Food', 'Bar For Salad']",Price Destroyers,Supermarket,10.86Ms,4.5612 Millions,2266.42,853.22,568.75,304.7521,barra mansa,"RJ
",-22.55175216588292,-44.17403562857486,jundlai,SP,-23.211714582578274,-46.8753760355472,4.0
mc_ID_3394,Single Female with two children and education: partial high school working as skilled manual,30K+,"Fruit from Produce department, Ordered Brand : Hermanos",12.6317,11.1636,non recyclable,"['Bar For Salad', 'Florist', 'Ready Food', 'Coffee Bar', 'Video Store']",Best Savings,Deluxe,$2.22 Millions,0.9546 Millions,1871.16,593.93,395.95,278.7067,	sao paulo,SP,data: -23.63133471752179,-46.75945889273972,s4o paulo,SP,-23.512538179294825,-46.50108112461768,data: 5.0
mc_ID_3395,"Single Male with five children, education: partial high school working as skilled manual",$10K+,"Dairy from Dairy department, Ordered Brand : Gorilla",measure: 12.7771,9.8554,non recyclable,"['Coffee Bar', 'Florist', 'Bar For Salad', 'Video Store', 'Ready Food']",Two Day Sale,DeIuxe,6.28 Millions,3.0144 Millions,2038.11,481.98,321.26,495.7517,mova lima,MG,-19.984916225972547,-43.94683283226102,curitib4,PR,-25.464029318048183,-49.30472794690424,80%
mc_ID_3396,"single male with no children, education: high school degree working as skilled manual",50K+,"Magazines from Periodicals department, Ordered Brand : Gauss",-22.676,43.58 lbs,non recyclable,"['Florist', 'Ready Food', 'Bar For Salad', 'Coffee Bar', 'Video Store']",,Gourmet,"10.83 ,000,000illions",4.0071 Millions,1422.56,465.54,310.42,533.2508,belem,PA,-1.2957386333602603,-48.481815575596045,sau paulo,SP,-23.65111484251016,-46.75521082321932,5.0
mc_ID_3397,"Single Female with two children, education: bachelors degree working as professional",50 Thousand,"Vegetables from Produce department, Ordered Brand : Tri-State",-18.4606,15.4081,non recyclable,['Coffee Bar'],Dimes Off,Supermarket,11.2 Millions,4.704 Millions,1236.07,440.92,293.95,688.1634,sao  paul0,5P,-23.50806928642737,-46.533154950458766,sao paulo,sp,-23.65111484251016,-46.75521082321932,measure: nan
mc_ID_3399,"Married Male with five children, education: bachelors degree working as professional",1320+ monthly,"Meat from Frozen Foods department, Ordered Brand : Golden",22.3853,19.3328,recyclable,"['Bar For Salad', 'Coffee Bar', 'Ready Food', 'Florist']",Discount Frenzy,Deluxe,$13.92 Millions,4.7328 Millions,2057.46,654.13,436.09,779.6884,cambui,_mg,-22.61840566392406,val: -46.05692385089537,sao paulo,5P,-23.512538179294825,-46.50108112461768,3.0
mc_ID_3400,"Single Male with one child, education: high school degree working as professional",70000,"Fruit from Produce department, Ordered Brand : Ebony",data: 11.12,8.2128,recyclable,"['Coffee Bar', 'Bar For Salad', 'Video Store', 'Ready Food', 'Florist']",Two Day Sale,deiUXe,5.73 Millions,2.3493 Millions,1870.97,593.93,396.42,402.0824,contagem,MG,-19.930154461955823,,pedreira,sp,-22.73824150585765,-46.8958585777586,5.0
mc_ID_3401,"married female with two kids, education: partial hs working as manual",10K+,"Electrical from Household department, Ordered Brand : Red Wing",28.1997,amount: 25.1472,recyclable,"['Coffee Bar', 'Video Store', 'Florist', 'Ready Food', 'Bar For Salad']",Price Winners,Deluxe ,€9.8M,5.4144 Millions,2038.11,481.98,,data: 453.9117,porto alegre,RS,val: -30.0207634565756,-51.18892235636796,ibitiñga,Sp,-21.7664768468313,-48.83154737836604,Rating: 3.0
mc_ID_3402,"Married Female with four children, education: bachelors degree working as professional",50K+,"Snack Foods from Snack Foods department, Ordered Brand : Horatio",15.2627,12.3555,non recyclable,"['Florist', 'Bar For Salad', 'Ready Food', 'Coffee Bar', 'Video Store']",One Day Sale,,15.12 Millions,6.5016 Millions,2038.11,481.98,322.66,767.3456,FLORIANOPOLIS,SC,val: -27.536913214854422,-48.50901793197551,MARINGA,PR,-23.41382198370398,-51.90777440824636,5.0
mc_ID_3403,Single Male with two children; education: high school degree working as skilled manual,,"Breakfast Foods from Breakfast Foods department, Ordered Brand : Radius",19.0421,14.6813,recyclable,,Two Day Sale,Mid-Slze,$10.12 Millions,4.554 Millions,2819.7,447.7,298.5,495.7517,sao paulo,SP,data: -23.5595101851232,amount: -46.59644692131687,sao paulo,SP,-23.548781693029053,-46.65745981155857,2.0
mc_ID_3404,"Married Female with three kids, education: bachelors degree working as professional",70K or more,"Beer and Wine from Alcoholic Beverages department, Ordered Brand : Portsmouth",23.6936,-22.0946,recyclable,['Coffee Bar'],Discount Frenzy,Supermarket,"11.37 ,000,000illions",4.3206 Millions,,440.92,,745.0135,S3RRA,3S,val: -20.20211616541636,-40.27191860450682,Goiania,GO,-16.69955774566663,-49.31646534449651,5.0
mc_ID_3406,"Married Female with four children, education: high school degree working as skilled manual",30K+,"Hot Beverages from Beverages department, Ordered Brand : CDR",24.275,data: 21.3678,recyclable,['Coffee Bar'],,supermarket,8.19Ms,3.6855 Millions,1236.11,440.92,295.79,$436.76,Sao Paulo,SP,-23.591084982514857,-46.61326277699232,sao paulo,SP,measure: -23.555682314184303,-46.63309991286275,5.0
mc_ID_3407,"Married Female with one child, education: bachelors degree working as professional",50K+,"Bathroom Products from Health and Hygiene department, Ordered Brand : Hilltop",19.0421,14.6813,non recyclable,"['Florist', 'Bar For Salad', 'Ready Food', 'Coffee Bar', 'Video Store']",Bag Stuffer,Delux3,5.96 Millions,2.7416 Millions,1734.5,503.07,335.38,662.2226,MAIRIPORA,5P,-23.32358162262788,-46.571516434161296,itaQuaQuECeTubA,SP,-23.48262344063541,-46.37448952833195,5.0
mc_ID_3409,"Single Female with two children, education: graduate degree working as professional",€59K+,"Snack Foods from Snack Foods department, Ordered Brand : Fort West",19.3328,16.4256,recyclable,"['Bar For Salad', 'Ready Food']",Price Slashers,Supermarket,3.46 Millions,1.2456 Millions,2448.37,470.27,313.6,402.7623,sao paulo,SP,-23.46658982202164,-46.63928171838316,araraquara,Sp,-21.787360438802,-48.19339828795659,5.0
mc_ID_3411,"Single Male with four children, education: bachelors degree working as management",50K+ annually,"Pain Relievers from Health and Hygiene department, Ordered Brand : Bird Call",28.9265,25.874,non recyclable,"['Bar For Salad', 'Coffee Bar', 'Ready Food', 'Florist']",Super Duper Savers,Deluxe,11.48Ms,5.5104 Millions,2055.7,654.13,436.09,364.2695,muriae,mG,-21.131145000000004,-42.36099306841136,ribeirao preto ,5P,-21.197994153181128,-47.779317275572765,5.0
mc_ID_3412,"Married Female with four children, education: bachelors degree working as professional",50K+,"Frozen Desserts from Frozen Foods department, Ordered Brand : Carrington",25.7286,21.3678,recyclable,"['Ready Food', 'Florist', 'Bar For Salad', 'Coffee Bar']",Sale : Double Down,Deluxe,€6.8M,2.4645 Millions,,654.13,436.09,500.7202,barbacena ,	MG,-21.216647501342187,-43.75240420003465,sao paulo,SP ,-23.65111484251016,-46.75521082321932,4.0
mc_ID_3414,"Married_Male_with_four_kids,_education:_high_school_degree_working_as_manual",30K or more,"Snack Foods from Snack Foods department, Ordered Brand : Best Choice",-18.8967,14.5359,non recyclable,,Weekend Discount,Supermarket,5.34Ms,2.5632 Millions,1506.98,227.8,,735.1811,"sao paulo
",SP,-23.44697897307979,-46.7472294060534,ibitinga,SP,-21.7664768468313,-48.83154737836604,2.0
mc_ID_3415,"Married Female with one child, education: partial high school working as skilled manual",10K+,"Bread from Baked Goods department, Ordered Brand : Great",12.4282,8.0674,recyclable,,Price Slashers,Supermarket,13.44 Millions,4.8384 Millions,1508,227.8,,351.456,rio dE janEIrO,RJ,-22.8888355500895,val: -43.41525290645745,"petropolis
",RJ,-22.549033360244323,-43.210094724044055,5.0
mc_ID_3416,"Single Female with two children, education: high school degree working as skilled manual",50K+ annually,"Snack Foods from Snack Foods department, Ordered Brand : Horatio",18.3153,13.9545,non recyclable,"['Florist', 'Ready Food', 'Bar For Salad', 'Coffee Bar']",Sale : Double Down,,$7.89 Millions,2.6037 Millions,2055.29,654.13,436.09,amount: 500.7202,cui@ba,_MT,-15.616298779557065,-56.04740266618328,praia grande,SP,-24.011288218359883,-46.41873374429398,5.0
mc_ID_3418,"Married Female with three children, education: bachelors degree working as professional",70K+,"Snack Foods from Snack Foods department, Ordered Brand : Fort West",18.0246,14.972,recyclable,,Saving Days,Supermarket,€3.9M,2.1432 Millions,1508,227.8,151.9,619.0228,sao paulo,SP,-23.61620895920133,-46.63529647960067,Ibitinga,SP,-21.7664768468313,-48.83154737836604,5.0
mc_ID_3419,"Single Male with three children, education: high school degree working as manual.",30K+,"Meat from Frozen Foods department, Ordered Brand : Carrington",13.6638,12.1956,non recyclable,"['Florist', 'Coffee Bar', 'Video Store', 'Bar For Salad', 'Ready Food']",,DELUXE,4.84 Millions,1.7908 Millions,1734.82,503.07,335.38,346.5921,SAo PaULo,SP,data: -23.486109347919744,-46.66826821319252,campinas,5P,measure: -22.92991227115403,-47.07189552530681,val: 4.0
mc_ID_3420,"Married Male with two children, education: high school degree working as skilled manual",30K+,"Dairy from Dairy department, Ordered Brand : Even Better",-17.4431,-13.0823,recyclable,"['Coffee Bar', 'Florist', 'Ready Food', 'Bar For Salad', 'Video Store']",Sale : Double Down,Deluxe,"2.16 ,000,000illions",0.7344 Millions,1525.28,373.1,,746.3733,FORTALEZA,CE,val: -3.757960553060787,-38.51625458829716,colombo,	PR,-25.371298736141743,-49.18823376385825,4.0
mc_ID_3422,Married Female with two children - education: high school degree working as skilled manual,30K+,"Hygiene from Health and Hygiene department, Ordered Brand : Consolidated",10.3496,-5.9743,recyclable,"['Ready Food', 'Bar For Salad']",Super Duper Savers,Supermarket,"5.55 ,000,000illions",2.0535 Millions,2265.9,853.22,,677.285,rio das ostras,RJ,-22.49321971715972,-41.91021028549174,s@o paulo,SP,val: -23.65111484251016,-46.75521082321932,1.0
mc_ID_3423,"Singlee Female with one child, education: Bachelors degree working as professional",130K+,"Specialty from Produce department, Ordered Brand : Tri-State",30.8162,26455.40 grams,recyclable,"['Bar For Salad', 'Ready Food']",Money Savers,,3.4 Millions,1.666 Millions,2448.37,470.27,312.45,290.0035,guaruIhos,$P,amount: -23.47194530291957,-46.5286161352722,sao paulo,SP,-23.693985995008337,-46.70188324132953,5.0
mc_ID_3424,"Married Female with two children, education: bachelors degree working as professional",$10K+,"Vegetables from Produce department, Ordered Brand : High Top",amount: 12.3701,9.4629,recyclable,['Coffee Bar'],Two Day Sale,,10.35 Millions,3.105 Millions,1236.07,440.92,293.95,477.3944,sao paulo,sp,-23.60767202415024,-46.638854177765616,maringa,PR,-23.41848622413047,-51.92625934548862,5.0
mc_ID_3425,"Married Female with one child, education: bachelors degree working as professional",70K+,"Canned Soup from Canned Foods department, Ordered Brand : Pleasant",-26.4554,data: 23.5482,non recyclable,,Two for One,Supermarket,4.96 Millions,1.6368 Millions,2050.23,457.36,304.33,300.8296,lagoa da prata,MG,-20.022568491315106,amount: -45.54469897672237,sau paulo,SP,-23.59798552039933,-46.55547278711988,5.0
mc_ID_3428,"Single Male wiht one child, education: graduate degree working as professional",70K+,"Vegetables from Produce department, Ordered Brand : Ebony",18.0246,33.01 lbs,recyclable,"['Bar For Salad', 'Ready Food', 'Florist', 'Coffee Bar']",Saving Days,gOuRMet,8.97 Millions,4.3953 Millions,,385.45,256.97,474.0995,Caieiras,$P ,-23.370101381026583,-46.67813688467624,	lencois paulista,SP,-22.6025864711492,-48.81247149518349,5.0
mc_ID_3430,"EDUCATION: PARTIAL HIGH SCHOOL WORKING AS SKILLED MANUAL, MARRIED FEMALE WITH TWO CHILDREN",10K+,"Vegetables from Frozen Foods department, Ordered Brand : Big Time",19.1874,16.1349,recyclable,"['Bar For Salad', 'Coffee Bar', 'Ready Food', 'Florist']",Shelf Emptiers, Guurmet ,9.48 Millions,4.6452 Millions,1564.86,385.45,257.85,773.0986,gUaRUlHOS,SP,amount: -23.4646246045771,-46.52094903256674,PeDreIra,sP,-22.73824150585765,-46.8958585777586,amount: 5.0
mc_ID_3432,"Single_Female_with_four_children,_education:_batchelors_degree_working_as_professional",50K+,"Bathroom Products from Health and Hygiene department, Ordered Brand : Bird Call",23.9843,19.6235,non recyclable,"['Bar For Salad', 'Coffee Bar', 'Florist', 'Ready Food']",Super Duper Savers,Deluxe,10.55 Millions,4.642 Millions,,654.13,436.09,475.93,belem,PA,-1.436736864850719,-48.47258827728078,sao paulo,SP,-23.48029674271453,-46.71122495337295,4.0
mc_ID_3433,"Married Male with two children, education: partial high school working as manual",10K+,"Canned Tuna from Canned Foods department, Ordered Brand : Just Right",-13.7801,12.3119,non recyclable,"['Video Store', 'Coffee Bar', 'Florist', 'Bar For Salad', 'Ready Food']",Shelf Emptiers,	Gourmet,€4.4M,2.048 Millions,1424.85,465.54,310.3,616.4078,rio de janeiro,RJ,-22.86881073397188,-43.2496625858511,SAO JOSE DO RIO PRETO,nil,-20.80243626346376,-49.39562406741489,amount: 5.0
mc_ID_3434,"EdUcAtIoN: pArTiAl cOlLeGe wOrKiNg aS MaNuAl, SiNgLe fEmAlE WiTh oNe cHiLd",50K+,"Miscellaneous from Checkout department, Ordered Brand : Black Tie",12.7625,-11.2944,recyclable,"['Coffee Bar', 'Bar For Salad', 'Florist', 'Ready Food']",Saving Days,,4.71 Millions,2.0724 Millions,1566.95,385.45,256.97,474.0995,sao jose dos pinhais,pr,-25.56923324562871,-49.20791101387846,Sao Paulo,5P,-23.54331467943905,-46.52124670344508,4.0
mc_ID_3436,"Married Male with five children, education: High School degree working as professional",150K+,"Snack Foods from Snack Foods department, Ordered Brand : Fort West",30.8162,27.909,non recyclable,"['Bar For Salad', 'Coffee Bar', 'Florist', 'Video Store', 'Ready Food']",Price Slashers,Deluxe,4.32Ms,1.6848 Millions,1523.93,373.1,248.79,measure: 403.9652,Sao Jose D0 Rio Preto,SP,-20.76204413802884,-49.36125669828399,canoas,RS,-29.914668849530724,-51.14844143722624,2.0
mc_ID_3438,"Married Male with two children, education: partial college working as professional",30K+,"Side Dishes from Deli department, Ordered Brand : Red Spade",-12.8352,-9.9135,non recyclable,"['Florist', 'Ready Food', 'Coffee Bar', 'Bar For Salad']",Bag Stuffer,	Deluxe,2.91 Millions,1.4259 Millions,2055.29,654.13,437.86,amount: 367.7736,rio de janeiro,RJ,-22.915539999999964,-43.54233999999997,ibitinga,SP,val: -21.7664768468313,-48.83154737836604,4.0
mc_ID_3440,"Single Male with No children, education: high school degree working as skilled manual",30K+,"Electrical from Household department, Ordered Brand : Red Wing",-29.944,27.0368,recyclable,,,"Supermarket
",5.32 Millions,2.6068 Millions,1507.21,227.8,152.34,£531.41,s@o paulo,SP,-23.51854522370017,-46.5140832485429,santo andre,Sp,-23.665703457960586,amount: -46.51808196779969,1.0
mc_ID_3441,"Single Female with four children, education: high school degree working as professional",130k,"Fruit from Produce department, Ordered Brand : Ebony",26.7461,25.1472,non recyclable,['Coffee Bar'],,Supermarket,5.58 Millions,1.8414 Millions,1233.3,440.92,293.95,val: 521.7971, mage ,RJ,-22.62755625299997,-43.159941619999984,IBLTINGA, SP,-21.7664768468313,-48.83154737836604,5.0
mc_ID_3443,"Single Female with two kids, education: partial high school working as skilled manual",30K+,"Vegetables from Frozen Foods department, Ordered Brand : Golden",28.9265,27.3275,non recyclable,,Budget Bargains,mid-slze,7.24 Millions,2.2444 Millions,2819.7,447.7,298.5,measure: 654.273,belo horizomte,mg,-19.944623503750908,-43.945072637803655,belo horizonte,MG,-19.865544862340563,-43.92052843242536,5.0
mc_ID_3444,"Single Male with four children, education: partial high school working as management",150K+,"Side Dishes from Deli department, Ordered Brand : Cutting Edge",8.9977,6.0906,recyclable,,Wallet Savers,,4.65 Millions,1.488 Millions,1508,227.8,151.9,277.8699,campinas,SP,data: -22.85275770752771,-47.05510214136723,fernandopolls,	SP,-20.29811259961654,-50.25331663457617,data: 5.0
mc_ID_3446,"Single Male with two children, education: partial High School working as management",130K+,"Vegetables from Canned Foods department, Ordered Brand : Better",23.1121,20.0596,non recyclable,"['Video Store', 'Coffee Bar', 'Ready Food', 'Bar For Salad', 'Florist']",Roller Savings (High) ,Gourmet,11.32 Millions,4.7544 Millions,,467.54,310.3,499.7265,vila velha,ES,-20.349365400463803,-40.34007979259316,guarulhos,Sp,-23.43410150291419,-46.55347243450285,4.0
mc_ID_3447,"Married Male w/ three children, education: partial high school working as manual.",10K+,"Carbonated Beverages from Beverages department, Ordered Brand : Token",11.1054,6.7301,recyclable,,One Day Sale,Supermarket,5.1 Millions,1.887 Millions,2049.72,457.36,304.91,486.7561,Sao Paulo,SP,-23.57617769248079,-46.64666288773154,jac@rei,SP,-23.30139631473257,-45.96172658840667,5.0
mc_ID_3449,"Single Male with two children, education: graduate degree working as professional",70K+,"Dairy from Dairy department, Ordered Brand : Club",9.1722,-4.7969,recyclable,"['Bar For Salad', 'Video Store', 'Florist', 'Coffee Bar', 'Ready Food']",Go For It,Deluxe,5.64 Millions,1.8612 Millions,2035.54,,321.26,455.3761,rio de j@neiro,_RJ,-22.907125456287147,-43.29187014002536,sao paulo,SP,-23.58620844962204,-46.53589144310119,2.0
mc_ID_3451,"Married Female with four children, education: bachelors degree working as professional, Married Female with four children",50K+,"Canned Tuna from Canned Foods department, Ordered Brand : Better",31.543,28.6358,non recyclable,,Save It (Sale),Supermarket,5.54 Millions,2.3268 Millions,2049.72,457.36,304.91,467.4051,recife,PE,-8.116668618096822,-34.92236102262103,hortolandia,	SP,-22.887514996879027,-47.19573904628551,5.0
mc_ID_3452,"Married Male with three children, education: bachelors degree working as professional",50K+ annually,"Breakfast Foods from Frozen Foods department, Ordered Brand : Big Time",31.2522,28.3451,recyclable,"['Ready Food', 'Bar For Salad']",Best Savings,,2.24 Millions,0.8736 Millions,2447.35,470.27,313.55,576.1891,grao mogol,MG,-16.55985155821373,-42.89385206923845,SAO PAULU,SP,-23.57282057729816,-46.52329640383172,5.0
mc_ID_3453,"Married Female with four children, education: partial high school working as manual",Income: 30K+,"Canned Shrimp from Canned Foods department, Ordered Brand : Better",val: 12.4282,9.521,non recyclable,['Coffee Bar'],Sale Winners,SM@LL GROCERY,"2.3 ,000,000illions",0.897 Millions,2069.04,330.83,220.55,R$3107.20,ituverava,sP,-20.317321012349943,-47.78078066138952,ltajai,SC,-26.9285092515089,-48.700389561720506,5.0
mc_ID_3454,"Married Female with one child, education: partial college working as professional",Income: 110K+,unknown,15.8442,measure: 12.9224,recyclable,"['Bar For Salad', 'Video Store', 'Florist', 'Coffee Bar', 'Ready Food']",Bag Stuffer,deluxe,€8.9M,4.188 Millions,1734.5,503.07,336.38,662.2226,rlo de janeiro,RJ,-22.91537136850404,-43.242996214902085,bARIrI,sp,-22.08770092098372,-48.7476570587839,amount: 1.0
mc_ID_3455,"Married Female with three children, education: partial college working as professional",30K+,"Side Dishes from Deli department, Ordered Brand : Red Spade",12.8352,9.9135,non recyclable,,Go For It,$Upermarket,3.88 Millions,1.2416 Millions,2049.72,457.36,304.91,509.6635,itapetinga,BA,measure: -15.257043246448555,measure: -40.24755211052718,Sao Paulo,SP,-23.554079433810344,-46.53324185942636,5.0
mc_ID_3456,"Married Female with three children, education: bachelors degree working as professional",70K or more,"Packaged Vegetables from Produce department, Ordered Brand : Tell Tale",measure: 26.31,23.4028,non recyclable,"['Ready Food', 'Video Store', 'Bar For Salad', 'Florist', 'Coffee Bar']",Save Price,,6.68 Millions,2.9392 Millions,2038.11,481.98,,284.3028,vitori@,ES,-20.300412174851424,-40.30638214640201,campinas,SP,-22.90124134639356,-47.05512845102415,2.0
mc_ID_3458,"Single Male with one kid, education: partial college working as manual",30K+,"Starchy Foods from Starchy Foods department, Ordered Brand : Monarch",19.1874,16.1349,non recyclable,,Super Savers,Supermarket,3.6 Millions,1.548 Millions,,457.36,304.91,339.8977,itapetinga,B4,-15.257043246448555,-40.24755211052718,Sao  Paulo,SP,,,5.0
mc_ID_3459,"Single Female with No children, education: partial high school working as manual",10K+,"Dairy from Dairy department, Ordered Brand : Carlson",28.1997,25.1472,non recyclable,"['Ready Food', 'Bar For Salad', 'Florist', 'Coffee Bar', 'Video Store']",Roller Savings (High) ,Gourmet,"9.2 ,000,000illions",4.232 Millions,1426.05,465.54,308.85,measure: 499.7265,sao paulo,SP,val: -23.56180201082004,val: -46.47968149264242,santo andre,SP,-23.665703457960586,-46.51808196779969,5.0
mc_ID_3460,"Married Female with two kidren, education: partial high school working as skilled manual",10K+,"Pizza from Frozen Foods department, Ordered Brand : Big Time",22.5307,18.1699,recyclable,"['Florist', 'Video Store', 'Bar For Salad', 'Ready Food', 'Coffee Bar']",One Day Sale,,3.2 Millions,1.536 Millions,1424.74,-1,310.83,449.1524,SOROCABA,SP,-23.494190060505503,-47.40954169025909,sao paulo, SP ,-23.472335179294816,-46.64636526449883,4.0
mc_ID_3461,"Married Male with two children, education: partial high school working as manual",50K+ annually,"Beer and Wine from Alcoholic Beverages department, Ordered Brand : Walrus",28.9265,25.874,non recyclable,,,Supermarket,4.82 Millions,2.1208 Millions,2048.78,457.36,304.72,557.8318,sao luis,Ma,-2.5545282652192807,-44.21309341470791,belo horizonte,MG,-19.843708202868147,-43.95899630890419,5.0
mc_ID_3462,"Single_Female_with_one_child,_education:_bachelor'ss_degree_working_as_professional",600+ monthly,"Dairy from Dairy department, Ordered Brand : Gorilla",19.4781,data: 14.972,recyclable,"['Coffee Bar', 'Ready Food', 'Video Store', 'Bar For Salad', 'Florist']",Two Day Sale,gouRMEt,4.41Ms,2.1609 Millions,1424.85,465.54,310.3,588.4796,Sao Paulo,SP,-23.514929559813023,data: -46.62640583152521,sao paulo,SP,amount: -23.60663166028048,data: -46.66806552178432,val: 5.0
mc_ID_3463,"Married Female with one child, education: high school degree working as skilled manual",30K+,"Meat from Frozen Foods department, Ordered Brand : Imagine",24.1296,19.7689,recyclable,"['Ready Food', 'Coffee Bar', 'Florist', 'Video Store', 'Bar For Salad']",Super Savers,dEluxe,5.85 Millions,1.755 Millions,1523.06,373.1,250.39,€642.55,teresina,PI,-5.074254917226161,-42.81983912153854,$ao paulo,SP,measure: -23.50875908021236,-46.602973042876144,amount: 5.0
mc_ID_3465,"Single Female with one child, education: partial High School working as manual",10K+,"Candy from Snacks department, Ordered Brand : Gulf Coast",28.0543,25.0018,recyclable,"['Bar For Salad', 'Coffee Bar', 'Video Store', 'Ready Food', 'Florist']",,Deluxe,$8.94 Millions,4.1124 Millions,2038.11,481.98,,284.3028,recife,pe,-8.1330811150905,-34.904793597619324,ibitinga,SP,-21.7664768468313,amount: -48.83154737836604,
mc_ID_3467,"Married Female with three children, education: bachelors degree working as professional",70 Thousand,"Hygiene from Health and Hygiene department, Ordered Brand : Consolidated",15.5534,12.6317,recyclable,['Coffee Bar'],,Supermarket,€4.0M,1.7612 Millions,1236.07,440.92,,745.0135,sao jose do rio preto,SP,-20.773264441140512,-49.38559202099599,ilicinea,Mg_,-20.944705621834668,-45.82709818233235,5.0
mc_ID_3468,"Single Male with No children, education: partial college working as manual, Single Male with No children",30K+,"Bread from Baked Goods department, Ordered Brand : Colony",10.9746,8.0674,non recyclable,"['Florist', 'Ready Food', 'Coffee Bar', 'Bar For Salad']",Super Duper Savers,,$6.16 Millions,3.08 Millions,2055.29,656.13,434.34,475.93,FORTALEZA,CE,-3.7226745000000014,-38.6056755,RibEIrA0 PRetO_,SP,-21.116471333054424,-47.79073400291418,5.0
mc_ID_3469,"Married Male with No children, education: high school degree working as manual",30K+,"Vegetables from Frozen Foods department, Ordered Brand : Golden",28.9265,27.3275,non recyclable,"['Video Store', 'Coffee Bar', 'Florist', 'Ready Food', 'Bar For Salad']",Lottery Cash Registerion,,5.43Ms,2.1177 Millions,1736.75,503.07,335.38,646.4803, votuporanga ,Sp,-20.433488753848312,val: -49.97851439170862,sao paulo,SP,-23.547159576461446,-46.64989460560333,4.0
mc_ID_3471,"Single Female with three children, education: partial high school working as skilled manual",10K+,"Vegetables from Produce department, Ordered Brand : Hermanos",15.5534,-12.6317,non recyclable,,Price Destroyers,MID-SIZE,8.43 Millions,3.4563 Millions,,447.7,300.28,777.2826,rio de janeiro,RJ,-22.829193849010363,-43.408286706907525,pEDrEiRA,_SP,-22.73824150585765,-46.8958585777586,5.0
mc_ID_3472,"Single Male with three children, education: partial high school working as manual",10K+,"Paper Products from Household department, Ordered Brand : Red Wing",19.4781,16.4256,recyclable,['Florist'],You Save Days,sUpeRmarKeT,3.56 Millions,1.2104 Millions,1320.15,523.32,349.01,689.3663, paraiso do tocantins ,	to,-10.191748753006411,-48.890430061644416,Montenegro,RS,-29.67034898140752,-51.46146829327502,amount: 5.0
mc_ID_3476,"Married Female with four childern , education: partial high school working as skilled manual",$10K+,"Specialty from Carousel department, Ordered Brand : Toretti",amount: 27.4729,22.9668,non recyclable,"['Ready Food', 'Coffee Bar', 'Video Store', 'Bar For Salad', 'Florist']",Discount Frenzy,Deluxe,"2.42 ,000,000illions",1.1374 Millions,1871.16,593.93,395.95,£238.24,sao jose dos pinhais,pr ,-25.49540787967335,-49.155607852098925,"sao paulo
",SP,-23.584614569248075,-46.60193214931619,1.0
mc_ID_3477,"Single Female with No children, education: bachelors degree working as professional",50K+,"Frozen Desserts from Frozen Foods department, Ordered Brand : Big Time",11.9921,10.5385,recyclable,"['Bar For Salad', 'Florist', 'Ready Food', 'Coffee Bar']",Two Day Sale,gourmet,"1.02 ,000,000illions",0.4896 Millions,1564.86,385.45,,486.9653,belO HOriZOnte,MG,-19.921360484044065,-43.93920564986445,SuMArE,SP,-22.828654864562257,-47.267296160568925,1.0
mc_ID_3478,"sINGLE mALE WITH THREE CHILDREN, EDUCATION: BACHELORS DEGREE WORKING AS PROFESSIONAL",10K+,"Hardware from Checkout department, Ordered Brand : Framton",28.7811,25.7286,recyclable,"['Coffee Bar', 'Video Store', 'Florist', 'Ready Food', 'Bar For Salad']",,Deluxe,9.63 Millions,3.0816 Millions,1525.28,373.1,248.79,535.9181,ibiruba,RS,-28.628697110459715,-53.09667830334719,sao paulo,SP ,-23.554079433810344,-46.53324185942636,5.0
mc_ID_3479,"Married Female with two children, education: partial high school working as manual.",10K+,"Hardware from Checkout department, Ordered Brand : Black Tie",15.4081,-12.5009,non recyclable,"['Video Store', 'Coffee Bar', 'Ready Food', 'Bar For Salad', 'Florist']",,Deluxe,$2.68 Millions,1.2328 Millions,2038.11,481.98,322.97,455.3761,SAO LUIS,MA,measure: -2.565507949521447,-44.31822897166168,sete lagoas,MG,val: -19.46361254830593,-44.24441403023008,5.0
mc_ID_3480,"Single Female with one child, education: bachelors degree working as management",70 Thousand,"Vegetables from Canned Foods department, Ordered Brand : Blue Label",30.9615,27.909,non recyclable,"['Ready Food', 'Video Store', 'Florist', 'Coffee Bar', 'Bar For Salad']",Lottery Cash Registerion,Deluxe,11.12 Millions,4.8928 Millions,1734.5,503.07,335.38,313.0678,sao p4ulo,SP,-23.555014909804324,-46.69227418471917,"ibitinga
",Sp,-21.7664768468313,-48.83154737836604,2.0
mc_ID_3481,"Single Female with four children, education: partial high school working as manual",10K+,"Snack Foods from Snack Foods department, Ordered Brand : Fort West",24.8564,20.4957,non recyclable,['Coffee Bar'],,Small Grocery,5.16 Millions,2.4252 Millions,1423.37,398.93,265.98,531.6295,rio de janeiro,RJ ,-22.93308423203872,-43.36663107132555,sao paulo,SP,measure: -23.58667354731954,-46.61242320483004,5.0
mc_ID_3482,"Single Male with two children, education: partial high school working as professional",$110K+,"Pure Juice Beverages from Beverages department, Ordered Brand : Excellent",23.8389,20.7864,non recyclable,"['Ready Food', 'Coffee Bar', 'Video Store', 'Bar For Salad', 'Florist']",,,13.04 Millions,5.0856 Millions,1426.06,465.54,310.85,533.2508,brasilia,DF_,-15.76528459695353,-47.856663,recife,PE,-8.138173275583135,-34.9322264583223,5.0
mc_ID_3484,"Single Female with five children, education: bachelors degree working as professional",50K+,"Snack Foods from Snack Foods department, Ordered Brand : Fort West",23.4028,-20.4957,recyclable,['Florist'],,,15.52 Millions,6.208 Millions,1320.15,523.32,348.58,427.7617,JOao PEssoA,PB,-7.122313509290822,-34.882015631138565,RiO VeRD3,go_,data: -17.791609941378447,-50.93351384538391,5.0
mc_ID_3486,"Married Female with two children, education: partial high school working as skilled manual",10K+,"Jams and Jellies from Baking Goods department, Ordered Brand : Super",15.6988,val: 12.7916,recyclable,"['Ready Food', 'Coffee Bar', 'Florist', 'Bar For Salad']",Budget Bargains,,2.28Ms,0.7068 Millions,2053.86,654.13,434.98,amount: 715.1502,jacarei,SP,-23.308980955934807,-45.9776277134487,dracena,SP,-21.4988715,val: -51.53786099999999,3.0
mc_ID_3487,"mARRIED mALE WITH nO CHILDREN, EDUCATION: HIGH SCHOOL DEGREE WORKING AS PROFESSIONAL",90K+,"Vegetables from Frozen Foods department, Ordered Brand : PigTail",14.4487,11.527,non recyclable,['Florist'],Savings Galore,supermarket,2.43 Millions,0.8262 Millions,1320.15,523.32,348.69,322.4295,colniza_,Mt,-9.45518257672924,-59.21982588376638,montenegro, RS ,-29.67034898140752,-51.46146829327502,5.0
mc_ID_3488,"Married Female with three children, education: bachelors degree working as professional",50K+ annually,"Fruit from Produce department, Ordered Brand : Hermanos",25001.80 grams,data: 23.5482,non recyclable,,Price Destroyers,$upermarket,6.56 Millions,2.0336 Millions,2050.51,457.36,304.1,325.6198,aracatuba,SP,-21.225285295753565,val: -50.43628367652801,ibitinga,Sp,amount: -21.7664768468313,-48.83154737836604,5.0
mc_ID_3489,"Single Female with one child, education: bachelors degree working as professional",50K+,"Snack Foods from Snack Foods department, Ordered Brand : Best Choice",21.3678,18.3153,recyclable,"['Video Store', 'Bar For Salad', 'Florist', 'Coffee Bar', 'Ready Food']",Save Price,DeLUxE,2.58 Millions,0.9288 Millions,,481.98,321.59,284.3028,"itapuranga
",G0,-15.5623120756974,-49.955205109542334,rOLaNDiA,PR,-23.31259824896755,val: -51.36894941889966,5.0
mc_ID_3490,"Single Female with four children, education: partial high school working as skilled manual",10000,"Fruit from Produce department, Ordered Brand : Hermanos",23.9843,21.0771,non recyclable,['Coffee Bar'],Price Winners,Small  Grocery,2.96 Millions,1.184 Millions,1394.66,534.29,356.61,647.0556, ALUMINIO ,SP,-23.51736771076844,-47.26079094034855,Praia Grande,5p,-24.011288218359883,-46.41873374429398,1.0
mc_ID_3493,"Married Male with one child, education: high school degree working as manual",30K+,"Kitchen Products from Household department, Ordered Brand : Denny",31.2522,28.3451,non recyclable,"['Coffee Bar', 'Florist']",Savings Galore,Mid-Size,$1.1 Millions,0.407 Millions,,389.54,259.66,680.2138,viamao,RS,-30.09315540050176,-51.020694288459616,cajamar,SP,-23.406238298215783,-46.84102497498486,5.0
mc_ID_3494,"Married Female with five children, education: graduate degree working as professional",130K+,"Snack Foods from Snack Foods department, Ordered Brand : Horatio",10.2333,7.3116,non recyclable,"['Florist', 'Ready Food', 'Coffee Bar', 'Video Store', 'Bar For Salad']",Price Slashers,dElUXE,6.93 Millions,2.9106 Millions,1734.25,503.07,335.79,data: 282.9953,cachoeira do sul,RS,-30.02360801408486,-52.91332609031451,porto alegre,RS,-30.07200823826747,data: -51.17719962332037,5.0
mc_ID_3495,Married Male w/ two children; education: partial college working as management,1080+ monthly,"Canned Soup from Canned Foods department, Ordered Brand : Better",19.0421,16.1349,recyclable,"['Video Store', 'Florist', 'Coffee Bar', 'Bar For Salad', 'Ready Food']",,DeLuXe,3.45 Millions,1.656 Millions,2038.11,481.98,321.26,328.1302,sao paulo,SP,-23.483740588954927,-46.5898570932541,goianla,"GO
",-16.7130367660346,-49.30127628290576,5.0
mc_ID_3497,"mARRIED mALE WITH FOUR KIDS, EDUCATION: BACHELOR'SS DEGREE WORKING AS PROFESSIONAL",$50K+,"Jams and Jellies from Baking Goods department, Ordered Brand : Plato",val: 26.6008,25.0018,non recyclable,"['Coffee Bar', 'Video Store', 'Florist', 'Bar For Salad', 'Ready Food']",Lottery Cash Registerion,Deluxe,4.64 Millions,1.7168 Millions,1734.5,503.07,335.38,500.9294,sao paulo,_Sp,-23.59677856702638,-46.41115888190316,coTIa,_SP,-23.6150603215516,-46.837480828765536,5.0
mc_ID_3498,"Married Female with three children, education: partial high school working as manual",10K+,"Bread from Baked Goods department, Ordered Brand : Colony",10.9746,-8.0674,non recyclable,,,sUpermarKEt,7.7 Millions,3.619 Millions,1508,227.8,151.21,619.0228,rIO de JAnEirO,Rj,-22.91537136850404,data: -43.242996214902085,barueri,SP,-23.491791912543025,amount: -46.94733309700014,5.0
mc_ID_3499,"Married Male with two children, education: high school degree working as manual",30k,"Canned Anchovies from Canned Foods department, Ordered Brand : Bravo",amount: 12.1084,7.7331,non recyclable,"['Coffee Bar', 'Florist', 'Bar For Salad', 'Video Store', 'Ready Food']",One Day Sale,dEluxE,6.93 Millions,2.9106 Millions,1734.5,503.07,,measure: 689.0525, jucurutu, RN ,-6.040511007423874,-37.02512580873324,Sao Paulo,SP,-23.667843855675457,-46.66038973120199,5.0
mc_ID_3500,"Single Male with three children, education: high school degree working as management",€59K+,"Starchy Foods from Starchy Foods department, Ordered Brand : Medalist",30.5255,data: 29.0719,recyclable,"['Ready Food', 'Bar For Salad']",Roller Savings (High) ,,6.7 Millions,3.35 Millions,2265.9,853.22,568.75,356.4245,belo horizonte,mg,-19.855790507905848,-43.91751730515326,sao paulo,5P,-23.61411790980433,-46.60034800222169,5.0
mc_ID_3502,"education: bachelors degree working as professional, Single Male with five children",50K+,"Fruit from Produce department, Ordered Brand : Ebony",-26.8915,23.9843,recyclable,,,mid-size,8.31 Millions,3.7395 Millions,,783.64,520.5,717.3991,icem,SP,-20.340523392415125,-49.19599185478212,$ao paulo,sp,-23.60408998251485,-46.61372320760002,5.0
mc_ID_3503,"Married Female wiht two children, education: partial high school working as skilled manual",€8K+,"Canned Tuna from Canned Foods department, Ordered Brand : Just Right",13.7801,12.3119,non recyclable,"['Florist', 'Bar For Salad', 'Coffee Bar', 'Ready Food']",Saving Days,	Deluxe,3.84 Millions,1.3824 Millions,2055.29,654.13,436.09,352.0313,sao jose dos campos,SP,-23.23009940009024,-45.90094499999999,,,,,1.0
mc_ID_3504,"MARRIED MALE WITH ONE CHILD, EDUCATION: HIGH SCHOOL DEGREE WORKING AS SKILLED MANUAL",30K+,"Meat from Deli department, Ordered Brand : American",21.5132,20.0596,non recyclable,,,,9.51 Millions,3.0432 Millions,1508,227.8,,733.1937,sao paulo_,SP,-23.604797426629368,-46.79999080910488,goiania,G0,-16.711414860017403,-49.26711541248844,3.0
mc_ID_3505,"Marrie Female with three children, education: high school degree working as skilled manual",€25K+,"Snack Foods from Snack Foods department, Ordered Brand : Fort West",26.7461,22.24,non recyclable,"['Bar For Salad', 'Video Store', 'Coffee Bar', 'Ready Food', 'Florist']",Save Price,deluXe,5.04Ms,2.4696 Millions,2038.11,483.98,320.2,284.3028,fortaleza,ce,-3.7335671035258686,-38.49101697224308,ibitinga,SP,-21.7664768468313,-48.83154737836604,1.0
mc_ID_3506,"Married Male with one child, education: partial high school working as manual",10K+,"Bread from Baked Goods department, Ordered Brand : Modell",17.007,12.6317,recyclable,"['Ready Food', 'Coffee Bar', 'Video Store', 'Bar For Salad', 'Florist']",Super Savers,Deluxe,1.53Ms,0.6579 Millions,1525.57,373.1,248.79,755.9442,sao paulo,SP,val: -23.53300053398933,-46.671775821945936,Pedreira,SP,data: -22.73824150585765,-46.8958585777586,1.0
mc_ID_3507,"MaRrIeD FeMaLe wItH TwO KiDrEn, EdUcAtIoN: pArTiAl hS WoRkInG As mAnUaL",10K+,"Jams and Jellies from Baking Goods department, Ordered Brand : BBB Best",17.7338,14.6813,non recyclable,"['Coffee Bar', 'Ready Food', 'Bar For Salad', 'Florist', 'Video Store']",Pick Your Savings,,6.36Ms,2.0988 Millions,,481.98,322.83,739.4174,atibaia,SP,val: -23.09886363588941,-46.54789512763439,vendas@creditparts.com.br,PR,-23.377396999935016,-51.93100618003307,measure: 3.0
mc_ID_3508,"Married Female with four children, education: partial high school working as manual",10K+,"Snack Foods from Snack Foods department, Ordered Brand : Fort West",19.3328,16.4256,recyclable,"['Ready Food', 'Coffee Bar', 'Florist', 'Bar For Salad', 'Video Store']",Best Savings,Deluxe,"5.19 ,000,000illions",2.4393 Millions,1871.16,593.93,395.95,£203.46,salvador,B4,-12.9154005,-38.35595025000001,RIBEIRAO PRETO,SP,-21.17121748495008,-47.81941847157649,1.0
mc_ID_3510,"Married Female with five children, education: high school degree working as skilled manual",30K+,"Kitchen Products from Household department, Ordered Brand : Sunset",21.0771,19.6235,recyclable,,Two Day Sale,Sup3rmarket,1.89 Millions,0.7938 Millions,1623.48,341.05,227.33,383.2021,ANGULO,PR,-23.198308783341147,data: -51.91609985954405,recife,PE,-8.138173275583135,val: -34.9322264583223,5.0
mc_ID_3511,"Single Male with four children, education: high school degree working as skilled manual",30k,"Cleaning Supplies from Household department, Ordered Brand : Sunset",30.38 kg,28.7811,recyclable,"['Coffee Bar', 'Video Store', 'Bar For Salad', 'Florist', 'Ready Food']",Sales Days,Deluxe,"4.64 ,000,000illions",1.4848 Millions,1871.16,593.93,396.16,608.772,centenario,TO,-8.957655244319064,-47.33522234712479,sao paulo,SP,-23.667843855675457,-46.66038973120199,val: 5.0
mc_ID_3512,"Married Female with two children, education: graduate degree working as professional",90K+,"Beer and Wine from Alcoholic Beverages department, Ordered Brand : Pearl",amount: 22.3853,17.8792,non recyclable,"['Ready Food', 'Bar For Salad', 'Coffee Bar', 'Florist']",Tip Top Savings,Deluxe,3.48 Millions,1.1484 Millions,2055.29,654.13,436.09,745.6934,_saO PauLu,SP,-23.54608112703553,-46.64482029837157,ibitinga,SP,-21.7664768468313,-48.83154737836604,3.0
mc_ID_3513,"Married Female with three children, education: bachelors degree working as professional",10K+,"Pure Juice Beverages from Beverages department, Ordered Brand : Token",11.6869,10.2188,recyclable,"['Bar For Salad', 'Ready Food']",Shelf Clearing Days,Supermarket,7.2 Millions,2.376 Millions,2448.37,470.27,313.55,363.6942,rlo de janeiro, Rj,-22.96070967499565,-43.213958465173945,sao paulo,SP,measure: -23.68729227976227,-46.6417415487045,5.0
mc_ID_3515,"Single Male with four kids, education: partial college working as skilled manual",Income: 30K+,"Snack Foods from Snack Foods department, Ordered Brand : Horatio",28.4904,-1.0,non recyclable,"['Bar For Salad', 'Ready Food']",Save It (Sale), Supermarket,6.81 Millions,2.5878 Millions,###,853.22,568.75,339.1132,NAzaREnO,MG,-21.223755,-44.61895575,BELU HORIZONTE,MG,-19.878513898894187,data: -43.95694702879617,5.0
mc_ID_3518,"Single Female with four children, education: partial high school working as manual",10K+,"Snack Foods from Snack Foods department, Ordered Brand : Nationeel",10.6258,7.704,recyclable,,Full Free,Supermarket,2.84 Millions,1.42 Millions,1508,,151.31,660.2352,rio de janeiro,RJ,-22.93808022787862,-43.66123606823412,guaruja,SP,-23.99777832361936,measure: -46.2767638411045,4.0
mc_ID_3520,"Single Female with one child, education: bachelors degree working as professional",50k,"Cold Remedies from Health and Hygiene department, Ordered Brand : Steady",31.6883,30.0894,recyclable,"['Bar For Salad', 'Ready Food']",,Supermarket,14.0Ms,6.72 Millions,2266.58,,568.75,761.0696,colombo,pr,-25.371298736141743,-49.18823376385825,Ibitinga,SP,data: -21.7664768468313,-48.83154737836604,5.0
mc_ID_3522,"Married Female with three children, education: partial college working as professional",130K+,"Breakfast Foods from Breakfast Foods department, Ordered Brand : Best",22.3853,17.8792,non recyclable,"['Ready Food', 'Video Store', 'Bar For Salad', 'Coffee Bar', 'Florist']",Roller Savings (High) ,Gourmet,"10.5 ,000,000illions",3.36 Millions,1424.85,465.54,310.3,532.6232, RIo de jAnEiRO,_RJ,measure: -22.878476937821056,-43.31517005147447,sao bernardo do campo,SP,-23.74605952510253,-46.55042958090485,1.0
mc_ID_3524,"Single Male with two kidren, education: high school degree working as manual",30000,"Fruit from Produce department, Ordered Brand : Tri-State",11.0618,measure: 6.7011,non recyclable,"['Coffee Bar', 'Video Store', 'Bar For Salad', 'Ready Food', 'Florist']",Price Smashers,Delux3,5.88 Millions,2.2344 Millions,1525.28,373.1,248.79,499.2035,canoas,RS,-29.914668849530724,-51.14844143722624,belo horizonte,MG,-19.831098006665105,-43.94652358104908,measure: 5.0
mc_ID_3525,"Married Female with five children, education: partial high school working as manual",10K+,"Canned Soup from Canned Foods department, Ordered Brand : Pleasant",29.3626,27.909,recyclable,"['Bar For Salad', 'Florist', 'Coffee Bar', 'Ready Food']",,Deluxe,$11.28 Millions,3.7224 Millions,2057.16,654.13,437.25,500.7202,ribeirao preto,"sp
",-21.1774515925616,data: -47.79583295337295,sao paulo,sp,,,1.0
mc_ID_3526,"Marrie Female with two children, education: partial high school working as manual",10K+,"Frozen Desserts from Frozen Foods department, Ordered Brand : Big Time",25.0018,22.0946,non recyclable,"['Bar For Salad', 'Florist', 'Video Store', 'Coffee Bar', 'Ready Food']",,Deluxe,2.94 Millions,0.9408 Millions,1525.28,373.1,249.99,507.9899,S0ORETAMA,E$,-19.191743691126817,-40.09591094640488,hortolandia,$P,-22.887514996879027,-47.19573904628551,4.0
mc_ID_3527,"Married Female with one child, education: high school degree working as management",70K+,"Paper Products from Household department, Ordered Brand : High Quality",16.7163,13.8091,recyclable,,Price Slashers,,"10.68 ,000,000illions",4.272 Millions,1508,227.8,151.9,351.456,QUEIMADOS,rj,-22.70428020978459,-43.57128748459774,sumare,SP,-22.828654864562257,-47.267296160568925,5.0
mc_ID_3528,"Single Female with four kids, education: HS degree working as manual.",30K+,"Hot Beverages from Beverages department, Ordered Brand : Super",15.99 kg,11.6287,recyclable,,Sale : Double Down,SUPERMARKET,2.0 Millions,0.76 Millions,,459.36,304.91,327.7641,cajuru,sp,-21.272672631957786,-47.30592892225557,sao paulo,SP,-23.55770667499565,-46.61476439993657,Rating: 3.0
mc_ID_3529,"education: partial high school working as professional, Single Female with one child",90K+,"Paper Products from Household department, Ordered Brand : Denny",25.0018,val: 22.0946,recyclable,"['Ready Food', 'Florist', 'Video Store', 'Coffee Bar', 'Bar For Salad']",Pick Your Savings,DeIuxe,11.56 Millions,3.6992 Millions,1871.16,593.93,395.89,295.4427,jaguarembe,rJ,,,ibitinga,sp,-21.7664768468313,data: -48.83154737836604,4.0
mc_ID_3530,"Single Male with two children, education: bachelors degree working as professional",50K+,"Specialty from Produce department, Ordered Brand : High Top",31.3976,28.4904,recyclable,"['Video Store', 'Bar For Salad', 'Ready Food', 'Florist', 'Coffee Bar']",Save It (Sale),Deluxe,$5.64 Millions,1.974 Millions,1525.28,373.1,,393.4006,brasilia,DF,-15.833816999999996,-47.91912300000001,uruacu,go,-14.518522867646602,-49.1319174044097,5.0
mc_ID_3531,"SINGLE MALE WITH ONE CHILD, EDUCATION: PARTIAL COLLEGE WORKING AS MANAGEMENT",70K+,"Canned Anchovies from Canned Foods department, Ordered Brand : Pleasant",13.6928,10785.70 grams,recyclable,"['Video Store', 'Ready Food', 'Coffee Bar', 'Florist', 'Bar For Salad']",GLD, Deluxe,10.32 Millions,3.3024 Millions,1870.9,593.93,394.44,484.1411,	ipira,BA,-12.157899638207386,-39.7404365008309,be7im,MG,measure: -19.941877521944868,-44.11327370697121,5.0
mc_ID_3534,Single Male with one child - education: high school degree working as skilled manual,30K+,"Snack Foods from Snack Foods department, Ordered Brand : Nationeel",15.4081,12.5009,non recyclable,,Super Wallet Savers,,7.76 Millions,3.1816 Millions,1508,227.8,,733.1937,sao paulo,sp,-23.538068769086465,-46.69659705565807, salto ,SP,-23.20591698084141,-47.307845865803,5.0
mc_ID_3538,"Single Male with one child, education: partial high school working as skilled manual",10K+ annually,"Jams and Jellies from Baking Goods department, Ordered Brand : Landslide",measure: 20.2049,15.6988,recyclable,"['Florist', 'Ready Food', 'Video Store', 'Coffee Bar', 'Bar For Salad']",,Deluxe,4.64 Millions,1.7632 Millions,2038.11,481.98,321.26,val: 739.4174,PATROCINIO,_MG,-18.9460898157912,-46.98595529644953,cachueirinha,rs,measure: -29.95355420966261,val: -51.103414237425575,1.0
mc_ID_3540,"Maried Female with two children, education: partial high school working as manual",30K+,"Vegetables from Frozen Foods department, Ordered Brand : Golden",28.9265,27.3275,non recyclable,"['Bar For Salad', 'Florist', 'Ready Food', 'Video Store', 'Coffee Bar']",Money Savers,deluxe,5.43 Millions,2.6064 Millions,1871.16,593.93,394.13,,Viamao,RS,-30.077556371637115,-51.014792543558976,SANTO ANDRE,SP,-23.665703457960586,-46.51808196779969,5.0
mc_ID_3541,"Single Male with two children, education: bachelors degree working as professional, education: bachelors degree working as professional",50K+,"Fruit from Produce department, Ordered Brand : Tri-State",15.2627,12.3555,non recyclable,"['Bar For Salad', 'Ready Food', 'Coffee Bar', 'Florist']",Save It (Sale),Deluxe,5.12 Millions,2.5088 Millions,2056.43,654.13,436.09,728.9051,conselheiro lafaiete,MG,-20.653541574550808,-43.79083732604181,Curi7Iba,pr,-25.464029318048183,-49.30472794690424,1.0
mc_ID_3542,"Single Male with one child, education: high school degree working as manual",30K+,"Dairy from Dairy department, Ordered Brand : Even Better",31.543,28.6358,non recyclable,"['Video Store', 'Coffee Bar', 'Bar For Salad', 'Florist', 'Ready Food']",Super Duper Savers,DeIuxe,3.45 Millions,1.518 Millions,1525.28,373.1,247.8,amount: 266.73,sao paulo,_5P,-23.49813509908248,val: -46.49499803067112,fortalez4,CE,val: -3.780360995008341,-38.54431954524207,5.0
mc_ID_3543,"married male with two children, education: bachelors degree working as professional",50000,"Hygiene from Health and Hygiene department, Ordered Brand : Hilltop",25.0018,-22.0946,non recyclable,,Sale : Double Down,SUPERMARKET,5.52 Millions,2.7048 Millions,2048.94,457.36,304.91,327.7641,sUmARE,SP,measure: -22.81344361844933,-47.17188935591158,santa barbara d´oeste,SP,-22.760477687572443,-47.41281121951772,5.0
mc_ID_3544,"married male with four children, education: graduate degree working as management",130K+,"Snack Foods from Snack Foods department, Ordered Brand : Fast",21.8039,17.4431,non recyclable,"['Bar For Salad', 'Ready Food']",Shelf Clearing Days,SUPERMARKET,$3.6 Millions,1.332 Millions,2263.34,855.22,570.1,554.903,indaiatuba,_SP,-23.089692080212355,-47.19608228864908,,,measure: nan,amount: nan,1.0
mc_ID_3545,"Married Female with three children, education: high school degree working as manual",50K+,"Meat from Deli department, Ordered Brand : Cutting Edge",26.4554,val: 25.0018,non recyclable,,Sales Days,supERmArKE7,6.12 Millions,1.9584 Millions,1623.48,343.05,227.33,743.1307,s@o pauLo,...,-23.601581643083783,-46.67165999027648,sao paulo,SP,-23.537511255832708,-46.63705730743676,5.0
mc_ID_3548,"Single Male with one child, education: bachelors degree working as professional",70K+,"Dairy from Dairy department, Ordered Brand : Carlson",30.3801,27.3275,recyclable,"['Video Store', 'Coffee Bar', 'Bar For Salad', 'Ready Food', 'Florist']",Shelf Clearing Days,Deluxe,3.96Ms,1.6236 Millions,1871.16,595.93,,516.7763,sao paulo,SP,val: -23.767630470713865,data: -46.72150166472386,itAQuAqueCetuBA,SP,-23.48262344063541,-46.37448952833195,5.0
mc_ID_3552,"Single Male with five children, education: high school degree working as skilled manual",30K+,"Meat from Deli department, Ordered Brand : Lake",18.606,val: 14.2452,non recyclable,"['Ready Food', 'Coffee Bar', 'Bar For Salad', 'Video Store', 'Florist']",Lottery Cash Registerion,Deluxe,4.29 Millions,1.716 Millions,1734.5,503.07,335.38,290.7357, OsAScO ,	SP,-23.474831167458955,-46.771401353473415, jacarei,SP,-23.28798077892242,-45.9570349350898,5.0
mc_ID_3553,"Married Female with No kidren, education: high school degree working as skilled manual",30K or more,"Snack Foods from Snack Foods department, Ordered Brand : Best Choice",14.5359,-11.6287,non recyclable,,Big Time Discounts,SUperMaRKET,7.95 Millions,3.18 Millions,2049.72,457.36,304.91,310.662,SAO PEULO ,_SP,-23.56079380099833,-46.49873888718328,rio de jan3iro,RJ,-22.972956517889177,-43.39706327699233,5.0
mc_ID_3554,"education: graduate degree working as professional, Single Female with two children",$70K+,"Jams and Jellies from Baking Goods department, Ordered Brand : Plato",18.3153,16.8617,recyclable,"['Coffee Bar', 'Florist', 'Bar For Salad', 'Video Store', 'Ready Food']",Promo Big,Deluxe,9.99 Millions,3.7962 Millions,1874.05,593.93,395.95,578.2288,santa adelia,sp,val: -21.24607941923738,-48.80412605259864,rio de janeiro,RJ,-22.89002472433818,-43.23590644033692,5.0
mc_ID_3555,"Single Female with four children, education: partial HS working as manual",10k,"Snack Foods from Snack Foods department, Ordered Brand : Fort West",-23.4028,-20.4957,recyclable,,Go For It,supermarket,11.64 Millions,5.3544 Millions,2049.72,457.36,302.94,509.6635,SAO PAULO,SP,-23.54341626908212,-46.70487563352314,sao jose dos campos,sp,-23.221431461827063,val: -45.888163895493165,3.0
mc_ID_3556,"single male with one child, education: bachelors degree working as professional",50K+,"Hot Beverages from Beverages department, Ordered Brand : BBB Best",25.0018,22.0946,non recyclable,,Tip Top Savings,,$2.24 Millions,1.0976 Millions,2049.72,457.36,304.91,557.8318,americana,"Sp
",-22.78001467637804,val: -47.3518002860981,CAMPINAS, SP,-22.895876357204664,-47.0791850342778,5.0/5.0
mc_ID_3559,"Single Female with three children, education: partial high school working as skilled manual",360+ monthly,"Vegetables from Frozen Foods department, Ordered Brand : Golden",28.9265,27.3275,non recyclable,"['Ready Food', 'Coffee Bar', 'Video Store', 'Florist', 'Bar For Salad']",,De1Uxe,5.43 Millions,2.6607 Millions,1868.29,593.93,395.95,484.1411,sao paulo,SP,data: -23.574334452680457,data: -46.50181676172888,sau paulo,SP,-23.554079433810344,-46.53324185942636,3.0
mc_ID_3561,"Single Female with one child, education: high school degree working as skilled manual",30K+,"Dairy from Dairy department, Ordered Brand : Club",27.3275,24.275,recyclable,"['Bar For Salad', 'Ready Food']",Big Time Discounts,Supermarket,$10.83 Millions,4.0071 Millions,,470.27,313.01,501.9754,gASPar,$C,-26.94640707690269,-48.94918364263056,sao jose dos campos,	SP,val: -23.221431461827063,-45.888163895493165,measure: 4.0
mc_ID_3563,"Single Female with four children, education: partial high school working as management",130K+,"Candy from Snacks department, Ordered Brand : Thresher",16.1349,measure: 11.7741,non recyclable,"['Florist', 'Bar For Salad', 'Video Store', 'Ready Food', 'Coffee Bar']",Lottery Cash Registerion,Deluxe,$7.3 Millions,2.263 Millions,,503.07,335.38,500.9294,campina gr@nde,_pb,val: -7.225673175688141,-35.92971003649949,feira de santana,BA,-12.248541681316151,-38.97197508256521,4.0
mc_ID_3564,"mARRIED fEMALE WITH THREE CHILDREN, EDUCATION: HIGH SCHOOL DEGREE WORKING AS MANAGEMENT",110K or more,"Candy from Snacks department, Ordered Brand : Gulf Coast",19.1874,-1.0,non recyclable,"['Ready Food', 'Bar For Salad']",,Supermarket,10.29 Millions,4.3218 Millions,2264.36,853.22,568.75,554.903,barra mansa,RJ,-22.54303759117662,amount: -44.17532044976627,ri0 de janeiro,RJ,-22.920104850395337,-43.22138202997862,5.0
mc_ID_3565,"Single Female with two children, education: partial college working as manual, Single Female with two children",50K+,"Beer and Wine from Alcoholic Beverages department, Ordered Brand : Pearl",15.5534,-12.6317,non recyclable,"['Florist', 'Coffee Bar', 'Video Store', 'Bar For Salad', 'Ready Food']",Lottery Cash Registerion,Deluxe,10.72Ms,4.824 Millions,1734.5,503.07,334.15,646.4803,guaranta do norte,MT,-9.948511831513258,-54.91457350473809,sao paulo,SP,-23.65250284762537,-46.66809535567546,data: 5.0
mc_ID_3566,"Married Male with five children, education: high school degree working as manual",30K+,"Snack Foods from Snack Foods department, Ordered Brand : Fort West",23.6936,20.641,recyclable,"['Florist', 'Coffee Bar', 'Bar For Salad', 'Ready Food']",Budget Bargains,Deluxe,$10.8 Millions,4.428 Millions,2055.29,654.13,436.09,715.1502,campo grende,MS,-20.46994200109652,-54.612753842691966,salto,SP,measure: -23.19024365306712,-47.291570633360266,amount: 3.0
mc_ID_3567,"Single Female with four children, education: high school degree working as manual",Income: 30K+,"Jams and Jellies from Baking Goods department, Ordered Brand : Plato",28.9265,25.874,non recyclable,"['Ready Food', 'Coffee Bar', 'Bar For Salad', 'Florist']",Promo Big,,7.92Ms,3.6432 Millions,2055.29,654.13,436.09,val: 267.3576,diadema,SP,-23.68674443213689,-46.62957957175823,sao paulo,"SP
",-23.554079433810344,-46.53324185942636,4.0
mc_ID_3568,"Married Female with one child, education: bachelors degree working as professional",70K+,"Jams and Jellies from Baking Goods department, Ordered Brand : Landslide",20.2049,-15.6988,recyclable,,Big Time Discounts,SupeRmARKEt,4.64 Millions,1.4384 Millions,2049.72,457.36,304.91,val: 310.662,sao vicen7e,SP,-23.94765607621797,-46.41681311767059,maringa,PR,-23.41848622413047,-51.92625934548862,data: 3.0
mc_ID_3569,"Married Male with four children, education: bachelors degree working as professional",130K or more,"Breakfast Foods from Frozen Foods department, Ordered Brand : Carrington",14.972,12.0648,recyclable,"['Bar For Salad', 'Coffee Bar', 'Florist', 'Ready Food', 'Video Store']",Sale Winners,Deluxe,5.48 Millions,1.9728 Millions,1871.16,595.93,,519.7574,sao bernardo do campo,SP,-23.70434123452021,-46.52658390463978,santo andre,SP,-23.665703457960586,-46.51808196779969,2.0
mc_ID_3570,Single Male with four children and education: high school degree working as professional,$110K+,"Carbonated Beverages from Beverages department, Ordered Brand : Washington",15.4081,13.9545,recyclable,"['Bar For Salad', 'Florist', 'Ready Food', 'Coffee Bar', 'Video Store']",Lottery Cash Registerion,,10.92Ms,4.6956 Millions,1735.96,503.07,335.38,313.0678,sao jos3,sc,-27.562633674958704,-48.63782800645296,Fazenda Rio Grande,PR,-25.665981910215244,-49.32886111300174,5.0
mc_ID_3573,"Married Female with one child, education: high school degree working as manual",30K+,"Baking Goods from Baking Goods department, Ordered Brand : Super",17.007,15.4081,recyclable,['Coffee Bar'],Weekend Discount,Supermarket,6.24 Millions,2.6832 Millions,1236.07,440.92,294.72,364.1649,laranjeiras do sul,"PR
",-25.40409493828745,data: -52.41326011568435,sao jose do rio preto,$P,-20.80243626346376,-49.39562406741489,3.0
mc_ID_3575,"Single Female with two children, education: partial high school working as professional",130K+,"Vegetables from Frozen Foods department, Ordered Brand : Imagine",1076.76 oz,27.6183,recyclable,['Coffee Bar'],Best Price Savers,SMALL GROCERY,3.82 Millions,1.3752 Millions,1423.37,,265.98,410.2935,telemaco borba,Pr,-24.334528639666104,-50.63608839319225,sao paulo,SP,-23.65250284762537,-46.66809535567546,data: 4.0
mc_ID_3576,"sINGLEE mALE WITH THREE CHILDREN, EDUCATION: HIGH SCHOOL DEGREE WORKING AS SKILLED MANUAL",30K+,"Vegetables from Produce department, Ordered Brand : High Top",9.9135,7.0063,recyclable,,Super Duper Savers,Supermarke7,$15.4 Millions,5.852 Millions,2046.86,457.36,,amount: 527.7593,salvador,BA,measure: -13.001595722551336,-38.47603896705573,lencois paulista,SP,-22.6025864711492,-48.81247149518349,4.0
mc_ID_3582,,50K+,"Snack Foods from Snack Foods department, Ordered Brand : Best Choice",29.0719,26.1647,non recyclable,"['Ready Food', 'Coffee Bar', 'Bar For Salad', 'Florist']",Promo Big,Deluxe,$4.77 Millions,2.0034 Millions,2057.08,654.13,434.14,val: 267.3576,juina,MT,val: -11.418759603270525,-58.77167173409165,SAO PAULO,Sp,-23.541941545934563,measure: -46.49095488842404,5.0
mc_ID_3583,"Married Male with one child, education: partial high school working as skilled manual",10K+,"Snack Foods from Snack Foods department, Ordered Brand : Fort West",26.1647,24.7111,non recyclable,['Coffee Bar'],Budget Bargains,,4.65Ms,2.325 Millions,1236.07,440.92,293.95,data: 687.5358,salvador,"B4
",-12.999676661953911,-38.52950608006811,sao paulo,$P,-23.621229639188645,-46.66566413488948,5.0
mc_ID_3584,"Married Female with three children, education: graduate degree working as professional",90K+,"Frozen Entrees from Frozen Foods department, Ordered Brand : Big Time",22.8214,21.2225,recyclable,,,,€3.7M,1.716 Millions,2049.72,457.36,,509.6635,	SAO PAULO,SP_,-23.68493474436356,-46.73936141580894,japira,Pr,-23.8090985264526,-50.1376106059037,4.0
mc_ID_3585,"Married Female with two children, education: bachelors degree working as professional",50K+,"Dairy from Dairy department, Ordered Brand : Even Better",29.5079,26.4554,non recyclable,['Coffee Bar'],One Day Sale,SMALL GROCERY,1.64 Millions,0.6068 Millions,2069.09,,220.55,497.6345,Data Missing,DF,-15.765512890705256,-47.878131775372,Cachoeirinha,RS,-29.95355420966261,-51.103414237425575,5.0
mc_ID_3587,"Married Male with three kids, education: partial high school working as skilled manual",10K+,"Vegetables from Produce department, Ordered Brand : Tri-State",22.0946,20.4957,recyclable,,Big Time Discounts,SUPERMARKET,2.22Ms,0.9324 Millions,1508,227.8,152.58,574.9339,guarulhos,SP,-23.46034695920133,-46.54093519386578,sao paulo,sp,-23.61411790980433,-46.60034800222169,5.0
mc_ID_3588,"Married Male with three children , education: bachelors degree working as professional",70K+,"Vegetables from Canned Foods department, Ordered Brand : Bravo",10.7421,9.2739,recyclable,['Florist'],Price Destroyers,Supermarket,4.98 Millions,1.743 Millions,1318.35,,,710.8616,mage,Rj,-22.65894387253605,-43.03681018346885,sao p@ulo,SP,-23.693985995008337,-46.70188324132953,5.0
mc_ID_3590,"Married Female with three children, education: partial college working as management",130K+,"Pure Juice Beverages from Beverages department, Ordered Brand : Fabulous",15.6988,12.7916,non recyclable,"['Coffee Bar', 'Florist', 'Bar For Salad', 'Ready Food']",Two Day Sale,Deluxe,2.8 Millions,1.008 Millions,2055.29,656.13,436.09,542.0895,santo antonio de jesus,BA,-12.967481745660082,-39.26316308671777,rio de janeiro,RJ,amount: -22.93125598447676,-43.17881321481337,5.0
mc_ID_3594,"SINGLE MALE WITH ONE CHILD, EDUCATION: BACHELORS DEGREE WORKING AS PROFESSIONAL",50K+,"Snack Foods from Snack Foods department, Ordered Brand : Best Choice",11.8759,7.5151,non recyclable,"['Bar For Salad', 'Coffee Bar', 'Video Store', 'Florist', 'Ready Food']",,Deluxe,5.91 Millions,2.955 Millions,1874.13,593.93,395.95,516.7763,salvador,BA,-12.936081256574193,-38.43500426506672,curitiba,PR,-25.526084940879464,val: -49.27440966694559,4.0
mc_ID_3595,"Single Male with three children , education: High School degree working as skilled manual",10K+,"Fruit from Produce department, Ordered Brand : High Top",55.44 lbs,22.0946,recyclable,"['Bar For Salad', 'Florist', 'Ready Food', 'Coffee Bar']",Saving Days,,"5.61 ,000,000illions",2.0757 Millions,2055.29,654.13,436.09,352.0313,porto alegre,Rs,val: -30.02933889702238,-51.21207766403137,goiania,GU,-16.69955774566663,data: -49.31646534449651,amount: 5.0
mc_ID_3597,"Married Male with one kid, education: partial HS working as management",150K+,"Fruit from Produce department, Ordered Brand : Tell Tale",12.3265,9.4047,recyclable,['Florist'],Two for One,	Sup3Rmarket,7.26 Millions,2.3958 Millions,,523.32,348.85,360.7131,porto alegre,R5,-29.991483510663272,-51.09895269471816,Ribeirao Preto,SP,amount: -21.185944576067463,amount: -47.81498292186677,1.0
mc_ID_3598,"Marriied Female with two children, education: High School degree working as manual",30K+,"Snack Foods from Snack Foods department, Ordered Brand : Fort West",26.7461,22.24,non recyclable,['Coffee Bar'],Weekend Discount,Supermarket,"3.36 ,000,000illions",1.4448 Millions,1236.07,,293.95,364.1649,limeira,SP,-22.568907864569766,-47.37619564683011,sao paulo,_SP,-23.504769581649203,-46.62470303231384,5.0
mc_ID_3600,"Married Male with five children, education: high school degree working as manual",Income: 30K+,"Vegetables from Produce department, Ordered Brand : High Top",28.3451,23.9843,recyclable,"['Video Store', 'Coffee Bar', 'Bar For Salad', 'Ready Food', 'Florist']",,Daluxe,2.66Ms,1.064 Millions,1872.98,,395.95,474.7271,sao paulo,SP,-23.59899552233257,-46.68358067332223,SAO PAULO,SP,val: -23.746252526227707,-46.677001782820696,5.0
mc_ID_3602,"Single Female with one child, education: bachelors degree working as professional",50K+,"Fruit from Produce department, Ordered Brand : Ebony",14.4778,11.5706,non recyclable,,,5upermarket,5.92 Millions,2.3088 Millions,,,226.66,277.0331,_salvador,BA,-12.908246800924994,-38.35237065208191,,,,,Rating: 3.0
mc_ID_3605,"Single Male with two kids, education: partial HS working as skilled manual",10K+ annually,"Vegetables from Produce department, Ordered Brand : Tell Tale",data: 13.2132,8.8524,non recyclable,"['Ready Food', 'Florist', 'Bar For Salad', 'Coffee Bar', 'Video Store']",Save Price,deluxe,7.8 Millions,3.744 Millions,1733.07,503.07,336.06,419.9167,palmas,TO,-10.342336049170616,-48.29559614027752,belo horizonte,MG,-19.875867454065443,-43.98278199806675,5.0
mc_ID_3606,"Married Male with four kids, education: bachelors degree working as management",50K+ annually,"Hardware from Checkout department, Ordered Brand : Queen",12.5154,8.1401,recyclable,"['Bar For Salad', 'Ready Food', 'Florist', 'Coffee Bar', 'Video Store']",,Deluxe,3.56 Millions,1.424 Millions,,481.98,321.26,455.3761,taquaritinga,SP,-21.40988100649633,-48.49689418444743,Sao Paulo,	SP,-23.539494799586286,-46.63284391414975,4.0
mc_ID_3608,"Single Female with two children, education: partial high school working as skilled manual",10K+,"Vegetables from Canned Foods department, Ordered Brand : Just Right",28.6358,-1.0,recyclable,,Promo Big,Supermarket,6.8 Millions,3.264 Millions,2049.72,457.36,304.91,515.2596,_conchas,SP,-23.01537892814005,-48.008989829757134,cachoeiro de itapemirim,ES,-20.840166,-41.18323949999999,4.0
mc_ID_3610,"Single Female with four children , education: partial High School working as skilled manual",10K+,"Bread from Baked Goods department, Ordered Brand : Colony",25.89 lbs,7.3697,non recyclable,"['Florist', 'Coffee Bar', 'Ready Food', 'Bar For Salad']",Promo Big,Deluxe,€7.4M,3.5752 Millions,2055.29,654.13,436.09,267.3576,tambau,SP,measure: -21.716754014169144,-47.27203933359484,franca,SP,-20.530671079410943,-47.39851931627846,4.0
mc_ID_3611,"Married Male with three children,education: partial high school working as management",150 Thousand,"Electrical from Household department, Ordered Brand : High Quality",amount: 14.6813,10.3205,recyclable,['Florist'],Sale Winners,Supermarkat,4.11 Millions,1.3974 Millions,1320.15,523.32,348.85,amount: 770.6405,eugenopolis,MG,-21.09981002282405,-42.17627449376193,sumare,SP,-22.828654864562257,val: -47.267296160568925,measure: 5.0
mc_ID_3612,"Single Male with one child, education: bachelors degree working as management",70K or more,"Frozen Entrees from Frozen Foods department, Ordered Brand : Imagine",20.9317,19.3328,recyclable,"['Ready Food', 'Coffee Bar', 'Florist', 'Video Store', 'Bar For Salad']",Two Day Sale,,9.8 Millions,3.92 Millions,1871.16,593.93,395.32,£293.52,rio de janeiro,RJ,-22.91537136850404,-43.242996214902085,franca,sp,-20.50234199999999,-47.4215895,5.0
mc_ID_3613,Single Male with No children | education: partial high school working as professional,130K+,"Vegetables from Produce department, Ordered Brand : Ebony",20.7864,16.4256,recyclable,['Florist'],,Supermarket,5.8 Millions,2.726 Millions,1320.15,,348.85,281.4786,PIATA, BA ,-13.15200989080445,-41.776627995941126,jacarei,SP,-23.29818595956356,-45.974828011182304,3.0
mc_ID_3615,"Single Male with two children, education: high school degree working as manual",€25K+,"Cleaning Supplies from Household department, Ordered Brand : Red Wing",15.1174,measure: 10.7421,recyclable,,Money Savers,_Supermarket,6.72 Millions,3.024 Millions,1508.59,227.8,,$277.24,Uberlandia,MG,-18.925348871775626,-48.24236513543774,IBITINGA,SP,-21.7664768468313,-48.83154737836604,amount: 4.0
mc_ID_3616,"Single Female with four children, education: partial HS working as management",70K+,"Hardware from Checkout department, Ordered Brand : Framton",28.7811,-25.7286,recyclable,"['Coffee Bar', 'Ready Food', 'Video Store', 'Florist', 'Bar For Salad']",Save Price,,12.84 Millions,4.6224 Millions,,503.07,334.06,419.9167,araraquara,SP,-21.80811877629983,amount: -48.17662302746847,novo hamburgo,RS,-29.6881809883103,-51.0915608374261,3.0
mc_ID_3618,"Single Female with five children, education: high school degree working as manual",30K+,"Vegetables from Frozen Foods department, Ordered Brand : Carrington",9.9862,8.5181,non recyclable,"['Florist', 'Coffee Bar', 'Ready Food', 'Video Store', 'Bar For Salad']",Two Day Sale,Gourmet,"2.76 ,000,000illions",1.38 Millions,1424.97,465.54,,663.5824,itaborai,RJ,data: -22.734001459672847,amount: -42.86323433666325,ibitinga,SP,-21.7664768468313,-48.83154737836604,5.0
mc_ID_3619,"Single Male with No children, education: partial college working as clerical",30K+,"Frozen Entrees from Frozen Foods department, Ordered Brand : PigTail",26.7461,23.6936,recyclable,"['Ready Food', 'Bar For Salad']",Price Slashers,Supermarket,3.33 Millions,1.665 Millions,2265.9,853.22,568.64,450.8783,americana,Sp,-22.72893170107914,-47.301322143632056,sao paulo,SP,-23.468440512490595,-46.72068807496815,measure: 5.0
mc_ID_3620,"Single Female with two children, education: bachelors degree working as professional",50K+,"Kitchen Products from Household department, Ordered Brand : Cormorant",10.524,7.6023,non recyclable,['Coffee Bar'],Best Price Savers,SUPErMarKet,7.9 Millions,2.607 Millions,1238.78,440.92,292.91,720.5371,campinas,Sp,-22.903434628368608,-47.05276681724273,Santo Andre,Sp,-23.665703457960586,-46.51808196779969,1.0
mc_ID_3621,"Single Female with five children, education: partial college working as professional",130K+,"Dairy from Dairy department, Ordered Brand : Booker",17.7338,14.6813,non recyclable,"['Ready Food', 'Video Store', 'Florist', 'Coffee Bar', 'Bar For Salad']",One Day Sale,,2.72 Millions,0.8432 Millions,1421.87,465.54,310.3,449.1524,joaO pEssoA,PB,-7.115545623925199,-34.8557625,lAUrO DE fREITAs,B4,-12.895112589380958,-38.33895999999978,2.0
mc_ID_3623,"Single Female with five children, education: partial high school working as manual",10000,"Snack Foods from Snack Foods department, Ordered Brand : Best Choice",625.54 oz,14.6813,non recyclable,,Super Duper Savers,supermarket,10.2Ms,3.876 Millions,2049.72,457.36,,527.7593,sao paulo,$P,-23.555182505135885,-46.65226234401868,Campinas,SP,measure: -22.90081444463038,-46.99864279239999,measure: 5.0
mc_ID_3624,"Single Female with four children, education: high school degree working as manual",30K+,"Paper Products from Household department, Ordered Brand : Red Wing",data: 23.4028,19.0421,non recyclable,"['Coffee Bar', 'Florist', 'Bar For Salad', 'Video Store', 'Ready Food']",Full Free,Deluxe,$8.16 Millions,3.1824 Millions,1734.5,503.07,335.38,752.2309,corumbaiba,GO,-18.145514035790743,-48.56329094375739,pedrEIRA,SP,-22.73824150585765,-46.8958585777586,2.0
mc_ID_3625,"Married Male with one child, education: partial high school working as management",130K or more,"Fruit from Produce department, Ordered Brand : High Top",21.3678,18.3153,non recyclable,"['Florist', 'Bar For Salad', 'Coffee Bar', 'Video Store', 'Ready Food']",Sale : Double Down,deluxe,9.0 Millions,4.23 Millions,1526.71,373.1,250.6,746.3733,mar@gogi,4L,-9.01232564760585,-35.2206610008014,curitib4,PR,-25.464029318048183,-49.30472794690424,5.0
mc_ID_3626,"Marriied Female w/ five children, education: bachelors degree working as professional",600+ monthly,"Snack Foods from Snack Foods department, Ordered Brand : Fort West",data: 18.0246,14.972,recyclable,"['Florist', 'Video Store', 'Bar For Salad', 'Ready Food', 'Coffee Bar']",Sales Days,,"3.04 ,000,000illions",1.3072 Millions,1871.16,593.93,394.82,amount: 608.772,sao bernardo do campo,SP,-23.67170527422236,-46.58997464458433,santo andre,SP,-23.665703457960586,-46.51808196779969,3.0
mc_ID_3628,"Single Male with four children, education: partial high school working as manual",10000,"Baking Goods from Baking Goods department, Ordered Brand : Super",-15.4081,-12.5009,non recyclable,"['Ready Food', 'Bar For Salad']",Super Duper Savers,Supermarket,4.8 Millions,2.064 Millions,,855.22,569.17,val: 677.285,"sao paul0
",SP,-23.529307180131543,-46.63490526351788,poa,5P,-23.522975748542905,-46.33702048557326,val: 5.0
mc_ID_3629,"Married Male with four children, education: bachelors degree working as professional",130K+,"Snack Foods from Snack Foods department, Ordered Brand : Fast",18.8967,14.5359,recyclable,,Go For It,Supermarket,5.64Ms,2.0868 Millions,2049.72,,304.91,525.8765,caxambu,MG,-21.979959222975943,-44.93164330097004,praia grande,sp,-24.011288218359883,-46.41873374429398,5.0
mc_ID_3630,"Single Male with five children, education: bachelors degree working as professional",€42K+,"Candy from Snacks department, Ordered Brand : Atomic",measure: 26.0193,measure: 22.9668,recyclable,"['Ready Food', 'Bar For Salad']",Three for One,Supermarket,1.98 Millions,0.99 Millions,2265.9,853.22,,618.4475,marachal candido rondon,pR,-24.549059297396184,-54.05157641917936,CURITIBA,PR,-25.464029318048183,-49.30472794690424,4.0
mc_ID_3632,"Single Male with two children, education: high school degree working as manual",$30K+,"Electrical from Household department, Ordered Brand : Red Wing",24.4204,21.3678,recyclable,['Florist'],Saving Days,,$4.5 Millions,1.44 Millions,1320.15,523.32,349.7,435.4498,orindiuva, 5P,amount: -20.189088281164857,-49.35644319628796,sAO jOSE dO rIO PrETo,SP,-20.81842802837701,-49.39248776604019,data: 5.0
mc_ID_3633,Married Male with one child / education: partial high school working as skilled manual,10K+ annually,"Meat from Deli department, Ordered Brand : Lake",24.7111,21.8039,recyclable,['Coffee Bar'],Super Savers,Small Grocery,1.42 Millions,0.639 Millions,1423.37,398.93,265.98,651.4488,macatuba,sp,-22.50137476856727,-48.707334186318725,praia grande,SP,-24.011288218359883,-46.41873374429398,5.0
mc_ID_3635,"Marriied Female with four children, education: partial high school working as skilled manual",10K+,"Snack Foods from Snack Foods department, Ordered Brand : Fort West",17.5885,14.6813,non recyclable,"['Ready Food', 'Bar For Salad']",Super Savers,Supermarket,13.16 Millions,4.2112 Millions,2448.37,470.27,313.55,719.3865,santo 	andre,sP,-23.61571809769749,-46.53118432278263,piracicaba,$P,-22.71683928585045,measure: -47.65736585405934,3.0
mc_ID_3636,"Married Female with four children, education: graduate degree working as professional, Married Female with four children",70K+,"Fruit from Produce department, Ordered Brand : Tell Tale",13.562,10.6403,recyclable,['Florist'],Dollar Days,Supermarke7,€1.0M,0.427 Millions,1320.15,523.32,348.85,748.0992,araxa,MG,-19.5910731707997,data: -46.945463447657474,_a$sis,sp,-22.66272240238052,-50.43776522959186,2.0/10
mc_ID_3637,"Single Female with five children, education: high school degree working as skilled manual",Income: 10K+,"Pain Relievers from Health and Hygiene department, Ordered Brand : Faux Products",16.1349,13.2277,non recyclable,,Go For It,Supermarket,9.28 Millions,4.5472 Millions,1508,,151.9,623.939,rio de janeiro,RJ,data: -22.94391056014081,amount: -43.254772993992525,piracicaba,SP,-22.71683928585045,-47.65736585405934,data: 5.0
mc_ID_3638,"Single Female with one child, education: partial high school working as manual",10K+,"Starchy Foods from Starchy Foods department, Ordered Brand : Medalist",-27.1822,24.275,recyclable,"['Florist', 'Ready Food', 'Video Store', 'Bar For Salad', 'Coffee Bar']",Bag Stuffer,	Deluxe,"11.12 ,000,000illions",3.4472 Millions,1734.5,503.07,335.38,662.2226,niteroi,RJ,-22.91127038161472,data: -43.10515133611283,sao paulo,SP,-23.65250284762537,-46.66809535567546,1.0
mc_ID_3642,"Married Female with two children, education: high school degree working as skilled manual",10K+ annually,"Beer and Wine from Alcoholic Beverages department, Ordered Brand : Walrus",28.9265,-999.0,non recyclable,"['Ready Food', 'Florist', 'Bar For Salad', 'Coffee Bar', 'Video Store']",GLD,Deluxe,7.23 Millions,3.3981 Millions,1871.16,593.93,nil,val: 484.1411,sao luis,MA,-2.545427825092353,-44.24638076234008,SAO PAULO,SP,-23.537511255832708,-46.63705730743676,5.0
mc_ID_3643,"Married Male with four children, education: high school degree working as manual",360+ monthly,"Snack Foods from Snack Foods department, Ordered Brand : Fort West",14.5359,11.6287,recyclable,,Big Time Discounts,Supermarkat,7.56 Millions,2.7216 Millions,1508,227.8,151.9,761.488,franca,sp,-20.53193450696372,-47.399446711253766,ribeirao preto,SP,-21.17121748495008,-47.81941847157649,5.0
mc_ID_3646,"Married Male with four children, education: partial high school working as professional",130K+,"Pizza from Frozen Foods department, Ordered Brand : PigTail",27.1822,24.275,non recyclable,"['Florist', 'Coffee Bar', 'Bar For Salad', 'Ready Food', 'Video Store']",Money Savers,Deluxe,5.8 Millions,2.552 Millions,1872.7,,396.63,343.611,sao paulo,Sp,-23.50838552211884,-46.50278051263616,sao paulo,SP,-23.693985995008337,val: -46.70188324132953,3.0
mc_ID_3647,"Married Male with three children, education: bachelors degree working as professional",50K+,"Hot Beverages from Beverages department, Ordered Brand : Super",14.3179,25.16 lbs,non recyclable,"['Ready Food', 'Bar For Salad']",,5upermarket,3.72 Millions,1.5252 Millions,2448.37,470.27,313.55,754.7413,sao goncalo,RJ,-22.826646152351035,-42.99987757664625,a7ibaia,$P,-23.112774381969185,-46.5488845105504,1.0
mc_ID_3653,"single female with five children, education: bachelors degree working as professional",70K+,"Vegetables from Produce department, Ordered Brand : Hermanos",11.6578,8.7506,recyclable,"['Florist', 'Ready Food', 'Coffee Bar', 'Bar For Salad']",,,8.92 Millions,4.2816 Millions,2055.29,,,267.3576,SERrA,as,-20.1808755,-40.26153600000001,Sao Paulo,SP,-23.57282057729816,-46.52329640383172,5.0
mc_ID_3654,"Single Male with No children, education: partial HS working as professional",Income: 70K+,"Cleaning Supplies from Household department, Ordered Brand : Sunset",23.8389,20.7864,recyclable,"['Video Store', 'Florist', 'Coffee Bar', 'Bar For Salad', 'Ready Food']",One Day Sale,Deluxe,3.7Ms,1.665 Millions,1869.81,595.93,394.48,360.3993,Rio De Janeiro,RJ,-22.86933515510882,-43.21992800026346,can0inhas,SC,-26.16862248406491,-50.392861528512256,5.0
mc_ID_3655,"Single Female with one child, education: partial high school working as skilled manual",10000,"Vegetables from Produce department, Ordered Brand : Tri-State",18.606,17.1524,non recyclable,"['Bar For Salad', 'Ready Food']",Big Time Discounts,Supermarket,10.48 Millions,3.4584 Millions,2448.37,470.27,313.55,data: 501.9754,SAO PAULO,$p ,-23.4717225298344,-46.65764092339433,"sao paulo
","sP
",-23.693985995008337,-46.70188324132953,5.0
mc_ID_3657,"SiNgLe mAlE WiTh tHrEe kIdReN, eDuCaTiOn: PaRtIaL HiGh sChOoL WoRkInG As sKiLlEd mAnUaL",10K+,"Jams and Jellies from Baking Goods department, Ordered Brand : CDR",-30.5255,27.6183,recyclable,,Full Free,Supermarket,€1.7M,0.9648 Millions,1510.7,227.8,151.08,660.2352,JAPERI,RJ,-22.68671686350717,-43.62203166550435,santo andre,SP,-23.665703457960586,-46.51808196779969,3.0
mc_ID_3659,"Single Female with three kids, education: high school degree working as manual",30K+,"Snack Foods from Snack Foods department, Ordered Brand : Horatio",17.1524,amount: 14.2452,non recyclable,"['Coffee Bar', 'Florist', 'Ready Food', 'Bar For Salad']",...,Deluxe,14.36 Millions,4.8824 Millions,2055.89,654.13,436.09,640.5181,votorantim,"SP
",-23.53756427699231,-47.4346005360668,serra negra,$P,-22.596440207291085,-46.71196868822353,3.0
mc_ID_3661,"Married Female with three children, education: bachelors degree working as professional",70K+,"Jams and Jellies from Baking Goods department, Ordered Brand : Landslide",10.3787,7.4569,recyclable,"['Ready Food', 'Coffee Bar', 'Florist', 'Video Store', 'Bar For Salad']",Shelf Emptiers,Gourmet,6.81 Millions,3.3369 Millions,1424.85,465.54,311.11,564.2647,sao paulo,SP,-23.47563293005943,-46.60151528864907,piracicaba,SP,-22.71683928585045,-47.65736585405934,5.0
mc_ID_3663,"Single Female with three children, education: Bachelors degree working as professional",€59K+,"Meat from Deli department, Ordered Brand : Red Spade",27.7636,23.4028,non recyclable,['Florist'],Weekend Discount,,6.99 Millions,2.2368 Millions,1320.15,,348.85,279.1251,santos_,SP,-23.962449666397312,-46.31498829170751,	uberaba,MG ,-19.762886766028046,-47.93858631709849,4.0
mc_ID_3664,"Single Male with four children, education: high school degree working as manual",360+ monthly,"Fruit from Produce department, Ordered Brand : Hermanos",25.4379,21.0771,recyclable,"['Ready Food', 'Bar For Salad']",Three for One,,$3.48 Millions,1.3572 Millions,2448.37,470.27,313.55,val: 656.2604,sao jose dos campos,5p,-23.190709945322865,data: -45.78783293158863,sao peulo ,SP,-23.539824031911863,-46.434679443937874,4.0
mc_ID_3665,"Married Female with three children, education: high school degree working as professional",130K+,"Canned Soup from Canned Foods department, Ordered Brand : Bravo",18.1699,16.7163,recyclable,"['Ready Food', 'Bar For Salad']",Price Slashers,Supermarket,5.44 Millions,2.1216 Millions,2265.9,853.22,568.75,450.8783,campinas,SP,-22.88255076242137,-47.04691965736627,sao luis,MA_,-2.546079233971952,-44.3089863702464,5.0
mc_ID_3666,Married Female with two children and education: high school degree working as skilled manual,50K+,"Pure Juice Beverages from Beverages department, Ordered Brand : Fabulous",24.5657,-20.0596,non recyclable,"['Bar For Salad', 'Florist', 'Ready Food', 'Coffee Bar', 'Video Store']",Tip Top Savings,Deluxe,8.88 Millions,3.3744 Millions,2038.11,481.98,321.26,416.2557,rio de janeiro,RJ,-22.936378144309987,-43.32533727849932,curitiba,PR,amount: -25.43548786011886,-49.270213781291496,4.0
mc_ID_3667,"Married Female with one child, education: graduate degree working as management",70K+,"Dairy from Dairy department, Ordered Brand : Carlson",16.8617,13.9545,recyclable,"['Ready Food', 'Bar For Salad']",Three for One,Supermarket,$6.98 Millions,2.792 Millions,2265.9,853.22,566.83,618.4475,"Silveiras
",SP,-22.663113590333364,amount: -44.85249665898394, PirACICAbA ,$P,measure: -22.71683928585045,-47.65736585405934,5.0
mc_ID_3668,"education: partial high school working as skilled manual, Married Male with No children",10K+,"Pizza from Frozen Foods department, Ordered Brand : PigTail",27.1822,24.275,non recyclable,"['Video Store', 'Bar For Salad', 'Coffee Bar', 'Ready Food', 'Florist']",Bag Stuffer,,4.35 Millions,1.6095 Millions,,503.07,335.38,measure: 662.2226,SImaO DIAs,se,-10.745473500000005,-37.79926425000001,recife,Pa,-8.138173275583135,-34.9322264583223,4.0
mc_ID_3670,"Married Male with No children, education: partial college working as professional",1080+ monthly,"Canned Tuna from Canned Foods department, Ordered Brand : Bravo",15.5534,14.0853,recyclable,['Florist'],Sale Winners,Supermarket,5.01 Millions,1.8036 Millions,1320.15,523.32,350.51,770.6405,BALNEARIO CAMBORIU,SC,-26.999696999999948,-48.63513949999995,assi5,_SP,-22.66791333527613,-50.41920174522468,5.0
mc_ID_3671,"Married Female with four kidren, education: partial high school working as manual",10K+,"Frozen Entrees from Frozen Foods department, Ordered Brand : PigTail",21.0771,19.6235,recyclable,,Price Destroyers,Supermarket,8.56 Millions,2.996 Millions,1508,227.8,151.9,588.3227,sao paulo,SP,-23.68641917757002,-46.68575727212409,mogi das cruzes,_SP,measure: -23.551706513599484,-46.260979398542325,data: 5.0
mc_ID_3672,"Single Male with four children, education: partial HS working as professional",130K+ annually,"Dairy from Dairy department, Ordered Brand : Even Better",10.7857,7.8785,recyclable,"['Video Store', 'Florist', 'Bar For Salad', 'Ready Food', 'Coffee Bar']",Bag Stuffer,,10.76 Millions,4.842 Millions,1734.5,503.07,335.38,662.2226,	cicero danta5,BA,-10.594433179978497,-38.38074697963245,sao p4ulo,SP,data: -23.553644898695826,-46.63261889578163,2.0
mc_ID_3673,"Married Female with two children, education: partial high school working as manual",10K+,"Side Dishes from Deli department, Ordered Brand : Lake",measure: 19.1874,val: 14.6813,non recyclable,"['Coffee Bar', 'Ready Food', 'Bar For Salad', 'Video Store', 'Florist']",Two Day Sale,deluxe,5.04 Millions,2.268 Millions,2038.11,481.98,320.87,495.7517,ribeirao preto,SP,-21.188237520138365,-47.75564477528397,sao paulo,SP,-23.693985995008337,-46.70188324132953,5.0
mc_ID_3675,"Single Male with five children, education: high school degree working as skilled manual",30K+,"Plastic Products from Household department, Ordered Brand : Red Wing",23.9843,val: 22.5307,,"['Ready Food', 'Coffee Bar', 'Video Store', 'Florist', 'Bar For Salad']",Go For It,Deluxe,13.84 Millions,4.4288 Millions,,481.98,321.26,455.3761,CAMPINAS,SP,-22.93221846205146,-47.096790459495125,CAMPINAS,SP,-22.92991227115403,val: -47.07189552530681,5.0
mc_ID_3676,"Married Female with four children, education: partial high school working as management",130K+,"Kitchen Products from Household department, Ordered Brand : Cormorant",28.3451,26.8915,non recyclable,['Coffee Bar'],Discount Frenzy,Small Grocery,€2.4M,0.994 Millions,2066.16,332.83,221.23,amount: 570.2269, sAO PaUlO ,SP,-23.61620895920133,-46.63529647960067,	limeira,SP,-22.599254430886607,-47.37980963550319,5.0
mc_ID_3677,"education: high school degree working as manual, Married Female with four children",30K+,"Candy from Snacks department, Ordered Brand : Choice",26.7461,25.1472,...,['Coffee Bar'],Super Duper Savers,Supermarkat,9.5 Millions,3.515 Millions,1236.07,442.92,293.95,418.4,uba,MG,-21.12574332854103,-42.92260482854105,uberlandie,"MG
",-18.925348871775626,-48.24236513543774,5.0
mc_ID_3678,"Single Female with three children, education: partial high school working as professional",110K+,"Snack Foods from Snack Foods department, Ordered Brand : Nationeel",24.8564,20.4957,recyclable,['Coffee Bar'],Dimes Off,Smal1 Grocery,6.62 Millions,3.0452 Millions,1423.37,398.93,266.15,$444.39, Curitiba ,	PR,-25.41420518595992,-49.259492785590666,maringa,pr,-23.377396999935016,-51.93100618003307,5.0
mc_ID_3680,"Single Male with four children, education: partial high school working as management",150K+,"Canned Soup from Canned Foods department, Ordered Brand : Bravo",data: 8.9832,-6.0615,recyclable,,Wallet Savers,$upermarket,6.4 Millions,2.56 Millions,1508,227.8,153.23,277.8699,cachoeiro de itapemirim,es,-20.82599880261316,-41.13645175016037,GUARIBA,SP,-21.36235769739203,-48.232975701561735,1.0
mc_ID_3681,"Single Male with No children, education: partial high school working as skilled manual",10K+,"Paper Products from Household department, Ordered Brand : Sunset",14.8266,11.9049,non recyclable,"['Bar For Salad', 'Ready Food']",You Save Days,Supermarket,$4.77 Millions,2.0511 Millions,2268.1,853.22,568.75,268.1421,goiania,gO,-16.690919470384546,-49.27097863036399,mirassol,Sp,-20.826509617243435,-49.49059546820425,val: 3.0
mc_ID_3682,"Married Female with two children, education: high school degree working as skilled manual",30K+,"Pizza from Frozen Foods department, Ordered Brand : Carrington",data: 27.909,measure: 26.4554,recyclable,"['Florist', 'Ready Food', 'Video Store', 'Bar For Salad', 'Coffee Bar']",Super Duper Savers,Deluxe,10.35 Millions,3.6225 Millions,1526.44,,248.79,266.73,lavras,mg,-21.24898018734491,-44.99817928074323,maringa,Pr,-23.41848622413047,-51.92625934548862,1.0
mc_ID_3684,"Single Male with two children, education: partial college working as management.",30K+,"Electrical from Household department, Ordered Brand : Cormorant",26.1647,val: 23.2575,non recyclable,,Budget Bargains,Supermarket,3.78 Millions,1.512 Millions,2048.5,459.36,304.91,708.665,picos,PI,-7.077400026804777,-41.47074002518156,recife,PA,val: -8.138173275583135,-34.9322264583223,5.0
mc_ID_3685,"Married Male wiht five children, education: bachelors degree working as professional",110K+,"Baking Goods from Baking Goods department, Ordered Brand : Landslide",10.5676,6.1923,recyclable,"['Florist', 'Bar For Salad', 'Coffee Bar', 'Ready Food']",Full Free,Deluxe,1.74 Millions,0.5916 Millions,2055.29,654.13,435.06,570.3838,bauru,SP,-22.27750407438397,-49.072014630013385,borda da mata,MG,-22.264093569966427,-46.15856420525942,3.0
mc_ID_3686,"Married Male with two children, education: partial high school working as management",90K+,"Frozen Entrees from Frozen Foods department, Ordered Brand : PigTail",31.8337,28.7811,recyclable,,Full Free,Supermarket,$8.73 Millions,4.365 Millions,1508,227.8,151.9,272.2738,porto alegre,RS,-30.073570239252074,-51.20294710534355,sao paulo,SP,-23.693985995008337,-46.70188324132953,4.0
mc_ID_3687,"Married Female with four kids, education: partial high school working as skilled manual",$10K+,"Canned Soup from Canned Foods department, Ordered Brand : Bravo",316.87 oz,val: 6.0615,recyclable,"['Florist', 'Bar For Salad', 'Coffee Bar', 'Ready Food']",Price Winners,Deluxe,3.84 Millions,1.2672 Millions,2055.29,654.13,436.09,494.9149,carlos barbosa,_RS,-29.291861569560297,amount: -51.51138872368569,_navegantes,SC,val: -26.85907968190116,-48.63953562951828,5.0
mc_ID_3688,"Married Female with five children, education: partial college working as clerical",30K+,"Kitchen Products from Household department, Ordered Brand : Red Wing",11.6724,7.297,recyclable,"['Ready Food', 'Coffee Bar', 'Florist', 'Bar For Salad']",Price Winners,Deluxe,"3.87 ,000,000illions",Not Specified,2055.29,654.13,,494.9149,Rio De Janeiru,RJ,data: -22.95124560421836,-43.3592714074384,itaquequecetuba,5p,-23.495851409134296,-46.35654557859026,1.0
mc_ID_3690,"Single Female with three children , education: partial High School working as skilled manual",10K+,"Vegetables from Produce department, Ordered Brand : High Top",13.155,8.7942,non recyclable,"['Florist', 'Coffee Bar']",Double Your Savings,Mid-Size,5.52 Millions,2.4288 Millions,2551.4,389.54,259.66,599.9856,GUARAPUAVA,PR,-25.38999640215828,-51.47482035400201,SAO pAulO,$P,data: -23.65111484251016,-46.75521082321932,5.0
mc_ID_3691,"Single Male with two children, education: HS degree working as skilled manual",50K+,"Jams and Jellies from Baking Goods department, Ordered Brand : BBB Best",14.8266,-13.3585,recyclable,"['Ready Food', 'Bar For Salad']",,Supermarket,6.76Ms,3.2448 Millions,2268.8,855.22,567.78,736.907,oLiVEira,mg,-20.707432880919285,-44.83297587464295,salto,SP,data: -23.20591698084141,-47.307845865803,5.0
mc_ID_3692,"Married Male with three children, education: bachelors degree working as management",50K+,"Snack Foods from Snack Foods department, Ordered Brand : Nationeel",13.5329,9.1722,non recyclable,['Florist'],Sale Winners,SUPERMARKET,7.53 Millions,2.7108 Millions,,523.32,348.88,770.6405,sa0 paulo,5P,-23.5944875783294,-46.679788357589,$ao paulo,SP ,-23.48535959449485,-46.624283978908174,4.0
mc_ID_3693,"MARRIED MALE WITH TWO CHILDREN, EDUCATION: PARTIAL HIGH SCHOOL WORKING AS SKILLED MANUAL",10000,"Seafood from Seafood department, Ordered Brand : Curlew",13.0387,10.1315,non recyclable,"['Ready Food', 'Video Store', 'Bar For Salad', 'Coffee Bar', 'Florist']",,Deluxa,4.86 Millions,2.2842 Millions,1525.28,373.1,250.42,amount: 722.6814,ÇaMpO LARgO,PR,-25.475842610773128,amount: -49.57274029276336,sao paulo,SP,-23.554079433810344,-46.53324185942636,5.0
mc_ID_3694,"single male w/ three children, education: bachelors degree working as professional",Income: 50K+,"Vegetables from Produce department, Ordered Brand : Tri-State",11.8759,8.9687,non recyclable,"['Bar For Salad', 'Ready Food', 'Coffee Bar', 'Florist']",Two Day Sale,Gourmet,5.88 Millions,2.646 Millions,1564.86,385.45,257.67,486.9653,sao pau1o ,SP,-23.593509,-46.69160489873891,ibitinga,sp,-21.7664768468313,-48.83154737836604,measure: 1.0
mc_ID_3695,"Married Female with four children, education: high school degree working as manual",30k,"Bathroom Products from Health and Hygiene department, Ordered Brand : Consolidated",17.007,15.4081,non recyclable,"['Florist', 'Ready Food', 'Bar For Salad', 'Coffee Bar', 'Video Store']",Money Savers,Deluxe,7.41 Millions,2.4453 Millions,1525.28,373.1,248.79,560.656,agudos,SP,-22.45244284794321,-48.98977139671903,sao paulo,sp,-23.554079433810344,val: -46.53324185942636,5.0
mc_ID_3697,"Single Male with four children, education: high school degree working as manual",30K+,"Candles from Household department, Ordered Brand : High Quality",14.3179,25.16 lbs,non recyclable,,,supermarket,6.32 Millions,3.0336 Millions,2049.72,457.36,304.91,300.8296,LINhARes,ES,-19.38662465049386,-40.05577521121764,osasco,SP,measure: -23.552456794881493,-46.78012559033992,3.0
mc_ID_3698,"Single Female with four children, education: partial college working as professional",30K+,"Baking Goods from Baking Goods department, Ordered Brand : Super",11.1054,8.1837,non recyclable,"['Florist', 'Bar For Salad', 'Ready Food', 'Coffee Bar']",,,5.43 Millions,2.6607 Millions,2053.92,654.13,437.88,745.6934,Campos Dos Goytacazes,RJ,amount: -21.752686105920883,data: -41.342931617164176,ibitlnga,5P,-21.7664768468313,val: -48.83154737836604,1.0
mc_ID_3699,"Single Female with No children, education: bachelors degree working as management, education: bachelors degree working as management",70K+,"Vegetables from Frozen Foods department, Ordered Brand : Big Time",12.3555,measure: 9.4484,non recyclable,"['Video Store', 'Ready Food', 'Bar For Salad', 'Coffee Bar', 'Florist']",Go For It,Deluxe,14.28 Millions,6.9972 Millions,2038.11,,321.26,455.3761,niteroi,Rj,-22.901359568959617,amount: -43.1241522171793,rio claro,SP,-22.402133192076768,-47.56233402025511,5.0
mc_ID_3701,"Married Female with four children, education: high school degree working as skilled manual",30K+,"Drinks from Beverages department, Ordered Brand : Fabulous",15.4081,12.5009,recyclable,"['Coffee Bar', 'Florist', 'Video Store', 'Bar For Salad', 'Ready Food']",Super Savers,,12.55 Millions,3.8905 Millions,1525.28,375.1,248.79,755.9442,Sao Paulo,sp,-23.49310667638064,-46.679616398003326,ribeirao pires_,SP,-23.73407261059953,-46.44241000920845,5.0
mc_ID_3702,"Single Female with four children, education: bachelors degree working as management",30k,"Drinks from Beverages department, Ordered Brand : Fabulous",21.0771,val: 18.1699,non recyclable,['Coffee Bar'],Budget Bargains,Suparmarket,11.36 Millions,3.7488 Millions,1234.4,440.92,293.95,687.5358,BODOQUENA,M$,measure: -20.548919096969858,-56.67547900606177,ubERLaNDIA,MG,-18.94141413405276,-48.33714543949449,5.0
mc_ID_3703,Single Female with five children / education: bachelors degree working as management,Income: 50K+,"Canned Anchovies from Canned Foods department, Ordered Brand : Better",15.2627,10.9019,recyclable,['Coffee Bar'],Price Slashers,Supermarket,6.84 Millions,2.394 Millions,1236.07,440.92,293.95,402.6054,Itapetininga,SP,-23.589215823296843,-48.03714785327651,iTAuNa,mG,-20.08212660423176,-44.5732983518722,2.0
mc_ID_3704,"Married Female with two children, education: bachelors degree working as professional",50K+,"Frozen Entrees from Frozen Foods department, Ordered Brand : Imagine",21.8039,18.8967,recyclable,"['Bar For Salad', 'Coffee Bar', 'Florist', 'Ready Food', 'Video Store']",Price Cutters,gouRmet,6.96Ms,3.0624 Millions,1427.74,465.54,310.3,675.716,uberlandi4,Mg,-18.925348871775626,, IbitINgA ,sp,-21.7664768468313,data: -48.83154737836604,2.0
mc_ID_3705,"Married Female with four children, education: partial college working as professional",30K+,"Electrical from Household department, Ordered Brand : Sunset",15.8442,measure: 12.9224,recyclable,"['Ready Food', 'Coffee Bar', 'Florist', 'Bar For Salad']",Three for One,Deluxe,"10.47 ,000,000illions",4.0833 Millions,2055.29,654.13,436.09,640.5181,çanoas,R$,-29.91685197169481,-51.17985034021047,blumenau,$C ,-26.91141069525076,-49.11143612738765,measure: 1.0
mc_ID_3706,"Married Female with three children, education: graduate degree working as management",70K+ annually,"Beer and Wine from Alcoholic Beverages department, Ordered Brand : Top Measure",23.9843,19.6235,recyclable,"['Coffee Bar', 'Florist', 'Bar For Salad', 'Ready Food', 'Video Store']",Save It (Sale),Deluxe,3.5 Millions,1.295 Millions,1734.5,503.07,335.38,755.1074,sao paul0,$P,-23.531186032748582,-46.61470460505509,ribeirao preto,SP,-21.21227916180968,-47.78815176242136,4.0
mc_ID_3709,"Married Female with two children, education: partial high school working as manual",10K+,"Canned Soup from Canned Foods department, Ordered Brand : Blue Label",16.2802,419.93 oz,non recyclable,"['Bar For Salad', 'Ready Food']",Super Savers, Supermarket ,10.6 Millions,3.922 Millions,2448.37,470.27,313.72,719.3865,pelotas,RS,-31.767831461278803,-52.34106915266308,Sa0 Paulo,SP,-23.576447493479133,-46.50490442200933,2.0
mc_ID_3710,"Single Male with No children, education: partial high school working as skilled manual, education: partial high school working as skilled manual",10K+,"Snack Foods from Snack Foods department, Ordered Brand : Horatio",11.0037,-1.0,recyclable,"['Bar For Salad', 'Ready Food']",Super Duper Savers,Supermarket,5.19 Millions,2.076 Millions,2263.41,853.22,568.75,677.285,barao de cocais,MG,-19.932704332340645,-43.48527861588372,mirandopolis,sp,data: -21.131534491601712,-51.10568265114781,measure: 1.0
mc_ID_3711,"Married Male with two children, education: high school degree working as skilled manual",30K+,"Plastic Products from Household department, Ordered Brand : Red Wing",15.9895,13.0823,non recyclable,"['Bar For Salad', 'Ready Food', 'Coffee Bar', 'Florist']",Tip Top Savings,Deluxe,11.25 Millions,5.0625 Millions,,654.13,436.09,745.6934,BLUMENAU,SC,-26.830589062903368,-49.09048870318102,sao paulu,SP,-23.537511255832708,-46.63705730743676,4.0
mc_ID_3712,"Married Female with No children, education: bachelors degree working as professional",30K+,"Canned Soup from Canned Foods department, Ordered Brand : Just Right",amount: 17.8792,16.4256,recyclable,"['Bar For Salad', 'Ready Food', 'Florist', 'Video Store', 'Coffee Bar']",Money Savers, Deluxe,1.83 Millions,0.5673 Millions,1525.28,373.1,248.79,560.656,sao paulo,SP,-23.52033683029606,-46.74862060592117,pedreira,SP,-22.73824150585765,-46.8958585777586,5.0
mc_ID_3713,"Marriied Female with three children, education: gradute degree working as management",130 Thousand,"Snack Foods from Snack Foods department, Ordered Brand : Best Choice",17.7338,14.6813,non recyclable,"['Bar For Salad', 'Ready Food']",Big Time Discounts,,€8.7M,4.284 Millions,2450.88,470.27,,501.9754,Salvador ,BA,-13.00486273633788,-38.46539390896759,Recife,Pa,-8.138173275583135,-34.9322264583223,5.0
mc_ID_3714,"Single Male with four children, education: high school degree working as manual",30K+,"Bread from Baked Goods department, Ordered Brand : Sphinx",-11.8613,8.9396,recyclable,,,supermarket,2.65Ms,1.272 Millions,2049.72,457.36,304.48,339.8977,abaiara,ce,-7.3414919999999455,measure: -39.02446249999997,conselhe1ro lafaiete,mg,data: -20.656390614345373,-43.80405126006627,measure: 5.0
mc_ID_3715,"Married Male with No children, education: partial high school working as management",Income: 90K+,"Vegetables from Produce department, Ordered Brand : Tell Tale",29.5079,27.909,non recyclable,"['Florist', 'Ready Food', 'Bar For Salad', 'Coffee Bar']",Price Winners,,"5.31 ,000,000illions",1.6461 Millions,2055.29,654.13,436.09,494.9149,sAo RoqUE,SP,amount: -23.521078528228543,-47.138172429386366,SAO ROQUE,SP,val: -23.53626695697963,-47.13489184347044,5.0
mc_ID_3716,"Married Female with two children, education: bachelors degree working as management",150K+,"Electrical from Household department, Ordered Brand : High Quality",30.2347,27.1822,non recyclable,['Coffee Bar'],Two Day Sale,,$6.16 Millions,2.7104 Millions,,,295.34,477.3944,curitlba,PR,-25.4727349417162,-49.30563836747645,ibitinga,SP,data: -21.7664768468313,val: -48.83154737836604,3.0
mc_ID_3717,Married Male with No kidren; education: partial high school working as manual,10K+,"Bathroom Products from Health and Hygiene department, Ordered Brand : Hilltop",27.0368,24.1296,recyclable,['Coffee Bar'],Weekend Discount,,"10.65 ,000,000illions",3.7275 Millions,1236.07,440.92,293.95,698.728,florlanopolis,sc,-27.59186031447276,-48.54902548765073,Sao Paulo,Sp,data: -23.693985995008337,-46.70188324132953,1.0
mc_ID_3718,"Married Female with four kidren, education: partial high school working as skilled manual",10K or more,"Snack Foods from Snack Foods department, Ordered Brand : Fast",27.0368,24.1296,recyclable,['Coffee Bar'],Discount Frenzy,,1.1Ms,0.473 Millions,1236.07,,293.95,760.4943,duque de caxias,RJ,-22.78530991174892,-43.32222918835144,santo andre,SP,-23.665703457960586,-46.51808196779969,5.0
mc_ID_3719,"Single Female with four children, education: partial college working as professional",30K+,"Snack Foods from Snack Foods department, Ordered Brand : Nationeel",12.5445,9.6373,non recyclable,"['Florist', 'Video Store', 'Coffee Bar', 'Bar For Salad', 'Ready Food']",Save It (Sale),Deluxe,1.38 Millions,0.483 Millions,1525.28,373.1,248.79,data: 393.4006,vila velha, 3S ,-20.33161263550869,-40.27958609200332,maringa, PR,-23.437975269077903,-51.91385959802448,measure: 4.0
mc_ID_3721,"married male with five children , education: high school degree working as skilled manual",30K+,"Vegetables from Produce department, Ordered Brand : High Top",31.8337,val: 30.2347,non recyclable,"['Bar For Salad', 'Ready Food']",Super Savers,Supermarke7,7.15 Millions,2.574 Millions,2448.37,470.27,313.55,754.7413,FEIRA DE SANTANA,B4,-12.28252945268046,-38.973712500000005,ribeirao preto,5p_,-21.174925033585303,-47.7686162776848,5.0
mc_ID_3722,"Single Female with one child, education: partial high school working as manual",10K+,"Side Dishes from Deli department, Ordered Brand : Cutting Edge",12.3119,10.8583,recyclable,"['Coffee Bar', 'Ready Food', 'Florist', 'Bar For Salad']",Tip Top Savings,Deluxe,€4.5M,2.1812 Millions,2055.29,654.13,436.09,745.6934,ivotl,rs,-29.61302126020832,-51.176436353703785,belo horizonte,mg,-19.90514649708581,-43.95631225047614,5.0
mc_ID_3723,"Single  Male  with  two  children,  education:  partial  collge  working  as  management",30K+,"Dairy from Dairy department, Ordered Brand : Booker",21.9493,19.0421,recyclable,,Wallet Savers,,10.38 Millions,4.4634 Millions,2049.72,,304.91,418.1385,	pindamonhangaba,sp,-22.95773146505728,-45.45515668718501, sao paulo,SP ,-23.65111484251016,-46.75521082321932,5.0
Not Available,"Single Female with one child, education: high school degree working as skilled manual",30 Thousand,"Electrical from Household department, Ordered Brand : Red Wing",14.972,12.0648,recyclable,"['Ready Food', 'Bar For Salad']",Money Savers,Supermarket,14.76 Millions,6.4944 Millions,2266.02,853.22,570.37,432.0503,montes ciaros,mg,-16.717108517212292,-43.8071416039463,VICOSA,MG,-20.67151077989276,-43.08425674565088,5.0
mc_ID_3726,"Married Female with four children, education: bachelors degree working as management",50K+ annually,"Baking Goods from Baking Goods department, Ordered Brand : Landslide",30.6708,-29.2172,recyclable,['Coffee Bar'],Best Price Savers,Supermarket,$3.64 Millions,1.5652 Millions,1236.07,440.92,293.95,349.2594,marialva,PR,-23.489938018233765,-51.788818993683066,s jose do rio pr3to,$P,-20.81734497064537,-49.38133679126948,5.0
mc_ID_3727,"Single Male with four children, education: high school degree working as professional",130K+,"Frozen Desserts from Frozen Foods department, Ordered Brand : Carrington",25.7286,21.3678,recyclable,"['Coffee Bar', 'Ready Food', 'Bar For Salad', 'Florist']",Bag Stuffer,Deluxe,€6.8M,3.8955 Millions,,654.13,435.37,367.7736, PaLmi7aL DE MInas,MG,,,,,,,4.0
mc_ID_3728,"Married Female with four children, education: partial high school working as skilled manual",10K+,"Vegetables from Produce department, Ordered Brand : Tell Tale",13.2132,-8.8524,non recyclable,,Go For It,Supermarket,13.0 Millions,5.33 Millions,2049.25,457.36,,509.6635, campo maior ,	PI,amount: -4.827952238567884,-42.1610348778886,sao bernardo do campo,SP,-23.687603634456785,-46.568897601996674,5.0
mc_ID_3729,"Married Male with two children, education: bachelors degree working as management",Income: 110K+,"Meat from Deli department, Ordered Brand : Moms",19.1874,-1.0,recyclable,"['Bar For Salad', 'Video Store', 'Florist', 'Ready Food', 'Coffee Bar']",I Cant Believe It Sale,Deluxa,5.5 Millions,1.87 Millions,,373.1,248.79,val: 535.9181,belo horizonte,MG,-19.91624655709342,-43.93623364096637,joinville,5C,-26.27254649125743,-48.87520336219632,5.0
mc_ID_3730,"Married Female with two children, education: partial high school working as management",1080+ monthly,"Snack Foods from Snack Foods department, Ordered Brand : Best Choice",21.3678,measure: 18.3153,recyclable,,,,1.72 Millions,0.6364 Millions,1623.48,341.05,227.33,288.8006,SAO PAULO,5p,val: -23.51950161226844,-46.567310496104845,praia grande,5P,measure: -24.011288218359883,-46.41873374429398,5.0
mc_ID_3731,"Single Female with two children, education: high school degree working as manual",30K+,"Carbonated Beverages from Beverages department, Ordered Brand : Token",11.1054,6.7301,recyclable,['Florist'],Roller Savings (High) ,Supermarket,6.8 Millions,2.992 Millions,1320.15,523.32,348.85,amount: 532.6232,rio de janeiro,RJ,val: -22.91880981294356,-43.26535370468581,guaRA,SP,measure: -20.43399042630061,-47.81416224047547,5.0
mc_ID_3732,"Single Male with one child, education: bachelors degree working as professional",50K+,"Bread from Baked Goods department, Ordered Brand : Great",12.4282,8.0674,recyclable,"['Ready Food', 'Bar For Salad', 'Video Store', 'Florist', 'Coffee Bar']",Money Savers,Deluxe,10.08 Millions,3.8304 Millions,1871.16,593.93,395.95,343.611,MOGI MIRIM,5p,val: -22.438121280598992,-46.973524736049406,PIRACICABA ,SP,-22.72737479516996,-47.67061025477531,4.0
mc_ID_3733,"Single  Male  with  one  child,  education:  partial  college  working  as  professional",110K+,"Snack Foods from Snack Foods department, Ordered Brand : Fort West",18.0246,data: 14.972,recyclable,['Coffee Bar'],Price Cutters,Small Grocery,3.04 Millions,0.912 Millions,1423.37,398.93,265.98,700.7677,vila velha,ES,-20.38385571872436,-40.322682629277,BeloHorizoñte,MG,-19.95455748237063,-43.93409969455826,5.0
mc_ID_3734,"Single Female with three children, education: bachelors degree working as professional",50K+,"Baking Goods from Baking Goods department, Ordered Brand : CDR",31.1069,28054.30 grams,recyclable,,Price Winners,Supermarket,7.04 Millions,3.0976 Millions,1623.48,,227.33,543.397,sao paulo,SP,-23.56851813765943,-46.65191532569683,CoNcHAl, 5P ,-22.338621,-47.17603125,measure: 5.0
mc_ID_3735,"MARRIED MALE WITH ONE CHILD, EDUCATION: GRADUATE DEGREE WORKING AS PROFESSIONAL",110K+,"Snack Foods from Snack Foods department, Ordered Brand : Horatio",20.641,17.5885,non recyclable,"['Florist', 'Ready Food', 'Coffee Bar', 'Video Store', 'Bar For Salad']",,Deluxe,5.28 Millions,2.0064 Millions,1871.16,,395.95,295.4427,Santo Andre,$P,-23.63501354177962,-46.50399501887012,laranjal paulista,SP,-23.03582473318652,-47.8363026594829,5.0
mc_ID_3736,"Single Female with four children, education: bachelors degree working as professional",50k,"Vegetables from Canned Foods department, Ordered Brand : Pleasant",8896.00 grams,4.5207,recyclable,"['Bar For Salad', 'Coffee Bar', 'Video Store', 'Florist', 'Ready Food']",Two for One,Deluxe,17.5 Millions,6.65 Millions,2038.11,481.98,321.57,358.9349,sao paulo,SP,-23.58045999999996,-46.60592999999994,lundrina,pr,data: -23.32532644463037,-51.15843393839796,4.0
mc_ID_3737,"Married Female with three children, education: bachelors degree working as management",70K+,"Frozen Desserts from Frozen Foods department, Ordered Brand : Imagine",28.0543,25.0018,non recyclable,"['Coffee Bar', 'Ready Food', 'Bar For Salad', 'Florist']",,Deluxe,11.76 Millions,3.8808 Millions,2056.51,654.13,436.09,367.7736,rio de j4neiro,RJ,measure: -22.884745903139223,-43.31832426351789,belo horizonte,	MG,measure: -19.878513898894187,-43.95694702879617,4.0
mc_ID_3738,"Married Female with two children, education: bachelors degree working as professional",50K+,"Dairy from Dairy department, Ordered Brand : Gorilla",val: 19.3328,14.972,recyclable,"['Bar For Salad', 'Coffee Bar', 'Ready Food', 'Video Store', 'Florist']",Price Cutters,Gourmet,6.68 Millions,2.0708 Millions,1424.85,465.54,310.3,675.716,campinas,$P,-22.850658848462096,-47.071669269086456,barueri,SP,-23.5105249691296,amount: -46.86104614786531,1.0
mc_ID_3739,"education: partial high school working as manual, Married Male with one child",10K+,"Drinks from Beverages department, Ordered Brand : Excellent",13.4603,10.5531,non recyclable,"['Ready Food', 'Bar For Salad']",Coupon Spectacular,,5.55 Millions,2.553 Millions,2263.66,853.22,568.75,269.1881,aracatuba,SP,-21.218107777684807,-50.46548104579033,praia grende,"SP
",-24.011288218359883,-46.41873374429398,5.0
mc_ID_3740,"Married Male with four children, education: partial HS working as skilled manual",10K+,"Vegetables from Produce department, Ordered Brand : Tell Tale",21.5132,18.606,recyclable,,Two Day Sale,Mid-Size,2.28Ms,0.9576 Millions,2085.67,783.64,,509.0882,Faxinal, pr,-23.99732810820379,data: -51.31358474739845,curitiba,Pr,measure: -25.49503825145709,-49.29960146295223,5.0
mc_ID_3741,"Married Female with five children, education: partial high school working as skilled manual",10000,"Snack Foods from Snack Foods department, Ordered Brand : Best Choice",21.8039,17.4431,non recyclable,['Coffee Bar'],Super Savers,Small Grokery,11.85 Millions,5.3325 Millions,2069.04,330.83,220.55,601.3454,niteroi,	RJ,amount: -22.90581654870452,-43.106988856771984,Sao Paulu,SP,-23.50875908021236,-46.602973042876144,5.0
mc_ID_3743,"Single Male with four children, education: high school degree working as skilled manual, education: high school degree working as skilled manual",30K+,"Bread from Baked Goods department, Ordered Brand : Modell",44.54 lbs,-18.606,recyclable,"['Bar For Salad', 'Video Store', 'Florist', 'Coffee Bar', 'Ready Food']",,dELuXe,$9.81 Millions,3.8259 Millions,1870.61,593.93,396.9,608.772,jundiai,SP,-23.1886382132707,-46.87453437279828, ibitinga,Sp,-21.7664768468313,-48.83154737836604,1.0
mc_ID_3744,"Married Female with three children, education: partial high school working as professional",110K+,"Pain Relievers from Health and Hygiene department, Ordered Brand : Hilltop",data: 9.303,6.3958,recyclable,"['Coffee Bar', 'Florist']",Save It (Sale),Mid-Size,€8.4M,4.3472 Millions,,389.54,259.92,394.5512,aRAruAmA,RJ,-22.871874606599256,-42.26921988909431,RIO DE JANEIRO,Rj,-22.85162121429074,-43.25132808523804,5.0
mc_ID_3745,"Single Female with two children, education: partial college working as manual, education: partial college working as manual",30K+,"Bread from Baked Goods department, Ordered Brand : Great",16.7163,###,non recyclable,"['Bar For Salad', 'Florist', 'Coffee Bar', 'Video Store', 'Ready Food']",Price Cutters,Gourmet,€6.1M,3.1089 Millions,1424.85,465.54,310.3,data: 675.716,N0Va Xavantina,MT,-14.66414691823348,-52.35601266340662,jales,5p,-20.27939929861524,-50.5535315563023,5.0
mc_ID_3747,"Married Male with four children, education: partial high school working as manual",600+ monthly,"Pain Relievers from Health and Hygiene department, Ordered Brand : Hilltop",9.303,data: 6.3958,recyclable,"['Video Store', 'Florist', 'Coffee Bar', 'Ready Food', 'Bar For Salad']",Mystery Sale,Gourmet,4.94Ms,2.1242 Millions,1424.85,465.54,310.3,360.0332,sAo PaUlO,SP,-23.56180201082004,-46.47968149264242,BRA5ILIA,DF,-15.84494561197996,-47.98527498130505,4.0
mc_ID_3749,"Single Male with No children, education: partial high school working as management",110k,"Paper Products from Household department, Ordered Brand : High Quality",28.9265,25.874,non recyclable,"['Video Store', 'Coffee Bar', 'Bar For Salad', 'Florist', 'Ready Food']",Mystery Sale,Gourmet,"11.04 ,000,000illions",3.5328 Millions,1424.85,465.54,,360.0332,sao jose do rio preto,SP,-20.796222017784032,-49.42402036205527,sao paulo,$P,-23.573782561198005,-46.62058066708981,5.0
mc_ID_3750,"Married Male with one child, education: partial high school working as skilled manual",10K+,"Candles from Household department, Ordered Brand : High Quality",measure: 14.3179,11.4107,non recyclable,"['Coffee Bar', 'Ready Food', 'Video Store', 'Bar For Salad', 'Florist']",Lottery Cash Registerion,Deluxe,4.74Ms,1.5642 Millions,1737.16,503.07,335.38,313.0678, cruzilia ,_MG,data: -21.84611288737622,-44.81085950167153, Sao PaulO,SP,-23.539494799586286,-46.63284391414975,4.0
mc_ID_3751,"Single Male with three children, education: partial high school working as skilled manual",10K+,"Jams and Jellies from Baking Goods department, Ordered Brand : BBB Best",12.8788,amount: 9.9571,recyclable,['Florist'],Shelf Emptiers,SUPERMARKET,$1.12 Millions,0.5152 Millions,1320.15,525.32,347.15,564.2647,Joau Pessoa,PB_,measure: -7.107041818365912,-34.86848697792746,braganca paulista,SP,val: -22.95750491772243,data: -46.52488623678449,1.0
mc_ID_3753,Married Male with four children; education: partial high school working as professional,130000,"Dairy from Dairy department, Ordered Brand : Carlson",17.2978,14.376,recyclable,"['Florist', 'Video Store', 'Bar For Salad', 'Ready Food', 'Coffee Bar']",Money Savers,Deluxe,"7.92 ,000,000illions",2.8512 Millions,1525.28,373.1,248.79,val: 560.656,sau paulo,SP,-23.44062768720067,-46.72250811434592,campinas,"SP
",-22.8475181626464,-47.03552279669915,4.0
mc_ID_3755,"Married Male with two childran, education: bachelors degree working as professional",$50K+,"Vegetables from Produce department, Ordered Brand : Tri-State",measure: 18.606,17.1524,non recyclable,,Price Winners,Supermarket,10.48 Millions,3.8776 Millions,1623.48,,227.88,586.7537,Chapeco,5C,-27.111570666475647,-52.61231533338108,barueri,SP,-23.5105249691296,-46.86104614786531,5.0
mc_ID_3756,"Single Female with four children, education: high school degree working as management",130K+,"Breakfast Foods from Frozen Foods department, Ordered Brand : Imagine",-12.2247,10.7566,recyclable,"['Video Store', 'Florist', 'Bar For Salad', 'Ready Food', 'Coffee Bar']",Dimes Off, Deluxe,8.15Ms,2.934 Millions,2037.54,481.98,319.81,602.7575,JAu,sp,-22.280791095202737,-48.5521513301464,SAO JOSE DOS CAMPOS,SP,-23.20178111878932,-45.89567007799064,5.0
mc_ID_3757,"Single Male with two children, education: high school degree working as skilled manual",30K+,"Dairy from Dairy department, Ordered Brand : Carlson",-14.2161,11.2944,recyclable,,Price Winners,Mid-Size,1.98 Millions,0.6336 Millions,2820.08,449.7,298.5,453.9117,Itabira,MG,-19.660085734123605,-43.232502918518094,mogi guacu,"5P
",-22.3970091627978,-46.94545202732525,5.0
mc_ID_3758,"Single Female with one child, education: bachelors degree working as management",150 Thousand,"Meat from Deli department, Ordered Brand : Red Spade",26.31,24.8564,non recyclable,['Coffee Bar'],,sMAll grOkEry,"3.38 ,000,000illions",1.352 Millions,2067.05,330.83,220.55,371.2254,aracaju,SE,-10.970164794304576,-37.061643830745815,belo horizonte,MG,data: -19.878513898894187,-43.95694702879617,
mc_ID_3759,"SINGLE MALE WITH NO CHILDREN, EDUCATION: PARTIAL HIGH SCHOOL WORKING AS MANUAL",10k,"Snack Foods from Snack Foods department, Ordered Brand : Horatio",16.1349,-11.7741,non recyclable,"['Ready Food', 'Bar For Salad', 'Coffee Bar', 'Florist']",GLD,GOURMET,8.52 Millions,3.7488 Millions,1564.86,385.45,256.97,396.2248,sa0 paulo,SP,-23.59677856702638,-46.41115888190316,C0Tia,Sp,-23.6150603215516,-46.837480828765536,5.0
mc_ID_3760,"Married Male with four children, education: partial high school working as manual",50K+,"Vegetables from Frozen Foods department, Ordered Brand : Carrington",amount: 17.2978,14.38 kg,non recyclable,['Coffee Bar'],Price Slashers,SUPERMARKET,"6.4 ,000,000illions",2.944 Millions,1236.07,440.92,293.95,402.6054,rio de janeiro,RJ,-23.0043086872296,-43.32450783783356,foz do iguacu,Pr ,-25.52742965797669,-54.57570382833004,100%
mc_ID_3761,"Married Female with No children, education: HS degree working as skilled manual",30000,"Snack Foods from Snack Foods department, Ordered Brand : Nationeel",17.007,val: 12.6317,recyclable,"['Ready Food', 'Coffee Bar', 'Florist', 'Bar For Salad']",Price Destroyers,G0urmet,$6.66 Millions,2.7306 Millions,1564.86,385.45,256.7,343.5064,parauapebas,	PA,-6.0858180000000015,-49.89855149999999,guarulhos,SP,val: -23.46530411469876,-46.51148732089968,5.0
mc_ID_3762,"Single Female with three children, education: high school degree working as manual",€25K+,"Specialty from Produce department, Ordered Brand : High Top",31.3976,28.4904,recyclable,,Weekend Discount,Supermarket,"11.28 ,000,000illions",3.7224 Millions,1507.88,227.8,151.9,614.002,franca,sp,-20.53193450696372,amount: -47.399446711253766,itaquaquecetuba,SP,-23.48262344063541,-46.37448952833195,1.0
mc_ID_3763,"Single Female with one child, education: High School degree working as manual",30K or more,"Kitchen Products from Household department, Ordered Brand : Denny",data: 30.6708,26.31,non recyclable,"['Florist', 'Ready Food', 'Bar For Salad', 'Coffee Bar']",Dollar Days,DELUXE,€5.4M,2.6544 Millions,2055.29,654.13,436.09,725.9763,santo antonio de je$us,BA,-12.974670503474105,-39.273167347680925,"Sao Paulo
",SP,measure: -23.65111484251016,-46.75521082321932,4.0
mc_ID_3765,"Single Female with one child, education: partial high school working as skilled manual, education: partial high school working as skilled manual",10K+,"Carbonated Beverages from Beverages department, Ordered Brand : Token",14.5359,11.6287,non recyclable,,Budget Bargains,Supermarket,"2.2 ,000,000illions",0.858 Millions,2049.72,457.36,304.91,val: 708.665,quirinopolis,GU,-18.456132837578057,-50.45264691362931,S@Lto,SP ,-23.20591698084141,-47.307845865803,data: 5.0
mc_ID_3767,"Single Male with one child, education: partial college working as manual",30K+,"Electrical from Household department, Ordered Brand : Cormorant",25.4379,21.0771,recyclable,,Save It (Sale),Supermarket,6.38 Millions,2.8072 Millions,2049.72,457.36,304.91,467.4051,corumba,Ms,-19.01253477537743,-57.65104755797853,rio de janeiro,Rj,-22.920104850395337,data: -43.22138202997862,1.0
mc_ID_3769,"Single Female with two children, education: partial high school working as skilled manual",10K+,"Vegetables from Produce department, Ordered Brand : High Top",23.4028,20.4957,non recyclable,,,Supermarket,9.96 Millions,3.6852 Millions,2049.72,457.36,304.45,val: 418.1385,cascavel,PR,-24.931724573143217,-53.44772739330013,maringa,PR,-23.437975269077903,-51.91385959802448,1.0
mc_ID_3771,"Single Male with three children, education: partial college working as professional",30K+,"Canned Sardines from Canned Foods department, Ordered Brand : Bravo",9.3611,7.9075,recyclable,['Coffee Bar'],,Supermarket,€6.8M,3.9396 Millions,1236.07,440.92,294.24,760.4943,rio das ostras,Rj,-22.55404662402426,-41.98120292081672,CAMPO LIMPO PAULISTA,SP,-23.20706431353269,-46.760735214610754,1.0
mc_ID_3773,"Single Female with four children, education: high school degree working as manual",Income: 30K+,"Snack Foods from Snack Foods department, Ordered Brand : Horatio",13.9981,11.0909,recyclable,,Sales Days,,"6.84 ,000,000illions",2.5992 Millions,2049.72,457.36,303.93,610.5502,guarapuava ,PR,-25.35863541191045,-51.48439888213432,sao pauIo,SP,-23.65111484251016,-46.75521082321932,5.0
mc_ID_3774,"Single Female with three children, education: partial high school working as skilled manual",$10K+,"Vegetables from Produce department, Ordered Brand : Tell Tale",28.4904,27.0368,recyclable,"['Ready Food', 'Bar For Salad', 'Coffee Bar', 'Video Store', 'Florist']",Two Day Sale,De1uxe,14.04Ms,6.318 Millions,2038.11,481.98,321.26,495.7517,brasilia,Df,-15.815976328611026,-47.907328086588976,maringa,Pr,-23.42880633856904,amount: -51.97183135000928,1.0
mc_ID_3777,"Single Female with five children, education: high school degree working as management",70K+,"Snack Foods from Snack Foods department, Ordered Brand : Fort West",9.71,val: 6.7883,non recyclable,"['Ready Food', 'Florist', 'Coffee Bar', 'Bar For Salad']",Sale : Double Down,Deluxe,9.44 Millions,2.832 Millions,2055.29,654.13,437.27,500.7202,c4mpinas,SP,-22.805125239800333,-47.07162026686478,IBITINGA,SP,-21.7664768468313,-48.83154737836604,3.0
mc_ID_3779,"Single Female with four children, education: bachelors degree working as management",50K+,"Magazines from Periodicals department, Ordered Brand : Gauss",-22.676,19.7689,non recyclable,,Money Savers,SupErMarKeT_,14.44 Millions,4.332 Millions,1509.68,227.8,151.9,277.2423,londrina,PR,measure: -23.28113790608528,-51.11127951783484,rio de janeiro,Rj,-22.906162445467107,-43.56901475728546,5.0
mc_ID_3780,"Single Male with three children, education: bachelors degree working as professional",Income: 50K+,"Canned Tuna from Canned Foods department, Ordered Brand : Pleasant",9.3175,4.9422,recyclable,"['Ready Food', 'Bar For Salad', 'Florist', 'Coffee Bar']",Shelf Emptiers,Gourmet,"14.8 ,000,000illions",5.032 Millions,1567.59,385.45,256.97,773.0986,sao paulo,SP,-23.532125805701536,-46.725699251889765,BA3PENDI,MG,-21.956309999999995,-44.882378788136165,2.0
mc_ID_3781,"Single Female with four children, education: partial college working as professional",€25K+,"Vegetables from Frozen Foods department, Ordered Brand : Golden",12.4718,-8.0965,recyclable,"['Bar For Salad', 'Ready Food', 'Coffee Bar', 'Video Store', 'Florist']",Money Savers,Delux3,4.38 Millions,2.1462 Millions,1525.28,373.1,248.79,560.656,indaiatuba,SP,amount: -23.10225337735851,-47.182096252041575,sao paulo,SP,-23.67774108964741,val: -46.66864662392521,measure: 5.0
mc_ID_3782,"Single Male with two children, education: graduate degree working as professional",70k,"Meat from Deli department, Ordered Brand : Cutting Edge",9.9716,7064.50 grams,recyclable,"['Bar For Salad', 'Coffee Bar', 'Ready Food', 'Florist', 'Video Store']",Price Cutters,Gourmet,6.99 Millions,3.2154 Millions,1427.35,465.54,310.3,675.716,marica,RJ,data: -22.90733509351059,-42.82510433851007,itaquaquecetuba,sp,-23.48262344063541,-46.37448952833195,5.0
mc_ID_3783,"MARRIED MALE WITH FOUR KIDS, EDUCATION: HIGH SCHOOL DEGREE WORKING AS MANUAL",Income: 30K+,"Dairy from Dairy department, Ordered Brand : Gorilla",14.1144,11.2072,recyclable,"['Ready Food', 'Bar For Salad', 'Video Store', 'Coffee Bar', 'Florist']",Big Time Saving,,2.04 Millions,0.918 Millions,1734.5,503.07,335.38,279.5435,unai,MG,-16.362606334443775,-46.89279560165654,sao p@ulo,SP,-23.62358155176294,-46.61056007369148,4.0
mc_ID_3786,"Married Female with three kids, education: bachelors degree working as professional",70K+,"Dairy from Dairy department, Ordered Brand : Club",amount: 15.5534,14.0853,non recyclable,"['Video Store', 'Bar For Salad', 'Coffee Bar', 'Ready Food', 'Florist']",One Day Sale,Deluxe,"8.79 ,000,000illions",2.8128 Millions,2038.11,,322.37,€652.24,ouro preto,MG,-20.38523748903572,-43.50551302553521, rio de janeiro \rio de janeiro ,RJ,-22.97180239967678,-43.18744649443143,5.0
mc_ID_3788,"sINGLE mALE WITH FOUR CHILDREN, EDUCATION: BACHELORS DEGREE WORKING AS PROFESSIONAL",,"Vegetables from Frozen Foods department, Ordered Brand : Golden",28.9265,27.3275,non recyclable,"['Video Store', 'Bar For Salad', 'Coffee Bar', 'Florist', 'Ready Food']",Price Slashers,Deluxe,$7.24 Millions,3.0408 Millions,,373.1,248.79,403.9652,mogi mirim,SP,-22.447759756044725,val: -46.94699910629585,lbitinga,SP,measure: -21.7664768468313,-48.83154737836604,5.0
mc_ID_3789,"MaRiEd mAlE WiTh tHrEe cHiLdReN, eDuCaTiOn: PaRtIaL HiGh sChOoL WoRkInG As sKiLlEd mAnUaL",10K+,"Beer and Wine from Alcoholic Beverages department, Ordered Brand : Pearl",Data Missing,22.0946,non recyclable,['Coffee Bar'],,$mall Grocery,0.65Ms,0.2145 Millions,2069.04,332.83,219.75,628.0707,sao bernardo do campo,SP_,val: -23.71933860892157,-46.5517479343586,sa0 paulo,SP,-23.59519232500434,measure: -46.53381915834724,2.0
mc_ID_3790,"Married Male with two children, education: partial high school working as skilled manual",10K+,"Vegetables from Produce department, Ordered Brand : Tri-State",9.6373,8.18 kg,recyclable,"['Coffee Bar', 'Florist', 'Video Store', 'Ready Food', 'Bar For Salad']",Pick Your Savings,Deluxe,€2.8M,1.1988 Millions,2035.33,481.98,321.26,739.4174,niteroi,RJ,-22.901359568959617,-43.1241522171793,santos,SP,-23.944502325841068,-46.33124278031053,5.0
mc_ID_3791,"Single Male with three children, education: high school degree working as skilled manual",30K+,"Hot Beverages from Beverages department, Ordered Brand : BBB Best",24.8564,21.9493,non recyclable,"['Video Store', 'Ready Food', 'Coffee Bar', 'Bar For Salad', 'Florist']",Bag Stuffer,DELUXE,8.61 Millions,2.6691 Millions,-1,503.07,335.38,data: 662.2226,recife,PE,-8.109659996393315,-34.89334721273588,santo endre,SP,data: -23.665703457960586,-46.51808196779969,5.0
mc_ID_3792,"Married Female with four kids, education: partial high school working as management",110K+,"Electrical from Household department, Ordered Brand : Denny",30.8162,29.3626,non recyclable,"['Coffee Bar', 'Video Store', 'Florist', 'Bar For Salad', 'Ready Food']",Pick Your Savings,Deluxa,€5.8M,2.7921 Millions,2038.11,481.98,321.26,739.4174,sao lourenco,mg,-22.13123511319532,-45.056949145523085,sao paulo,SP,-23.59539756425642,-46.55163738273989,5.0
mc_ID_3793,"Married Male with two children, education: bachelors degree working as professional",70K+,"Jams and Jellies from Baking Goods department, Ordered Brand : Landslide",14.8266,11.9049,recyclable,,GLD,Sup3rmarket,"2.72 ,000,000illions",1.224 Millions,2049.72,457.36,304.91,697.7866,portoalegre,RS,-30.0207634565756,val: -51.18892235636796,SAO PAULO,Sp,-23.63058688480546,-46.61784924409308,5.0
mc_ID_3794,"Single Female with four children, education: bachelors degree working as management",€59K+,"Dairy from Dairy department, Ordered Brand : Gorilla",19.0421,14.6813,recyclable,"['Ready Food', 'Video Store', 'Bar For Salad', 'Florist', 'Coffee Bar']",Save Price,Gourmet,10.77 Millions,3.4464 Millions,1424.85,465.54,311.68,670.486,ITAB4IANA, SE ,-10.6855567621196,measure: -37.4332206059799,canoiñhas,SC,-26.16862248406491,-50.392861528512256,5.0
mc_ID_3796,"Married Female with two children, education: bachelors degree working as management",150K+,"Baking Goods from Baking Goods department, Ordered Brand : Plato",17.1524,15.6988,non recyclable,['Coffee Bar'],Two Day Sale,Supermarket,€9.5M,5.4537 Millions,,440.92,292.95,477.3944,sao bento do una,PE,-8.521195873347017,-36.43397075802652,formiga, MG,-20.474084262411907,To Be Determined,5.0
mc_ID_3797,"Single Male with two children, education: bachelors degree working as professional",70 Thousand,"Frozen Desserts from Frozen Foods department, Ordered Brand : PigTail",val: 24.7111,-21.8039,non recyclable,"['Video Store', 'Florist', 'Bar For Salad', 'Coffee Bar', 'Ready Food']",I Cant Believe It Sale,de1uxe,3.96 Millions,1.7424 Millions,1525.28,373.1,,535.9181,mantenopolis ,eS,data: -18.86309620836477,-41.12227492640861,Ribeirao Pires,SP,-23.73407261059953,-46.44241000920845,5.0
mc_ID_3800,"Married Female with four children, education: partial high school working as professional",110K+,"Snack Foods from Snack Foods department, Ordered Brand : Nationeel",-12.0794,9.1722,non recyclable,,,Superm4Rket,3.3 Millions,1.056 Millions,1623.46,341.05,228.64,val: 543.397,londrina,PR,-23.33472238190318,measure: -51.14522312378098,Atibaia ,SP,-23.118714,-46.537147034380986,4.0
mc_ID_3801,"Married Female with one child, education: partial college working as skilled manual",30K+,"Fruit from Produce department, Ordered Brand : Hermanos",25.5832,24.1296,recyclable,['Coffee Bar'],I Cant Believe It Sale,Small Grocery,3.11 Millions,1.3373 Millions,1423.42,398.93,265.98,605.8955,mugi 	mirim,SP,-22.455719079469564,-46.977701463576665,sao bernardo do campo,$P,-23.66148702746846,-46.56416174311855,4.0
mc_ID_3802,"Married Male with No children, education: partial high school working as manual",10K+,"Dairy from Dairy department, Ordered Brand : Even Better",-10.0879,5.7272,recyclable,"['Bar For Salad', 'Video Store', 'Coffee Bar', 'Florist', 'Ready Food']",,Deluxe,7.22 Millions,3.249 Millions,1871.16,593.93,395.95,688.3726,lagarto,SE,-10.915875416925434,-37.673277546952384,florianopolis,sc_,-27.541774322739933,-48.524876521904254,4.0
mc_ID_3803,"Single_Female_with_one_kid,_education:_partial_high_school_working_as_skilled_manual",10K+,"Snack Foods from Snack Foods department, Ordered Brand : Fast",26.7461,-22.24,non recyclable,"['Bar For Salad', 'Ready Food']",Money Savers,Supermarket,4.08 Millions,1.3464 Millions,2446.69,470.27,313.55,290.0035,registro,sp,-24.49203032806276,-47.83413137913321,lauro de freitas,ba ,-12.895112589380958,-38.33895999999978,data: 3.0
mc_ID_3804,"SINGLE FEMALE WITH FOUR CHILDREN, EDUCATION: PARTIAL COLLEGE WORKING AS CLERICAL.",30K or more,"Electrical from Household department, Ordered Brand : Cormorant",9.1867,272.78 oz,recyclable,['Coffee Bar'],Two Day Sale,SUPERMARKET,7.65 Millions,2.601 Millions,1236.07,440.92,293.89,477.3944,VINHEDO,SP,amount: -23.03533971746776,-46.97157885039535,sao paulo,SP,-23.52697217736158,-46.610979191240034,2.0
mc_ID_3805,"Married Male with four children, education: bachelors degree working as professional",50K+,"Fruit from Produce department, Ordered Brand : High Top",9.7972,-6.8755,non recyclable,"['Florist', 'Coffee Bar', 'Bar For Salad', 'Video Store', 'Ready Food']",Sale Sale Sale,Daluxe,7.95 Millions,2.4645 Millions,1526.11,373.1,249.15,722.6814,campinas,	sp,-22.95282064788205,-47.02865383550558,sao bernardo do campo,SP,-23.71933860892157,-46.5517479343586,4.0
mc_ID_3806,"Single Male with four kidren, education: bachelors degree working as management",50K+,"Vegetables from Canned Foods department, Ordered Brand : Bravo",19.4781,16.4256,non recyclable,,Go For It,Supermarket_,$2.61 Millions,0.9135 Millions,1508,227.8,151.9,623.939,maringa,PR,-23.40870190356673,-51.94097450684423,JARAGUA DO SUL,5c,-26.491731442148883,-49.07562289508913,5.0
mc_ID_3807,"Single Male with three children, education: bachelors degree working as professional",$70K+,"Candy from Snacks department, Ordered Brand : Musial",19.6235,18.1699,non recyclable,"['Video Store', 'Coffee Bar', 'Ready Food', 'Florist', 'Bar For Salad']",Price Cutters,GOURM3T,€2.5M,1.323 Millions,1424.85,,312.14,675.716,MONTES CLAROS,MG,-16.718833477927223,-43.8691627456287,sao paulo,Sp,-23.58067325143878,-46.591568341608856,5.0
mc_ID_3808,"Single Male with one kid, education: high school degree working as manual",30K+,"Dairy from Dairy department, Ordered Brand : Booker",31.3976,amount: 27.0368,recyclable,"['Video Store', 'Florist', 'Bar For Salad', 'Coffee Bar', 'Ready Food']",Tip Top Savings,Deluxe,3.32 Millions,1.1952 Millions,1737.27,,333.4,287.127,natal,RN,-5.8450761509896445,-35.2423493336027,natal,RN,val: -5.802837618373424,-35.20164321098454,5.0
mc_ID_3809,"Married Female with three children, education: partial college working as skilled manual",Income: 30K+,"Starchy Foods from Starchy Foods department, Ordered Brand : Colossal",amount: 21.3678,19.7689,recyclable,,GLD,Supermarket,$3.74 Millions,1.5334 Millions,1506.09,227.8,151.9,727.9637,SAO PAULO,SP,-23.546878911449102,-46.59059732445609,curitiba,Pr ,-25.44041155231119,measure: -49.27281542157665,5.0
mc_ID_3810,"Married Male with four children, education: bachelors degree working as professional",50K+ annually,"Snack Foods from Snack Foods department, Ordered Brand : Fast",15.5534,12.6317,non recyclable,,Super Wallet Savers,_SUPERMARKET,€4.1M,2.352 Millions,1508,227.8,151.9,data: 733.1937,Sao Paulo,SP,-23.511502314851025,-46.71448715742552,curitiba,PR,-25.45385542382702,amount: -49.286168717179294,5.0
mc_ID_3811,"Married Male with two children, education: partial high school working as manual",50K+,"Snack Foods from Snack Foods department, Ordered Brand : Fast",22821.40 grams,19.7689,recyclable,,Super Duper Savers,SUPERMARKET,2.31 Millions,0.8778 Millions,2050.82,457.36,306.89,527.7593,jundiai,SP,data: -23.190172576172973,-46.891633311270105,sao jose do rio preto,SP,-20.80243626346376,-49.39562406741489,4.0
mc_ID_3813,"Single Female with five children, education: bachelors degree working as management",70K+,"Eggs from Eggs department, Ordered Brand : Jumbo",11.0764,8.1547,recyclable,,One Day Sale,,8.91 Millions,3.0294 Millions,2049.13,457.36,,486.7561,carlopolis,PR,-23.42923212388789,-49.71683909269892,maringa,PR,-23.437975269077903,-51.91385959802448,2.0
mc_ID_3814,"Single Female with one child, education: high school degree working as manual",30K+,"Meat from Deli department, Ordered Brand : Red Spade",-19.1874,17.5885,recyclable,"['Bar For Salad', 'Florist', 'Ready Food', 'Video Store', 'Coffee Bar']",Price Smashers,Deluxe,3.22 Millions,1.1914 Millions,1525.28,373.1,248.79,$499.20,porto alegre,RS,-30.077021487809752,-51.1313949910142,jussara,PR,-23.62208737103585,-52.46578937273949,5.0
mc_ID_3815,"SiNgLe mAlE WiTh oNe cHiLd, EdUcAtIoN: bAcHeLoRs dEgReE WoRkInG As mAnAgEmEnT",600+ monthly,"Bread from Baked Goods department, Ordered Brand : Colony",8.9251,-4.5497,non recyclable,"['Ready Food', 'Bar For Salad']",Three for One,SUPerMarkEt,5.79 Millions,2.895 Millions,2265.9,853.22,568.75,618.4475,SANTOS,SP,measure: -23.96682586733222,-46.32897174522469,ibitinga,SP,-21.7664768468313,-48.83154737836604,5.0
mc_ID_3817,"Married Female with four children, education: partial high school working as manual",10K+,"Plastic Products from Household department, Ordered Brand : Red Wing",-29.2172,26.31,non recyclable,['Coffee Bar'],Dimes Off,Supermarket,5.18 Millions,1.6576 Millions,1236.07,440.92,294.42,688.1634,sao paulo,SP,-23.568546850380155,measure: -46.66483313596545,coti4,Sp,-23.6150603215516,-46.837480828765536,5.0
mc_ID_3818,"Married Male with No children,education: partial high school working as manual",10K+,"Beer and Wine from Alcoholic Beverages department, Ordered Brand : Walrus",28.1997,25.1472,recyclable,"['Ready Food', 'Bar For Salad', 'Video Store', 'Coffee Bar', 'Florist']",,,11.36 Millions,5.112 Millions,1871.16,593.93,397.45,326.352,poco fundo,MG,-21.782664882148914,-45.966622292300464,itaquaquecetuba,SP,-23.48262344063541,-46.37448952833195,data: 4.0
mc_ID_3821,"Married Male with five children, education: partial high school working as professional",130K+,"Hygiene from Health and Hygiene department, Ordered Brand : Hilltop",25.0018,22.0946,non recyclable,"['Coffee Bar', 'Video Store', 'Florist', 'Bar For Salad', 'Ready Food']",Price Cutters,Deluxe,13.8 Millions,5.796 Millions,1525.28,373.1,248.79,642.0871,SAnTA MaRia dA VItoria,Be,--,-44.19380658365402,sao sebastiao,$P,-23.753948510964275,-45.41325199417162,1.0
mc_ID_3822,"Married Female with five children, education: high school degree working as professional",130K+,"Snack Foods from Snack Foods department, Ordered Brand : Horatio",21.9493,19.0421,non recyclable,,Sales Days,Supermerket,8.94 Millions,4.2018 Millions,2049.41,457.36,304.91,610.5502,cot1a,sp,-23.59398471189917,-46.91059123022104,sao pauIo,SP,val: -23.50271592062436,-46.48299647362806,5.0
mc_ID_3824,"Married Male with two children , education: Bachelors degree working as management",50K+,"Vegetables from Produce department, Ordered Brand : Hermanos",11.6578,8.7506,recyclable,['Florist'],Price Winners,	Supermarket,6.69 Millions,3.1443 Millions,1318.2,523.32,348.85,640.7273,jundiai,SP,-23.1886382132707,-46.87453437279828,5aopaulo,SP,-23.58667354731954,-46.61242320483004,3.0
mc_ID_3826,"Single Female with three kids, education: partial high school working as skilled manual",10K+,"Jams and Jellies from Baking Goods department, Ordered Brand : Super",9.7681,8.3,non recyclable,"['Coffee Bar', 'Video Store', 'Florist', 'Ready Food', 'Bar For Salad']",Price Slashers,DELUXE,6.78 Millions,2.4408 Millions,,503.07,335.38,282.9953,caxias do sul,RS,-29.15937450115852,amount: -51.16824032553391,petropolis, Rj ,-22.549033360244323,-43.210094724044055,5.0
mc_ID_3827,"MARRIED_FEMALE_WITH_ONE_CHILD,_EDUCATION:_GRADUATE_DEGREE_WORKING_AS_PROFESSIONAL",50K or more,"Beer and Wine from Alcoholic Beverages department, Ordered Brand : Walrus",8.8815,amount: 4.5207,recyclable,"['Bar For Salad', 'Florist', 'Ready Food', 'Coffee Bar', 'Video Store']",Super Savers,Deluxe,"5.24 ,000,000illions",1.9388 Millions,1523.48,373.1,248.79,755.9442,cabo frio,RJ,-22.886163328742256,-42.03699663694185,sao francisco do sul,$C,-26.245495127938263,data: -48.634314956564246,5.0
mc_ID_3828,"Married Male with one kid, education: partial HS working as management",130k,"Vegetables from Frozen Foods department, Ordered Brand : Carrington",25.0018,22.0946,recyclable,"['Florist', 'Video Store', 'Ready Food', 'Bar For Salad', 'Coffee Bar']",Dimes Off,deLuxe,1.26 Millions,0.4536 Millions,2038.11,481.98,321.26,602.7575,porto alegre,R5,val: -30.110020899532547,-51.23162798932419,SAO PAULO,SP,-23.59798552039933,-46.55547278711988,3.0
mc_ID_3830,"Single Male with four children, education: high school degree working as manual",30000,"Cleaning Supplies from Household department, Ordered Brand : Red Wing",15.1174,10.7421,recyclable,,GLD,Supermarket,3.36 Millions,1.008 Millions,,227.8,153.08,727.9637,	rio de janeiro,rJ,-22.968219049397007,-43.18823673772285,sao paulo,SP,-23.485253731057767,-46.73312974854289,3.0
mc_ID_3831,"Single Male with one child, education: high school degree working as manual, education: high school degree working as manual",$30K+,"Baking Goods from Baking Goods department, Ordered Brand : Plato",19.4781,14.972,recyclable,"['Ready Food', 'Video Store', 'Florist', 'Bar For Salad', 'Coffee Bar']",Lottery Cash Registerion,DELUXE,2.31 Millions,1.0395 Millions,1734.5,503.07,335.38,313.0678,EMBU-GUACU,SP,-23.82852167738724,val: -46.814795982633896,sao paulo,sp,-23.62358155176294,-46.61056007369148,5.0
mc_ID_3833,"Single Male with two children, education: partial high school working as skilled manual",10K or more,"Electrical from Household department, Ordered Brand : Red Wing",29.944,-1.0,recyclable,['Coffee Bar'],Best Price Savers,Sm@ll Grocery,2.66Ms,0.8246 Millions,2069.04,330.83,218.82,545.489,DIONISIO CERQUEIRA,$C,-26.25891649155717,-53.63546699214392,SAO PAULO,SP,-23.59798552039933,-46.55547278711988,5.0
mc_ID_3836,"Single Female with three children, education: bachelors degree working as professional",50K+,"Frozen Desserts from Frozen Foods department, Ordered Brand : Big Time",25.0018,22.0946,non recyclable,,,Supermarket,4.41 Millions,1.3671 Millions,1508,227.8,151.9,350.4623,ANTONIO PRADO DE MINAS,mg,data: -21.017055014926697,-42.1109593447498,campo limpo paulista,$P,data: -23.20706431353269,-46.760735214610754,3.0
mc_ID_3837,"Single Male with five children, education: Bachelors degree working as management",150K+,"Pure Juice Beverages from Beverages department, Ordered Brand : Washington",11.8177,10.3641,recyclable,"['Video Store', 'Bar For Salad', 'Florist', 'Ready Food', 'Coffee Bar']",GLD,DELUxE,5.68 Millions,2.7264 Millions,1871.53,593.93,395.95,484.1411,sao paul0,SP,-23.69435938386508,-46.709580934358605,ibitinga,SP,-21.7664768468313,measure: -48.83154737836604,4.0
mc_ID_3841,"Married Female with five children, education: partial high school working as skilled manual",50K+,"Snack Foods from Snack Foods department, Ordered Brand : Nationeel",17.8792,16.4256,recyclable,,Sales Days,Supermarket,€4.8M,2.3124 Millions,2049.72,457.36,304.91,610.5502,soledade de minas,MG,-22.060582568707307,-45.0437186323439,pedreira,SP,-22.73824150585765,-46.8958585777586,data: 5.0
mc_ID_3842,"Single Male wiht three children, education: high school degree working as skilled manual",30K+,"Jams and Jellies from Baking Goods department, Ordered Brand : Super",-11.2072,8.3,non recyclable,"['Coffee Bar', 'Bar For Salad', 'Florist', 'Ready Food', 'Video Store']",Best Savings, DELUXE ,2.97 Millions,1.3959 Millions,1869.33,595.93,395.95,278.7067,valenca,RJ,-22.23065356965593,-43.70906792813136,Ribeirao Preto,$P,amount: -21.116471333054424,-47.79073400291418,5.0
mc_ID_3843,"Single Female with No kids, education: partial college working as professional",30000,"Hygiene from Health and Hygiene department, Ordered Brand : Consolidated",10.3496,amount: 5.9743,recyclable,"['Bar For Salad', 'Ready Food']",Coupon Spectacular,Supermarket ,5.55Ms,1.665 Millions,2265.9,853.22,568.75,269.1881,sao paulo,sP,-23.48535959449485,-46.624283978908174,sao paulo,Sp,-23.58667354731954,-46.61242320483004,5.0
mc_ID_3844,"Married Female with one kid, education: high school degree working as manual",30K+,"Eggs from Eggs department, Ordered Brand : National",30.9615,27.909,non recyclable,"['Bar For Salad', 'Coffee Bar', 'Ready Food', 'Florist']",Dollar Days,Deluxe,11.56 Millions,5.202 Millions,,654.13,437.76,R$3992.87,SAO 	PAULO,Sp,-23.600199918402662,-46.5653521522304,ibitinga,Sp,amount: -21.7664768468313,amount: -48.83154737836604,data: 2.0
mc_ID_3846,"Married Male with three children, education: bachelors degree working as professional",50K+,"Canned Soup from Canned Foods department, Ordered Brand : Better",23.2575,18896.70 grams,recyclable,"['Coffee Bar', 'Bar For Salad', 'Video Store', 'Ready Food', 'Florist']",Price Slashers,,1.89 Millions,0.945 Millions,1731.54,503.07,,282.9953,sao paulo,SP,-23.583555000000004,-46.77799049999999,porto alegre,RS,-30.03215040714993,-51.2325516998384,data: 5.0
mc_ID_3848,"Married Male with two children, education: partial high school working as skilled manual.",30K+,"Frozen Desserts from Frozen Foods department, Ordered Brand : Imagine",10.6548,7.7331,non recyclable,"['Coffee Bar', 'Florist', 'Bar For Salad', 'Video Store', 'Ready Food']",Money Savers,,€3.8M,1.4751 Millions,,373.1,247.44,560.656,SABARA,	mG,-19.87728758806303,-43.90111534483172,ibi7inga,SP,-21.7664768468313,-48.83154737836604,2.0
mc_ID_3849,"Married Female with two children, education: high school degree working as manual",30K+,"Starchy Foods from Starchy Foods department, Ordered Brand : Colossal",21.3678,19.7689,recyclable,"['Video Store', 'Florist', 'Bar For Salad', 'Ready Food', 'Coffee Bar']",Price Cutters,Deluxe,5.61 Millions,2.805 Millions,1525.28,375.1,248.49,642.0871,conselheiro lafaiete,MG_,-20.653541574550808,-43.79083732604181,embu guacu,Sp,-23.82852167738724,data: -46.814795982633896,1.0
mc_ID_3850,Single Male with three children / education: partial high school working as skilled manual,10K+,"Drinks from Beverages department, Ordered Brand : Token",29.6533,-26.6008,recyclable,"['Ready Food', 'Bar For Salad', 'Video Store', 'Coffee Bar', 'Florist']",You Save Days,Gourmet,$7.38 Millions,3.0996 Millions,1424.85,465.54,310.3,689.3663, sao paulo,SP,-23.59081788893495,-46.55126574185525,s4o bernardo do campo,$P,-23.66148702746846,-46.56416174311855,5.0
mc_ID_3851,"Marriied Female with one child, education: High School degree working as management",70K+,"Fruit from Produce department, Ordered Brand : Tri-State",data: 26.1647,23.2575,recyclable,,Sale Winners, Supermarket,7.71 Millions,3.7779 Millions,,227.8,151.9,720.171,SAO JOSE DE RIBAMAR,MA,-2.5301297697332683,-44.08225830212763,porto alegre,RS,-30.00731246906908,-51.19422244408211,1.0
mc_ID_3853,"Marrie  Male  with  two  children,  education:  high  school  degree  working  as  manual",360+ monthly,"Vegetables from Produce department, Ordered Brand : Tell Tale",27.1822,24.275,non recyclable,,Best Price Savers,Supermarket,1.46 Millions,0.5694 Millions,1508,227.8,151.9,650.4028,avare,sp,-23.0752316608744,-48.91600969727445,ÇAPIVARI,SP,-23.0122137105142,-47.52203973160603,measure: 1.0
mc_ID_3856,"MaRrIeD MaLe wItH TwO ChIlDrEn, EdUcAtIoN: pArTiAl hIgH ScHoOl wOrKiNg aS SkIlLeD MaNuAl",10K+ annually,"Vegetables from Produce department, Ordered Brand : Tell Tale",30.3801,25.874,recyclable,['Florist'],Roller Savings (High) ,Supermarket,7.24 Millions,3.1856 Millions,1320.15,523.32,348.85,532.6232,Tubarao,	5C,-28.481289999999944,-49.00400999999994,caxlas do sul,RS,-29.16624369279465,-51.209531752064,5.0
mc_ID_3857,"Single Male with one kid, education: partial college working as clerical",30K+,"Dairy from Dairy department, Ordered Brand : Gorilla",26.4554,-999.0,non recyclable,,Budget Bargains,Mid-Size,10.96 Millions,4.384 Millions,2819.7,447.7,297.51,654.273,RIO DE JANEIRO,Rj,val: -22.923980497085807,-43.22589028129148,"rio de janeiro
",Rj,-22.842290284753936,-43.29762071175495,5.0
mc_ID_3863,"Single Male with one child, education: high school degree working as manual",€25K+,"Jams and Jellies from Baking Goods department, Ordered Brand : Super",15.6988,12.7916,non recyclable,['Coffee Bar'],,Supermarket,1.06Ms,0.3498 Millions,1236.07,440.92,293.95,647.8924,sorocaba,SP,-23.52983427238196,-47.48950578262331,campinas,SP,-22.92991227115403,-47.07189552530681,5.0
mc_ID_3864,"Married Male with four children, education: bachelors degree working as professional",50K+,"Baking Goods from Baking Goods department, Ordered Brand : Plato",19.4781,14.972,recyclable,,Shelf Clearing Days,Supermarket,"2.31 ,000,000illions",1.155 Millions,1623.48,343.05,227.33,288.8006,sao paulo,SP,-23.49997012461769,-46.42365639286743,brasilia,DF,-15.84494561197996,-47.98527498130505,1.0
mc_ID_3865,"Married Male with three children, education: partial high school working as manual",10K+,"Magazines from Periodicals department, Ordered Brand : Dollar",27.7636,26.31,recyclable,,Wallet Savers,Supermarket,1.72 Millions,0.7224 Millions,2049.72,457.36,306.48,418.1385,SAO PAULO,SP,-23.52758819095159,-46.49786807729816,piracicaba,_Sp,-22.71683928585045,-47.65736585405934,5.0
mc_ID_3866,"Married Female with two children, education: high school degree working as skilled manual",30k,"Breakfast Foods from Frozen Foods department, Ordered Brand : Imagine",12.2247,10.7566,recyclable,,Price Cutters,Mid-Size,4.89 Millions,2.3472 Millions,2085.55,783.64,522.49,324.7307,osasco,SP,-23.499688721157742,-46.76690136300499,sao paulo,sP,-23.693985995008337,-46.70188324132953,3.0
mc_ID_3868,"Single Female with three children, education: bachelors degree working as professional",600+ monthly,"Cleaning Supplies from Household department, Ordered Brand : Red Wing",15.1174,10.7421,recyclable,['Coffee Bar'],Price Slashers,Supermarket,5.04 Millions,2.1672 Millions,,440.92,293.95,525.3012,sao paulo,Sp,-23.656650160424697,-46.77635938288413,IbItingA,_SP,-21.7664768468313,data: -48.83154737836604,5.0
mc_ID_3872,"Single Female with No children, education: partial high school working as management",130K+ annually,"Vegetables from Produce department, Ordered Brand : Tell Tale",17.2978,15.6988,recyclable,,Big Time Discounts,SUPERMARKET,€6.5M,3.213 Millions,1508,227.8,151.9,761.488,ourinhos,SP,-22.99207161805513,-49.87209383907644,presidente prudente,SP,-22.13651597360134,-51.396204302534905,4.0
mc_ID_3873,"Married Female with four children, education: bachelors degree working as professional",30K+ annually,"Paper Products from Household department, Ordered Brand : High Quality",16.7163,13.8091,recyclable,"['Coffee Bar', 'Ready Food', 'Bar For Salad', 'Florist']",Roller Savings (High) ,Gourmet,17.8 Millions,6.052 Millions,1564.86,387.45,256.97,637.6939,OSa5CO,SP,-23.500210482947537,-46.795514075364906,"guara
",sp,-20.43399042630061,-47.81416224047547,5.0
mc_ID_3875,"Singlee Male with two children, education: partial high school working as management",90K+,"Meat from Meat department, Ordered Brand : Genteel",val: 16.4256,-12.0648,recyclable,"['Coffee Bar', 'Florist', 'Ready Food', 'Bar For Salad']",,D3luxe,$5.7 Millions,2.166 Millions,2055.27,654.13,435.62,measure: 382.0515,_pat0s de minas,MG,-18.575402441317745,-46.482093941317736,jau,SP,-22.27568678711987,-48.542599749927895,5.0
mc_ID_3876,"Married Female with one child, education: bachelors degree working as professional",90K+,"Jams and Jellies from Baking Goods department, Ordered Brand : CDR",11.1927,6.8174,non recyclable,"['Florist', 'Ready Food', 'Coffee Bar', 'Bar For Salad', 'Video Store']",Full Free,,5.43 Millions,2.4978 Millions,1736.34,503.07,,752.2309,seo sebastiao do paraiso,Mg,-20.916423501961283,-46.993701179798975,sao paulo,SP,-23.65111484251016,-46.75521082321932,4.0
mc_ID_3877,"Married Male with three children, education: graduate degree working as management",$70K+,"Canned Soup from Canned Foods department, Ordered Brand : Blue Label",30.5255,27.6183,recyclable,['Coffee Bar'],Shelf Clearing Days,Supermarket,6.36 Millions,2.4168 Millions,1236.91,442.92,293.95,521.7971,SANTIAGO,R5,-29.18998882356588,-54.8719981328078,pinhais,PR,val: -25.44071444991049,measure: -49.188443906024766,5.0
mc_ID_3878,"Married Female with No children, education: partial college working as management",30K+,"Vegetables from Canned Foods department, Ordered Brand : Blue Label",18.3153,15.4081,recyclable,"['Ready Food', 'Video Store', 'Bar For Salad', 'Coffee Bar', 'Florist']",Lottery Cash Registerion,Deluxe_,5.34 Millions,1.7088 Millions,1734.5,503.07,333.63,290.7357,l1nhares,aS,-19.38662465049386,-40.05577521121764,SALTO,$P,-23.17588057617297,-47.31592004954123,4.0
mc_ID_3879,"Single Male with five children, education: partial high school working as skilled manual",30K+,"Baking Goods from Baking Goods department, Ordered Brand : Plato",measure: 31.543,-1.0,non recyclable,['Coffee Bar'],Pick Your Savings,$upermarket,5.96 Millions,2.1456 Millions,1236.07,440.92,292.66,436.7573,brasilia,DF,-15.923493771742953,-48.05304857239735,sao paulo,SP,-23.55156260866176,-46.64021297307979,data: 4.0
mc_ID_3881,"Single Female with two children, education: bachelors degree working as management",70K+,"Miscellaneous from Checkout department, Ordered Brand : James Bay",14.6813,10.3205,recyclable,,,Supermarket,$6.88 Millions,2.3392 Millions,1507.76,,150.83,735.1811,sao jose dos campos,Sp,measure: -23.243634071378583,-45.91101044314284, Atibaia ,SP,-23.14492333670709,-46.539830386938746,4.0
mc_ID_3882,"Single Male with five children, education: partial high school working as manual",10K+,"Frozen Desserts from Frozen Foods department, Ordered Brand : Golden",17879.20 grams,-14.972,non recyclable,"['Florist', 'Ready Food', 'Coffee Bar', 'Bar For Salad', 'Video Store']",Two for One,Gourmet,$19.45 Millions,7.1965 Millions,1422.81,465.54,,360.7131,goiania,GO,data: -16.680603016860072,-49.2566844522662,guarulhos,sp,-23.411582298084145,-46.44838156702636,5.0
mc_ID_3884,"Married Male with two children, education: partial high school working as skilled manual",30K+,"Fruit from Produce department, Ordered Brand : Ebony",-0.1,11.309,recyclable,['Florist'],Dollar Days,	SUperMArKet,3.66Ms,1.5738 Millions,1319.91,523.32,349.15,748.0992,SAO GONCALO,RJ ,-22.846883133332263,-43.00598984442709,cariacica, ES ,-20.29753657631548,-40.40086853731229,2.0
mc_ID_3885,"Single Male with two children, education: high school degree working as manual",30k,"Pure Juice Beverages from Beverages department, Ordered Brand : Fabulous",15.6988,12.7916,non recyclable,"['Bar For Salad', 'Florist', 'Ready Food', 'Coffee Bar']",Save Price,deluxe,2.8 Millions,1.232 Millions,,654.13,436.44,unknown,sao p@ulo,SP,-23.576650637803663,-46.453653854146246,SAo PAulo,SP,data: -23.49517247515727,-46.50119464071786,5.0
mc_ID_3887,"Married Male with three children, education: partial HS working as manual",$10K+,"Baking Goods from Baking Goods department, Ordered Brand : Super",25.4379,21.0771,recyclable,"['Ready Food', 'Florist', 'Bar For Salad', 'Coffee Bar', 'Video Store']",Price Cutters,Deluxe,8.19 Millions,4.0131 Millions,1525.93,373.1,247.04,$642.09,manhuacu,MG,amount: -20.265441566422545,-42.044386189900685,PraIA GrANdE,$P,-24.011288218359883,-46.41873374429398,5.0
mc_ID_3888,"married female with four children,education: high school degree working as skilled manual",30K+,"Snack Foods from Snack Foods department, Ordered Brand : Fast",val: 11.4398,8.5181,recyclable,"['Ready Food', 'Video Store', 'Coffee Bar', 'Bar For Salad', 'Florist']",GLD,,6.42 Millions,1.9902 Millions,1734.5,503.07,334.07,val: 346.5921,Passo Fundo,RS,-28.276252933191227,-52.36908671420292,sao paulo,SP,-23.59272363197529,data: -46.6315844403312,5.0
mc_ID_3889,"Single Male with one child, education: partial high school working as skilled manual",10K+,"Frozen Entrees from Frozen Foods department, Ordered Brand : PigTail",21.0771,19.6235,recyclable,,Super Duper Savers,Supermarket,4.28 Millions,1.7976 Millions,2049.72,457.36,303.08,527.7593,sao paulo,SP,-23.615941683045737,-46.67538005966879,belo horizonte,MG,-19.91624655709342,-43.93623364096637,5.0
mc_ID_3893,"Married Female with one child, education: high school degree working as skilled manual",30K+ annually,"Jams and Jellies from Baking Goods department, Ordered Brand : CDR",amount: 31.1069,-29.5079,recyclable,['Coffee Bar'],One Day Sale,small grocery,5.4 Millions,1.89 Millions,2069.04,330.83,,497.6345,bELo hoRiZONTe,MG,-19.970675379040948,-43.94943265763813,sao bern4rdo do campo,Sp,-23.66148702746846,measure: -46.56416174311855,1.0
mc_ID_3894,"Married Male with three kidren, education: bachelors degree working as professional",70K+,"Fruit from Produce department, Ordered Brand : Hermanos",10.306,8.8524,non recyclable,"['Video Store', 'Coffee Bar', 'Florist', 'Bar For Salad', 'Ready Food']",Lottery Cash Registerion,,$5.04 Millions,2.3184 Millions,1737.35,503.07,333.74,313.0678,sao paulo,SP,-23.544892466558927,-46.505663224536896,videira,Sç,-27.00086872288371,-51.14532022116548,5.0
mc_ID_3895,"Married Female with four children, education: partial high school working as skilled manual, Married Female with four children",10K+,"Bathroom Products from Household department, Ordered Brand : Red Wing",14.4342,11.527,non recyclable,"['Florist', 'Ready Food', 'Coffee Bar', 'Bar For Salad']",Two Day Sale,Deluxe,€2.1M,1.0209 Millions,2057.8,,434.51,542.0895,sao pauIo,SP,-23.525436666945577,-46.413071696087485,penapolis,SP,-21.426570046543283,-50.06791761043272,amount: 5.0
mc_ID_3896,"Single Female with two children, education: Bachelors degree working as professional",50K+,"Beer and Wine from Alcoholic Beverages department, Ordered Brand : Good",10.15 kg,7.2389,non recyclable,['Coffee Bar'],Best Price Savers,supermarket,$2.49 Millions,1.0956 Millions,1236.07,440.92,292.43,val: 349.2594,faxinal, PR ,-23.99732810820379,amount: -51.31358474739845,b4rueri, SP,-23.491791912543025,-46.94733309700014,measure: 4.0
mc_ID_3897,"Single Male with one child, education: bachelors degree working as professional",€93K+,"Paper Products from Household department, Ordered Brand : Sunset",11.6287,10.1752,non recyclable,"['Ready Food', 'Bar For Salad', 'Coffee Bar', 'Video Store', 'Florist']",Bag Stuffer,deluxe,$2.58 Millions,1.0578 Millions,,503.07,335.38,432.1026,	eunapolis,BA,-16.37787453533949,-39.58753930062822,sao ludgero,sc,-28.327530882623098,-49.18050954005345,5.0
mc_ID_3898,"Married Female with four children, education: partial high school working as manual",10K+ annually,"Pain Relievers from Health and Hygiene department, Ordered Brand : Bird Call",measure: 27.6183,24.7111,recyclable,['Florist'],Save Price,Supermarket,4.76Ms,1.9516 Millions,1320.15,523.32,350.45,670.486,sao paulo,sp,-23.56910958090484,-46.57235346003806,franca_,SP,-20.50234199999999,-47.4215895,4.0
mc_ID_3901,"Single Female with five children, education: partial college working as manual",30K+,"Vegetables from Produce department, Ordered Brand : Hermanos",25.0018,amount: 22.0946,recyclable,"['Florist', 'Bar For Salad', 'Coffee Bar', 'Video Store', 'Ready Food']",Two Day Sale,,$11.73 Millions,4.3401 Millions,,595.93,397.88,402.0824, sao PaULO,$P,-23.521947201039,-46.44086049035999,sao jose do rio preto,$P,-20.84380119949777,data: -49.36891118527178,5.0
mc_ID_3903,"Single Female with three children, education: bachelors degree working as professional",50K+ annually,"Canned Shrimp from Canned Foods department, Ordered Brand : Better",12.4282,9.521,non recyclable,"['Florist', 'Bar For Salad', 'Coffee Bar', 'Ready Food']",Weekend Discount,Gourmet,4.6 Millions,1.978 Millions,1563.35,,256.97,470.177,campinas,SP,val: -22.95282064788205,-47.02865383550558,tatui,SP,-23.03582473318652,-47.8363026594829,5.0
mc_ID_3905,"Married Female with three children, education: high school degree working as skilled manual",360+ monthly,"Snack Foods from Snack Foods department, Ordered Brand : Fast",21.8039,measure: 18.8967,non recyclable,"['Bar For Salad', 'Florist', 'Coffee Bar', 'Ready Food', 'Video Store']",One Day Sale,DELUXE,3.2 Millions,1.184 Millions,,,321.26,measure: 767.3456,praia grande,SP,-24.011288218359883,-46.41873374429398,sao bernardo do campo,SP,-23.70899726008409,-46.54812620982171,2.0
mc_ID_3906,"Married Female with one child, education: high school degree working as manual",30K+,"Electrical from Household department, Ordered Brand : Sunset",21.95 kg,17.5885,non recyclable,,Price Destroyers,Mid-Size,5.3 Millions,2.597 Millions,2819.7,447.7,298.5,728.2775,rio de jeneiro,Rj,-22.90216947322403,-43.18431801722535,carazinho,rs,-28.28944621405989,-52.79412331824494,1.0
mc_ID_3908,"Single Male with four children, education: high school degree working as manual",30K+,"Jams and Jellies from Baking Goods department, Ordered Brand : Super",15.6988,-12.7916,recyclable,"['Video Store', 'Coffee Bar', 'Bar For Salad', 'Ready Food', 'Florist']",Lottery Cash Registerion,Deluxe,2.28 Millions,0.798 Millions,1734.5,,335.38,290.7357,riO dE janEIro,RJ,-22.930927083992938,-43.3849856514328,sao paulo,SP,-23.48029674271453,-46.71122495337295,5.0
mc_ID_3909,"Married Female with four children , education: high school degree working as skilled manual",30K+,"Vegetables from Produce department, Ordered Brand : Ebony",15.6988,12.7916,non recyclable,,Big Time Discounts,Supermarket,7.95Ms,3.8955 Millions,2049.72,457.36,304.91,310.662,brasilia,DF,-15.62299518535027,amount: -47.65010744842545,sao paulo,SP,-23.554079433810344,-46.53324185942636,4.0
mc_ID_3910,"Married Male with No children,education: high school degree working as skilled manual",30K+,"Frozen Desserts from Frozen Foods department, Ordered Brand : Big Time",25.2925,52.24 lbs,recyclable,['Florist'],Saving Days,Supermarket,8.73 Millions,3.8412 Millions,1317.55,523.32,348.85,435.4498,CACHOEIRO DE ITAPEMIRIM,ES,-20.84936259522784,val: -41.11521241330253,sao paulo,sp,-23.54279940605341,-46.595165217323526,5.0
mc_ID_3911,"Married Female with four children, education: gradute degree working as professional",70K+,"Dairy from Dairy department, Ordered Brand : Club",val: 27.3275,-999.0,recyclable,['Coffee Bar'],Sale Sale Sale,Supermarket ,14.44 Millions,5.6316 Millions,1236.07,440.92,293.33,473.7334,porto alegre,RS,-30.0373750279428,-51.10576615986805,Sao Paulo,SP,-23.62615314929649,-46.74691974117254,data: 3.0
mc_ID_3912,"Single Female with No kids, education: partial college working as professional",$50K+,"Frozen Desserts from Frozen Foods department, Ordered Brand : PigTail",18.3153,measure: 15.4081,non recyclable,,Big Time Discounts,Supermarket,$3.66 Millions,1.7568 Millions,1508,227.8,,761.488,CANTAGALO,RJ,-21.98155405522284,-42.36163387314294,ibitinga,SP,-21.7664768468313,val: -48.83154737836604,2.0
mc_ID_3916,"Single Male with one child, education: bachelors degree working as professional",50K+,"Plastic Products from Household department, Ordered Brand : Cormorant",22.676,19.7689,recyclable,"['Video Store', 'Bar For Salad', 'Florist', 'Ready Food', 'Coffee Bar']",Pick Your Savings,DELUXE,8.94Ms,3.2184 Millions,1871.16,593.93,395.95,295.4427,sao paulo,SP,-23.537309857060443,-46.6787664476888,sao paulo ,SP,-23.50751845268047,-46.6174707485429,5.0
mc_ID_3917,"Single Male with four children , education: partial High School working as skilled manual",10K+,"Eggs from Eggs department, Ordered Brand : Giant",28.7811,-24.275,recyclable,"['Bar For Salad', 'Coffee Bar', 'Ready Food', 'Florist']",Bag Stuffer,,$3.3 Millions,1.221 Millions,2052.67,654.13,436.09,367.7736,VIANA,MA,-3.2173215699307445,-45.00224669748535,sao paulo,SP,-23.554079433810344,-46.53324185942636,5.0
mc_ID_3919,"Married Male with three children, education: high school degree working as management",1560+ monthly,"Baking Goods from Baking Goods department, Ordered Brand : Super",13.4312,10.5095,non recyclable,,Price Destroyers,Mid-Size,6.66 Millions,3.0636 Millions,2819.7,447.7,298.5,728.2775,$Ao Paulo,SP,-23.533965429366937,-46.6787591924808,laranjal paulista,SP,-23.03582473318652,-47.8363026594829,4.0
mc_ID_3920,"Single Male with one child, education: Bachelors degree working as professional",110K+ annually,"Candy from Snacks department, Ordered Brand : Musial",28.6358,amount: 24.275,recyclable,['Florist'],,Supermarket,8.4Ms,3.864 Millions,1319.77,523.32,348.83,279.1251,passo fundo,rs,-28.237518508958857,-52.37959996714663,sao paulo,SP,val: -23.537511255832708,data: -46.63705730743676,1.0
mc_ID_3922,"Married Male with four kidren, education: high school degree working as manual",30K+,"Meat from Deli department, Ordered Brand : Cutting Edge",22.676,21.2225,non recyclable,"['Ready Food', 'Video Store', 'Coffee Bar', 'Bar For Salad', 'Florist']",One Day Sale,,3.98 Millions,1.9104 Millions,###,481.98,321.26,€652.24,sao paulo,sP,-23.582197298920867,-46.73189179808415,sao paulo,SP,-23.577073040798663,-46.7199426382077,5.0
mc_ID_3923,"Single Female with one child, education: high school degree working as manual",30K+,"Hot Beverages from Beverages department, Ordered Brand : Landslide",14.2307,11.309,recyclable,"['Bar For Salad', 'Coffee Bar', 'Video Store', 'Florist', 'Ready Food']",Two Day Sale,,6.96Ms,3.0624 Millions,1424.85,465.54,310.3,783.1925,sao paulo,SP,-23.57900896225975,-46.57815220038666,sao paulo, SP,-23.52611544591716,-46.53507848653255,5.0
mc_ID_3924,"Single Male with one child, education: partial high school working as skilled manual",10K+,"Vegetables from Produce department, Ordered Brand : Tri-State",27.3275,25.7286,recyclable,"['Video Store', 'Coffee Bar', 'Florist', 'Ready Food', 'Bar For Salad']",Two Day Sale,Delux3,€8.3M,2.916 Millions,2038.11,481.98,321.26,495.7517,CampinAS,SP,val: -22.88093166586252,-47.068424969313,"sao paulo
",SP,data: -23.65111484251016,-46.75521082321932,data: 3.0
mc_ID_3926,"Married Male with one child, education: Bachelors degree working as management",90K+,"Bread from Baked Goods department, Ordered Brand : Fantastic",31.1069,26.6008,recyclable,,Sales Days,Supermarket,7.56 Millions,3.4776 Millions,1625.92,341.05,227.33,743.1307,Ibiuna,SP,-23.655113618612447,-47.22029237277671,rio  de  jeneiro,rj,measure: -21.753758653386228,-41.33389901937112,val: 5.0
mc_ID_3927,"Single Female with five children, education: bachelors degree working as professional",50K+,"Fruit from Canned Products department, Ordered Brand : Toucan",-24.4204,22.8214,non recyclable,"['Ready Food', 'Florist', 'Bar For Salad', 'Video Store', 'Coffee Bar']",Discount Frenzy,Gourmet,2.76 Millions,0.8832 Millions,1424.85,,310.3,555.2168,jundiai,SP,-23.211714582578274,-46.8753760355472,S0RocAba,SP_,-23.50436812822437,-47.46615628434992,5.0
mc_ID_3928,"Single Male with one child, education: partial college working as clerical",30K+,"Canned Soup from Canned Foods department, Ordered Brand : Bravo",21.8039,18.8967,non recyclable,"['Video Store', 'Florist', 'Bar For Salad', 'Coffee Bar', 'Ready Food']",Dimes Off,Deluxe,$2.4 Millions,0.816 Millions,2038.11,481.98,321.26,550.6144,cAMpinas,SP,-22.9005619103526,-47.065812260199664,ibitinga,SP,-21.7664768468313,-48.83154737836604,5.0
mc_ID_3929,"mARRIED_fEMALE_WITH_ONE_CHILD,_EDUCATION:_BACHELORS_DEGREE_WORKING_AS_PROFESSIONAL",50K+,"Vegetables from Produce department, Ordered Brand : High Top",27.1822,25.7286,non recyclable,"['Ready Food', 'Bar For Salad', 'Coffee Bar', 'Florist']",,Deluxe,"8.85 ,000,000illions",3.8055 Millions,2055.29,654.13,436.09,725.9763,	joinvil1e,SC,-26.287890550358416,-48.778370341304736,sao paulo,SP,-23.693985995008337,-46.70188324132953,measure: 4.0
mc_ID_3931,"Single Female with three kids, education: partial high school working as manual",10K+,"Vegetables from Produce department, Ordered Brand : Hermanos",10.2624,7.3406,recyclable,,Price Slashers,Supermarket,9.6Ms,4.32 Millions,,343.05,227.33,277.0331,petrolina,PE,val: -9.381891964000586,-40.52260974661264,sao paulo,SP,-23.51674732944774,amount: -46.54818243075192,amount: 4.0
mc_ID_3932,"Married Male with No children, education: high school degree working as manual",30K+,"Pain Relievers from Health and Hygiene department, Ordered Brand : Hilltop",9.4338,6.5121,recyclable,"['Bar For Salad', 'Ready Food']",Save Price,Supermarket,4.98 Millions,2.0916 Millions,2448.37,,313.55,406.4756,SAO PAULO,SP,-23.584265203445064,-46.53648617692888,Salto,SP,-23.194155763010308,-47.26601382366275,5.0
mc_ID_3935,"Single Male with four children, education: bachelors degree working as management",70000,"Snack Foods from Snack Foods department, Ordered Brand : Fast",17.8792,16.4256,recyclable,['Florist'],You Save Days,supermarket,1.02 Millions,0.408 Millions,1320.15,523.32,348.85,measure: 689.3663,pinhao,PR,-25.695269014822784,-51.659730246596006,Belo Horizonte,MG,-19.84506185844542,-43.98466346448144,5.0
mc_ID_3937,"Married Male with four children, education: partial high school working as skilled manual",10K+,"Snack Foods from Snack Foods department, Ordered Brand : Nationeel",16.571,14.972,non recyclable,"['Ready Food', 'Coffee Bar', 'Bar For Salad', 'Florist']",,_deluXE,4.77 Millions,2.3373 Millions,2055.29,656.13,436.09,$475.93,uberlañdia ,Mg,-18.91595976602804,-48.278974174995646,extrema,MG,-22.843339095273503,-46.320408988369685,1.0
mc_ID_3938,"Married Female with one child, education: partial college working as manual, education: partial college working as manual",30000,"Vegetables from Frozen Foods department, Ordered Brand : PigTail",11.2944,8.3727,non recyclable,"['Video Store', 'Florist', 'Bar For Salad', 'Coffee Bar', 'Ready Food']",I Cant Believe It Sale,DELUXE,4.71 Millions,2.1195 Millions,1736.35,503.07,335.38,363.3281,cUIaBA,MT,-15.58027272133767,-56.0650519526469,suzano,$p,-23.54646763188849,amount: -46.31743880609893,1.0
mc_ID_3940,Single Female with two kids; education: partial high school working as skilled manual,30k,"Dairy from Dairy department, Ordered Brand : Club",10.2188,7.3116,non recyclable,"['Bar For Salad', 'Video Store', 'Florist', 'Coffee Bar', 'Ready Food']",Best Savings,Deluxe,7.98 Millions,3.192 Millions,1872.11,593.93,395.95,278.7067,agisse,SP,-24.306685360044035,-46.97661011647647,pedreira,SP,-22.73824150585765,-46.8958585777586,measure: 5.0
mc_ID_3941,"Married Female with three children, education: bachelors degree working as professional",50K+,"Bread from Baked Goods department, Ordered Brand : Sphinx",11.8613,8.9396,recyclable,"['Ready Food', 'Florist', 'Bar For Salad', 'Coffee Bar']",Save Price,Deluxe,2.12 Millions,1.06 Millions,2055.29,654.13,436.09,602.1299,sao paulo,$P,-23.54741871135092,-46.48356109478331,Ibitinga,sp,-21.7664768468313,-48.83154737836604,1.0
mc_ID_3942,"Married Female with four children, education: partial high school working as skilled manual",10000,"Kitchen Products from Household department, Ordered Brand : Sunset",TBD,20.641,non recyclable,"['Coffee Bar', 'Florist', 'Ready Food', 'Bar For Salad', 'Video Store']",Dimes Off,Deluxa,"1.78 ,000,000illions",0.7832 Millions,2038.11,481.98,321.26,602.7575,petropolis ,Rj,-22.511781902332768,-43.18420989995548,lOUVeIRa,SP,-23.08412527710581,-46.98121307089687,5.0
mc_ID_3943,"Single Female with one child, education: bachelors degree working as management",50K+,"Paper Products from Household department, Ordered Brand : Red Wing",12.0357,7.6604,recyclable,"['Ready Food', 'Bar For Salad']",Shelf Clearing Days,Supermarkat,5.0 Millions,1.95 Millions,2268.07,853.22,568.75,571.1683,rio de janeiro,RJ,-22.88236910768082,-43.56762626325808,ibitinga,SP,-21.7664768468313,-48.83154737836604,measure: 1.0
mc_ID_3944,"Married Female with one child, education: graduate degree working as professional",70K+,"Snack Foods from Snack Foods department, Ordered Brand : Nationeel",data: 10.6258,7.704,recyclable,,You Save Days,Supermarket,4.26Ms,1.704 Millions,1507.17,227.8,153.64,amount: 565.9906,dois irmaos,rs,val: -29.58769365168213,-51.09061000331821,santa barbara d´oeste,SP,-22.760477687572443,-47.41281121951772,3.0
mc_ID_3945,"Single Male with one child, education: bachelors degree working as management",70K+,"Eggs from Eggs department, Ordered Brand : Jumbo",10.7275,7.8203,recyclable,"['Coffee Bar', 'Bar For Salad', 'Florist', 'Ready Food']",Roller Savings (High) ,Gourmet,$8.04 Millions,3.5376 Millions,1564.86,385.45,256.97,data: 637.6939,rIO De jAneiRo,RJ,-22.83010677604002,-43.27754866983109,salto,SP,amount: -23.18458241445101,-47.328649797768485,4.0
mc_ID_3947,"sINGLE mALE W/ TWO CHILDRAN, EDUCATION: HIGH SCHOOL DEGREE WORKING AS MANUAL",360+ monthly,"Candy from Snacks department, Ordered Brand : Thresher",10.4659,7.5441,non recyclable,"['Florist', 'Video Store', 'Bar For Salad', 'Coffee Bar', 'Ready Food']",Roller Savings (High) ,Gourmet,€4.6M,2.6607 Millions,1424.85,465.54,312.28,532.6232,duque de caxia$,RJ,-22.76477724977713,-43.30343343716029,IbITiNGA,SP,-21.7664768468313,-48.83154737836604,5.0
mc_ID_3948,"Single Female with three children, education: high school degree working as manual",10K+,"Vegetables from Produce department, Ordered Brand : Hermanos",11.6578,8.7506,recyclable,"['Florist', 'Coffee Bar', 'Bar For Salad', 'Ready Food']",Super Duper Savers,Deluxe_,4.46 Millions,1.5164 Millions,2055.29,654.13,436.09,364.2695, divinopolis,"MG
",-20.146615317146374,val: -44.892591683425806,maringa,PR,-23.41000679702781,-51.88262571961486,1.0
mc_ID_3950,"Single Male with two children, education: partial high school working as professional",70K or more,"Kitchen Products from Household department, Ordered Brand : Sunset",25.0018,45.51 lbs,non recyclable,['Florist'],,supermarket,2.67 Millions,1.2549 Millions,1321.76,,348.8,338.6948,aracoiaba da serra,SP,amount: -23.511645,-47.567511,TRES CORACOES,MG,-21.69216794221008,-45.25804903964345,val: 5.0
mc_ID_3951,"Single Female with one child, education: high school degree working as skilled manual",30K+,"Canned Soup from Canned Foods department, Ordered Brand : Blue Label",30.5255,27.6183,recyclable,"['Bar For Salad', 'Florist', 'Ready Food', 'Video Store', 'Coffee Bar']",,Deluxe,3.18 Millions,1.5264 Millions,1525.28,375.1,247.76,499.2035,manaus,AM,amount: -3.086291252293809,-60.0654978702464,rio de janeiro,RJ,-22.93125598447676,measure: -43.17881321481337,5.0
mc_ID_3952,"Married Male with three childran, education: high school degree working as manual",30K+,"Dairy from Dairy department, Ordered Brand : Club",13.9254,11.0037,non recyclable,"['Bar For Salad', 'Florist', 'Coffee Bar', 'Ready Food']",Tip Top Savings,deluxe,5.86 Millions,2.1096 Millions,2055.29,654.13,436.09,745.6934,aracaju,SE,-10.890598504039366,-37.09138541395927,amaricana,SP,-22.72893170107914,-47.301322143632056,Rating: 3.0
mc_ID_3954,"Single Female with four children, education: bachelors degree working as professional",70K+,"Hygiene from Health and Hygiene department, Ordered Brand : Steady",13.344,8.9832,non recyclable,"['Bar For Salad', 'Coffee Bar', 'Ready Food', 'Florist', 'Video Store']",Sale Sale Sale,Deluxe,3.84Ms,1.5744 Millions,,373.1,248.79,722.6814,curitiba,"PR
",-25.45385542382702,-49.286168717179294,campinas,SP,-22.85275770752771,-47.05510214136723,data: 1.0
mc_ID_3955,"Married Female with five children, education: high school degree working as manual",30K+,"Fruit from Produce department, Ordered Brand : Tell Tale",20.0596,17.1524,non recyclable,"['Video Store', 'Coffee Bar', 'Ready Food', 'Florist', 'Bar For Salad']",Price Slashers,Deluxe,8.7 Millions,4.263 Millions,1525.13,,248.79,403.9652,venancio aires,rs,-29.616140787882497,-52.17587557262544,	palhoca,$C,-27.74183035338775,measure: -48.63570502072188,5.0
mc_ID_3957,"SINGLE FEMALE WITH FIVE KIDS, EDUCATION: HIGH SCHOOL DEGREE WORKING AS SKILLED MANUAL",30K+,"Carbonated Beverages from Beverages department, Ordered Brand : Skinner",30.0894,amount: 27.1822,recyclable,,Mystery Sale,Supermarket,€2.1M,0.9176 Millions,,343.05,227.57,718.9681,floriano,	PI,-6.765049042930655,-43.02825025138064,l4ranjal paulista ,SP,measure: -23.03582473318652,-47.8363026594829,5.0
mc_ID_3959,"Single  Male  with  one  child,  education:  partial  high  school  working  as  manual",Income: 10K+,"Breakfast Foods from Frozen Foods department, Ordered Brand : Carrington",11.1054,8.1837,non recyclable,"['Bar For Salad', 'Florist', 'Coffee Bar', 'Ready Food']",Full Free,Deluxe,2.28 Millions,0.7524 Millions,2055.29,654.13,436.09,570.3838,RIO DE JANEIRO,RJ,-22.93308423203872,amount: -43.36663107132555,sao paulo,SP,measure: -23.57282057729816,-46.52329640383172,2.0
mc_ID_3961,"Married Female with two children, education: partial high school working as skilled manual",10K+,"Side Dishes from Deli department, Ordered Brand : Cutting Edge",9.00 kg,6.0906,recyclable,"['Bar For Salad', 'Coffee Bar', 'Ready Food', 'Florist']",Dollar Days,Deluxe,4.65 Millions,2.0925 Millions,,,436.09,725.9763,umuarama,PR,-23.765117091320853,-53.31230739757064,seo paulo,sp,amount: -23.525103133365025,-46.51764616148771,5.0
mc_ID_3962,"Married Female with four children, education: high school degree working as professional",150K+,"Canned Soup from Canned Foods department, Ordered Brand : Just Right",10.3496,data: 8.8815,non recyclable,,Price Winners,supermarket,11.28 Millions,5.5272 Millions,2048.57,457.36,303.22,599.358,boituva,SP,-23.279657630556585,-47.6618565754143,s4o 	paulo,SP ,-23.53569581346678,-46.64141313885349,5.0
mc_ID_3963,"Married Female with two children, education: bachelors degree working as professional",50K+ annually,"Dairy from Dairy department, Ordered Brand : Club",13.9254,11.0037,non recyclable,"['Bar For Salad', 'Video Store', 'Coffee Bar', 'Ready Food', 'Florist']",Shelf Clearing Days,,5.86 Millions,2.344 Millions,1871.16,,395.95,516.7763,sao paulo,Sp,-23.613269060505505,-46.60529227116393,MARINGA,PR,-23.41848622413047,-51.92625934548862,4.0
mc_ID_3965,"Single Female with one child, education: partial high school working as manual",10K+,"Vegetables from Frozen Foods department, Ordered Brand : Golden",-8.9541,6.0324,recyclable,,Big Time Discounts,SupERmARket,11.16 Millions,3.6828 Millions,2047.29,457.36,306.58,310.662,sao paulo,SP,data: -23.6752188687172,-46.77215835345377,ibitINGA,SP,measure: -21.7664768468313,-48.83154737836604,4.0 stars
mc_ID_3966,"education: partial college working as clerical, Married Female with one child",30K+,"Breakfast Foods from Frozen Foods department, Ordered Brand : Golden",11.4252,9.9716,recyclable,['Florist'],Roller Savings (High) ,Supermarket,2.58 Millions,1.0578 Millions,,523.32,349.22,532.6232,Sao Paulo,SP,-23.52611544591716,-46.53507848653255,sao bernardo do campo,SP,-23.71933860892157,-46.5517479343586,5.0
mc_ID_3968,"Singlee Male with three children,education: partial high school working as professional",90k,"Jams and Jellies from Baking Goods department, Ordered Brand : BBB Best",17.7338,-14.6813,non recyclable,,,Supermarket,4.77 Millions,2.2896 Millions,2050.48,457.36,304.91,300.8296,rio de janeiro,RJ,-22.98193586539897,-43.22428066457964,petropolis,RJ,-22.549033360244323,-43.210094724044055,5.0
mc_ID_3969,"Single Female with three children, education: bachelors degree working as professional",50K+,"Fruit from Produce department, Ordered Brand : Hermanos",10.306,amount: 8.8524,non recyclable,"['Ready Food', 'Bar For Salad']",Best Savings,Supermarket,2.52 Millions,0.882 Millions,2448.37,470.27,313.41,576.1891,sao paulo,SP,-23.55433380183505,-46.64967363918865,5anto angelo,rs,-28.281003423550747,data: -54.258283178397335,4.0
mc_ID_3970,"Married Female with four children, education: partial high school working as skilled manual",10K+,"Hygiene from Health and Hygiene department, Ordered Brand : Steady",13.344,8.9832,non recyclable,"['Coffee Bar', 'Video Store', 'Florist', 'Bar For Salad', 'Ready Food']",, deluxe,"3.84 ,000,000illions",1.6896 Millions,2040.76,483.98,321.13,358.9349,buriticupu,MA,-4.317271656392342,amount: -46.46181261437987,barueri,sp,-23.491791912543025,-46.94733309700014,5.0
mc_ID_3972,"Single Female with four children,education: partial college working as skilled manual",Income: 30K+,"Bread from Baked Goods department, Ordered Brand : Fantastic",val: 8.7797,5.858,recyclable,"['Ready Food', 'Bar For Salad']",Money Savers,,17.1 Millions,6.498 Millions,2447.38,470.27,313.55,290.0035,sao paulo,Sp,val: -23.573623473772287,-46.717553378296486,cuiABA,MT,-15.672887529119013,-56.06797233297959,4.0
mc_ID_3973,"Single Female with four children, education: bachelors degree working as professional",50K+ annually,"Frozen Entrees from Frozen Foods department, Ordered Brand : Big Time",amount: 22.8214,21.2225,recyclable,,Go For It,suPeRmarkEt,€7.5M,2.816 Millions,2046.98,,306.52,525.8765,PRAIA GRANDE,$P,-24.04895262488876,amount: -46.53411148239479,Sao Paulo,Sp,-23.67774108964741,-46.66864662392521,4.0
mc_ID_3977,"Marrie Male with four children,education: high school degree working as skilled manual",360+ monthly,"Snack Foods from Snack Foods department, Ordered Brand : Fort West",-999.0,28.6358,recyclable,"['Florist', 'Video Store', 'Ready Food', 'Coffee Bar', 'Bar For Salad']",Price Smashers,DEluxe,€8.2M,4.1452 Millions,,373.1,,499.2035,rio de janeiro,RJ,val: -22.824625169311496,-43.28779784416291,cajamar,SP,-23.406238298215783,-46.84102497498486,1.0
mc_ID_3978,"Married Female with one child, education: bachelors degree working as management",70K+,"Dairy from Dairy department, Ordered Brand : Even Better",19.0421,-14.6813,recyclable,,I Cant Believe It Sale,Mid-Siza,€1.4M,0.5208 Millions,2819.7,447.7,299.34,693.498,sao jose do rio preto,Sp,-20.83181111641809,amount: -49.381036123875184,Santo Andre,$p,-23.7622680628159,val: -46.46728047262276,1.0
mc_ID_3979,"Married Female with two children, education: graduate degree working as professional",110K+,"Beer and Wine from Alcoholic Beverages department, Ordered Brand : Portsmouth",14.972,12.0648,recyclable,['Coffee Bar'],,SMALL GROCERY,2.87 Millions,1.2054 Millions,2069.04,330.83,220.55,data: 637.014,ARARAS,SP,-22.33251088443001,val: -47.377264861568456,sao paulo,SP,-23.59798552039933,-46.55547278711988,2.0
mc_ID_3980,Married Male with three children + education: partial high school working as manual,30K+,"Snack Foods from Snack Foods department, Ordered Brand : Nationeel",24.7111,21.8039,recyclable,,Promo Big,Supermarket,6.36 Millions,3.0528 Millions,2052.1,459.36,304.91,515.2596,sao bernardo do campo,SP,-23.67195566956539,-46.559180836442245,s4lto,SP,-23.18458241445101,-47.328649797768485,6.0/10
mc_ID_3981,"Married Female with three children, education: partial high school working as manual",10K+,"Bread from Baked Goods department, Ordered Brand : Sphinx",10.9746,8.0674,recyclable,"['Florist', 'Ready Food', 'Video Store', 'Coffee Bar', 'Bar For Salad']",Price Winners,,7.08 Millions,2.9028 Millions,2038.11,481.98,322.71,478.9634,uberlandia,MG,-18.952782820705167,-48.22771100805008,uba,MG,-21.12574332854103,-42.92260482854105,5.0
mc_ID_3985,"Married  Male  with  No  children,  education:  Bachelors  degree  working  as  professional",50000,"Baking Goods from Baking Goods department, Ordered Brand : Super",15.4081,12.5009,non recyclable,"['Bar For Salad', 'Florist', 'Coffee Bar', 'Ready Food']",,Gourmet,4.8 Millions,2.208 Millions,1563.4,385.45,257.06,396.2248,taiobeir4s,MG,-15.812647944218403,-42.23259052789079,RIO DE JANEIRO,RJ,-22.87471779793991,-43.348188021524514,5.0
mc_ID_3987,"Single Male with four children, education: partial college working as professional",$30K+,"Fruit from Canned Products department, Ordered Brand : Swell",441.98 oz,11.0618,non recyclable,['Coffee Bar'],Super Duper Savers,Small Grocery,2.34 Millions,0.8424 Millions,1394.66,536.29,356.19,611.4393,sao paulo,Sp,-23.54425493154535,-46.634639135589296,OSascO,SP,val: -23.565986162357948,-46.78504212655093,5.0
mc_ID_3988,"Married Female with four children, education: partial high school working as skilled manual",10K+,"Snack Foods from Snack Foods department, Ordered Brand : Nationeel",measure: 24.7111,data: 23.2575,recyclable,"['Video Store', 'Bar For Salad', 'Ready Food', 'Florist', 'Coffee Bar']",Price Slashers,Deluxe,2.74 Millions,1.2878 Millions,1732.81,503.07,335.38,282.9953,iTaquAQUeCEtubA,SP,-23.48262344063541,-46.37448952833195,piracicaba,SP,-22.71683928585045,-47.65736585405934,5.0
mc_ID_3989,"Married Female with two children, education: bachelors degree working as professional",50K+,"Cleaning Supplies from Household department, Ordered Brand : Cormorant",23.11 kg,-20.0596,non recyclable,"['Coffee Bar', 'Ready Food', 'Florist', 'Video Store', 'Bar For Salad']",Sale : Double Down,Daluxe,$7.62 Millions,2.5146 Millions,1734.5,503.07,335.38,265.6317,SAO PAULO,SP,-23.499947470075963,data: -46.70127600492003,CAMPO LIMPO PAULISTA,Sp,-23.20706431353269,-46.760735214610754,5.0
mc_ID_3990,"Single Female with five children, education: high school degree working as skilled manual",30K+,"Hygiene from Health and Hygiene department, Ordered Brand : Faux Products",29.944,27.0368,recyclable,,,Supermarket,1.95 Millions,0.858 Millions,2048.93,457.36,304.91,527.7593,itapema,SC,-27.13197710454484,-48.599233840908056,belo horizonte,MG,-19.878513898894187,-43.95694702879617,5.0
mc_ID_3991,"Single Male with No children, education: high school degree working as manual",30K+,"Canned Tuna from Canned Foods department, Ordered Brand : Bravo",14.1144,11.2072,recyclable,"['Ready Food', 'Video Store', 'Florist', 'Coffee Bar', 'Bar For Salad']",Two Day Sale,	Daluxe,5.56 Millions,2.3908 Millions,2038.11,481.98,320.51,495.7517,atibaia, $P,-23.120273860118864,-46.56362790244673,ribeirao preto,SP,-21.1774515925616,-47.79583295337295,5.0
mc_ID_3993,"Married Male with two children, education: partial college working as management",30k,"Carbonated Beverages from Beverages department, Ordered Brand : Skinner",12.748,8.3872,recyclable,,Price Cutters,"Mid-Size
",5.13Ms,2.2059 Millions,2085.67,785.64,522.68,324.7307,rio de janeiro,RJ,-22.86269660648672,-43.46837099999999,sao paulo,SP,-23.491089052455425,amount: -46.5850818805182,5.0
mc_ID_3997,"Married Male with No children, education: high school degree working as professional",130K+ annually,"Electrical from Household department, Ordered Brand : Denny",22.8214,19.7689,recyclable,['Florist'],Roller Savings (High) ,Supermarkat,11.79 Millions,3.8907 Millions,1319.34,523.32,350.02,data: 532.6232,sao paulo,"SP
",-23.54942076602805,-46.55057457132555,Sao Paulo,Sp,-23.537511255832708,-46.63705730743676,5.0
mc_ID_3998,"Marriied Male with two children, education: high school degree working as professional.",90 Thousand,"Snack Foods from Snack Foods department, Ordered Brand : Fort West",13.2858,8.9251,non recyclable,"['Coffee Bar', 'Ready Food', 'Video Store', 'Florist', 'Bar For Salad']",I Cant Believe It Sale,Deluxe,€4.8M,2.688 Millions,,373.1,249.57,535.9181,	SUMARE,Sp,-22.83415780460501,-47.27774968734491,sao juse do rio preto,SP,-20.80243626346376,-49.39562406741489,5.0
mc_ID_3999,"mARRIED mALE WITH TWO KIDREN, EDUCATION: BACHELORS DEGREE WORKING AS MANAGEMENT",10K+,"Cold Remedies from Health and Hygiene department, Ordered Brand : Bird Call",18.606,-15.6988,recyclable,"['Ready Food', 'Florist', 'Bar For Salad', 'Video Store', 'Coffee Bar']",,Gourme7,6.96Ms,2.7144 Millions,1424.85,467.54,310.3,360.0332,piracicaba,SP,-22.726257875353635,-47.63781138952056,sao paulo,SP_,-23.543135968636395,-46.62371555453289,1.0
mc_ID_4000,"Single Female with three children, education: partial high school working as manual",10K+,"Carbonated Beverages from Beverages department, Ordered Brand : Excellent",19.0421,16.1349,recyclable,['Florist'],Best Savings,Supermarket,8.72 Millions,3.1392 Millions,1321.33,523.32,349.93,281.4786,Guaruja,$p,-23.99367886011885,-46.28818069747246,sao paulo,sp,-23.56168119891244,val: -46.50627110555333,4.0
mc_ID_4001,"Single Female with two children, education: bachelors degree working as professional",150K+,"Bathroom Products from Health and Hygiene department, Ordered Brand : Faux Products",18.7513,14.376,non recyclable,['Florist'],Save It (Sale),Supermarket,6.78 Millions,3.2544 Millions,1321.46,523.32,348.85,427.7617,araucaria,PR,-25.58682955148217,-49.40008181635671,guarulhos,SP,-23.50542926894224,data: -46.54869177407812,100%
mc_ID_4002,"Single Female with No children, education: partial high school working as manual",10K+,"Fruit from Produce department, Ordered Brand : Tri-State",-13.9836,11.0618,non recyclable,['Coffee Bar'],Best Price Savers,Supermarket,4.26 Millions,1.704 Millions,1238.64,440.92,,349.2594,itaquaquecetuba,sp,-23.42964782332397,-46.31792079918644,santo andre,sp,-23.665703457960586,-46.51808196779969,5.0
mc_ID_4005,"Single Male with four kids, education: graduate degree working as professional",Income: 70K+,"Vegetables from Produce department, Ordered Brand : Tri-State",20.3503,15.9895,recyclable,"['Video Store', 'Ready Food', 'Bar For Salad', 'Coffee Bar', 'Florist']",Save It (Sale),Gourmet ,6.2Ms,2.046 Millions,1421.93,465.54,310.3,427.7617,salvador,BA,measure: -12.987171949272744,-38.5226816405163,sao paulo,SP,amount: -23.53321650340715,val: -46.50046729003948,5.0
mc_ID_4006,"Single Male with one child, education: partial high school working as manual",10K+,"Snack Foods from Snack Foods department, Ordered Brand : Nationeel",13.5329,-9.1722,non recyclable,,Price Winners,Supermarket,5.02 Millions,1.5562 Millions,2049.72,457.36,304.91,599.358,descalvado,sp,-21.915727706969644,-47.62033250569028,riberao preto,SP,-21.16850440882337,-47.79370519233655,5.0
mc_ID_4007,"MARRIED FEMALE WITH FIVE KIDS, EDUCATION: PARTIAL COLLEGE WORKING AS MANUAL",Income: 30K+,"Carbonated Beverages from Beverages department, Ordered Brand : Skinner",12.748,8.3872,recyclable,,Price Cutters,,"3.42 ,000,000illions",1.5048 Millions,2085.67,783.64,522.49,324.7307,estiv@gerbi,5P,val: -22.27535426816477,val: -46.950765182495694,_Sorocaba,5P,-23.49636707533955,-47.43890030979464,4.0
mc_ID_4008,"Married Female with three children, education: high school degree working as manual",10K+,"Snack Foods from Snack Foods department, Ordered Brand : Horatio",-10.2333,-7.3116,non recyclable,,Price Destroyers,Supermarket_,6.93 Millions,2.6334 Millions,1508,227.8,153.72,635.1312,brasilia,df,-15.855330760454436,-48.03726226395937,ribeirao preto, SP ,-21.185944576067463,-47.81498292186677,amount: 1.0
mc_ID_4009,"Single Male with one child, education: graduate degree working as professional",90K+,"Dairy from Dairy department, Ordered Brand : Gorilla",19.0421,14.6813,recyclable,"['Coffee Bar', 'Video Store', 'Bar For Salad', 'Florist', 'Ready Food']",,Deluxe,10.77 Millions,5.0619 Millions,1872.51,593.93,395.95,516.7763,maneus,AM,amount: -3.0519936880374,-60.049145682209016,BARRETOS,SP,-20.5342210194687,-48.56356843130872,5.0
mc_ID_4010,"Single Male with one kid, education: bachelor'ss degree working as professional",70k,"Snack Foods from Snack Foods department, Ordered Brand : Fort West",30.8162,27.909,non recyclable,,Go For It,Supermarket,4.32 Millions,1.4688 Millions,1508,227.8,152.93,data: 623.939,palmeira das missoes,RS,-27.890224444772645,,sao paulo,SP,-23.675905499567303,-46.75188111226845,amount: 5.0
mc_ID_4011,"Single Male with two children, education: High School degree working as manual",30K or more,"Paper Products from Household department, Ordered Brand : Cormorant",8.8815,5.9743,recyclable,,Go For It,,9.8 Millions,3.724 Millions,2049.72,457.36,304.79,525.8765,fortaleza,C3,val: -3.7807715492527767,-38.58557485414625,aparecida de goiania,GO,-16.77015400112626,-49.34004189470734,5.0
mc_ID_4012,"Married Female with four children, education: partial high school working as skilled manual",10K+,"Breakfast Foods from Frozen Foods department, Ordered Brand : Imagine",-12.2247,10.7566,recyclable,['Coffee Bar'],Two Day Sale,Superm4Rket,4.89 Millions,1.8582 Millions,1236.07,,293.95,amount: 477.3944,sao paulo,SP,-23.558072306116813,-46.60586586856825,sao paulo,SP,val: -23.58620844962204,-46.53589144310119,5.0
mc_ID_4014,"Single Female with three children, education: graduate degree working as professional",€110K+,"Vegetables from Canned Foods department, Ordered Brand : Just Right",-1.0,13.0823,recyclable,,Go For It,Supermarket,€3.1M,1.44 Millions,1509.71,227.8,151.9,350.4623,cotia,SP,-23.65030577512848,-46.95766240287004,"santa barbara d'oeste
",SP,-22.75967282783305,-47.364736674563375,5.0
mc_ID_4015,"Single Female with two children, education: graduate degree working as professional",70K+,"Starchy Foods from Starchy Foods department, Ordered Brand : Medalist",20.2049,17.1524,recyclable,"['Ready Food', 'Bar For Salad']",Super Savers,,11.4 Millions,5.13 Millions,2448.37,470.27,313.55,719.3865,maua,sp,-23.705183776848084,-46.45744742091284,	mogI Das crUzEs, Sp ,-23.51937483109403,-46.19269037743349,measure: 4.0
mc_ID_4018,"Single Male w/ three children, education: graduate degree working as professional",90K+,"Fruit from Canned Products department, Ordered Brand : Big City",16.8617,12.5009,recyclable,"['Ready Food', 'Coffee Bar', 'Florist', 'Bar For Salad']",Save Price,Deluxe,"2.28 ,000,000illions",1.1172 Millions,2055.29,654.13,436.09,602.1299,sorocaba,5P,-23.47875410713256,-47.4679305,ribeirao preto,SP,-21.116471333054424,data: -47.79073400291418,5.0
mc_ID_4019,"Single Female with one child, education: high school degree working as skilled manual",30K+,"Magazines from Periodicals department, Ordered Brand : Dollar",-27.7636,26.31,recyclable,"['Video Store', 'Bar For Salad', 'Florist', 'Ready Food', 'Coffee Bar']",, Deluxe,2.58 Millions,1.2384 Millions,2035.81,481.98,321.72,328.1302,araucaria,PR,-25.61138949693849,-49.36969938375004, limeira,SP,-22.56835042131686,-47.44743947974489,5.0
mc_ID_4021,"Single Male with three childern, education: High School degree working as manual",30K+,"Snack Foods from Snack Foods department, Ordered Brand : Best Choice",10.3641,8910.50 grams,non recyclable,,,,2.58 Millions,1.1352 Millions,2086.25,783.64,522.49,546.0643,belo horizonte,MG,-19.81150197945644,val: -43.94314334776961,petropolis,Rj,-22.549033360244323,amount: -43.210094724044055,5.0/5.0
mc_ID_4023,"Married Female with four children, education: partial high school working as skilled manual",$10K+,"Bread from Baked Goods department, Ordered Brand : Fantastic",15.4081,-12.5009,non recyclable,['Coffee Bar'],Full Free,,1.55 Millions,0.6975 Millions,1392.77,,356.19,320.4421,caraguata7uba ,SP,-23.622152560194245,amount: -45.41471769806336,sao paulo,5p,-23.667843855675457,-46.66038973120199,5.0
mc_ID_4025,Single Female with two children and education: partial high school working as skilled manual,10K+,"Side Dishes from Deli department, Ordered Brand : Lake",19.6235,16.7163,non recyclable,['Coffee Bar'],Sale : Double Down, supermark3t ,9.93 Millions,3.5748 Millions,1236.07,440.92,293.95,309.5637,p0nta grossa,PR,-25.10028868526743,val: -50.21000605078199,Santo Amdre,SP,-23.70007597807146,-46.512702481822366,5.0
mc_ID_4026,"Married Female with five children, education: bachelors degree working as professional",600+ monthly,"Vegetables from Frozen Foods department, Ordered Brand : Imagine",22.0946,amount: 17.5885,recyclable,"['Ready Food', 'Bar For Salad', 'Coffee Bar', 'Florist']",Two for One,DELUXE,11.76 Millions,5.1744 Millions,2055.29,654.13,435.1,312.9109,lagoa formosa,MG,-18.77988359592747,-46.40558204562605,Santa Barbara D'Oeste,SP,-22.75967282783305,-47.364736674563375,5.0
mc_ID_4027,"Married Male with five children, education: high school degree working as manual",$30K+,"Drinks from Beverages department, Ordered Brand : Fabulous",21.0771,18.1699,non recyclable,"['Ready Food', 'Bar For Salad', 'Coffee Bar', 'Florist']",,Delux3,11.36 Millions,4.2032 Millions,2056.9,654.13,436.09,352.0313,arraial do cabo ,RJ,-22.960371447400345,-42.025042964885486, borda da mata ,MG,-22.264093569966427,val: -46.15856420525942,1.0
mc_ID_4030,"Single Female with four childern, education: high school degree working as management",70K+,"Hygiene from Health and Hygiene department, Ordered Brand : Hilltop",12.3555,9.4484,non recyclable,"['Ready Food', 'Coffee Bar', 'Video Store', 'Florist', 'Bar For Salad']",,Deluxe,7.98Ms,2.7132 Millions,2038.11,?,321.26,550.6144,adamantina,SP,-21.68804676595129,-51.08242332977711,foz do iguacu,PR,-25.54871041283887,-54.55314628108788,3.0
mc_ID_4031,"Married Female with three children, education: partial high school working as professional",110K+,"Vegetables from Produce department, Ordered Brand : Tell Tale",18.8967,14.5359,recyclable,"['Coffee Bar', 'Florist']",,Mid-Size,3.88 Millions,1.8236 Millions,2551.4,,259.66,394.5512,loren4,Sp,data: -22.75162984425566,-45.08964193252266,rIbEIRAO PReTo,SP,val: -21.16850440882337,-47.79370519233655,2.0
mc_ID_4032,"Married Male with three children,education: Bachelors degree working as professional",50K+,"Hot Beverages from Beverages department, Ordered Brand : CDR",13.8382,10.931,non recyclable,"['Video Store', 'Bar For Salad', 'Coffee Bar', 'Florist', 'Ready Food']",,Deluxe,6.87 Millions,3.0228 Millions,1734.5,503.07,335.38,282.9953,NOVA FRIBURGO,Rj,val: -22.288946116642418,-42.5321191409908,sete lagoas,mg,-19.46361254830593,-44.24441403023008,
mc_ID_4034,"Married Female with two children, education: partial High School working as management",90 Thousand,"Beer and Wine from Alcoholic Beverages department, Ordered Brand : Walrus",14.3906,10.0153,recyclable,,Two Day Sale,Supermarket,€9.7M,5.7 Millions,1623.48,341.05,227.14,383.2021,sao paulo,SP,-23.611654194010004,-46.63258761587511,sao paulo,SP,-23.552100149323145,-46.4452853997018,4.0
mc_ID_4035,"MARIED MALE WITH ONE CHILD, EDUCATION: BACHELORS DEGREE WORKING AS MANAGEMENT",50K+,"Snack Foods from Snack Foods department, Ordered Brand : Best Choice",29.0719,26.1647,non recyclable,"['Florist', 'Ready Food', 'Coffee Bar', 'Video Store', 'Bar For Salad']",Discount Frenzy,Gourmet,€4.1M,2.2896 Millions,1424.85,465.54,310.3,555.2168,manhuacu,MG_,-20.265441566422545,-42.044386189900685,jacutinga,MG,measure: -22.28444973167148,amount: -46.613499420805184,5.0
mc_ID_4038,"Married Male with two children, education: partial high school working as manual",$50K+,"Vegetables from Canned Foods department, Ordered Brand : Pleasant",14.1144,11.2072,recyclable,,,Supermarket,2.16 Millions,0.7128 Millions,2049.72,457.36,304.91,515.2596,s4nta isabel do para,PA,-1.2987799721680668,-48.16186402937194,mogi das cruzes,SP,-23.512628393866617,measure: -46.15269778088044,4.0/5.0
mc_ID_4039,"Married Female with three children, education: high school degree working as skilled manual",30000,"Canned Soup from Canned Foods department, Ordered Brand : Bravo",25.7286,22.8214,recyclable,"['Video Store', 'Ready Food', 'Coffee Bar', 'Bar For Salad', 'Florist']",Save Price,Deluxe,8.22 Millions,2.877 Millions,2038.11,481.98,320.08,284.3028,,	SP,-22.38733018521352,measure: -46.92803985014116,,,data: nan,,3.0
mc_ID_4042,"Single Male with five children, education: bachelors degree working as professional",50K+,"Beer and Wine from Alcoholic Beverages department, Ordered Brand : Good",13.5911,9.2303,non recyclable,,Price Slashers,Supermarket,"6.54 ,000,000illions",2.943 Millions,1623.48,341.05,229,277.0331,santa luzia,MG,-19.794381412345142,amount: -43.91316928751721,cURitiBa ,PR,-25.44041155231119,amount: -49.27281542157665,measure: 4.0
mc_ID_4043,"Single Female with one child, education: high school degree working as skilled manual",30K+,"Canned Soup from Canned Foods department, Ordered Brand : Blue Label",measure: 23.9843,19.6235,recyclable,,Price Winners,supermarket,2.64 Millions,0.9768 Millions,1623.48,341.05,227.63,val: 543.397,jundiai,sp,val: -23.190172576172973,-46.891633311270105,Itapecerica Da Serra,sp,-23.72033746105922,-46.85362208015704,5.0
mc_ID_4045,"Single Female with three children, education: partial HS working as skilled manual",10 Thousand,"Cleaning Supplies from Household department, Ordered Brand : Sunset",30.5255,measure: 26.1647,non recyclable,"['Florist', 'Ready Food', 'Coffee Bar', 'Video Store', 'Bar For Salad']",Super Duper Savers,DEluxE,€2.1M,0.8217 Millions,1525.28,373.1,247.42,266.73,belo horizonte,MG,-19.92159682447856,-43.95817411951201,monte sia0,Mg,-22.42880507067007,data: -46.569550269431765,5.0
mc_ID_4047,"Married Female with four children, education: bachelors degree working as professional",50K+,"Dairy from Dairy department, Ordered Brand : Gorilla",13.7074,12.2538,recyclable,"['Ready Food', 'Bar For Salad']",Price Slashers,,€5.9M,2.346 Millions,2449.52,470.27,313.55,402.7623,osasco,SP,-23.562275627243423,-46.77786620774424,sao paulo,SP,-23.50210750375091,-46.62196127699232,1.0
mc_ID_4048,"Married Male with four children, education: partial high school working as manual",Income: 10K+,"Dairy from Dairy department, Ordered Brand : Even Better",21.5132,18606.00 grams,recyclable,"['Video Store', 'Bar For Salad', 'Ready Food', 'Florist', 'Coffee Bar']",Big Time Saving,Gourmet,2.55 Millions,0.9435 Millions,1424.85,465.54,310.3,404.3836,SAO PAULO,SP,-23.52697217736158,-46.610979191240034,apucarana,PR,-23.552512530494816,-51.46349357996916,5.0
mc_ID_4049,Married Male with five children + education: high school degree working as skilled manual,30K+,"Kitchen Products from Household department, Ordered Brand : Cormorant",25.7286,22821.40 grams,recyclable,['Florist'],Sale : Double Down,Supermarket,11.16 Millions,4.2408 Millions,1322.54,523.32,350.61,292.6708,Muriae,_Mg,-21.131145000000004,-42.36099306841136,patos de minas,mg,-18.60497691187199,amount: -46.52154885505743,4.0
mc_ID_4050,"Married Female with five children, education: graduate degree working as management",70K+,"Vegetables from Canned Foods department, Ordered Brand : Better",15.8442,12.9224,recyclable,"['Coffee Bar', 'Florist', 'Video Store', 'Bar For Salad', 'Ready Food']",Price Destroyers,,3.48 Millions,1.2528 Millions,2038.11,481.98,319.98,777.2826,corom@ndel,MG,-18.47534184940673,data: -47.21120486285433,bElO hoRizontE,MG,-19.91624655709342,-43.93623364096637,1.0
mc_ID_4051,"Single Female with five kids, education: high school degree working as professional",130K+,"Magazines from Periodicals department, Ordered Brand : Excel",30.5255,27.6183,non recyclable,['Coffee Bar'],,Supermarket,1.1 Millions,0.539 Millions,1236.07,,293.95,$525.30,seo paulo,5p,-23.55437923175025,-46.74577458145309,assi$,$p,-22.6796532539352,-50.44287891853987,5.0
mc_ID_4052,"Married Female with four children, education: bachelors degree working as professional",50K+,"Snack Foods from Snack Foods department, Ordered Brand : Fort West",31.6883,,recyclable,,Full Free,Supermarket,7.23 Millions,2.2413 Millions,1508,227.8,151.9,660.2352,Carapicuiba,SP,measure: -23.533474292941296,-46.83775058563052,Cajamar ,SP,-23.406238298215783,-46.84102497498486,val: 5.0
mc_ID_4054,"Single Male with five children, education: high school degree working as management",90K+,"Bathroom Products from Health and Hygiene department, Ordered Brand : Faux Products",16.8617,12.5009,recyclable,,Save It (Sale),Supermarket,11.92 Millions,5.8408 Millions,1622.41,341.05,,353.7049,rio de janeiro,RJ,-22.972956517889177,-43.39706327699233,sao paulo,sp,-23.48029674271453,-46.71122495337295,5.0
mc_ID_4055,"Single Male with two children, education: bachelors degree working as management, Single Male with two children",50K+,"Decongestants from Health and Hygiene department, Ordered Brand : Consolidated",18.606,15.6988,recyclable,"['Video Store', 'Bar For Salad', 'Ready Food', 'Coffee Bar', 'Florist']",,Gourmet,5.34 Millions,2.67 Millions,,465.54,308.35,532.6232,nova iguacu,RJ,-22.745471034689952,-43.43557535292437,curitiba_,PR,-25.46921399278664,-49.29393514695028,5.0
mc_ID_4057,"Married Female with No children, education: bachelors degree working as professional",130K+,"Paper Products from Household department, Ordered Brand : Cormorant",30.0894,28.6358,recyclable,['Florist'],Save It (Sale),SUPERMARKET,"1.9 ,000,000illions",0.893 Millions,1320.31,,348.85,427.7617,mairipora ,SP,val: -23.32358162262788,-46.571516434161296,pirituba,SP,-23.49065997530149,-46.7284764394945,data: 3.0
mc_ID_4060,"Single Male with three children, education: bachelor'ss degree working as professional",€42K+,"Vegetables from Produce department, Ordered Brand : Tell Tale",17.2978,measure: 15.6988,recyclable,"['Ready Food', 'Bar For Salad']",,SUPERMARKET,10.2 Millions,4.488 Millions,2448.37,470.27,313.21,402.7623,	louveira,SP,-23.08412527710581,-46.98121307089687,ji parana, Ro ,-10.878859913934782,-61.95720116018758,5.0
mc_ID_4061,"Married Male with four children, education: partial college working as skilled manual",Income: 30K+,"Fruit from Canned Products department, Ordered Brand : Toucan",26.0193,val: 22.9668,recyclable,"['Ready Food', 'Bar For Salad']",Price Slashers,Supermarket,7.0 Millions,2.66 Millions,2448.37,470.27,313.55,val: 402.7623,paulinia,5P,-22.73306060560335,-47.17829082930352,MaUa,sp,-23.68011442853022,-46.4524537436668,amount: 4.0
mc_ID_4063,"Married Male with one child, education: high school degree working as skilled manual",30K+,"Breakfast Foods from Frozen Foods department, Ordered Brand : Imagine",12.2247,10.7566,recyclable,['Coffee Bar'],Dimes Off, Supermarket ,4.89 Millions,1.7604 Millions,,440.92,293.95,688.1634,belo horizonte,MG,-19.95954610294896,-43.93549305303234,--,sP,-23.48535959449485,-46.624283978908174,1.0
mc_ID_4065,"Married Female with two children, education: bachelors degree working as professional",10K+,"Breakfast Foods from Breakfast Foods department, Ordered Brand : Special",amount: 31.6883,-28.6358,recyclable,['Florist'],Super Savers,,$11.64 Millions,4.8888 Millions,1320.15,523.32,348.85,338.6948,brasilia,DF,-15.78404999999995,-47.91689999999997,itapecerica da serra,Sp,-23.72033746105922,-46.85362208015704,amount: 4.0
mc_ID_4066,"Married Female with two kids, education: bachelors degree working as management",$70K+,"Snack Foods from Snack Foods department, Ordered Brand : Fort West",28.93 kg,25.874,recyclable,['Coffee Bar'],Discount Frenzy,,$0.6 Millions,0.258 Millions,,398.93,265.98,500.2495,salvador,B4,-12.97032675076461,-38.42419351748515,sao paulo,SP,-23.693985995008337,-46.70188324132953,4.0
mc_ID_4070,"Married Male with three children, education: partial high school working as skilled manual",10K+,"Baking Goods from Baking Goods department, Ordered Brand : Landslide",23.9843,measure: 21.0771,recyclable,"['Florist', 'Ready Food', 'Bar For Salad', 'Video Store', 'Coffee Bar']",Green Light Special, deluxe,4.92 Millions,2.2632 Millions,1526.27,373.1,248.79,507.9899,RIO DE JAÑEIRO, RJ ,-22.88071189148247,-43.37148510017898,juiz da fora,MG,-21.76282506633389,-43.34295644532287,5.0
mc_ID_4074,"Married Female with two children, education: bachelors degree working as management",70 Thousand,"Snack Foods from Snack Foods department, Ordered Brand : Fort West",28.9265,-25.874,recyclable,"['Florist', 'Coffee Bar', 'Ready Food', 'Bar For Salad']",Two Day Sale, Gourmet,2.4 Millions,0.912 Millions,1564.86,385.45,256.38,486.9653,sao paulo,Sp,-23.564285633360274,measure: -46.57821085206877,Paranavai,PR,-23.0789334402109,-52.47044323342728,4.0
mc_ID_4075,"Married Female with one child, education: bachelors degree working as management",50K+,"Baking Goods from Baking Goods department, Ordered Brand : BBB Best",16.571,13.6492,non recyclable,['Florist'],Roller Savings (High) ,sUpErmARkET,3.04 Millions,1.2768 Millions,1320.15,523.32,349.16,532.6232,guarulhos,SP,-23.401157533417454,-46.430387580925895,SAO PAULO,SP,data: -23.58374909221269,-46.73472062372479,2.0
mc_ID_4077,"MaRrIeD FeMaLe wItH No cHiLdReN, eDuCaTiOn: Hs dEgReE WoRkInG As mAnUaL",30K+,"Eggs from Eggs department, Ordered Brand : Jumbo",-12.9951,10.0734,non recyclable,,Super Savers,Supermarket,"2.25 ,000,000illions",0.855 Millions,2049.72,,,339.8977,Brasilia,DF ,-15.83612305024187,measure: -48.04018517722967,ibitinga,SP,val: -21.7664768468313,-48.83154737836604,10.0/10
mc_ID_4078,"Married Female with No children, education: partial college working as professional, education: partial college working as professional",30K+,"Baking Goods from Baking Goods department, Ordered Brand : BBB Best",19.6235,16.7163,non recyclable,"['Ready Food', 'Bar For Salad', 'Florist', 'Video Store', 'Coffee Bar']",Two Day Sale,,11.88 Millions,5.7024 Millions,1424.85,465.54,310.3,€564.05,campina$,SP,-22.926904742714527,-47.067241683593984,piraclcaba,SP,-22.71683928585045,-47.65736585405934,5.0
mc_ID_4080,"Married Male with one child, education: partial high school working as management",130k,"Electrical from Household department, Ordered Brand : Denny",25.2925,22.24,non recyclable,,Price Winners,Mid-Size,11.61 Millions,5.805 Millions,2819.67,449.7,298.5,478.9634,bauru,SP,-22.30373844656362,-49.11089157548048,campo limpo paulista,Sp,-23.20706431353269,-46.760735214610754,4.0
mc_ID_4084,"Married Male with No kidren, education: partial HS working as skilled manual",$10K+,"Packaged Vegetables from Produce department, Ordered Brand : Tell Tale",val: 26.31,23.4028,non recyclable,,,Mid-Size,5.01 Millions,2.0541 Millions,2085.67,783.64,521.39,531.4203,rio de janeiro,	RJ,-22.83452027918724,-43.30055459281813,sao paulo, 5P,-23.536157615875126,-46.49417032944774,1.0
mc_ID_4086,"Married Female with one child, education: bachelors degree working as professional, education: bachelors degree working as professional",50K+,"Baking Goods from Baking Goods department, Ordered Brand : BBB Best",9.8263,5.4655,recyclable,"['Bar For Salad', 'Video Store', 'Ready Food', 'Florist', 'Coffee Bar']",Bag Stuffer,Deluxe,$9.84 Millions,4.428 Millions,1734.69,505.07,336.44,amount: 662.2226,posse_,go,-14.078271318010032,-46.35957202767279,ipira,sp,-12.157899638207386,-39.7404365008309,3.0
mc_ID_4088,"Single Female with three children, education: partial high school working as skilled manual",10K+,"Snack Foods from Snack Foods department, Ordered Brand : Nationeel",measure: 13.5329,data: 9.1722,non recyclable,"['Coffee Bar', 'Bar For Salad', 'Ready Food', 'Video Store', 'Florist']",Sale : Double Down,_Gourmet,€8.5M,4.4176 Millions,1424.85,465.54,310.3,data: 292.6708,Rio De Janeiro,RJ,-22.968219049397007,-43.18823673772285,sao paulo,SP,-23.7836170269202,measure: -46.68314048987244,3.0
mc_ID_4090,"MaRrIeD FeMaLe wItH TwO ChIlDrEn, EdUcAtIoN: pArTiAl hIgH ScHoOl wOrKiNg aS MaNuAl",10K+,"Baking Goods from Baking Goods department, Ordered Brand : Super",13.43 kg,-10.5095,non recyclable,"['Ready Food', 'Coffee Bar', 'Florist', 'Video Store', 'Bar For Salad']",Shelf Clearing Days,Deluxe,6.66 Millions,2.0646 Millions,1871.16,593.93,395.95,516.7763,contagem,"MG
",-19.930154461955823,amount: -44.03357438958109,sao pauIo,SP,-23.57282057729816,-46.52329640383172,5.0
mc_ID_4091,"Married Male with one child, education: high school degree working as manual",30K+,"Frozen Entrees from Frozen Foods department, Ordered Brand : Big Time",15.8442,12.9224,recyclable,,Coupon Spectacular,mid-size,7.82Ms,3.128 Millions,2085.67,783.64,,658.0909,rio DE jaNeIrO, RJ ,measure: -22.936378144309987,-43.32533727849932,CURITIBA,PR,-25.44145496502972,-49.31273063488947,5.0
mc_ID_4092,"Married Female with one child, education: partial college working as management",50K+,"Seafood from Seafood department, Ordered Brand : Dual City",val: 18.4606,15.4081,recyclable,"['Ready Food', 'Bar For Salad']",Price Destroyers,Supermarket,3.4 Millions,1.326 Millions,2265.5,853.22,567.04,601.7115,Itabera,sp,-23.868216506676653,amount: -49.1428752735545,AMPARO,SP,amount: -22.72282092806635,-46.84179829244856,5.0
mc_ID_4093,"education: bachelors degree working as management, Single Female with No children",50K+,"Breakfast Foods from Frozen Foods department, Ordered Brand : Golden",14.83 kg,11.9049,non recyclable,"['Ready Food', 'Bar For Salad']",Three for One,	SUPERMARKET,2.31 Millions,1.0164 Millions,2449.09,470.27,313.37,656.2604,SaO PAuLO,SP,amount: -23.53092205635057,amount: -46.555643089243375,sao paulo,Sp,data: -23.53877907744238,-46.53648566833056,5.0
mc_ID_4094,"Single Female with five children, education: partial college working as professional",30K+,"Cleaning Supplies from Household department, Ordered Brand : Cormorant",23.1121,20.0596,non recyclable,"['Florist', 'Bar For Salad', 'Video Store', 'Coffee Bar', 'Ready Food']",Price Slashers,deLuXE,"11.43 ,000,000illions",4.4577 Millions,1736.9,503.07,335.38,282.9953,CABO VERDE,mg,-21.471604320933167,-46.39765503287726,Sao paULo,SP,val: -23.56625832001269,measure: -46.51841724632121,amount: 5.0
mc_ID_4097,"Single Female with one child, education: bachelors degree working as management",50K+,"Jams and Jellies from Baking Goods department, Ordered Brand : Landslide",measure: 11.338,8.4308,recyclable,"['Bar For Salad', 'Florist', 'Ready Food', 'Coffee Bar', 'Video Store']",,Gourmet,1.46 Millions,0.4964 Millions,1424.85,465.54,310.3,val: 504.9565,curitiba,PR,-25.549428006116845,-49.32449259824576,ponta grossa,PR,-25.08190948098565,-50.13386723910784,4.0
mc_ID_4098,"Single Female with four children, education: partial high school working as skilled manual",$10K+,"Vegetables from Produce department, Ordered Brand : High Top",measure: 12.8643,8.5035,recyclable,"['Coffee Bar', 'Florist', 'Ready Food', 'Bar For Salad']",Price Destroyers,goURMET,1.26 Millions,0.4662 Millions,1564.86,,256.97,343.5064,_S4o pAULo,$P,-23.652963911189307,-46.6406214672514,SANTANA DE PARNAIBA,SP,-23.419753962259747,-46.95925190896761,5.0
mc_ID_4099,"Single Male with one child, education: high school degree working as management",110K+,"Dairy from Dairy department, Ordered Brand : Even Better",19.0421,14.6813,recyclable,['Coffee Bar'],Savings Galore,Supermarket,2.52 Millions,1.26 Millions,1236.07,442.92,293.95,724.5119,"Teresopolis
",RJ,-22.4152186200517,-42.96996546672412,borda da mata,MG,measure: -22.264093569966427,-46.15856420525942,5.0
mc_ID_4100,"Single Female with one child, education: partial high school working as skilled manual",50K+,"Vegetables from Frozen Foods department, Ordered Brand : Golden",-21.2225,16.8617,recyclable,"['Video Store', 'Ready Food', 'Coffee Bar', 'Bar For Salad', 'Florist']",Bag Stuffer,Deluxe,5.92Ms,2.3088 Millions,1734.5,503.07,335.38,662.2226,rio de jañeiro, RJ ,-22.90852761281669,-43.22049454010619, monte siao ,MG,measure: -22.42880507067007,-46.569550269431765,4.0
mc_ID_4101,"Married Female with one child, education: high school degree working as professional",70K+,"Frozen Entrees from Frozen Foods department, Ordered Brand : PigTail",26.7461,-1.0,recyclable,"['Ready Food', 'Florist', 'Coffee Bar', 'Bar For Salad']",Super Duper Savers,Deluxe,3.33 Millions,1.665 Millions,2056.97,654.13,436.09,475.93,$erra,ES,-20.234324999999945,-40.27391449999996,"limeira
",5P,-22.564590914796,val: -47.40315315223038,
mc_ID_4104,"Single Male with one child, education: partial high school working as skilled manual",10K+,"Vegetables from Produce department, Ordered Brand : Hermanos",11.6578,8750.60 grams,recyclable,,,Supermarket,6.69 Millions,2.4084 Millions,,457.36,304.91,697.7866,SAO BERNARDO DO CAMPO,SP,-23.74605952510253,-46.55042958090485,mogi guacu,sp ,-22.359648157307664,-46.93603474635176,5.0
mc_ID_4105,"Married Male with three children, education: bachelors degree working as professional",50K or more,"Vegetables from Produce department, Ordered Brand : Tri-State",9.6373,8.1837,recyclable,"['Bar For Salad', 'Video Store', 'Coffee Bar', 'Florist', 'Ready Food']",One Day Sale,Deluxe,2.43 Millions,1.1907 Millions,1734.5,503.07,335.38,689.0525,sao paulo,$P,-23.609026190856948,-46.65965657991232,IBitinGa,SP,-21.7664768468313,-48.83154737836604,5.0
mc_ID_4108,"Single Female with four children, education: high school degree working as professional",90k,"Plastic Products from Household department, Ordered Brand : Cormorant",22.676,19.7689,recyclable,"['Video Store', 'Florist', 'Ready Food', 'Bar For Salad', 'Coffee Bar']",Save It (Sale),Gourmet,"11.92 ,000,000illions",5.4832 Millions,1424.85,465.54,310.3,427.7617,sao paulo,Sp,-23.56375858312654,-46.63899210115993,PEtROPOlIS,RJ,-22.549033360244323,-43.210094724044055,5.0
mc_ID_4109,"Single Female with one child, education: bachelor'ss degree working as professional",€42K+,"Baking Goods from Baking Goods department, Ordered Brand : BBB Best",20.7864,630.67 oz,recyclable,['Coffee Bar'],Big Time Saving,_SUPERMARKET,€4.5M,1.7088 Millions,1236.07,440.92,293.95,data: 710.234,bataypora,MS,-22.297625865019285,val: -53.2686313802315,colombo,PR,-25.371298736141743,amount: -49.18823376385825,4.0
mc_ID_4110,"Married Female with five children, education: graduate degree working as management",70K+,"Specialty from Carousel department, Ordered Brand : Prelude",31.2522,amount: 28.3451,recyclable,"['Florist', 'Bar For Salad', 'Video Store', 'Ready Food', 'Coffee Bar']",Price Destroyers,dELUxE,6.9 Millions,3.036 Millions,2038.11,481.98,321.26,777.2826,sao bernardo do campo,sp,-23.720745783772987,-46.548089706907525,sErRa NEgRa,SP,-22.596440207291085,-46.71196868822353,amount: 5.0
mc_ID_4111,"Single Male with one child, education: bachelors degree working as professional",50K+,"Candy from Snacks department, Ordered Brand : Atomic",15.8442,14.376,recyclable,['Florist'],You Save Days,,2.7 Millions,1.134 Millions,1319.94,523.32,,689.3663,vila velha,ES,-20.37616120906966,,SAOPAULO,SP,-23.51674732944774,-46.54818243075192,amount: 3.0
mc_ID_4112,"Married Female with three children , education: high school degree working as professional",$130K+,"Snack Foods from Snack Foods department, Ordered Brand : Fort West",val: 19.3328,16.4256,recyclable,"['Bar For Salad', 'Coffee Bar', 'Video Store', 'Florist', 'Ready Food']",Bag Stuffer,,5.19 Millions,2.595 Millions,1734.5,503.07,335.38,662.2226,brasilia,DF,-15.762595499999993,-47.88525825000001,sao paulo,$P,-23.65250284762537,-46.66809535567546,4.0
mc_ID_4113,"Married Female with five children, education: partial college working as manual",50K+,"Hot Beverages from Beverages department, Ordered Brand : Super",27.4729,24.4204,non recyclable,['Coffee Bar'],Savings Galore,Supermarket,8.58 Millions,3.0888 Millions,1236.07,missing,292.63,measure: 724.5119,siqueira campos,PR,-23.68241045176861,-49.82536034961159,SAo PauLO,SP,val: -23.554079433810344,-46.53324185942636,5.0
mc_ID_4114,"Married Female with four children, education: high school degree working as skilled manual",Income: 30K+,"Candles from Household department, Ordered Brand : Cormorant",11.7596,7.3988,non recyclable,,Big Time Discounts,SUPERMARKET_,3.62 Millions,1.3032 Millions,2049.72,457.36,304.91,310.662,rio de janeiro,RJ,-22.805776179896323,data: -43.20393517954484,sao paulo,SP,amount: -23.4719444074384,-46.59864459256161,5.0
mc_ID_4115,"Single Male with four children, education: partial high school working as professional",110K+,"Bathroom Products from Health and Hygiene department, Ordered Brand : Bird Call",22.24,data: 20.7864,recyclable,"['Coffee Bar', 'Florist', 'Video Store', 'Ready Food', 'Bar For Salad']",,Deluxe,"8.79 ,000,000illions",4.395 Millions,1522.89,373.1,248.79,560.656,Goiañia,GO,-16.670191655090733,-49.24713158334571,Votorantim,$p,-23.540699932021333,-47.45842622799934,1.0
mc_ID_4117,"Married Male with four children, education: bachelors degree working as professional",50K+,"Snack Foods from Snack Foods department, Ordered Brand : Nationeel",16.2802,14.6813,non recyclable,,Coupon Spectacular,Mid-Size,10.38 Millions,4.7748 Millions,2085.67,783.64,523.57,val: 658.0909,guara,5p,-20.43399042630061,-47.81416224047547,ilicinea,MG,-20.944705621834668,-45.82709818233235,4.0
mc_ID_4118,"Married Female with one child, education: partial college working as professional",110K+,"Bathroom Products from Health and Hygiene department, Ordered Brand : Consolidated",17.007,15.4081,non recyclable,"['Florist', 'Ready Food', 'Coffee Bar', 'Video Store', 'Bar For Salad']",Bag Stuffer, Deluxe,7.41Ms,2.964 Millions,1734.5,503.07,335.38,662.2226,castilho,SP,-20.870966378296487,-51.49284483429516,,,,val: nan,3.0
mc_ID_4120,"MARRIED FEMALE WITH FIVE CHILDREN, EDUCATION: BACHELORS DEGREE WORKING AS MANAGEMENT",50K+,"Bathroom Products from Health and Hygiene department, Ordered Brand : Steady",30.6708,29.2172,non recyclable,"['Florist', 'Video Store', 'Coffee Bar', 'Bar For Salad', 'Ready Food']",Discount Frenzy,goURmeT,€7.6M,2.9568 Millions,1424.85,465.54,,555.2168,campina5,SP,amount: -22.879108571469786,-47.06037646947311,NOVa IGUaCu_,RJ,-22.74138956806041,-43.447926628659445,4.0
mc_ID_4122,"Single Male with one child, education: bachelors degree working as professional.",110K+,"Snack Foods from Snack Foods department, Ordered Brand : Best Choice",20.9317,17.8792,non recyclable,"['Video Store', 'Bar For Salad', 'Coffee Bar', 'Florist', 'Ready Food']",,DeIuxe,8.1 Millions,3.726 Millions,2038.11,481.98,321.14,550.6144, p3tropolis ,RJ,-22.51377046504942,-43.20986209392224,Belo Horizonte,MG,-19.878513898894187,-43.95694702879617,val: 1.0
mc_ID_4123,"Single Male with one child, education: graduate degree working as professional",90k,"Snack Foods from Snack Foods department, Ordered Brand : Fort West",12.748,11.2944,non recyclable,"['Bar For Salad', 'Video Store', 'Ready Food', 'Florist', 'Coffee Bar']",Discount Frenzy,Deluxe,6.78 Millions,2.2374 Millions,1871.16,593.93,395.95,326.352,araraquara,	SP,-21.75910441993188,-48.16642293075191,marechal camdido rondon,PA,-24.549059297396184,-54.05157641917936,3.0
mc_ID_4124,"Single__Female__with__five__children,__education:__high__school__degree__working__as__professional",Income: 90K+,"Dairy from Dairy department, Ordered Brand : Gorilla",70.18 lbs,-27.3275,recyclable,"['Video Store', 'Coffee Bar', 'Florist', 'Bar For Salad', 'Ready Food']",Two Day Sale,Deluxe,15.72 Millions,5.3448 Millions,2038.11,,321.26,495.7517,cachoeiras de macacu,RJ,-22.46501185656128,measure: -42.657960353794586,sao paulo - sp,SP,-23.57828270774424,-46.65102362378097,5.0
mc_ID_4125,"Married Female with three kidren, education: high school degree working as manual",600+ monthly,"Bread from Baked Goods department, Ordered Brand : Great",9.0123,-7.5441,recyclable,"['Florist', 'Coffee Bar']",Green Light Special,,15.44 Millions,6.0216 Millions,2552.03,389.54,259.66,769.6991,sao 	paulu,$P_,-23.63539120245054,-46.69683581334274,fort@leza,CE,-3.780360995008341,val: -38.54431954524207,8.0/10
mc_ID_4127,"Married Male with one child, education: bachelors degree working as professional",70K+,"Fruit from Produce department, Ordered Brand : High Top",17.5885,14.6813,recyclable,"['Florist', 'Coffee Bar', 'Ready Food', 'Bar For Salad']",Super Duper Savers,Deluxe,4.94 Millions,2.0748 Millions,2055.53,656.13,436.18,364.2695,rio de janeiro,RJ_,val: -22.93308423203872,-43.36663107132555,sao pau1o,	5p,-23.65111484251016,-46.75521082321932,2.0
mc_ID_4128,"Single Female with three children, education: graduate degree working as professional",840+ monthly,"Jams and Jellies from Baking Goods department, Ordered Brand : Super",27.1822,-25.7286,recyclable,"['Video Store', 'Bar For Salad', 'Coffee Bar', 'Ready Food', 'Florist']",Pick Your Savings,,14.48 Millions,4.6336 Millions,2038.11,481.98,,739.4174,goiania,Go,-16.70924822674422,-49.3260131269197,pedreira,SP,-22.73824150585765,data: -46.8958585777586,4.0
mc_ID_4129,Married Female with one child and education: high school degree working as management,110K+,"Frozen Desserts from Frozen Foods department, Ordered Brand : PigTail",amount: 24.7111,21.8039,non recyclable,"['Florist', 'Ready Food', 'Video Store', 'Bar For Salad', 'Coffee Bar']",Fantastic Discounts,Gourmet,3.96 Millions,1.4256 Millions,1427.71,465.54,310.3,718.9158,sao paulo,Sp,val: -23.61934160939565,-46.66361063396486,SAO JOSE DO RIO PRETO,SP,-20.80243626346376,-49.39562406741489,5.0
mc_ID_4130,"Single Female with five children, education: high school degree working as manual",30K+,"Fruit from Produce department, Ordered Brand : High Top",data: 17.1524,12.7916,non recyclable,"['Coffee Bar', 'Florist']",Savings Galore,Mid-Size,5.96 Millions,2.3244 Millions,2551.4,389.54,258.6,R$3741.18,maringa,PR,val: -23.4372546568219,-51.9636153957686,jaragua do sul,SC,-26.46850294670808,measure: -49.109883098307336,5.0
mc_ID_4131,"Married_Female_with_four_kidren,_education:_high_school_degree_working_as_professional",110K+,"Frozen Desserts from Frozen Foods department, Ordered Brand : PigTail",22.24,19.3328,recyclable,"['Coffee Bar', 'Florist', 'Ready Food', 'Bar For Salad']",Save Price,Deluxe,"3.84 ,000,000illions",1.8816 Millions,2055.29,654.13,436.09,584.191,RIO DE JANEIRO,RJ,-22.93125598447676,-43.17881321481337,BRAGANCA PAULISTA,SP,val: -23.01778836599993,-46.52244499999995,4.0
mc_ID_4134,"MARRIED FEMALE WITH ONE CHILD, EDUCATION: BACHELORS DEGREE WORKING AS PROFESSIONAL",$50K+,"Frozen Desserts from Frozen Foods department, Ordered Brand : PigTail",14.5359,measure: 11.6287,recyclable,"['Video Store', 'Ready Food', 'Coffee Bar', 'Bar For Salad', 'Florist']",Lottery Cash Registerion,Deluxe,9.69 Millions,4.845 Millions,1734.5,503.07,335.38,amount: 313.0678,caLDAS NoVAS,Go,-17.73809306838113,-48.61592058436871,cafelandia,SP,-21.808017,-49.62064949999999,4.0
mc_ID_4135,"sINGLEE fEMALE WITH nO CHILDREN, EDUCATION: PARTIAL HIGH SCHOOL WORKING AS MANUAL",10K+,"Snack Foods from Snack Foods department, Ordered Brand : Best Choice",29.5079,27.909,recyclable,"['Florist', 'Video Store', 'Bar For Salad', 'Coffee Bar', 'Ready Food']",Price Slashers,Deluxe,"9.57 ,000,000illions",4.6893 Millions,1734.5,503.07,,282.9953,barbacena,Mg,measure: -21.232267920465752,-43.77002363272546,guariba,SP,unknown,-48.232975701561735,data: 1.0
mc_ID_4137,"Married Male with three children, education: bachelors degree working as professional",50K+,"Snack Foods from Snack Foods department, Ordered Brand : Best Choice",val: 21.3678,measure: 18.3153,recyclable,,,Supermarket,3.57 Millions,1.3923 Millions,1508,227.8,151.9,amount: 635.1312,SAO LU1S,M4,-2.501042206708081,-44.23507616551245,santa barbara d´oeste,SP,-22.760477687572443,val: -47.41281121951772,1.0
mc_ID_4138,"Single Female with two children, education: bachelors degree working as management",600+ monthly,"Dairy from Dairy department, Ordered Brand : Club",-24.7111,21.8039,non recyclable,,Mystery Sale,Supermarket,$10.14 Millions,4.1574 Millions,1623.16,341.05,227.33,718.9681,sumare,SP,val: -22.814155269616304,-47.28249453803813,SUMARE,SP,-22.828654864562257,-47.267296160568925,5.0
mc_ID_4140,"Married Male with three children, education: bachelors degree working as professional",70K+,"Carbonated Beverages from Beverages department, Ordered Brand : Skinner",data: 12.0794,10.6258,recyclable,"['Florist', 'Bar For Salad', 'Video Store', 'Ready Food', 'Coffee Bar']",Full Free,Deluxe,14.68 Millions,4.6976 Millions,1734.44,503.07,335.38,752.2309,novo gama_,GO,-16.053463470013135,-48.03056072678428,sao paulo,SP,val: -23.50271592062436,-46.48299647362806,1.0
mc_ID_4141,"Married Female with three children, education: high school degree working as professional",110K+,"Meat from Frozen Foods department, Ordered Brand : Imagine",14.4051,11.4834,recyclable,"['Ready Food', 'Bar For Salad', 'Video Store', 'Florist', 'Coffee Bar']",Tip Top Savings,Deluxe,€3.1M,1.274 Millions,1734.5,503.07,335.38,287.127,para de minas,MG_,-19.86043877469569,-44.59797225430084,curitiba, Sp ,-25.491606559524563,-49.28283748666978,5.0
mc_ID_4142,"education: partial high school working as professional, Married Female with two children",90K+,"Vegetables from Produce department, Ordered Brand : Ebony",amount: 10.8729,-6.5121,non recyclable,,Go For It,Supermarket,6.63Ms,2.2542 Millions,,229.8,151.9,350.4623,cAMPiNA graNDe, PB,-7.216958744936218,-35.88635353719198,ex7rema,mg,-22.843339095273503,measure: -46.320408988369685,3.0
mc_ID_4143,"Married Female with four children, education: high school degree working as skilled manual",360+ monthly,"Carbonated Beverages from Beverages department, Ordered Brand : Token",11.1054,6.7301,recyclable,"['Video Store', 'Coffee Bar', 'Florist', 'Ready Food', 'Bar For Salad']",Lottery Cash Registerion,Deluxe,5.1 Millions,1.836 Millions,1734.5,503.07,335.38,313.0678,bRAUNa,SP,-21.50056437151656,-50.31810973448505,pilar do sul_,SP,-23.821237436073822,measure: -47.71739093523898,5.0
mc_ID_4144,"Single Female with three children, education: bachelors degree working as professional",50K+,"Snack Foods from Snack Foods department, Ordered Brand : Best Choice",21.3678,18.3153,recyclable,"['Bar For Salad', 'Ready Food']",Three for One,,3.57 Millions,1.7136 Millions,2448.37,470.27,,656.2604,americana,SP,measure: -22.74703919816495,-47.34322030252755,_praia grande,SP,-24.011288218359883,-46.41873374429398,2.0
mc_ID_4145,"Single Male with three children, education: high school degree working as skilled manual",30k,"Side Dishes from Deli department, Ordered Brand : Cutting Edge",data: 8.9977,-6.0906,recyclable,['Coffee Bar'],,Supermarket,6.2 Millions,3.038 Millions,1236.07,440.92,292.76,754.0614,maracanau,ce,,amount: nan,itauna,MG,val: -20.08212660423176,amount: -44.5732983518722,1.0
mc_ID_4148,"Single Male with four children, education: partial high school working as skilled manual",10K+,"Fruit from Produce department, Ordered Brand : Hermanos",25.5832,24.1296,recyclable,,Save It (Sale),,12.44 Millions,3.732 Millions,2049.72,,306.53,467.4051,vitoria da conquista,BA,-14.874607574110652,data: -40.86328028591053,SANTO ANDR3,sp,-23.665703457960586,-46.51808196779969,5.0
mc_ID_4149,"Single_Female_with_three_kidren,_education:_bachelor'ss_degree_working_as_management",50K+,"Fruit from Produce department, Ordered Brand : Ebony",14.4778,11.5706,non recyclable,"['Bar For Salad', 'Ready Food']",Coupon Spectacular,SuPeRMArket,8.88 Millions,4.2624 Millions,2265.9,853.22,,269.1881,baapendi,MG,-21.956309999999995,-44.882378788136165,Itatiba,5P,-22.993820438600167,-46.81014454759541,5.0
mc_ID_4150,"Single Male with two children, education: partial HS working as skilled manual",10K+,"Fruit from Produce department, Ordered Brand : Tell Tale",-0.1,-1.0,recyclable,,Sales Days,Supermarket,"7.58 ,000,000illions",2.3498 Millions,1625.95,341.05,225.96,743.1307,amparo,5P_,-22.71217282988044,-46.78936475062037,penapolis,Sp,-21.426570046543283,-50.06791761043272,amount: 5.0
mc_ID_4151,"married male with four children, education: bachelors degree working as management.",50K+,"Meat from Deli department, Ordered Brand : Moms",26.1647,24.7111,non recyclable,"['Coffee Bar', 'Ready Food', 'Florist', 'Bar For Salad', 'Video Store']",I Cant Believe It Sale,delUxe,6.3 Millions,2.898 Millions,1734.5,503.07,335.38,363.3281,brasilia,df,-15.835597199219697,-48.08955883011609,_jacarei,SP,-23.29818595956356,-45.974828011182304,4.0
mc_ID_4152,"Married Female w/ two children, education: bachelos degree working as management",€59K+,"Fruit from Produce department, Ordered Brand : Tell Tale",29.6533,26.6008,recyclable,"['Ready Food', 'Coffee Bar', 'Bar For Salad', 'Florist']",Roller Savings (High) ,GOURMET,"10.12 ,000,000illions",4.1492 Millions,1564.86,385.45,256.97,637.6939,jarinu,sp,-23.087824894141608,-46.71345491227471,_patos de minas,_MG,measure: -18.60497691187199,-46.52154885505743,5.0
mc_ID_4153,"Single Female with two children, education: bachelors degree working as management",50K+,"Dairy from Dairy department, Ordered Brand : Booker",12.2393,data: 7.8785,recyclable,"['Bar For Salad', 'Ready Food', 'Florist', 'Coffee Bar', 'Video Store']",GLD,deluxe,$3.76 Millions,1.5416 Millions,1871.16,593.93,395.95,484.1411,arinos,MG,measure: -15.904068315827542,-46.09864010513806,penapolis,SP,-21.426570046543283,-50.06791761043272,4.0
mc_ID_4154,"Married Female with five children, education: high school degree working as skilled manual",30K+,"Jams and Jellies from Baking Goods department, Ordered Brand : BBB Best",12.8788,9.9571,recyclable,"['Coffee Bar', 'Bar For Salad', 'Ready Food', 'Florist']",Save Price,Deluxe,2.24Ms,0.896 Millions,2055.29,654.13,,584.191,PRaia grAnde,SP,-24.04102241998472,-46.51150902857297,riberao preto,SP,-21.16850440882337,-47.79370519233655,5.0
mc_ID_4155,"Single Male with two children, education: partial high school working as skilled manual",10K+,"Fruit from Produce department, Ordered Brand : High Top",9.7972,6.8755,non recyclable,['Florist'],Roller Savings (High) ,,5.3 Millions,1.802 Millions,1320.15,523.32,347.06,532.6232,goiania,GO,-16.66460157672196,-49.22295154031332,sao paulo,5P,-23.58620844962204,-46.53589144310119,1.0
mc_ID_4156,"Single Female with five children, education: HS degree working as manual",120+ monthly,"Meat from Frozen Foods department, Ordered Brand : Big Time",11.4398,8.5181,non recyclable,['Coffee Bar'],Price Smashers,Supermarket,18.35 Millions,5.872 Millions,1238.45,440.92,293.95,722.9429,jaragua do sul,Sc,val: -26.490468761584644,-49.11777500914658,sao paulu,SP,-23.46016520927345,-46.65066418373822,5.0
mc_ID_4157,"Married Male with two children, education: high school degree working as professional",70K+,"Canned Soup from Canned Foods department, Ordered Brand : Just Right",19.62 kg,18.1699,recyclable,"['Ready Food', 'Bar For Salad', 'Florist', 'Coffee Bar']",Dollar Days,Deluxe,8.91 Millions,3.6531 Millions,2055.29,654.13,436.09,725.9763,brumado,BA,-14.21009227483139,-41.68123821749442,campinas,SP,-22.895876357204664,data: -47.0791850342778,5.0
mc_ID_4158,"Single Female with four children,education: high school degree working as skilled manual",10K or more,"Plastic Products from Household department, Ordered Brand : High Quality",measure: 26.7461,23.6936,non recyclable,"['Bar For Salad', 'Video Store', 'Florist', 'Ready Food', 'Coffee Bar']",,Deluxe,10.56 Millions,4.4352 Millions,1734.5,503.07,335.38,500.9294,vitoria,ES,-20.308649814273863,-40.3121400645295,araguari,MG,-18.65223568071188,-48.19343213192182,2.0
mc_ID_4162,"Married Male with one child, education: partial high school working as skilled manual",10k,"Jams and Jellies from Baking Goods department, Ordered Brand : Super",26.4554,22.0946,non recyclable,"['Florist', 'Ready Food', 'Bar For Salad', 'Coffee Bar']",,DELUXE,4.44 Millions,1.7316 Millions,2055.29,654.13,436.09,364.2695,ñiteroi,RJ,-22.931171622540223,-43.11725640397596,teresopolis,RJ,-22.41614982008496,-42.97702251227752,5.0
mc_ID_4163,"Single Female with No children, education: bachelors degree working as professional",50K or more,"Snack Foods from Snack Foods department, Ordered Brand : Best Choice",21.3678,18.3153,recyclable,,Go For It,,2.58 Millions,1.1352 Millions,2049.72,457.36,304.91,data: 525.8765,poa,sp,-23.53670898458617,-46.3384083339717,SALTO,SP,-23.198860047870664,-47.29334560811024,data: 4.0
mc_ID_4164,"Married Female with three children, education: partial high school working as manual",10K+,"Snack Foods from Snack Foods department, Ordered Brand : Fast",-10.7711,7.8494,non recyclable,['Coffee Bar'],,Sup3rmarket,7.64 Millions,2.4448 Millions,1236.07,440.92,295.03,418.4,curitiba,pr,-25.45385542382702,-49.286168717179294,SAO P4ULO,SP,-23.50875908021236,-46.602973042876144,5.0
mc_ID_4166,"Married Female with three kidren, education: bachelor'ss degree working as professional",70K+,"Bathroom Products from Health and Hygiene department, Ordered Brand : Consolidated",23.9843,19.6235,recyclable,"['Ready Food', 'Florist', 'Coffee Bar', 'Bar For Salad', 'Video Store']",Save Price,Daluxe,7.56 Millions,2.8728 Millions,2037.32,481.98,320.97,284.3028,colatina,3s,-19.545246638129576,-40.629409035478176,campinas,$P,-22.98722237101393,-47.151072819246686,measure: 3.0
mc_ID_4167,"Married Male with three children, education: bachelors degree working as professional",50 Thousand,"Baking Goods from Baking Goods department, Ordered Brand : Super",24.4204,21.3678,recyclable,['Coffee Bar'],Super Savers,Supermarket,11.76 Millions,3.8808 Millions,1233.09,440.92,292.97,704.2718,sao paulo,SP,-23.51132295974959,-46.69314639035727,saopaulo,SP ,-23.510081986121538,-46.65907867000398,5.0
mc_ID_4168,"Single Male with two children, education: partial high school working as management",€76K+,"Vegetables from Produce department, Ordered Brand : Tri-State",17.4431,measure: 14.5359,recyclable,"['Coffee Bar', 'Florist']",I Cant Believe It Sale,Mid-Size,10.92 Millions,4.0404 Millions,2552.26,389.54,261.58,275.9871,salto,$P,-23.17588057617297,-47.31592004954123,sao paulo,Sp,-23.485253731057767,-46.73312974854289,5.0
mc_ID_4169,"Married Female with three children, education: high school degree working as manual",$50K+,"Starchy Foods from Starchy Foods department, Ordered Brand : Colossal",31.8337,28.7811,recyclable,,Sales Days,Supermarke7,"13.48 ,000,000illions",6.6052 Millions,1623.69,341.05,,743.1307,PAlMAS,PR,-26.48257236390896,-51.9929615275,MAGE,Rj,-22.65894387253605,-43.03681018346885,5.0
mc_ID_4170,"Single Female with four children, education: high school degree working as manual",30K+,"Canned Soup from Canned Foods department, Ordered Brand : Better",13.0823,-11.6287,recyclable,,Price Winners,Supermarket,3.12 Millions,1.4664 Millions,2049.72,457.36,306.75,599.358,BRUSQUE,SC ,-27.082320621703506,-48.93028666250217,sao paulo,SP,-23.53469148542905,-46.50138317485142,5.0
mc_ID_4172,"Single Female with three children, education: partial college working as clerical",30K+,"Starchy Foods from Starchy Foods department, Ordered Brand : Colossal",21.3678,To Be Determined,recyclable,"['Coffee Bar', 'Video Store', 'Ready Food', 'Florist', 'Bar For Salad']",Save It (Sale),deluxe,€4.8M,2.4123 Millions,1734.5,503.07,,data: 755.1074,damianopolis,GO,-14.562437251782914,-46.17054561638045,SAO PAULO,$P,-23.537511255832708,-46.63705730743676,measure: 4.0
mc_ID_4173,"Married Female with four children, education: bachelors degree working as professional",70000,"Pizza from Frozen Foods department, Ordered Brand : Carrington",26.8915,22.5307,non recyclable,,Best Price Savers,Supermarket,14.92 Millions,5.222 Millions,,227.8,151.9,650.4028,UbErlandIa,MG,-18.94141413405276,-48.33714543949449,laranjal paulista,SP ,-23.03582473318652,-47.8363026594829,5.0
mc_ID_4174,"Single Female with four children, education: high school degree working as manual",30K+,"Bread from Baked Goods department, Ordered Brand : Colony",data: 18.4606,16.8617,recyclable,,Price Destroyers,Suparmarket,$7.44 Millions,2.8272 Millions,1508,227.8,151.9,635.1312,CAMPINAS,SP,-22.943830511384977,-47.11233196480047,GUARA, SP,-20.43399042630061,-47.81416224047547,5.0
mc_ID_4175,"Married Female with one child, education: partial college working as professional",30K+,"Meat from Meat department, Ordered Brand : Gerolli",20.0596,17.1524,recyclable,"['Bar For Salad', 'Coffee Bar', 'Ready Food', 'Florist', 'Video Store']",Tip Top Savings,Deluxe,$10.14 Millions,3.1434 Millions,2035.44,481.98,321.26,416.2557,sao jose dos campos,SP,-23.25682182962209,-45.94089033894351,curitiba,PR,-25.46921399278664,measure: -49.29393514695028,4.0
mc_ID_4177,"Married Female with four children, education: partial high school working as manual",30 Thousand,"Hygiene from Health and Hygiene department, Ordered Brand : Bird Call",25.5832,22.676,non recyclable,"['Video Store', 'Ready Food', 'Bar For Salad', 'Coffee Bar', 'Florist']",Two Day Sale,Gourmet,$4.86 Millions,1.7496 Millions,1424.85,465.54,310.3,783.1925,santa helena de goias,GO,-17.807820548629415,-50.58607733497386,SAO paUlO ,Sp,amount: -23.537511255832708,-46.63705730743676,2.0
mc_ID_4178,"Single Male with three children, education: bachelors degree working as professional",70K+,"Dairy from Dairy department, Ordered Brand : Even Better",28.6358,-25.7286,-999,"['Florist', 'Coffee Bar', 'Video Store', 'Bar For Salad', 'Ready Food']",Big Time Saving,,€3.2M,1.8288 Millions,1734.5,503.07,335.83,279.5435,	brasilia,DF,,data: nan,,,val: nan,,1.0
mc_ID_4180,"Single Female with one child, education: graduate degree working as professional",Data Missing,"Starchy Foods from Starchy Foods department, Ordered Brand : Colossal",21.8039,615.29 oz,recyclable,,,Supermarket,2.92 Millions,1.4308 Millions,1508,227.8,151.9,727.9637,curitiba,PR,-25.4389681470945,-49.27448441188181,IbitiNGA,SP,val: -21.7664768468313,-48.83154737836604,5.0
mc_ID_4182,"Single Male with three children, education: bachelors degree working as management",50K+,"Vegetables from Produce department, Ordered Brand : Tell Tale",29.2172,26.31,recyclable,['Coffee Bar'],Price Smashers,Supermarket_,12.68 Millions,4.0576 Millions,1236.07,442.92,294.1,722.9429,SAO PAULO,SP,-23.655811431588635,-46.658434242858746,FERRAZ DE VASCONCELOS,SP,-23.52145430890418,-46.37456588259565,3.0
mc_ID_4183,"Married Female with three children, education: bachelors degree working as management",50K+,"Side Dishes from Deli department, Ordered Brand : Lake",20.9317,17.8792,recyclable,,Tip Top Savings,Supermarket,3.72 Millions,1.4508 Millions,2049.72,457.36,306.34,557.8318,cur1tiba,PR,-25.47823502865101,-49.2487200844524,PRAIA GRANDE,SP,-24.026786758814687,-46.49304889148245,5.0
mc_ID_4184,"Married Female with three children, education: bachelors degree working as management",50000,"Decongestants from Health and Hygiene department, Ordered Brand : Bird Call",25.1472,23.5482,recyclable,['Coffee Bar'],Go For It,Small Grocery,1.08 Millions,0.324 Millions,2069.04,330.83,222.13,381.8946,sao PAulO,SP,-23.61202394892955,-46.695471966703145,maringa,PR,-23.42880633856904,-51.97183135000928,5.0
mc_ID_4185,"Single Female with No kidren, education: high school degree working as management",Income: 90K+,"Snack Foods from Snack Foods department, Ordered Brand : Nationeel",15.8442,11.4688,recyclable,['Coffee Bar'],Weekend Discount,Supermarket,3.2 Millions,1.504 Millions,1236.07,440.92,293.74,698.728,rio de janeiro,rj,-22.88071189148247,-43.37148510017898,riberao preto,sp,amount: -21.16850440882337,-47.79370519233655,
mc_ID_4186,"Married Female with three kids, education: high school degree working as professional",130K or more,"Paper Products from Household department, Ordered Brand : Cormorant",8.8815,5.9743,recyclable,"['Ready Food', 'Bar For Salad']",Super Duper Savers,,7.35 Millions,3.3075 Millions,,853.22,568.75,677.285,C4SCAVEL,PR,-24.94812606272721,-53.45992279514128,guARibA,Sp,-21.36235769739203,-48.232975701561735,3.0
mc_ID_4187,"Single Male with No children, education: partial high school working as manual",10K+,"Jams and Jellies from Baking Goods department, Ordered Brand : CDR",36.21 lbs,data: 14.972,non recyclable,['Coffee Bar'],Weekend Discount,,$2.44 Millions,0.9028 Millions,1236.07,440.92,292.51,364.1649,santo andre,$P,-23.656293518994904,-46.55412213733605,Praia Grande,$P,-24.011288218359883,-46.41873374429398,5.0
mc_ID_4191,"Married Male with three children, education: high school degree working as professional",1560+ monthly,"Fruit from Canned Products department, Ordered Brand : Toucan",-24.4204,data: 22.8214,non recyclable,['Coffee Bar'],Wallet Savers,,1.38 Millions,0.4968 Millions,2069.04,330.83,221.62,amount: 728.8528,petropolis,RJ,,-43.2023689893726,colombo,PR,-25.371298736141743,measure: -49.18823376385825,3.0
mc_ID_4192,"Married Male with three children, education: high school degree working as manual",30K+,"Electrical from Household department, Ordered Brand : High Quality",10.0007,7.0935,non recyclable,,Best Price Savers,supermarket,11.2 Millions,3.584 Millions,1508,227.8,151.9,650.4028,belo horiz0nte,MG,-19.809042328611024,-43.99006964195861,"lauro de freitas
",BA,-12.895112589380958,-38.33895999999978,100%
mc_ID_4193,"Married Female with four children, education: bachelors degree working as professional",50K+,"Snack Foods from Snack Foods department, Ordered Brand : Nationeel",27.4729,24.4204,recyclable,,Price Winners,,€8.2M,4.128 Millions,,457.36,303.15,497.9483,santo andre,sp,-23.666655446303828,-46.53485782638931,sao paulo,SP,-23.51845531779098,-46.53268368206479,5.0
mc_ID_4194,"Married Female with one child, education: partial college working as professional",30K or more,"Beer and Wine from Alcoholic Beverages department, Ordered Brand : Pearl",14.972,12.0648,non recyclable,"['Florist', 'Bar For Salad', 'Coffee Bar', 'Ready Food']",Discount Frenzy,Deluxa,7.44 Millions,2.6784 Millions,,654.13,436.21,779.6884,sAnta Cruz DO rio paRDO,Sp,-22.883610865880744,-49.61785424118465,r1beiraopreto,SP,-21.152969235356927,-47.77227625506376,5.0
mc_ID_4198,"Married Male with No children, education: high school degree working as skilled manual",10K+,"Bathroom Products from Household department, Ordered Brand : Cormorant",13.1114,10.2042,recyclable,"['Coffee Bar', 'Florist', 'Bar For Salad', 'Ready Food', 'Video Store']",,Deluxe,4.68 Millions,1.4508 Millions,,503.07,335.38,€425.79,sao paulo_,Sp,-23.63602166887882,-46.65068692951116,santos_,SP,measure: -23.959748294477464,-46.31359166374292,5.0
mc_ID_4200,"Married Female with one child, education: high school degree working as manual, Married Female with one child",30 Thousand,"Beer and Wine from Alcoholic Beverages department, Ordered Brand : Good",17.4431,-13.0823,recyclable,"['Bar For Salad', 'Coffee Bar', 'Florist', 'Ready Food', 'Video Store']",Price Winners,,7.11 Millions,2.6307 Millions,2038.11,481.98,321.26,R$2496.51,piraju,5P,-23.200603133077674,data: -49.38191047731838,INDAIATUBA,SP,data: -23.141554810215275,-47.23811647179686,3.0
mc_ID_4201,"Married Female with three children, education: partial high school working as professional",Income: 90K+,"Frozen Desserts from Frozen Foods department, Ordered Brand : Imagine",10.6548,-7.7331,non recyclable,"['Video Store', 'Florist', 'Bar For Salad', 'Ready Food', 'Coffee Bar']",,Gourmet,5.96 Millions,2.086 Millions,1425.65,467.54,310.3,351.7175,sao sebastiao da boa vista,Pa,-1.7181419884557787,-49.532083140758246,belo horizonte ,"MG
",-19.878513898894187,-43.95694702879617,data: 3.0
mc_ID_4202,"Married Female with four children, education: high school degree working as professional",110000,"Paper Products from Household department, Ordered Brand : Cormorant",30.6708,29.2172,recyclable,"['Ready Food', 'Florist', 'Coffee Bar', 'Bar For Salad']",Price Winners,,3.36 Millions,1.4784 Millions,2055.29,654.13,435.49,494.9149,salto de pirapora,SP,-23.664502918276984,-47.581761427942936,sao paulo,SP,-23.62358155176294,-46.61056007369148,2.0
mc_ID_4204,"Married Male with two children, education: partial High School working as manual",30K+,"Hot Beverages from Beverages department, Ordered Brand : Super",15.9895,11.6287,recyclable,['Florist'],Two for One,Supermarket,2.0Ms,0.64 Millions,1320.15,523.32,,360.7131,sa0 paulo,SP,-23.59080767273356,val: -46.644845309065765,"ibitinga
",SP,-21.7664768468313,-48.83154737836604,5.0
mc_ID_4206,"Single  Female  with  two  children,  education:  partial  high  school  working  as  professional",€59K+,"Dairy from Dairy department, Ordered Brand : Booker",9.8118,6.9046,recyclable,"['Bar For Salad', 'Coffee Bar', 'Ready Food', 'Florist']",Save Price,Deluxe,"5.16 ,000,000illions",1.8576 Millions,2055.29,654.13,436.09,$584.19,sao paulo,5P,val: -23.727665378296493,-46.6928097536788,canoinhas,sc,data: -26.16862248406491,-50.392861528512256,5.0
mc_ID_4207,"Married Female with one child, education: HS degree working as manual",30K+,"Vegetables from Canned Foods department, Ordered Brand : Better",558.89 oz,amount: 12.9224,recyclable,,Savings Galore,MID-SIZE,€4.4M,2.5578 Millions,2819.7,,298.5,708.8742,sao paulo,SP,-23.6189692262171,-46.7407723878376,sao paulo,SP,-23.606332072162274,-46.488808985429046,3.0
mc_ID_4209,"Married Female with two children, education: partial high school working as skilled manual",10 Thousand,"Electrical from Household department, Ordered Brand : Denny",22.8214,19.7689,recyclable,"['Florist', 'Ready Food', 'Coffee Bar', 'Bar For Salad']",Weekend Discount,Deluxe,€10.0M,5.4234 Millions,,654.13,,382.0515,guarulhos_,	5P,-23.41680789286744,-46.50745327116394,campo limpo paulista,SP,-23.20706431353269,-46.760735214610754,measure: 5.0
mc_ID_4211,"Single Female with two children, education: bachelors degree working as professional",50K+ annually,"Snack Foods from Snack Foods department, Ordered Brand : Fast",15.2627,13.8091,recyclable,['Florist'],Sale Sale Sale,supermarket,6.72 Millions,2.6208 Millions,1320.15,523.32,348.85,304.1768,caruaru,pE,-8.287225332306528,amount: -35.98960972512089,sao paulo,SP,-23.50403914126612,-46.7311139948641,5.0
mc_ID_4212,"Singlee Male with No children, education: bachelors degree working as professional",70 Thousand,"Fruit from Produce department, Ordered Brand : Ebony",31.2522,data: 28.3451,recyclable,,Wallet Savers,SUPERMARKET,"4.05 ,000,000illions",1.701 Millions,2049.72,457.36,304.91,418.1385,Novo Oriente,_CE,-5.534573388001832,amount: -40.772615388001824,Sao Paulo,SP,-23.62358155176294,amount: -46.61056007369148,1.0
mc_ID_4214,"sINGLE mALE WITH nO CHILDREN,EDUCATION: BACHELOS DEGREE WORKING AS PROFESSIONAL",50K or more,"Vegetables from Produce department, Ordered Brand : Hermanos",19.9142,15.4081,non recyclable,,Big Time Discounts,SUPERMARKET,5.68 Millions,2.4992 Millions,1508,,152.08,574.9339,sao paulo,5P,measure: -23.66556687621902,-46.65126193505109,maua,SP,-23.68011442853022,-46.4524537436668,data: 4.0
mc_ID_4217,"Single Male with five children, education: partial high school working as skilled manual",10K+,"Snack Foods from Snack Foods department, Ordered Brand : Fort West",12.0357,9.114,recyclable,"['Coffee Bar', 'Video Store', 'Bar For Salad', 'Ready Food', 'Florist']",One Day Sale,DELUXE,6.6 Millions,2.508 Millions,2038.11,481.98,321.26,767.3456,campinas,SP,-22.829166690333924,-47.09886947241718,SAo jOSE,SC,-27.562633674958704,-48.63782800645296,val: 4.0
mc_ID_4220,"Single Male with four children, education: graduate degree working as management",90K+,"Vegetables from Produce department, Ordered Brand : High Top",27.1822,25.7286,non recyclable,"['Video Store', 'Ready Food', 'Bar For Salad', 'Coffee Bar', 'Florist']",Two Day Sale,gourmet,4.46 Millions,1.7394 Millions,1424.85,467.54,310.3,val: 783.1925, Taquari ,rs,-29.77926792082725,-51.85065663817348,t3ixeira soares,Pr,-25.372899,-50.46185700000001,amount: 5.0
mc_ID_4221,"Married Female with two children, education: partial college working as management",50K+,"Kitchen Products from Household department, Ordered Brand : Sunset",14.4196,-11.5125,non recyclable,"['Ready Food', 'Florist', 'Video Store', 'Coffee Bar', 'Bar For Salad']",I Cant Believe It Sale,dElUxE,10.6 Millions,3.71 Millions,,503.07,335.38,val: 363.3281,Sao Paulo,SP,-23.52434082320221,-46.54744934160408,sao paulo,SP,-23.50869470774424,data: -46.48672956633388,100%
mc_ID_4222,"Single Female with four children, education: partial high school working as skilled manual",10K+,"Starchy Foods from Starchy Foods department, Ordered Brand : Jardon",19.6235,16.7163,recyclable,"['Coffee Bar', 'Ready Food', 'Bar For Salad', 'Florist', 'Video Store']",Roller Savings (High) ,Gourmet,€4.8M,2.052 Millions,1424.85,465.54,310.3,532.6232,cotegipe,BA,-12.024993385445462,-44.25645355275551,santo andre,SP,data: -23.665703457960586,-46.51808196779969,40%
mc_ID_4224,Married Female with two children / education: partial college working as clerical,30K+,"Snack Foods from Snack Foods department, Ordered Brand : Best Choice",15.1174,10.7421,recyclable,"['Florist', 'Ready Food', 'Coffee Bar', 'Video Store', 'Bar For Salad']",One Day Sale,Deluxe,"2.28 ,000,000illions",0.8208 Millions,2035.83,481.98,321.29,767.3456, Fiorianopolis,$c,measure: -27.42864592363426,-48.45905918284473,guarulhos,SP,-23.496488565250488,val: -46.54671310832206,measure: 5.0
mc_ID_4227,"Single Female with one child, education: HS degree working as management",150K+,"Vegetables from Canned Foods department, Ordered Brand : Bravo",10.7421,9.2739,recyclable,"['Bar For Salad', 'Florist', 'Coffee Bar', 'Video Store', 'Ready Food']",Two Day Sale,Gourmet,3.32 Millions,1.2616 Millions,1424.85,465.54,,€665.71,sao paulo,Sp,-23.5725176791506,-46.680710766460734,VOTORANTIM,	sp,-23.540699932021333,-47.45842622799934,5.0
mc_ID_4228,"mARRIED mALE WITH nO CHILDREN, EDUCATION: PARTIAL COLLEGE WORKING AS PROFESSIONAL",30K+,"Fruit from Produce department, Ordered Brand : Tell Tale",30.3801,27.3275,recyclable,['Florist'],Save It (Sale),Supermarket,7.6 Millions,3.724 Millions,,523.32,348.85,427.7617,sao paulo,5P,-23.588181691095816,-46.74083315667377,guarulhos,SP_,data: -23.50542926894224,-46.54869177407812,amount: 4.0
mc_ID_4229,"Married Female with one child, education: partial high school working as manual",10K+,"Vegetables from Produce department, Ordered Brand : Hermanos",14.1144,12.6608,recyclable,['Coffee Bar'],Promo Big,SUperMArKeT,"5.49 ,000,000illions",1.9764 Millions,1236.07,442.92,293.95,val: 647.8924,natal,RN,-5.821763950602985,-35.23997662254023,porto alegre,RS,-30.00731246906908,-51.19422244408211,amount: 4.0
mc_ID_4231,"Married Female with three children, education: partial high school working as manual",10K+,"Vegetables from Frozen Foods department, Ordered Brand : PigTail",11.2944,295.34 oz,non recyclable,"['Video Store', 'Florist', 'Ready Food', 'Bar For Salad', 'Coffee Bar']",Price Winners,,$3.14 Millions,1.5386 Millions,2038.11,483.98,321.26,453.9117,sao bernardo do campo, SP,-23.695889045942334,-46.58174395098847,sao jose do rio preto,SP,-20.80243626346376,-49.39562406741489,5.0
mc_ID_4233,"Single Male with one child, education: bachelors degree working as professional",Income: 50K+,"Snack Foods from Snack Foods department, Ordered Brand : Horatio",8.9832,6.0615,recyclable,"['Coffee Bar', 'Video Store', 'Ready Food', 'Florist', 'Bar For Salad']",Shelf Emptiers,,4.77 Millions,1.6695 Millions,1424.85,465.54,312.02,R$3950.59,RIO de jANeIRO,RJ,-22.92505850706913,val: -43.230232813203365,ibitinga,SP,-21.7664768468313,-48.83154737836604,4.0
mc_ID_4234,"Single Female wiht one child, education: partial high school working as skilled manual",10K+,"Baking Goods from Baking Goods department, Ordered Brand : BBB Best",23.4028,20.4957,non recyclable,"['Bar For Salad', 'Florist', 'Ready Food', 'Coffee Bar']",,,€3.4M,1.215 Millions,2055.29,654.13,434.22,570.3838,RIBEIRAO PRETO,SP ,-21.1575781634253,-47.81743621509692,maringa,PR,-23.377396999935016,-51.93100618003307,val: 5.0
mc_ID_4235,"single male with five children, education: graduate degree working as professional",110K+,"Fruit from Canned Products department, Ordered Brand : Green Ribbon",25.4379,-22.5307,recyclable,,Price Winners,Supermarket,9.33 Millions,4.4784 Millions,1623.48,,227.33,586.7537,rio de janeiro,RJ,-23.01333894087947,-43.30183519386577,bertioga,SP,-23.82834010075353,-46.1430173832652,4.0
mc_ID_4236,"Single Female with four children, education: high school degree working as skilled manual",Income: 30K+,"Meat from Meat department, Ordered Brand : Ship Shape",12.0067,data: 9.0995,non recyclable,"['Florist', 'Coffee Bar', 'Ready Food', 'Video Store', 'Bar For Salad']",Save It (Sale),Deluxe,7.0 Millions,3.43 Millions,1734.5,503.07,336.99,755.1074,sao paulo,SP,-23.51983840466844,-46.57027290507246,Ltatiba,SP,-22.993820438600167,-46.81014454759541,5.0
mc_ID_4237,"Married Female with two children, education: partial high school working as manual",€25K+,"Frozen Desserts from Frozen Foods department, Ordered Brand : Big Time",28.9265,data: 24.4204,recyclable,,You Save Days,Supermarket,€9.4M,4.3212 Millions,1508,227.8,151.9,565.9906,mogi das cruzes,SP_,-23.544406046716265,-46.21332645656752,BordA DA mATa,MG,-22.264093569966427,-46.15856420525942,5.0
mc_ID_4240,"SiNgLe fEmAlE WiTh nO ChIlDrAn,eDuCaTiOn: HiGh sChOoL DeGrEe wOrKiNg aS SkIlLeD MaNuAl",30K+,"Fruit from Produce department, Ordered Brand : High Top",19.7689,15.4081,non recyclable,"['Bar For Salad', 'Video Store', 'Florist', 'Coffee Bar', 'Ready Food']",,Deluxe,€4.1M,1.728 Millions,2039.84,481.98,321.26,767.3456,luziania,GO,-16.249924225077788,-47.962270500176125,$ao jose dos campos,SP,-23.18093790397594,-45.86936250721335,5.0
mc_ID_4241,"Married Male with five kids, education: HS degree working as skilled manual",30 Thousand,"Vegetables from Produce department, Ordered Brand : High Top",29.0719,data: 26.1647,recyclable,['Coffee Bar'],Best Price Savers,Supermarket,13.6 Millions,5.44 Millions,1236.61,,292.11,349.2594,sao paulo,SP,-23.47193716763806,-46.62999953941368,sao paulo,sp,-23.55684999916328,-46.56941527477062,5.0
mc_ID_4242,"Single Male with four children, education: high school degree working as manual",30K or more,"Packaged Vegetables from Produce department, Ordered Brand : Tri-State",43.58 lbs,16.8617,non recyclable,,Budget Bargains,Supermarket,6.64 Millions,2.5232 Millions,2049.72,457.36,304.91,708.665,nova  iguaku,RJ,-22.745471034689952,-43.43557535292437,guariba,SP,-21.36235769739203,-48.232975701561735,5.0
mc_ID_4244,"Married Female with one child, education: partial high school working as skilled manual",€8K+,"Canned Soup from Canned Foods department, Ordered Brand : Better",447.62 oz,9.7681,recyclable,['Coffee Bar'],You Save Days,Small Grocery,7.48 Millions,2.5432 Millions,1423.37,,265.21,data: 498.1575,TaIaCU,SP,-21.143409040030463,-48.51518373604532,ibitinga,SP,-21.7664768468313,-48.83154737836604,5.0
mc_ID_4246,"Married Female with three children, education: graduate degree working as professional",70K+,"Jams and Jellies from Baking Goods department, Ordered Brand : Super",14.0562,12.6027,non recyclable,['Coffee Bar'],Super Savers,supermarket,6.45 Millions,2.58 Millions,1236.07,440.92,,amount: 704.2718,saopaulo,SP,amount: -23.593509,-46.69160489873891,santa barbara d'oeste,SP,-22.75967282783305,val: -47.364736674563375,5.0
mc_ID_4247,"education: partial college working as clerical, Single Male with five children",30K+,"Canned Soup from Canned Foods department, Ordered Brand : Better",19.0421,16.1349,recyclable,"['Ready Food', 'Florist', 'Bar For Salad', 'Coffee Bar', 'Video Store']",,Deluxe,4.6 Millions,2.07 Millions,2039.55,481.98,321.26,739.4174,Rio Do Sul,SC,-27.20163932194593,-49.65371045031453,Sao Jose Do Rio Preto,	sp,-20.80243626346376,-49.39562406741489,4.0
mc_ID_4251,"Married Male with three children, education: partial high school working as skilled manual",10K+,"Snack Foods from Snack Foods department, Ordered Brand : Fort West",12.748,11.2944,non recyclable,,Super Duper Savers,Supermarket,4.52 Millions,1.4464 Millions,2049.72,459.36,304.91,527.7593,sao patricio,GO,measure: -15.350104400294445,-49.820113727808064,uruacu,Go,-14.518522867646602,-49.1319174044097,5.0
mc_ID_4252,"Single Female with one child, education: high school degree working as skilled manual",€25K+,"Canned Soup from Canned Foods department, Ordered Brand : Better",24.5657,21.5132,recyclable,"['Coffee Bar', 'Florist', 'Ready Food', 'Bar For Salad']",,Gourmet,1.14 Millions,0.4332 Millions,1564.86,385.45,255.4,637.6939,junqueiropolis ,Sp,-21.51865436309028,-51.43460140551366,praia grande,SP_,-24.026786758814687,-46.49304889148245,5.0
mc_ID_4253,"Married Female with four children, education: bachelors degree working as management",50K+,"Paper Products from Household department, Ordered Brand : Denny",27.0368,amount: 24.1296,recyclable,['Coffee Bar'],Price Smashers,SmallGrocery,10.35 Millions,3.312 Millions,1423.37,398.93,265.98,759.6052,sao paulo,5P,measure: -23.52550859449485,-46.68024004371284, guara,SP,-20.43399042630061,val: -47.81416224047547,5.0
mc_ID_4254,"Single Male with two children, education: partial HS working as skilled manual",10K+,"Fruit from Canned Products department, Ordered Brand : Applause",10.117,5.7562,recyclable,,,,$11.2 Millions,3.696 Millions,1623.48,341.05,227.33,586.7537,jundiai do sul,PR,-23.436706662610007,-50.24847505914977,BLUmEnAU,SC,-26.91141069525076,-49.11143612738765,5.0
mc_ID_4256,"SINGLE MALE WITH TWO CHILDREN, EDUCATION: PARTIAL HIGH SCHOOL WORKING AS MANUAL",10000,"Fruit from Produce department, Ordered Brand : Ebony",415.83 oz,10.32 kg,non recyclable,,Sale Winners,Supermarket,€4.2M,2.156 Millions,1508.06,227.8,152.99,720.171,rio de janeiro,RJ,-22.968219049397007,amount: -43.18823673772285,rio de janeiro,RJ,-22.93125598447676,-43.17881321481337,4.0
mc_ID_4258,"Single Female with one child, education: bachelors degree working as professional",50K+,"Electrical from Household department, Ordered Brand : Denny",18.8967,17.4431,recyclable,['Coffee Bar'],Big Time Saving,$Upermarket,1.92Ms,0.9024 Millions,1236.07,440.92,293.95,amount: 710.234,camapua,M$,-19.53295274614871,val: -54.04186371318199,sao jo5e dos campos,SP,-23.23724961587513,-45.88082955926476,5.0
mc_ID_4259,"Single Female with one child, education: graduate degree working as professional",90K+,"Bread from Baked Goods department, Ordered Brand : Fantastic",8.7797,5.858,recyclable,,Money Savers,supermarket,6.84 Millions,2.4624 Millions,,227.8,151.9,277.2423,sao paulo,_SP,-23.493511048012017,amount: -46.63106708174157,salto,Sp,data: -23.20591698084141,-47.307845865803,4.0
mc_ID_4260,"Single Male with one child, education: High School degree working as manual",30K+,"Vegetables from Produce department, Ordered Brand : Tell Tale",21.0771,18.1699,non recyclable,['Coffee Bar'],Double Your Savings,Supermarket,"4.38 ,000,000illions",1.4454 Millions,,440.92,293.95,493.8689,sao paulo,SP,-23.58048969830917,-46.67331443366609,sao paulo,SP,-23.59798552039933,-46.55547278711988,4.0
mc_ID_4261,"Married Male with one child, education: bachelors degree working as management",50K+ annually,"Miscellaneous from Checkout department, Ordered Brand : Queen",19.7689,16.8617,recyclable,"['Ready Food', 'Florist', 'Video Store', 'Coffee Bar', 'Bar For Salad']",Super Savers,Daluxe,11.28 Millions,4.8504 Millions,1525.28,373.1,250.16,755.9442,nova iguacu,RJ,-22.75306877541351,-43.45655425604264,cotia,SP,-23.59398471189917,-46.91059123022104,data: 5.0
mc_ID_4262,"Single Female with five kidren, education: bachelors degree working as management",70K+,"Breakfast Foods from Breakfast Foods department, Ordered Brand : Jeffers",val: 15.1174,10.7421,non recyclable,,,Supermarke7,10.6 Millions,3.286 Millions,1508,###,151.9,351.456,DUmUNT,SP,val: -21.2389749988545,-47.97126109666656,france,SP,-20.530671079410943,-47.39851931627846,data: 5.0
mc_ID_4263,"Married Male with three children, education: partial high school working as skilled manual",10K+,"Dairy from Dairy department, Ordered Brand : Gorilla",21.0771,18.1699,non recyclable,,Two Day Sale,,3.56 Millions,1.1036 Millions,1623.48,341.05,227.33,383.2021,llha comprida,SP,-24.73951532787161,-47.539068581749895,porto alegre,RS,-30.03215040714993,-51.2325516998384,3.0
mc_ID_4264,"Married Male with three childern , education: partial high school working as manual",€8K+,"Baking Goods from Baking Goods department, Ordered Brand : CDR",9.3466,6.4249,non recyclable,"['Florist', 'Video Store', 'Coffee Bar', 'Bar For Salad', 'Ready Food']",Price Slashers,daluxe,6.65Ms,3.1255 Millions,1734.5,503.07,335.38,282.9953,sao paulo,sp,-23.657594422076475,-46.6989063034577,iBLtiNgA ,SP,-21.7664768468313,-48.83154737836604,5.0
mc_ID_4265,"Married Female with two children, education: partial college working as management",70K+,"Bread from Baked Goods department, Ordered Brand : Sphinx",val: 10.9746,8.0674,recyclable,"['Coffee Bar', 'Florist', 'Ready Food', 'Bar For Salad']",Promo Big,Deluxe,7.08 Millions,3.3276 Millions,2055.17,654.13,436.09,267.3576,praia grande,SP,-24.011288218359883,-46.41873374429398,sao jose do rio preto,SP,-20.80243626346376,-49.39562406741489,5.0
mc_ID_4266,"Married Male with three children, education: partial high school working as skilled manual",10K or more,"Frozen Entrees from Frozen Foods department, Ordered Brand : PigTail",1122.90 oz,28.7811,recyclable,"['Florist', 'Ready Food', 'Video Store', 'Coffee Bar', 'Bar For Salad']",Tip Top Savings,Deluxe,11.64 Millions,5.7036 Millions,1734.5,503.07,335.38,287.127,Itaquaquecetuba,SP ,amount: -23.5058251445761,-46.36203651019921,mau@,SP,-23.678798920064235,-46.45947764149177,5.0
mc_ID_4267,"Married Female with four children, education: high school degree working as skilled manual",30K+,"Jams and Jellies from Baking Goods department, Ordered Brand : Plato",9.3321,4.9713,non recyclable,,,Supermarket,8.94 Millions,2.9502 Millions,2049.72,457.36,306.7,467.4051,C@mPos 	DO 	JordaO,SP,-22.732323039727124,-45.56427039489908,ibitinga,sp,-21.7664768468313,-48.83154737836604,5.0
mc_ID_4268,"Single Female with three children, education: partial college working as professional",50K+,"Snack Foods from Snack Foods department, Ordered Brand : Fort West",31.6883,28.6358,recyclable,"['Bar For Salad', 'Coffee Bar', 'Florist', 'Ready Food', 'Video Store']",Shelf Emptiers,Gourmet,9.64 Millions,3.1812 Millions,1424.85,465.54,310.3,718.2882,Franco Da Rokha,sP,-23.3125727472596,-46.72483470496001,campo limpo paulista,SP,-23.20706431353269,-46.760735214610754,5.0
mc_ID_4271,"Married Male with four children, education: high school degree working as skilled manual",30K+,"Canned Soup from Canned Foods department, Ordered Brand : Blue Label",18.606,15.6988,non recyclable,"['Bar For Salad', 'Ready Food', 'Video Store', 'Coffee Bar', 'Florist']",Sale : Double Down,Deluxe,8.65 Millions,2.8545 Millions,,373.1,250.63,746.3733,sao caeteno do sul,SP,-23.61776447100232,-46.574964586733216,presidente prudente,SP,-22.131826190859822,-51.450761316949546,5.0
mc_ID_4272,"Single Male with one child, education: Bachelors degree working as management",70000,"Dairy from Dairy department, Ordered Brand : Even Better",29.5079,26.4554,non recyclable,['Florist'],Big Time Discounts,Supermarket,2.46 Millions,0.9102 Millions,1320.15,523.32,347.53,765.7243,ribeirao pires,$P,-23.70206320161832,-46.40534820551376,be1o horizonte,MG,val: -19.921126734952896,-43.94119674937962,4.0
mc_ID_4273,"Married Female with No children, education: partial college working as skilled manual",360+ monthly,"Bread from Baked Goods department, Ordered Brand : Great",19.7689,16.8617,recyclable,['Coffee Bar'],Best Savings,Supermarket,1.86 Millions,0.8742 Millions,1236.07,440.92,293.95,596.2723,curitiba,PR,-25.507716226437072,-49.2659152738391,ibitinga,SP,-21.7664768468313,-48.83154737836604,val: 5.0
mc_ID_4274,"Single Female with four kidren, education: high school degree working as skilled manual",30K+,"Snack Foods from Snack Foods department, Ordered Brand : Fort West",9.8554,6.9482,non recyclable,,,Supermarket,"11.88 ,000,000illions",5.8212 Millions,2047.68,459.36,###,610.5502,curitiba,PR,-25.491606559524563,-49.28283748666978,santa barbara d´oeste,"SP
",-22.760477687572443,data: -47.41281121951772,5.0
mc_ID_4275,"Married Male with three children, education: high school degree working as skilled manual",30000,"Hygiene from Health and Hygiene department, Ordered Brand : Consolidated",15.5534,12.6317,recyclable,"['Ready Food', 'Bar For Salad']",,SUPERMARKET,$4.76 Millions,1.4756 Millions,2265.9,853.22,568.75,339.1132,_nova iguacu,RJ,-22.709328438971543,amount: -43.461048749309306,sao paulo,SP,-23.554133203993324,val: -46.53048959908248,measure: 4.0
mc_ID_4276,"Single Male with two children, education: high school degree working as management",1320+ monthly,"Vegetables from Frozen Foods department, Ordered Brand : Big Time",27.4729,-22.9668,recyclable,"['Ready Food', 'Bar For Salad']",Super Wallet Savers,Supermarket,$4.14 Millions,2.0286 Millions,2265.9,853.22,568.75,570.8022,Our0 Preto,Mg ,-20.38523748903572,-999,sao paulo,SP,-23.606332072162274,-46.488808985429046,4.0
mc_ID_4277,Single Male with three children + education: partial high school working as skilled manual,10K or more,"Pain Relievers from Health and Hygiene department, Ordered Brand : Bird Call",29.7987,56.08 lbs,recyclable,"['Coffee Bar', 'Bar For Salad', 'Video Store', 'Florist', 'Ready Food']",Price Cutters,Gourmet,9.54 Millions,4.6746 Millions,1424.85,465.54,309.24,675.716,tangara da s3rra,MT,-14.626259297036649,-57.49943277213334,sao paulo,SP,-23.693985995008337,-46.70188324132953,5.0
mc_ID_4279,"Single Male with five children, education: High School degree working as manual",30K+,"Snack Foods from Snack Foods department, Ordered Brand : Fast",-11.5125,10.0589,recyclable,"['Ready Food', 'Bar For Salad']",Full Free,,€12.1M,7.1 Millions,2264.43,853.22,568.75,736.907,Rio De Janeiro,RJ,-22.938518021928537,-43.17619539800332,canoinhas,Sc,-26.16862248406491,-50.392861528512256,5.0
mc_ID_4281,"Single Female with three children, education: partial high school working as skilled manual",10K+,"Bathroom Products from Household department, Ordered Brand : High Quality",-31.543,27.1822,recyclable,"['Ready Food', 'Bar For Salad', 'Coffee Bar', 'Video Store', 'Florist']",Save Price,Deluxe,"5.56 ,000,000illions",1.8348 Millions,2038.11,481.98,321.26,284.3028,sao jose da coroa grande,PE_,-8.892030444846668,-35.148294484147435,SaO PAu1o, sP ,-23.693985995008337,-46.70188324132953,5.0
mc_ID_4284,"Maried Female with four children, education: high school degree working as skilled manual",30K+,"Meat from Frozen Foods department, Ordered Brand : Carrington",13.6638,12.1956,non recyclable,"['Bar For Salad', 'Ready Food', 'Florist', 'Video Store', 'Coffee Bar']",Big Time Saving,Deluxe,9.68 Millions,3.4848 Millions,1734.5,503.07,335.36,To Be Determined,porto alegre,RS,-30.099819425212,-51.234831738963614,SaO PAuLo,SP,-23.581373061053768,-46.6178758329102,3.0
mc_ID_4285,"mARRIED mALE WITH nO CHILDREN, EDUCATION: hIGH sCHOOL DEGREE WORKING AS SKILLED MANUAL",30K+,"Vegetables from Produce department, Ordered Brand : Tell Tale",12.1375,9.2303,non recyclable,['Florist'],,,"7.28 ,000,000illions",3.5672 Millions,1320.15,523.32,348.85,640.7273,Jundiai,sp,-23.1954527149576,-46.885125855675454,belo horizonte_, MG,-19.878513898894187,amount: -43.95694702879617,5.0
mc_ID_4288,"Married Male with one child, education: bachelors degree working as professional",50K+,"Pain Relievers from Health and Hygiene department, Ordered Brand : Steady",9.1867,6.2795,non recyclable,,Roller Savings (High) ,Supermarket,"3.06 ,000,000illions",1.2546 Millions,1510.1,,151.34,379.7503,_natal,RN,val: -5.851241769086473,-35.207529631975284,assis,SP,-22.6796532539352,-50.44287891853987,4.0
mc_ID_4291,"Married Female with two children, education: high school degree working as manual",30000,"Snack Foods from Snack Foods department, Ordered Brand : Fast",18.8967,14.5359,recyclable,,Big Time Discounts,Supermarket,5.64 Millions,2.82 Millions,1508,227.8,153.6,574.9339,mogi das kruzes,SP,-23.53968347758097,-46.16286495478869,belo horizomte ,MG,-19.921126734952896,-43.94119674937962,Rating: 5.0
mc_ID_4292,"Married Female with three kids, education: HS degree working as manual",$30K+,"Canned Soup from Canned Foods department, Ordered Brand : Just Right",13.5329,9.1722,recyclable,"['Ready Food', 'Florist', 'Coffee Bar', 'Bar For Salad']",Weekend Discount,GOURMET,5.61 Millions,2.6367 Millions,1564.95,385.45,256.97,470.177,contagem,MG,-19.893454436332657,-44.03400171616229,rio de janeiro,RJ,-22.93125598447676,-43.17881321481337,4.0
mc_ID_4293,"Single Female with three childern, education: bachelors degree working as management",50K+,"Breakfast Foods from Frozen Foods department, Ordered Brand : Big Time",23.6936,20.641,recyclable,,Save Price,Supermarket,9.72 Millions,3.0132 Millions,1508,227.8,150.83,325.6721,itapui,SP,-22.23625902550063,data: -48.72307610479663,sao paulu,SP,-23.693985995008337,-46.70188324132953,5.0
mc_ID_4297,"Married Female with four kids, education: high school degree working as skilled manual",30K+,"Vegetables from Produce department, Ordered Brand : Tri-State",27.909,25.0018,non recyclable,,Go For It,Supermarket,2.2 Millions,0.792 Millions,2049.72,457.36,,509.6635,POTIRENDABA,SP,-21.040546601249808,-49.37584154114152,sao paulo,SP,-23.65111484251016,-46.75521082321932,1.0
mc_ID_4298,"Single Male with five children, education: partial college working as clerical",30K or more,"Snack Foods from Snack Foods department, Ordered Brand : Best Choice",-19.7689,15.4081,non recyclable,"['Coffee Bar', 'Bar For Salad', 'Ready Food', 'Florist', 'Video Store']",Dimes Off,Deluxe,8.92 Millions,4.3708 Millions,2038.11,481.98,321.26,602.7575,mogi das cruzes,SP,-23.54424708054108,-46.177063403141375,SAO JOSE DO RIO PRETO,SP,-20.8170171874536,-49.36425413438004,5.0
mc_ID_4299,"Married Female with one child, education: partial college working as clerical",30K+,"Snack Foods from Snack Foods department, Ordered Brand : Fast",measure: 21.3678,-18.3153,non recyclable,"['Ready Food', 'Bar For Salad', 'Coffee Bar', 'Florist', 'Video Store']",Tip Top Savings,,5.56 Millions,1.8904 Millions,2036.53,481.98,321.26,416.2557,taubate,SP,measure: -23.03779388918621,-45.58806906399412,IbITINga,	SP,-21.7664768468313,-48.83154737836604,5.0
mc_ID_4300,"Married Female with five children, education: partial high school working as professional",110000,"Baking Goods from Baking Goods department, Ordered Brand : Super",24.4204,measure: 21.3678,recyclable,"['Coffee Bar', 'Bar For Salad', 'Ready Food', 'Florist', 'Video Store']",I Cant Believe It Sale,,8.82 Millions,2.7342 Millions,1736.79,503.07,335.38,363.3281,osasco,$P,-23.500210482947537,-46.795514075364906,ibiting4,Sp,-21.7664768468313,-48.83154737836604,4.0
mc_ID_4301,"Married Male with two children, education: high school degree working as skilled manual",30 Thousand,"Specialty from Produce department, Ordered Brand : Ebony",25.0018,20.641,recyclable,"['Ready Food', 'Florist', 'Bar For Salad', 'Video Store', 'Coffee Bar']",Big Time Saving,Delux3 ,€4.3M,1.512 Millions,1871.15,593.93,395.95,val: 676.6574,SAo pAULO,SP,-23.622274456287144,-46.66992842714524,pocos de caldas,MG,,measure: nan,3.0
mc_ID_4302,"education: partial high school working as skilled manual, Married Female with No children",10K+,"Drinks from Beverages department, Ordered Brand : Excellent",10.3496,7.4279,non recyclable,,Three for One,Mid-S1ze,$11.4 Millions,4.788 Millions,2085.67,,522.49,570.5407,brasilia,DF,-15.860897819196252,-48.04271941277336,sao paulo, Sp ,-23.65111484251016,-46.75521082321932,2.0
mc_ID_4303,"Married Female with three children, education: graduate degree working as professional",Income: 90K+,"Vegetables from Produce department, Ordered Brand : Tell Tale",13.4021,9.04 kg,recyclable,,Weekend Discount,,€3.0M,1.0881 Millions,1506.5,227.8,151.9,614.002,FORTALEZA,CE,-3.7389337489736674,amount: -38.55893130848019,ibit1nga,sp,-21.7664768468313,-48.83154737836604,5.0 stars
mc_ID_4304,"Married Male with two children, education: high school degree working as management",130K+,"Bread from Baked Goods department, Ordered Brand : Modell",10.5822,6.2214,recyclable,"['Coffee Bar', 'Ready Food', 'Video Store', 'Bar For Salad', 'Florist']",Lottery Cash Registerion,Deluxe,$9.76 Millions,3.6112 Millions,1734.5,503.07,335.38,313.0678,sao p@ulo,Sp,-23.491262189566605,-46.57078597807146,sao paulo,Sp,-23.47623536441803,-46.58210664723873,5.0
mc_ID_4305,"Married Female with two children, education: high school degree working as skilled manual",50K+,"Vegetables from Frozen Foods department, Ordered Brand : Golden",12.4718,8.0965,recyclable,,Price Destroyers,MiD-SIze,5.84 Millions,1.9272 Millions,2819.7,447.7,298.5,777.2826,_campinas,SP,data: -22.972721108883828,-47.10226423093559,_Ibitinga,SP,-21.7664768468313,-48.83154737836604,4.0
mc_ID_4306,"Single Female with one child , education: high school degree working as skilled manual",30K+,"Snack Foods from Snack Foods department, Ordered Brand : Fort West",val: 14.2307,-12.7625,recyclable,['Coffee Bar'],Best Price Savers,Supermarket,7.23 Millions,2.3859 Millions,,440.92,293.95,$720.54,belem,Pa,-1.455169760979064,-48.48183489231919,s4o paulo,SP,-23.539494799586286,-46.63284391414975,4.0
mc_ID_4307,"Single Female with five children, education: high school degree working as skilled manual",30K+,"Fruit from Produce department, Ordered Brand : Ebony",amount: 10.6984,7.7913,non recyclable,,,Supermarket,2.1 Millions,0.651 Millions,2049.72,457.36,304.91,708.665,contagem,MG,-19.88852473277913,-44.08136349469984, blumenau,SC,-26.953576281983977,-49.08280584277794,measure: 2.0
mc_ID_4310,"married female with one child, education: partial college working as clerical",30K+,"Fruit from Produce department, Ordered Brand : High Top",19.4781,14.972,recyclable,,Price Destroyers,Mid-Size,"7.41 ,000,000illions",3.5568 Millions,,447.7,298.5,728.2775,cOSmOpOLIs,5P,-22.63040932101044,-47.20184824565054,culaba,Mt,-15.60297857178555,amount: -56.10296014321507,5.0
mc_ID_4311,"Married Female with one child, education: partial college working as skilled manual.",30K+,"Paper Products from Household department, Ordered Brand : Cormorant",8.8815,5.9743,recyclable,"['Video Store', 'Florist', 'Bar For Salad', 'Ready Food', 'Coffee Bar']",Shelf Emptiers,G0urmet,7.35 Millions,2.2785 Millions,1424.85,465.54,310.3,718.2882,american4, SP,-22.75357308071264,-47.3394119839509,rio do sul,SC,-27.20981137280685,-49.63292048422235,5.0 stars
mc_ID_4312,"Single Female with two childran, education: high school degree working as management",$70K+,"Candy from Snacks department, Ordered Brand : Choice",27.0368,measure: 24.1296,recyclable,['Coffee Bar'],Big Time Saving,Supermarket,"5.16 ,000,000illions",1.7028 Millions,1236.77,440.92,293.95,710.234,"jacare
",SP,-23.250572528997665,-47.05478099999999,ibitinga,SP,-21.7664768468313,-48.83154737836604,4.0
mc_ID_4313,"single male with one kid, education: high school degree working as manual",30K+,"Bread from Baked Goods department, Ordered Brand : Colony",10.9746,8.0674,non recyclable,"['Video Store', 'Bar For Salad', 'Ready Food', 'Coffee Bar', 'Florist']",One Day Sale,Gourmet,4.62 Millions,1.8942 Millions,1424.85,,310.67,,Florai,PR,-23.313596694739694,-52.30406621904029,novo hamburgo,Rs,-29.6881809883103,-51.0915608374261,5.0
mc_ID_4314,Single Female with five children and education: high school degree working as skilled manual,30K+ annually,"Snack Foods from Snack Foods department, Ordered Brand : Fort West",14.2307,28.14 lbs,recyclable,"['Florist', 'Ready Food', 'Coffee Bar', 'Bar For Salad']",Save It (Sale),dELUXe,$4.82 Millions,1.9762 Millions,2054.33,654.13,435.06,728.9051,Campinas,Sp,val: -22.931095563908823,-47.05470585586861,CURITIBA,	PR,-25.464029318048183,-49.30472794690424,5.0
mc_ID_4315,"Married Male with two children, education: high school degree working as manual",30K+,"Magazines from Periodicals department, Ordered Brand : Dollar",19.1874,620.42 oz,non recyclable,"['Ready Food', 'Video Store', 'Coffee Bar', 'Bar For Salad', 'Florist']",Bag Stuffer,DElUXe,6.76 Millions,2.2984 Millions,,503.07,335.38,432.1026,sao joeo da boa vista,SP,-21.98736396522239,-46.79543086278632, petrupolis,Rj,-22.549033360244323,-43.210094724044055,5.0
mc_ID_4316,"Single Male with No kids, education: high school degree working as skilled manual",€42K+,"Vegetables from Frozen Foods department, Ordered Brand : Carrington",25.0018,22.0946,recyclable,"['Coffee Bar', 'Bar For Salad', 'Ready Food', 'Video Store', 'Florist']",GLD,Deluxe,€1.6M,0.7749 Millions,,593.93,394.68,484.1411,sao paulo,SP ,data: -23.4806576014484,data: -46.636674914796,guarulhos,sp,-23.45179751457096,-46.55390064723872,5.0
mc_ID_4317,"SINGLEE FEMALE WITH TWO CHILDREN, EDUCATION: GRADUTE DEGREE WORKING AS PROFESSIONAL",110K+,"Electrical from Household department, Ordered Brand : Denny",25.2925,22.24,non recyclable,['Florist'],Roller Savings (High) ,supermarket,15.48 Millions,7.1208 Millions,1319.45,523.32,348.85,532.6232,vil@ dos cabanos,PA,-1.5173612204907765,-48.70150982365019,S4O LUIs, MA ,-2.546079233971952,-44.3089863702464,1.0
mc_ID_4318,"Single Male with two kids, education: partial college working as professional",-999,"Fruit from Produce department, Ordered Brand : Tri-State",15.2627,12.3555,non recyclable,,GLD,Supermarket,10.24 Millions,3.6864 Millions,1508,227.8,151.9,727.9637,conselheiro 	lafaiete,mg,-20.653541574550808,-43.79083732604181,_bauru, SP,-22.296469236850484,-49.03471065377948,3.0
mc_ID_4321,"Married Female with two children, education: high school degree working as manual",30k,"Pure Juice Beverages from Beverages department, Ordered Brand : Token",28.6358,25.7286,recyclable,['Coffee Bar'],,Supermarket,3.12 Millions,1.3728 Millions,,,293.95,710.234,barra do pirai,rj,-22.46516941183336,-43.8326283150137,mon7e siao,MG,-22.42880507067007,-46.569550269431765,5.0
mc_ID_4322,"Single Male with four children, education: high school degree working as manual",Not Specified,"Jams and Jellies from Baking Goods department, Ordered Brand : Super",9.7681,8.3,non recyclable,,Save It (Sale),supermarket,€11.5M,4.746 Millions,1623.48,341.05,227.33,353.7049,abreu e lim4_,pe,-7.917011030905907,-34.93042406634145,itapeva,5P,-23.975863693331,amount: -48.87459952903885,1.0
mc_ID_4324,"Married Male with No children, education: partial high school working as manual",$10K+,"Snack Foods from Snack Foods department, Ordered Brand : Fast",12.1956,-7.8349,recyclable,"['Bar For Salad', 'Ready Food']",Sales Days,Supermarket,5.8 Millions,1.798 Millions,2265.9,853.22,569.42,327.9733,CajaZeIRAS,PB,-6.895225938871665,-38.56192119638417,uba,Mg,-21.120087446232457,-42.91067895264525,data: 5.0
mc_ID_4326,"Single Male with three children, education: partial high school working as manual",Income: 10K+,"Frozen Desserts from Frozen Foods department, Ordered Brand : Golden",17.8792,14.972,non recyclable,"['Ready Food', 'Bar For Salad', 'Florist', 'Video Store', 'Coffee Bar']",Price Cutters,Gourmet,11.67 Millions,5.6016 Millions,1424.85,,310.3,675.716,jandaia do sul,PR,-23.606669525990736,-51.64366204983979,pinhais,PR,-25.44450819623171,-49.17725474672523,measure: 1.0
mc_ID_4328,"Single Male with No children, education: high school degree working as manual",30K+,"Meat from Deli department, Ordered Brand : Moms",,-1.0,recyclable,"['Ready Food', 'Coffee Bar', 'Video Store', 'Bar For Salad', 'Florist']",Dimes Off, Daluxe ,4.86 Millions,2.187 Millions,2038.11,481.98,321.26,602.7575,sao paulo,SP,-23.61935913765944,-46.75424524187779,guariba,SP,-21.36235769739203,-48.232975701561735,5.0
mc_ID_4329,"Single Female with four children, education: partial high school working as manual",30K+,"Vegetables from Frozen Foods department, Ordered Brand : Carrington",9.9862,8.5181,non recyclable,"['Ready Food', 'Florist', 'Coffee Bar', 'Bar For Salad']",Dollar Days,Deluxe,€3.1M,1.2512 Millions,2053.65,654.13,436.09,725.9763,SALVADoR,BA,-12.944695704685811,-38.46319257077729,sao paulo,Sp,val: nan,,4.0
mc_ID_4330,"Married Male with No children, education: partial HS working as manual",10K+,"Snack Foods from Snack Foods department, Ordered Brand : Fort West",23.2575,21.8039,recyclable,"['Florist', 'Ready Food', 'Bar For Salad', 'Video Store', 'Coffee Bar']",,D3luxe,6.45 Millions,2.7735 Millions,1871.16,595.93,396.08,data: 360.3993,Petropolis,RJ,-22.436244335022675,data: -43.14033841232948,	Sao PaULO,SP,-23.615020791563268,measure: -46.47934165652957,4.0
mc_ID_4332,"Married Male with four children, education: HS degree working as management",€59K+,"Snack Foods from Snack Foods department, Ordered Brand : Nationeel",28.6358,25.7286,recyclable,"['Bar For Salad', 'Florist', 'Ready Food', 'Coffee Bar', 'Video Store']",I Cant Believe It Sale,Deluxa,15.36 Millions,7.68 Millions,1734.5,503.07,335.38,363.3281,braganca paulista,SP,-22.934583000000003,-46.54834199999999, bauru,SP,-22.333806,-49.0911435,1.0
mc_ID_4333,"Married Female with two children, education: partial high school working as manual",30K+,"Vegetables from Produce department, Ordered Brand : Hermanos",11.6578,8.7506,recyclable,"['Bar For Salad', 'Ready Food', 'Coffee Bar', 'Video Store', 'Florist']",Discount Frenzy,Deluxe,6.69 Millions,2.0739 Millions,1871.16,593.93,395.14,326.352,porto alegre,RS,-30.12782206628604,-51.22261917680643,caxias do sul,r$,-29.16624369279465,-51.209531752064,4.0
mc_ID_4336,Married Male with No children; education: partial high school working as manual,10K+,"Paper Products from Household department, Ordered Brand : Cormorant",-10.1025,7.1807,recyclable,"['Bar For Salad', 'Ready Food']",Go For It,,7.76 Millions,3.492 Millions,2264.98,853.22,568.75,val: 553.0202,5ao paulo,$P,-23.594787920912832,-46.65388631138568,sANTOs,$P,-23.97025376741302,-46.31830300014421,val: 5.0
mc_ID_4338,"Married Male with three children, education: partial high school working as professional",90 Thousand,"Dairy from Dairy department, Ordered Brand : Club",24.7111,21.8039,non recyclable,"['Florist', 'Video Store', 'Coffee Bar', 'Ready Food', 'Bar For Salad']",Save It (Sale),D3luxe,€11.5M,5.5432 Millions,1526.48,373.1,248.79,393.4006,apiuna,SK,-27.104285999999945,-49.376370499999965,maua,SP,val: -23.68011442853022,-46.4524537436668,4.0
mc_ID_4339,"Single Female with one child, education: bachelors degree working as management",110K or more,"Snack Foods from Snack Foods department, Ordered Brand : Horatio",59.61 lbs,24.1296,recyclable,"['Ready Food', 'Coffee Bar', 'Florist', 'Bar For Salad']",Super Duper Savers,Deluxe,5.37 Millions,2.2017 Millions,2056.08,654.13,,364.2695,porto alegre,RS,-30.02996719492721,-51.2285747494748,porto alegre,RS,-30.00731246906908,-51.19422244408211,val: 5.0
mc_ID_4340,"Single Female with two children, education: partial college working as management",30K+,"Meat from Deli department, Ordered Brand : Moms",23.5482,20.641,recyclable,['Coffee Bar'],Savings Galore,,11.55 Millions,4.389 Millions,,442.92,293.95,724.5119,porto alegre,RS,-30.04623721344161,-51.18559141220381,cAMpO limPo PauliSta,SP,-23.20706431353269,-46.760735214610754,5.0
mc_ID_4342,Married Male with two children; education: partial high school working as skilled manual,120+ monthly,"Beer and Wine from Alcoholic Beverages department, Ordered Brand : Pearl",-23.5482,22.0946,non recyclable,['Coffee Bar'],,	SUpeRMArkeT,2.6 Millions,0.806 Millions,1236.07,440.92,293.95,720.5371,fortalaza,ce,-3.811709996393315,measure: -38.49416225728547,Sao Paulo,sp,-23.54331467943905,-46.52124670344508,3.0
mc_ID_4343,"Married Female with No children, education: partial high school working as skilled manual",10K+,"Breakfast Foods from Frozen Foods department, Ordered Brand : Big Time",28.7811,27.1822,non recyclable,,Two Day Sale,Mid-Size,€3.2M,1.6254 Millions,2819.7,447.7,298.5,495.7517,peruibe,sp,-24.30942886354128,-46.991091315656,Foz Do Iguacu,Pr,-25.548584861815545,-54.58121020316589,5.0
mc_ID_4344,"Married Female with five children, education: bachelors degree working as professional",50K+,"Vegetables from Produce department, Ordered Brand : Tri-State",31.1069,29.5079,non recyclable,"['Ready Food', 'Florist', 'Video Store', 'Coffee Bar', 'Bar For Salad']",Price Winners,Deluxe,4.71Ms,1.884 Millions,1871.16,595.93,395.95,436.9665,sao paulo,SP,-23.71535119900167,-46.70368050721337,sao paulo,SP_,-23.571084458220376,-46.70899251887011,5.0
mc_ID_4345,"Single Male wiht one child, education: partial High School working as manual",120+ monthly,"Snack Foods from Snack Foods department, Ordered Brand : Nationeel",16.2802,14.6813,non recyclable,,GLD,suPErmaRKET,€8.8M,3.8406 Millions,2048.45,457.36,304.91,697.7866,"porto alegre
",rs,-30.05198212155928,measure: -51.18651997336826,RIO DO SUL,5C,-27.20981137280685,-49.63292048422235,1.0
mc_ID_4349,"Single Female with one child, education: partial high school working as skilled manual",10K+,"Breakfast Foods from Frozen Foods department, Ordered Brand : Imagine",21.5132,17.1524,recyclable,"['Bar For Salad', 'Ready Food']",Super Savers,Supermarket_,6.78 Millions,2.5086 Millions,2448.37,470.27,313.77,754.7413,na7al,RN,-5.805061455479495,-35.20215321197441,SAO LUIS,	MA,val: -2.546079233971952,-44.3089863702464,5.0
mc_ID_4352,"Single Male with five children, education: partial high school working as manual",€8K+,"Bathroom Products from Household department, Ordered Brand : Sunset",10.4368,8.9687,non recyclable,['Coffee Bar'],,Supermarke7,1.59 Millions,0.6042 Millions,1233.64,440.92,294.54,364.1649,"manhu4cu
",MG,-20.265441566422545,-42.044386189900685,lagoa santa,MG,-19.5921849600698,amount: -43.90098205233704,4.0
mc_ID_4353,"Single Male with one child, education: high school degree working as professional",70K+,"Dairy from Dairy department, Ordered Brand : Carlson",12.7771,8.4018,recyclable,"['Ready Food', 'Coffee Bar', 'Video Store', 'Florist', 'Bar For Salad']",GLD,,9.44Ms,3.2096 Millions,1871.16,593.93,395.95,484.1411,SUZANO,SP ,-23.49941009587538,val: -46.318061954445504,uberlandia,MG,-18.925348871775626,-48.24236513543774,4.0
mc_ID_4355,"Married Female with one child, education: High School degree working as manual",30K+,"Electrical from Household department, Ordered Brand : Red Wing",14.972,12.0648,recyclable,"['Bar For Salad', 'Ready Food']",Super Savers,Supermarket,14.76Ms,4.5756 Millions,2448.37,472.27,313.55,719.3865,_campinas, SP,amount: -22.98752993345535,-47.11656504772553,iTAQuaQUECEtubA,SP,-23.48262344063541,val: -46.37448952833195,4.0
mc_ID_4357,"Single Female with four children, education: graduate degree working as professional",70K+,"Magazines from Periodicals department, Ordered Brand : Gauss",23.4028,21.9493,recyclable,"['Bar For Salad', 'Florist', 'Coffee Bar', 'Ready Food']",Best Price Savers,GOurmEt,11.12 Millions,4.8928 Millions,1565.76,385.45,256.97,558.1979,sao jose do rio preto,SP,-20.77666689078261,-49.36287357278835,campolimpopaulista,Sp,-23.20706431353269,-46.760735214610754,measure: 5.0
mc_ID_4358,"Married Male with four children, education: partial high school working as skilled manual, education: partial high school working as skilled manual",120+ monthly,"Breakfast Foods from Breakfast Foods department, Ordered Brand : Radius",12.2102,data: 10.7421,non recyclable,['Florist'],Shelf Emptiers,supermarket,2.58 Millions,1.2384 Millions,1317.34,523.32,347.06,564.2647,caieiras,sp,-23.347181487784244,val: -46.75491144661285,sao goncalu,RJ,-22.82787,-43.01969625000001,4.0
mc_ID_4360,"Single Male with four children, education: high school degree working as manual",30K+,"Pizza from Frozen Foods department, Ordered Brand : PigTail",27.1822,24.275,non recyclable,"['Coffee Bar', 'Ready Food', 'Florist', 'Bar For Salad', 'Video Store']",Big Time Saving,Deluxe,5.8 Millions,2.842 Millions,1733.3,503.07,335.38,279.5435,sao paulo,SP,data: -23.524074769667923,-46.45826882323692,guariba,	5P,-21.36235769739203,-48.232975701561735,2.0
mc_ID_4361,"Married Female with one child, education: partial college working as professional, education: partial college working as professional",130K+,"Bathroom Products from Health and Hygiene department, Ordered Brand : Consolidated",-23.5482,20.641,non recyclable,,Price Winners,SUPERMARKET,1.46 Millions,0.7008 Millions,2049.72,,304.67,data: 599.358, salvador,B@,-13.001442317790987,-38.528011057735554,sao paulo,sP,-23.541941545934563,-46.49095488842404,4.0
mc_ID_4362,"Married Female with No kidren, education: partial high school working as skilled manual",10K+,"Vegetables from Frozen Foods department, Ordered Brand : Imagine",20.0596,15.6988,recyclable,"['Ready Food', 'Coffee Bar', 'Florist', 'Bar For Salad']",Dollar Days,Deluxe,$8.67 Millions,4.2483 Millions,,654.13,438.08,$725.98,sao goncalo,RJ,-22.81726742662304,-43.03948051450261,guariba,SP,-21.36235769739203,-48.232975701561735,5.0
mc_ID_4363,"Married Female with three children, education: partial High School working as professional",130K+ annually,"Dairy from Dairy department, Ordered Brand : Even Better",amount: 17.8792,13.5184,non recyclable,"['Ready Food', 'Coffee Bar', 'Bar For Salad', 'Florist']",Weekend Discount,Gourmet,"11.52 ,000,000illions",5.2992 Millions,1564.01,387.45,257.74,470.177,blumenau,SC,-26.87609219920492,-49.11778268660643,FRancA,SP,-20.530671079410943,-47.39851931627846,5.0
mc_ID_4364,"Single Male with four children, education: bachelors degree working as professional",50K+,"Snack Foods from Snack Foods department, Ordered Brand : Horatio",16.1349,val: 11.7741,non recyclable,,One Day Sale,,5.68 Millions,1.988 Millions,1507.13,227.8,151.9,613.4267,SUMARE,SP,-22.828654864562257,-47.267296160568925,belo horizonte,MG,data: -19.91624655709342,-43.93623364096637,5.0
mc_ID_4365,"Single Female with three kidren, education: HS degree working as skilled manual",50K+,"Vegetables from Produce department, Ordered Brand : Ebony",25.2925,22.24,recyclable,"['Ready Food', 'Bar For Salad', 'Florist', 'Coffee Bar']",,Deluxe,8.91 Millions,3.2076 Millions,2057.42,656.13,436.56,267.3576,nova esperanca,PR,-23.18533180616245,-52.2042845918601,colombo,PR,-25.371298736141743,data: -49.18823376385825,5.0
mc_ID_4366,"Married Male with one child, education: bachelors degree working as professional",50K+,"Jams and Jellies from Baking Goods department, Ordered Brand : Plato",-13.1114,8.7506,non recyclable,"['Coffee Bar', 'Florist', 'Video Store', 'Ready Food', 'Bar For Salad']",Roller Savings (High) ,Gourmet,11.0 Millions,3.41 Millions,1424.85,465.54,310.3,532.6232,P4LMEIRA,SC,-27.58405028223308,-50.16019048698978,ribeirao pires,Sp,-23.70206320161832,-46.40534820551376,1.0
mc_ID_4367,"Married Male with three children, education: bachelors degree working as management",50K+,"Snack Foods from Snack Foods department, Ordered Brand : Fast",11.7014,8.7942,non recyclable,"['Coffee Bar', 'Video Store', 'Ready Food', 'Bar For Salad', 'Florist']",One Day Sale,DeLuxE,3.28 Millions,1.148 Millions,2038.11,483.98,321.26,767.3456,kAMPiNaS,SP,-22.792785003606685,amount: -47.08550995989381,sao paulo,$P,-23.554079433810344,-46.53324185942636,4.0
mc_ID_4369,"Single Female with four children , education: high school degree working as skilled manual",30K+,"Specialty from Produce department, Ordered Brand : Tell Tale",16.7163,-12.3555,recyclable,,-999,Mid-Size,$14.72 Millions,4.5632 Millions,2085.67,783.64,521.66,778.5901,sao paulo,SP_,-23.55951039494492,-46.66706390175425,meringa,PR,-23.377396999935016,-51.93100618003307,4.0
mc_ID_4371,"Married Female with four children, education: graduate degree working as professional",70K+,"Dairy from Dairy department, Ordered Brand : Club",9.1722,-4.7969,recyclable,['Florist'],Dollar Days, Supermarket,7.52 Millions,3.3088 Millions,1320.15,523.32,348.85,748.0992,	SAntaNa,AP,-0.0535231382433362,-51.16074622168749,barretos,$P,-20.5342210194687,-48.56356843130872,4.0
mc_ID_4372,"Married Female with two children, education: partial high school working as manual",10K+,"Hardware from Checkout department, Ordered Brand : Black Tie",15.4081,12.5009,non recyclable,"['Florist', 'Coffee Bar', 'Ready Food', 'Bar For Salad', 'Video Store']",,deluxe,2.01 Millions,0.9246 Millions,2038.11,481.98,319.67,495.7517,c@tanduva,SP,-21.120223443818773,-49.03876045243031,sao jose do rio preto,SP,-20.84380119949777,-49.36891118527178,4.0
mc_ID_4374,"Single Male with two children, education: partial high school working as skilled manual",10K+,"Snack Foods from Snack Foods department, Ordered Brand : Best Choice",22.8214,21.2225,non recyclable,"['Bar For Salad', 'Florist', 'Ready Food', 'Coffee Bar', 'Video Store']",Save Price,Deluxe,€5.0M,2.2572 Millions,1737.07,505.07,337.04,419.9167,duque de caxias,RJ,-22.76533474882392,-43.30808280493542,Sao Paulo,SP,-23.537511255832708,-46.63705730743676,5.0
mc_ID_4375,"Single Female with two children, education: high school degree working as professional",90K+,"Baking Goods from Baking Goods department, Ordered Brand : Landslide",16.4256,13.5184,non recyclable,"['Video Store', 'Coffee Bar', 'Bar For Salad', 'Ready Food', 'Florist']",,"Deluxe
",10.36 Millions,5.0764 Millions,1526.71,373.1,248.79,560.656,mariCA,RJ,-22.950843231750724,-42.96230078206926,belo horizonte,MG,-19.921126734952896,-43.94119674937962,4.0
mc_ID_4377,"Single Female with two children, education: bachelor'ss degree working as professional",90K+,"Meat from Deli department, Ordered Brand : American",9.899,5.5237,non recyclable,,Sales Days,Supermarket,8.28 Millions,2.898 Millions,,457.36,303.35,measure: 610.5502,ipatimga,MG,-19.4609515387212,measure: -42.525487901061766,lauro de freitas,Ba,-12.895112589380958,-38.33895999999978,5.0
mc_ID_4378,"Married Male with two children, education: bachelors degree working as professional",50K+,"Vegetables from Produce department, Ordered Brand : Hermanos",20.0596,18.606,recyclable,"['Florist', 'Ready Food', 'Coffee Bar', 'Bar For Salad', 'Video Store']",Promo Big,,2.76 Millions,1.104 Millions,1871.16,595.93,395.95,578.2288,votorantim,SP,-23.55641699169012,-47.4445312013676,RIO DE JANEIRO, Rj,-22.842290284753936,-43.29762071175495,3.0
mc_ID_4379,"Married Male with four children, education: high school degree working as professional",90K+,"Snack Foods from Snack Foods department, Ordered Brand : Horatio",-10.2333,7.3116,non recyclable,"['Ready Food', 'Florist', 'Bar For Salad', 'Coffee Bar']",,Deluxe,9.24 Millions,3.4188 Millions,,,436.09,364.2695,Sao Paulo,sp,-23.540986006376645,-46.584929692480806,maringa,PR ,-23.41000679702781,-51.88262571961486,5.0
mc_ID_4380,"Single Male with one child, education: HS degree working as professional",90K+,"Kitchen Products from Household department, Ordered Brand : Red Wing",-12.7771,8.4018,non recyclable,"['Coffee Bar', 'Ready Food', 'Florist', 'Bar For Salad']",Sale : Double Down,,€6.7M,2.9193 Millions,2056.66,654.13,437.84,500.7202,saO PaUlO,SP,-23.44569598612154,-46.7212818044608,LEÑcOis paULIsTa,SP,-22.6025864711492,-48.81247149518349,3.0
mc_ID_4381,"Married Male with two children, education: partial high school working as manual",10K+,"Fruit from Produce department, Ordered Brand : High Top",17.1524,12.7916,non recyclable,['Coffee Bar'],Sale Sale Sale, Supermarket,4.47 Millions,2.235 Millions,1236.07,440.92,293.95,473.7334,betlm,MG,-19.94861206494891,-44.16252047002138,sao paulo,SP,-23.6442788484621,-46.66304850360666,5.0
mc_ID_4383,"Married Female with No children, education: bachelors degree working as professional",70K+,"Miscellaneous from Checkout department, Ordered Brand : Queen",-19.7689,16.8617,recyclable,['Florist'],Price Winners, Supermarket,"5.64 ,000,000illions",2.0868 Millions,1320.15,523.32,348.85,640.7273,sete 1agoas,MG,-19.447338587123927,-44.21712257170282,congonhal,MG,amount: -22.15937587770692,-46.04402732344177,4.0
mc_ID_4384,"Single_Male_with_No_children_,_education:_partial_high_school_working_as_skilled_manual",30K+,"Fruit from Produce department, Ordered Brand : Ebony",val: 11.12,8.2128,recyclable,['Florist'],Two for One,sUpERmarKEt,€4.9M,1.8336 Millions,1317.97,523.32,348.85,360.7131,$ao paulo,SP,-23.56697498834324,val: -46.54905289454087,ribeirao preto,sp,amount: -21.116471333054424,-47.79073400291418,amount: 4.0
mc_ID_4385,"Single Male with one child, education: bachelors degree working as management",50K+,"Beer and Wine from Alcoholic Beverages department, Ordered Brand : Pearl",13.0969,10.1897,non recyclable,"['Ready Food', 'Bar For Salad']",Three for One,,1.62 Millions,0.7614 Millions,2265.9,853.22,568.75,618.4475,Santo Andre ,SP,-23.653211574239744,-46.55446338438468,itaquaquecetuba,SP,amount: -23.48262344063541,data: -46.37448952833195,5.0
mc_ID_4386,"Married Male with three children, education: bachelor'ss degree working as management",70 Thousand,"Beer and Wine from Alcoholic Beverages department, Ordered Brand : Portsmouth",23.5482,-19.1874,recyclable,"['Ready Food', 'Coffee Bar', 'Bar For Salad', 'Florist']",Save Price,deluxe,8.64 Millions,2.9376 Millions,2055.29,654.13,436.24,584.191,jundiai,sP,-23.151712385018914,-46.97128780668247,curitiba,PR,-25.508669747227305,data: -49.33026677895873,4.0
mc_ID_4387,"education: bachelors degree working as professional, Married Male with No children",$50K+,"Beer and Wine from Alcoholic Beverages department, Ordered Brand : Good",15.2627,-12.3555,non recyclable,"['Ready Food', 'Coffee Bar', 'Bar For Salad', 'Florist', 'Video Store']",Save It (Sale),,8.52 Millions,4.0044 Millions,,503.07,337.08,755.1074,cajamar,SP,-23.343487811300083,-46.840175855948345,guaruIhos,SP,-23.453200132516344,amount: -46.484469408993874,5.0
mc_ID_4389,"Married Female with two children, education: partial college working as professional",30K+,"Pure Juice Beverages from Beverages department, Ordered Brand : Fabulous",-0.1,20.0596,non recyclable,"['Florist', 'Bar For Salad', 'Ready Food', 'Coffee Bar']",Two Day Sale,Deluxe,11.84Ms,4.8544 Millions,2055.29,654.13,436.09,542.0895,sAo PauLo,SP,-23.49011863474525,val: -46.65070318122806,curitiba,PR,-25.4389681470945,-49.27448441188181,5.0
mc_ID_4390,"Married Male with two children, education: bachelors degree working as professional",10 Thousand,"Seafood from Seafood department, Ordered Brand : Tip Top",30.9615,-0.1,recyclable,['Coffee Bar'],Best Savings,Supermarket,10.8Ms,5.184 Millions,1238.89,440.92,293.95,€506.83,SAlvaDoR,	BA,-12.94079433772401,-38.50070091206361, ribelrao preto,SP,-21.17121748495008,-47.81941847157649,4.0
mc_ID_4391,"Married Male with two children, education: bachelors degree working as professional",10k,"Fruit from Produce department, Ordered Brand : Tell Tale",20.0596,17.1524,non recyclable,"['Video Store', 'Florist', 'Ready Food', 'Coffee Bar', 'Bar For Salad']",Sale : Double Down,DELUXE,6.96 Millions,3.0624 Millions,1525.28,373.1,248.79,val: 746.3733,guarulhos,$p,-23.459619887039068,amount: -46.53766542783774,IBItingA,5P,-21.7664768468313,-48.83154737836604,1.0
mc_ID_4392,"Single Female with one child, education: partial high school working as professional",$150K+,"Snack Foods from Snack Foods department, Ordered Brand : Best Choice",data: 23.5482,20.641,non recyclable,"['Coffee Bar', 'Video Store', 'Florist', 'Ready Food', 'Bar For Salad']",Price Slashers,Deluxe,$10.32 Millions,5.0568 Millions,,503.07,,282.9953,5ao jose dos campos,SP,-23.27507448002016,-45.889107474000994,Jaragua Do Sul,Sc,-26.46850294670808,-49.109883098307336,5.0
mc_ID_4394,"Single Female with three children, education: High School degree working as manual",360+ monthly,"Eggs from Eggs department, Ordered Brand : Jumbo",11.0764,8.1547,recyclable,"['Bar For Salad', 'Video Store', 'Ready Food', 'Coffee Bar', 'Florist']",Sale : Double Down,GoUrmEt,11.88 Millions,5.7024 Millions,1424.85,465.54,310.3,292.6708,guarulhos, Sp ,val: -23.443265682209017,-46.46568017485144,limeira,SP,-22.56835042131686,val: -47.44743947974489,5.0
mc_ID_4395,Single Female with three children - education: partial college working as clerical,30K+,"Paper Products from Household department, Ordered Brand : Denny",30.6708,val: 27.7636,non recyclable,"['Bar For Salad', 'Ready Food']",Two for One,,7.16 Millions,2.148 Millions,2265.9,853.22,568.75,555.426,recife,PE,-8.07073719677996,-34.910678572162254,diadema,SP,data: -23.68008452677597,-46.62410537301638,5.0
mc_ID_4397,"Married Female with four children, education: partial college working as professional",110K+ annually,"Vegetables from Produce department, Ordered Brand : Tell Tale",23.8389,42.62 lbs,recyclable,"['Video Store', 'Florist', 'Bar For Salad', 'Coffee Bar', 'Ready Food']",Shelf Clearing Days,DELUXE,7.23 Millions,3.3981 Millions,1871.16,593.93,394.52,516.7763,ritapolis,MG_,-21.02319250564844,-44.31894402646041,$ao paulo,SP,-23.554079433810344,-46.53324185942636,5.0
mc_ID_4398,"Married Male with five children, education: high school degree working as manual",30000,"Snack Foods from Snack Foods department, Ordered Brand : Fast",-30.0894,27.1822,recyclable,,Price Slashers,Supermarket,10.6 Millions,4.028 Millions,1623.48,341.05,225.66,277.0331,sorocaba,SP,-23.46237169747245,-47.47117224424374,sao jose dos campos,SP,-23.221431461827063,-45.888163895493165,4.0
mc_ID_4399,"Married Male with one child, education: partial high school working as manual",30k,"Electrical from Household department, Ordered Brand : Red Wing",19.9142,18.3153,recyclable,,Weekend Discount,Supermarket,"8.01 ,000,000illions",2.6433 Millions,1508,227.8,151.16,735.1811,sao paulo,5P,-23.72423806494892,amount: -46.687786616711854,CAMPO LIMPO PAULISTA,SP,-23.20706431353269,-46.760735214610754,4.0
mc_ID_4400,"Single Female with four children, education: high school degree working as skilled manual",30000,"Snack Foods from Snack Foods department, Ordered Brand : Best Choice",29.5079,27.909,recyclable,['Coffee Bar'],Super Duper Savers,sUpermARKeT,12.76Ms,5.2316 Millions,1235.07,440.92,,418.4,jacupiranga,SP,val: -24.715799471973146,data: -48.00772649327381,guarulhos,Sp ,-23.46530411469876,-46.51148732089968,5.0
mc_ID_4401,"Married Male with three children, education: bachelor'ss degree working as management",$70K+,"Specialty from Produce department, Ordered Brand : Tri-State",28.6358,24.275,non recyclable,"['Bar For Salad', 'Florist', 'Coffee Bar', 'Ready Food']",Super Savers,Deluxe,2.64 Millions,1.2408 Millions,2055.29,654.13,435.55,373.9973,buriti,MA,-3.943335705268429,-42.90917998697107,ribeirao das neves,MG,measure: -19.76655607171568,-44.00162722365764,1.0
mc_ID_4402,"Single Female with one kid, education: bachelor'ss degree working as professional",50K+,"Snack Foods from Snack Foods department, Ordered Brand : Horatio",17.4431,13.0823,non recyclable,"['Bar For Salad', 'Ready Food', 'Coffee Bar', 'Florist', 'Video Store']",unknown,,6.36Ms,2.0988 Millions,2038.11,481.98,321.47,767.3456,pedro leopoldo,MG,-19.652292291953287,measure: -44.056767929538886,sao paulo,SP_,-23.605673521784304,amount: -46.618990239800326,5.0
mc_ID_4405,"Single Male with four children, education: partial college working as skilled manual",30 Thousand,"Cleaning Supplies from Household department, Ordered Brand : Sunset",30.5255,26.1647,non recyclable,"['Ready Food', 'Bar For Salad']",Shelf Clearing Days,Supermarket,$3.32 Millions,1.3612 Millions,2447.98,470.27,313.55,amount: 363.6942,tres coracoes,mg,-21.69216794221008,-45.25804903964345,mARinga,PR,-23.41848622413047,-51.92625934548862,1.0
mc_ID_4406,"education: graduate degree working as professional, Single Female with two children",70K+,"Kitchen Products from Household department, Ordered Brand : Denny",30670.80 grams,26.31,non recyclable,"['Ready Food', 'Bar For Salad']",You Save Days,Supermarket,6.32 Millions,2.5912 Millions,2265.9,855.22,568.75,268.1421,RIO DE JANEIRO,RJ,-22.92173310574757,-43.25868934445138,serra negra,SP,-22.596440207291085,-46.71196868822353,4.0
mc_ID_4408,"Single Male with No kids, education: graduate degree working as professional",50k,"Meat from Deli department, Ordered Brand : Cutting Edge",18.1699,13.8091,recyclable,['Florist'],Save Price,_Supermarket,7.28 Millions,3.5672 Millions,1320.15,,348.85,670.486,sao joao do paraiso,MA,-6.463947222435493,-47.056036299101095,piracicaba,SP,-22.726257875353635,-47.63781138952056,3.0
mc_ID_4409,"Married Female with two children, education: partial high school working as skilled manual",10K+,"Jams and Jellies from Baking Goods department, Ordered Brand : BBB Best",18.606,17.1524,non recyclable,"['Bar For Salad', 'Florist', 'Video Store', 'Ready Food', 'Coffee Bar']",,,$4.4 Millions,1.584 Millions,1871.16,593.93,395.95,295.4427,n1teroi,RJ,-22.89428279372572,-43.12073703239408,santo andre,SP,-23.66033225007211,-46.52820295475792,4.0
mc_ID_4410,"Single Female with three children, education: partial high school working as skilled manual",120+ monthly,"Snack Foods from Snack Foods department, Ordered Brand : Best Choice",-12.6608,9.7536,non recyclable,,Sales Days,SUPERMARKET,2.46 Millions,0.8118 Millions,1623.48,341.05,227.33,743.1307,cangucu,rs,-31.3877973542677,val: -52.683643999668526,sao paulo,SP,-23.554079433810344,-46.53324185942636,measure: 5.0
mc_ID_4411,"Single Female with two children, education: graduate degree working as professional",90000,"Jams and Jellies from Baking Goods department, Ordered Brand : BBB Best",-11.12,6.7592,recyclable,"['Bar For Salad', 'Coffee Bar', 'Video Store', 'Ready Food', 'Florist']",Two Day Sale,,5.92 Millions,1.9536 Millions,,465.54,310.91,£571.73,fortaleza,CE,-3.756561187602797,-38.51914418340113,MAUA,5P,-23.656676689970634,-46.44420755410021,5.0
mc_ID_4412,"Single Male with two children, education: graduate degree working as management",Income: 70K+,"Candy from Snacks department, Ordered Brand : Thresher",25.4379,23.9843,recyclable,['Coffee Bar'],Two Day Sale,Supermarket,"13.76 ,000,000illions",4.5408 Millions,1236.07,440.92,293.28,477.3944,Mossoro,RN,-5.20308505556572,-37.33906047500442,cruzeiro,SP,-22.57792780460501,val: -44.95825089647411,measure: 4.0
mc_ID_4413,"Single Female with four children, education: partial high school working as management",$90K+,"Jams and Jellies from Baking Goods department, Ordered Brand : Plato",28.0543,amount: 23.5482,recyclable,['Coffee Bar'],Sale : Double Down,Small Grocery,3.36 Millions,1.68 Millions,2069.04,,,678.0172,salvador,BA,-12.973807037191987,-38.4819239023025,rio de janeiro,Rj,-22.972956517889177,-43.39706327699233,1.0
mc_ID_4414,"Married  Female  with  four  children,  education:  partial  high  school  working  as  professional",90K+,"Pizza from Frozen Foods department, Ordered Brand : Carrington",27.909,26.4554,recyclable,"['Bar For Salad', 'Coffee Bar', 'Ready Food', 'Video Store', 'Florist']",Price Smashers,Deluxe ,"10.35 ,000,000illions",4.347 Millions,1525.94,373.1,248.79,499.2035,sOrOCaBa, 5p,-23.50616891395926,-47.43999487691152,Maringa,PR,-23.41848622413047,-51.92625934548862,5.0
mc_ID_4415,"Married Male with two children, education: high school degree working as manual",30K+,"Carbonated Beverages from Beverages department, Ordered Brand : Skinner",22.0946,19.0421,recyclable,"['Bar For Salad', 'Ready Food']",,supermarket,4.88 Millions,2.0496 Millions,2448.37,470.27,,576.1891,brasilia,DF,-15.791398232240027,-47.85698890190887,cotia,$P,-23.6051651312828,-46.92504614654623,1.0
mc_ID_4417,"Single Female with two children, education: graduate degree working as professional",€93K+,"Snack Foods from Snack Foods department, Ordered Brand : Fast",11.7014,8.7942,non recyclable,"['Bar For Salad', 'Ready Food']",Sales Days, Supermarket,4.92 Millions,1.5744 Millions,2263.2,,568.75,327.9733, belo horizonte ,MG,-19.9816281629062,-44.01207688856828,sao paulo,$P,-23.606332072162274,-46.488808985429046,measure: 5.0
mc_ID_4418,"SiNgLe fEmAlE WiTh tHrEe cHiLdReN, eDuCaTiOn: HiGh sChOoL DeGrEe wOrKiNg aS PrOfEsSiOnAl",130K+,"Eggs from Eggs department, Ordered Brand : Urban",28.0543,25.0018,recyclable,"['Ready Food', 'Bar For Salad']",Mystery Sale,Supermarket,9.4 Millions,3.948 Millions,2265.9,853.22,568.75,444.3931,campinas,5P,-22.98722237101393,-47.151072819246686,Sao 	Luis,MA,-2.546079233971952,-44.3089863702464,5.0
mc_ID_4419,"Single Female with one child, education: high school degree working as skilled manual",30K+,"Dairy from Dairy department, Ordered Brand : Booker",12.2393,7.8785,recyclable,"['Bar For Salad', 'Ready Food', 'Video Store', 'Florist', 'Coffee Bar']",Save Price,Deluxe,2.82 Millions,0.9024 Millions,1734.5,503.07,335.38,419.9167,guaraciaba do norte,CE,-4.166813756806272,-40.75206516990775,belo horizonte,_MG,-19.926141851520523,-43.93684827200066,5.0
mc_ID_4420,"Married Female with four children, education: bachelors degree working as professional",$50K+,"Vegetables from Canned Foods department, Ordered Brand : Bravo",10.7421,9.2739,recyclable,"['Bar For Salad', 'Ready Food']",Big Time Discounts,Supermarket,6.64Ms,2.5232 Millions,2448.37,470.27,313.55,501.9754,caldas novas,go,measure: -17.73809306838113,-48.61592058436871,bebedouru,SP,-20.928623885001464,-48.49299639722605,5.0
mc_ID_4421,"Married Male with three children, education: bachelors degree working as professional, education: bachelors degree working as professional",50K+,"Specialty from Produce department, Ordered Brand : Ebony",27.3275,24.275,non recyclable,"['Coffee Bar', 'Bar For Salad', 'Ready Food', 'Florist']",,Gourmet,7.17 Millions,3.4416 Millions,1561.97,385.45,256.97,637.6939,junqueiropolis,SP,-21.51865436309028,-51.43460140551366,pRAIa gRaNDE,	SP,measure: -24.026786758814687,-46.49304889148245,5.0
mc_ID_4424,"MARRIED MALE WITH THREE CHILDREN, EDUCATION: PARTIAL HS WORKING AS MANUAL",10K+,"Hygiene from Health and Hygiene department, Ordered Brand : Steady",12.9224,-8.5617,non recyclable,,,Supermarket,4.28 Millions,1.8832 Millions,2046.81,457.36,304.91,data: 418.1385,araxa_,MG_,val: -19.5910731707997,data: -46.945463447657474,registro,SP,-24.49203032806276,val: -47.83413137913321,5.0
mc_ID_4425,"Single Male with one child, education: bachelors degree working as management",70K+,"Canned Sardines from Canned Foods department, Ordered Brand : Bravo",9.3611,7.9075,recyclable,['Florist'],Save It (Sale),Supermarket,8.04 Millions,2.412 Millions,1321.14,523.32,Not Specified,427.7617,_jundiai,SP,-23.1499945529718,-46.946297992498806,SAO PAULU,SP,-23.57203616319466,val: -46.61521226741304,val: 4.0
mc_ID_4426,"Single Female with three children, education: graduate degree working as professional",Income: 70K+,"Meat from Deli department, Ordered Brand : Moms",25.7286,24.275,recyclable,"['Video Store', 'Coffee Bar', 'Florist', 'Bar For Salad', 'Ready Food']",Two Day Sale,_Deluxe,"9.64 ,000,000illions",4.2416 Millions,2039.29,481.98,321.26,495.7517,sao  paulo,_SP,-23.64348821065844,-46.605521299613336,joinville,SC,-26.270134671231133,-48.80876106346335,1.0
mc_ID_4427,"Married Male with No kidren, education: bachelors degree working as management",90K or more,"Seafood from Seafood department, Ordered Brand : Amigo",11.5125,10.0589,non recyclable,"['Florist', 'Ready Food', 'Coffee Bar', 'Video Store', 'Bar For Salad']",Sale Winners,Deluxe,$11.16 Millions,5.022 Millions,1871.16,595.93,395.95,519.7574,LEME,SP,-22.188010549332656,-47.38890953944135, Ponta Grossa ,PR,amount: -25.08190948098565,-50.13386723910784,5.0
mc_ID_4428,"Single Female with two children, education: high school degree working as manual",30K+,"Breakfast Foods from Frozen Foods department, Ordered Brand : Carrington",15.1174,measure: 12.1956,recyclable,"['Florist', 'Coffee Bar', 'Ready Food', 'Bar For Salad', 'Video Store']",,Deluxe,2.62 Millions,1.31 Millions,1525.28,375.1,248.79,746.3733,mAtIAs bARbos4,MG,-21.872620417493856,-43.32746392403574,Sao Paulo,SP,-23.48934571357261,-46.47738070858095,4.0
mc_ID_4429,"Married Female with four children, education: bachelors degree working as management, Married Female with four children",110K+,"Dairy from Dairy department, Ordered Brand : Carlson",data: 28.1997,-25.1472,non recyclable,"['Coffee Bar', 'Florist']",I Cant Believe It Sale,,€3.9M,1.84 Millions,2551.4,TBD,259.66,275.9871,indaiatuba,sp,amount: -23.0836437668634,-47.20306975013413,praia grande,SP,-24.011288218359883,-46.41873374429398,5.0
mc_ID_4430,"Single Female with two children, education: partial high school working as manual",10000,"Snack Foods from Snack Foods department, Ordered Brand : Best Choice",val: 23.4028,21.9493,non recyclable,['Coffee Bar'],Price Cutters,Small Grocery,2.63 Millions,1.1046 Millions,1423.37,398.93,265.98,363.0666,SAOPAULO,SP,-23.56786401832186,-46.59242413059029,"GUARULHOS
",sP,-23.45088569608748,val: -46.54498377407813,2.0
mc_ID_4433,"Married Female with No children, education: batchelors degree working as management",70K+,"Canned Tuna from Canned Foods department, Ordered Brand : Pleasant",12.9515,8.5762,recyclable,"['Ready Food', 'Florist', 'Coffee Bar', 'Bar For Salad', 'Video Store']",Bag Stuffer,,4.11Ms,1.233 Millions,,503.07,335.38,432.1026,barra do pirai,RJ,-22.46147037471465,-43.81378645093037,sao paulo,SP,-23.693985995008337,-46.70188324132953,4.0
mc_ID_4435,"Single Male with four children, education: high school degree working as manual",360+ monthly,"Snack Foods from Snack Foods department, Ordered Brand : Horatio",15.2627,-12.3555,non recyclable,"['Bar For Salad', 'Ready Food']",,Supermarket,11.34 Millions,4.1958 Millions,2448.37,470.27,312.13,324.8876,sao paulo,5P,measure: -23.44947679294825,-46.59791907646144,itapecerica da serra,SP,-23.72033746105922,-46.85362208015704,1.0
mc_ID_4438,"Married Female with four children, education: gradute degree working as professional",70000,"Beer and Wine from Alcoholic Beverages department, Ordered Brand : Top Measure",18.606,15.6988,non recyclable,['Coffee Bar'],Sale Sale Sale,supermarket,$5.7 Millions,2.736 Millions,,440.92,,473.7334,Indaiatuba,sp,-23.068418877604,-47.23637230197927,sao paulo,sp,-23.65250284762537,-46.66809535567546,5.0
mc_ID_4439,"Single Female with three children, education: high school degree working as skilled manual",30K+,"Baking Goods from Baking Goods department, Ordered Brand : Super",19.9142,16.8617,recyclable,"['Florist', 'Ready Food', 'Coffee Bar', 'Bar For Salad', 'Video Store']",Best Savings,de1uxe,6.9 Millions,2.208 Millions,1871.16,593.93,,278.7067,s@o paulo,SP,-23.57898282209016,amount: -46.72990411864508,praia grande,SP,data: -24.011288218359883,-46.41873374429398,5.0
mc_ID_4441,"Single Female with five children, education: partial high school working as manual",10K+,"Baking Goods from Baking Goods department, Ordered Brand : Plato",val: 21.5132,20.0596,recyclable,,Price Winners,Supermarket,"4.41 ,000,000illions",1.9404 Millions,1625.82,341.05,227.53,543.397,registro,$p ,data: -24.49203032806276,-47.83413137913321,ibi7inga,SP,-21.7664768468313,-48.83154737836604,1.0
mc_ID_4442,"Married Female with one child, education: bachelors degree working as professional",50K+,"Vegetables from Frozen Foods department, Ordered Brand : Big Time",-999.0,22.9668,recyclable,['Coffee Bar'],Price Winners,Small Grocery,1.38 Millions,0.6762 Millions,1394.66,534.29,356.19,566.2521,riu grande,RS,-32.18183859342639,-52.16558527879533,sao paulo,SP,-23.693985995008337,-46.70188324132953,Rating: 3.0
mc_ID_4443,"Married Female with three children, education: graduate degree working as management",130K+,"Bathroom Products from Health and Hygiene department, Ordered Brand : Faux Products",27.7636,23.4028,non recyclable,,Savings Galore,Supermarket,7.2 Millions,2.592 Millions,2049.72,,,714.2611,rio da janeiro,_rj,amount: -22.93311463835192,-43.17537798542904,marilia,SP,val: -22.217405964096468,-49.95110711067839,4.0
mc_ID_4445,"Single Male with four children, education: bachelors degree working as professional",50k,"Candy from Snacks department, Ordered Brand : Choice",31.8337,27.3275,non recyclable,"['Ready Food', 'Florist', 'Bar For Salad', 'Coffee Bar']",Full Free,Deluxe,7.36 Millions,3.5328 Millions,2053.54,654.13,436.83,288.5914,camp0 limpo paulista,SP,-23.20706431353269,-46.760735214610754,ribeirao preto,5P,-21.1575781634253,-47.81743621509692,4.0
mc_ID_4446,"Married Female with four children, education: partial high school working as skilled manual",10K+,"Vegetables from Produce department, Ordered Brand : Hermanos",25.0018,-23.5482,non recyclable,"['Video Store', 'Coffee Bar', 'Ready Food', 'Bar For Salad', 'Florist']",,DEluxe,5.44 Millions,2.3392 Millions,2037.17,,321.26,777.2826,sao paulo,sP,val: -23.60666796364473,measure: -46.70928249512391, campinas ,$p,-22.917053295025724,data: -47.061757854838746,4.0
mc_ID_4447,"Married Female with four children, education: partial high school working as skilled manual",10K+,"Meat from Deli department, Ordered Brand : American",17.8792,14.972,recyclable,"['Coffee Bar', 'Ready Food', 'Bar For Salad', 'Florist', 'Video Store']",I Cant Believe It Sale,Deluxe,€7.6M,4.1877 Millions,1734.5,503.07,335.38,363.3281,belem,PA,-1.455169760979064,-48.48183489231919,iLIcIn3a,Mg,-20.944705621834668,-45.82709818233235,5.0
mc_ID_4448,"SiNgLe mAlE WiTh tWo cHiLdRaN, eDuCaTiOn: PaRtIaL HiGh sChOoL WoRkInG As sKiLlEd mAnUaL",10K+,"Starchy Foods from Starchy Foods department, Ordered Brand : Monarch",19.3328,16.4256,recyclable,,,,"4.14 ,000,000illions",1.5318 Millions,1625,,227.33,543.397,parnamirim,PE,-8.0894929031627,-39.57794366732601, franca ,SP,-20.531151999894856,-47.43366787318517,5.0
mc_ID_4449,"Single Male with No children, education: partial high school working as skilled manual, Single Male with No children",360+ monthly,"Hardware from Household department, Ordered Brand : Red Wing",amount: 13.7655,12.3119,recyclable,['Florist'],Two for One,5upermarket,2.46 Millions,1.0578 Millions,1320.15,523.32,348.85,360.7131,VOLTA REDONDA,RJ,-22.505694901916865,-44.08863912174069,ilicinea,MG,data: -20.944705621834668,-45.82709818233235,Rating: 5.0
mc_ID_4450,Married Female with No children + education: high school degree working as skilled manual,30k,"Canned Clams from Canned Foods department, Ordered Brand : Pleasant",14.0272,11.1054,recyclable,"['Florist', 'Coffee Bar', 'Video Store', 'Bar For Salad', 'Ready Food']",,Deluxe,2.37 Millions,0.8058 Millions,1871.16,593.93,395.95,519.7574,belem,PA,-1.4646377798778445,-48.49088550600126,$anto andre,SP,-23.665703457960586,-46.51808196779969,Not Available
mc_ID_4452,"Single Female with three children, education: partial high school working as skilled manual",10K+,"Kitchen Products from Household department, Ordered Brand : Cormorant",28.3451,26.8915,non recyclable,"['Bar For Salad', 'Ready Food', 'Florist', 'Coffee Bar']",,dEluXe,5.68 Millions,1.8744 Millions,2055.29,654.13,436.09,367.7736,Rlo De Janeiro,RJ,-22.81037884041201,-43.32241089592587,rio de janeiro,RJ,-22.93125598447676,data: -43.17881321481337,5.0
mc_ID_4453,"Single Male with two children, education: partial high school working as skilled manual",10K+,"Snack Foods from Snack Foods department, Ordered Brand : Fast",-13.1114,10.2042,recyclable,"['Bar For Salad', 'Florist', 'Video Store', 'Ready Food', 'Coffee Bar']",One Day Sale,Gourmet,9.24 Millions,3.9732 Millions,,465.54,310.3,449.1524,salvador,BA,data: -12.96991194432345,-38.51182971359837,boituv4,Sp,-23.279657630556585,-47.6618565754143,1.0
mc_ID_4454,"married male with two children, education: partial high school working as professional",110K+,"Breakfast Foods from Breakfast Foods department, Ordered Brand : Jeffers",30.9615,val: 29.3626,non recyclable,"['Ready Food', 'Bar For Salad']",Price Slashers,Supermarket,$6.87 Millions,2.2671 Millions,2262.96,853.22,568.75,450.8783,teresopolis,rj,-22.43518776254457,-42.947545485310506,mesquita,RJ,-22.767224960596728,-43.424453496437685,5.0
mc_ID_4455,"Single Male wiht two children , education: high school degree working as professional",130K+,"Starchy Foods from Starchy Foods department, Ordered Brand : Monarch",19.3328,-16.4256,recyclable,['Coffee Bar'],Best Price Savers,Supermarket,2.76Ms,1.0488 Millions,1236.07,?,293.95,349.2594,barueri,"sp
",-23.49317067158778,-46.847466200289865,sao luis,ma,-2.546079233971952,-44.3089863702464,2.0
mc_ID_4456,"Single Female with three children, education: graduate degree working as professional",70K+,"Eggs from Eggs department, Ordered Brand : Blue Medal",24711.10 grams,21.8039,non recyclable,"['Coffee Bar', 'Florist', 'Ready Food', 'Bar For Salad', 'Video Store']",Price Winners,Deluxe,6.39 Millions,3.0033 Millions,2038.11,481.98,321.26,453.9117,Nova Olimpia,mT,-14.783072033172042,val: -57.29076189263402,sao jose do rio preto ,SP,-20.80243626346376,-49.39562406741489,1.0
mc_ID_4458,"Single Female with two children, education: partial high school working as manual",30K+,"Meat from Meat department, Ordered Brand : Quick",22.676,-21.2225,recyclable,['Coffee Bar'],,,10.92 Millions,4.0404 Millions,1236.07,,293.27,687.5358,caMpinas,SP,-22.98752993345535,data: -47.11656504772553,SAO PAULO,SP,-23.71992046378896,-46.693208556754605,5.0
mc_ID_4459,"Married Male with four children,education: partial High School working as professional",90K+,"Hygiene from Health and Hygiene department, Ordered Brand : Bird Call",20.3503,15.9895,non recyclable,"['Coffee Bar', 'Florist', 'Video Store', 'Ready Food', 'Bar For Salad']",Lottery Cash Registerion,Deluxe,4.44 Millions,2.1312 Millions,1732.94,503.07,,646.4803,porto ferreira,SP,data: -21.858555070695942,measure: -47.48403458197557,campinas,SP,-22.895876357204664,-47.0791850342778,5.0
mc_ID_4460,"Married Female with four children, education: partial college working as professional",30K+,"Pain Relievers from Health and Hygiene department, Ordered Brand : Bird Call",data: 27.6183,24.7111,recyclable,"['Coffee Bar', 'Bar For Salad', 'Ready Food', 'Florist']",Full Free,Deluxe,7.14 Millions,2.9274 Millions,2057.54,654.13,436.09,288.5914,sumare_,SP,-22.813951149316207,-47.22434086940969,ibitinga,SP,-21.7664768468313,-48.83154737836604,amount: 1.0
mc_ID_4462,"Single Male with two children, education: bachelors degree working as management",€42K+,"Fruit from Produce department, Ordered Brand : High Top",14.2161,11.2944,non recyclable,['Coffee Bar'],Super Wallet Savers,smalL GROCERy ,"3.32 ,000,000illions",1.5604 Millions,1394.66,534.29,354.76,361.6545,	BARBACENA,Mg,-21.20214872553748,-43.7744651701058,sao paulo,$P,-23.59519232500434,-46.53381915834724,5.0
mc_ID_4463,"Single Male with four children, education: bachelors degree working as professional",50K+,"Vegetables from Frozen Foods department, Ordered Brand : Golden",28.9265,27.3275,non recyclable,['Coffee Bar'],Double Your Savings,supermarket,5.43 Millions,1.7376 Millions,1236.07,440.92,,493.8689,ITAPERUNA_,Rj,-21.20851525964521,-41.87484723167247,campinas,SP,-22.8475181626464,-47.03552279669915,Rating: 5.0
mc_ID_4464,"Married Female with No children, education: partial high school working as manual",10K+,"Paper Products from Household department, Ordered Brand : Cormorant",31.6883,27.1822,non recyclable,"['Bar For Salad', 'Florist', 'Video Store', 'Coffee Bar', 'Ready Food']",Promo Big,Gourmet,$11.1 Millions,4.995 Millions,1423.98,465.54,310.3,612.1192,guaruja,SP,-23.9868178398992,-46.2684461778621,sao pauIo,SP,-23.51674732944774,-46.54818243075192,5.0
mc_ID_4465,"Single Male with five kidren, education: partial college working as clerical",30K+,"Canned Soup from Canned Foods department, Ordered Brand : Just Right",13.53 kg,9.1722,recyclable,"['Video Store', 'Coffee Bar', 'Ready Food', 'Bar For Salad', 'Florist']",Super Duper Savers,,€3.2M,1.122 Millions,1525.28,373.1,248.79,266.73,BARCARENA,Pa,amount: -1.5071125078676977,-48.62143344402136,sao paulo,SP,-23.612052666446743,-46.60783466642034,5.0
mc_ID_4466,"Married Male with three children, education: bachelors degree working as management",50K+,"Drinks from Beverages department, Ordered Brand : Washington",29.0719,27.6183,non recyclable,"['Bar For Salad', 'Coffee Bar', 'Ready Food', 'Video Store', 'Florist']",,DELUXE,14.04 Millions,5.8968 Millions,2038.11,481.98,321.81,739.4174,sao paulo,Sp,-23.66818375378558,-46.64595940053346,rIBeIRAo pREto,SP,amount: -21.21227916180968,-47.78815176242136,5.0
mc_ID_4468,"Married Female w/ two children, education: high school degree working as professional",70K or more,"Fruit from Produce department, Ordered Brand : Ebony",11.12,8.2128,recyclable,"['Florist', 'Bar For Salad', 'Video Store', 'Coffee Bar', 'Ready Food']",Super Duper Savers,Deluxe,5.73 Millions,2.0055 Millions,1525.28,373.1,248.79,266.73,Itatiba,Sp,-23.02208878722264,-46.84614507475785,ibitinga,Sp,-21.7664768468313,amount: -48.83154737836604,5.0
mc_ID_4469,"Single Female with one child, education: partial high school working as manual",10K+,"Frozen Desserts from Frozen Foods department, Ordered Brand : Big Time",25292.50 grams,measure: 23.6936,recyclable,"['Bar For Salad', 'Ready Food']",Super Duper Savers,Supermarket,8.73 Millions,3.5793 Millions,2265.9,853.22,567.8,data: 677.285,"salvador
",Ba,-12.898936693464096,-38.3597569814915,sao bernardo do campo,sp,data: -23.71688471949829,-46.54199108267673,4.0
mc_ID_4470,"mARRIED fEMALE WITH TWO KIDS, EDUCATION: PARTIAL COLLEGE WORKING AS SKILLED MANUAL",30K+,"Canned Tuna from Canned Foods department, Ordered Brand : Pleasant",9.3175,4.9422,recyclable,['Coffee Bar'],Weekend Discount,,11.84 Millions,4.3808 Millions,1236.07,440.92,293.95,364.1649,LIMEIRA,sP,-22.564590914796,-47.40315315223038,SUMARE,5P,measure: -22.828654864562257,-47.267296160568925,5.0
mc_ID_4471,"Single Female with four children , education: Bachelors degree working as professional",10K+,"Jams and Jellies from Baking Goods department, Ordered Brand : Landslide",16.8617,-15.4081,recyclable,"['Florist', 'Ready Food', 'Video Store', 'Bar For Salad', 'Coffee Bar']",Price Winners,deluxe,$4.76 Millions,1.9992 Millions,2038.11,481.98,321.26,453.9117,Pouso Alegre,MG,-22.23423662262365,-45.935242048994425,s4nta barbara d'oeste,Sp,-22.75967282783305,-47.364736674563375,4.0
mc_ID_4473,"Married Female with five children, education: bachelors degree working as professional",70K+,"Bathroom Products from Health and Hygiene department, Ordered Brand : Faux Products",27.7636,-23.4028,non recyclable,,Promo Big,Supermarket,7.2 Millions,3.384 Millions,2049.72,457.36,303.4,515.2596,rio de janeiro ,RJ,data: -22.91512664796404,-43.40987975082128,sao jose dos campos,Sp,-23.221431461827063,-45.888163895493165,1.0
mc_ID_4474,"Married Male with three children, education: partial high school working as manual",30k,"Snack Foods from Snack Foods department, Ordered Brand : Best Choice",27.0368,24.1296,non recyclable,,Sales Days,Supermarket,9.76 Millions,4.0016 Millions,2049.17,457.36,305.11,610.5502,_sao jose do rio preto,SP,-20.80243626346376,-49.39562406741489,$AO CARLOS,SP,-22.016967296150906,-47.85171546211552,3.0
mc_ID_4475,"Married Male with three children, education: bachelors degree working as professional",70000,"Snack Foods from Snack Foods department, Ordered Brand : Fort West",-999.0,21.8039,recyclable,,Weekend Discount,SUPERMARK3T,8.6 Millions,3.956 Millions,1509.83,227.8,151.9,614.002,MEdIanEIRE,PR,-25.291725444450297,-54.10023587801571,santo andre,$P,-23.665703457960586,-46.51808196779969,1.0
mc_ID_4476,"Single Female with No children, education: high school degree working as skilled manual",30K+,"Electrical from Household department, Ordered Brand : Red Wing",24.4204,21.3678,recyclable,,,Mid-Size,3.0Ms,1.23 Millions,2821.13,447.7,298.5,708.8742,rio de janeiro,RJ_,-22.904996178866543,-43.54317001176807,umuarama_,Pr,-23.757178599774967,-53.29107393545511,5.0
mc_ID_4477,"MARRIED MALE WITH TWO CHILDREN, EDUCATION: BACHELOR'SS DEGREE WORKING AS PROFESSIONAL",Income: 150K+,"Snack Foods from Snack Foods department, Ordered Brand : Fort West",12.7335,9.8263,recyclable,"['Ready Food', 'Bar For Salad']",Best Savings,Supermarket,3.0 Millions,1.02 Millions,2450.93,470.27,311.95,576.1891,Sao PauLo,SP,measure: -23.60546929858597,-46.727104177147545,porto alegre,RS,-30.00731246906908,-51.19422244408211,5.0
mc_ID_4478,"Married Female with five children, education: partial high school working as skilled manual",10k,"Frozen Desserts from Frozen Foods department, Ordered Brand : Imagine",-27.7636,nil,non recyclable,"['Ready Food', 'Bar For Salad', 'Florist', 'Video Store', 'Coffee Bar']",,DELUXE,1.89 Millions,0.6426 Millions,,,321.6,767.3456,joinvilla,sc,-26.3229914074384,-48.83333579156326,ibitinga,$p,amount: -21.7664768468313,measure: -48.83154737836604,2.0
mc_ID_4479,"MARRIED FEMALE WITH NO CHILDREN,EDUCATION: BACHELORS DEGREE WORKING AS MANAGEMENT",840+ monthly,"Breakfast Foods from Breakfast Foods department, Ordered Brand : Radius",11.5125,8.6053,non recyclable,"['Coffee Bar', 'Florist', 'Video Store', 'Ready Food', 'Bar For Salad']",Bag Stuffer,Deluxe,€4.7M,2.484 Millions,1734.5,503.07,336.93,data: 432.1026,santo andre,SP,-23.687604648912163,-46.526392163742905,SUzaNo,SP,measure: -23.54646763188849,-46.31743880609893,5.0
mc_ID_4480,"Married Male with one child, education: partial high school working as skilled manual",30K or more,"Eggs from Eggs department, Ordered Brand : Blue Medal",18.0246,14.972,non recyclable,,,supERmaRkET,3.96 Millions,1.7028 Millions,2049.72,459.36,,300.8296,CaRAPICUIba,SP,-23.56716817102832,-46.84068837436224,maringa,Pr,measure: -23.437975269077903,-51.91385959802448,4.0
mc_ID_4482,"Married Female with three children, education: high school degree working as professional",70K+ annually,"Cleaning Supplies from Household department, Ordered Brand : Red Wing",15.1174,10.7421,recyclable,"['Bar For Salad', 'Ready Food', 'Florist', 'Coffee Bar']",Full Free,Deluxe,5.04 Millions,1.764 Millions,,654.13,436.09,288.5914,indaiatuba, SP,-23.089034640573622,-47.21441923786709,conselheiro lafaiete,MG,-20.65508512021201,-43.76954779180918,5.0
mc_ID_4483,"Married Male with one child, education: high school degree working as skilled manual",$30K+,"Jams and Jellies from Baking Goods department, Ordered Brand : Landslide",31.8337,28.7811,recyclable,"['Bar For Salad', 'Florist', 'Ready Food', 'Coffee Bar']",Budget Bargains, DELUXE,$3.99 Millions,1.9551 Millions,2054.65,654.13,436.09,715.1502,marilia,SP,-22.210461027738702,-49.93571261075899,americana,$p,-22.74703919816495,-47.34322030252755,5.0
mc_ID_4484,"Married Female with two children, education: bachelors degree working as professional",10K+,"Meat from Frozen Foods department, Ordered Brand : Carrington",14.4196,12.966,recyclable,['Coffee Bar'],One Day Sale,Small Grocery,0.93 Millions,0.4092 Millions,1421.06,398.93,265.98,val: 625.6126,h0rizontina,rs,-27.61586773619327,-54.31070990694841,cruzeiro,SP,-22.57792780460501,-44.95825089647411,4.0
mc_ID_4485,"Single Male with two children, education: high school degree working as manual",30k,"Bread from Baked Goods department, Ordered Brand : Fantastic",27.0368,24.1296,recyclable,['Florist'],Saving Days,SUPERMARKET,3.45 Millions,1.4145 Millions,1320.15,523.32,350.73,435.4498,nova friburgo,RJ,-22.31000521194919,-42.52023373510779,baependi,MG,-21.956309999999995,-44.882378788136165,measure: 3.0
mc_ID_4486,"Married Female with three children, education: partial high school working as skilled manual",10K+,"Jams and Jellies from Baking Goods department, Ordered Brand : Plato",13.1114,amount: 8.7506,non recyclable,"['Ready Food', 'Florist', 'Coffee Bar', 'Bar For Salad', 'Video Store']",Price Slashers,Deluxe,8.25 Millions,3.465 Millions,1734.49,,335.38,282.9953,niteroi, RJ ,-22.90890354397097,-43.06335936314921,sao paulo,sp,-23.62358155176294,-46.61056007369148,amount: 4.0
mc_ID_4489,"Single Male with one child, education: partial high school working as professional",150K+,"Meat from Deli department, Ordered Brand : Cutting Edge",1004.97 oz,-999.0,recyclable,"['Florist', 'Coffee Bar', 'Ready Food', 'Bar For Salad', 'Video Store']",Price Destroyers,	Deluxe,€2.4M,1.1232 Millions,,,321.26,777.2826,sao paulo,5p,-23.59644437191985,-46.79121164599798,piracicaba,SP,-22.726257875353635,-47.63781138952056,3.0
mc_ID_4490,"Marriied Female with two children, education: bachelors degree working as management",€42K+,"Fruit from Produce department, Ordered Brand : Tri-State",13.6202,data: 10.6984,recyclable,"['Bar For Salad', 'Ready Food']",Shelf Clearing Days,Supermarket,"5.72 ,000,000illions",2.8028 Millions,2265.9,853.22,,val: 554.903, Sao Paulo,sp,-23.64445281409649,-46.70007520249481,ribeirao pires,sP,-23.73407261059953,-46.44241000920845,4.0
TBD,"Single Female with two children, education: partial college working as management",30K+,"Snack Foods from Snack Foods department, Ordered Brand : Nationeel",23.6936,-20.641,non recyclable,"['Coffee Bar', 'Ready Food', 'Florist', 'Bar For Salad']",Sale : Double Down,,6.55 Millions,2.8165 Millions,2055.29,654.13,434.77,500.7202,lencois paulista,Sp,-22.59942838136111,amount: -48.779995856226165,guarulhos,SP,-23.457428518177625,-46.56396476894224,4.0
mc_ID_4492,"Married Female with four children, education: partial college working as skilled manual",30K+,"Dairy from Dairy department, Ordered Brand : Club",27.3275,24.275,recyclable,,,Supermarket,10.83Ms,4.8735 Millions,1505.48,227.8,150.26,350.4623,jundiai,sp,-23.151712385018914,-46.97128780668247,Ibitinga,Sp,-21.7664768468313,-48.83154737836604,val: 1.0
mc_ID_4493,"Single Female with one child, education: high school degree working as professional",110K+,"Vegetables from Produce department, Ordered Brand : Tell Tale",17.2978,data: 15.6988,recyclable,"['Ready Food', 'Bar For Salad', 'Coffee Bar', 'Video Store', 'Florist']",Lottery Cash Registerion,Deluxe,"7.65 ,000,000illions",3.366 Millions,1734.5,505.07,334.59,290.7357,roseira,$p,-22.89082860434644,-45.30332001483277,sao p@ulo,sp,-23.54507217346644,-46.68438057799065,5.0
mc_ID_4494,"single male with five children, education: high school degree working as manual",30K+,"Jams and Jellies from Baking Goods department, Ordered Brand : Plato",-1.0,25.874,non recyclable,['Coffee Bar'],Weekend Discount,SUPERMARKET,7.92 Millions,2.6136 Millions,1236.07,440.92,292.01,364.1649,sao paulo,SP,-23.56851813765943,-46.65191532569683,s@o paulo,Sp,measure: -23.63133471752179,-46.75945889273972,5.0
mc_ID_4495,"Married Female with four children, education: high school degree working as professional",110K+,"Baking Goods from Baking Goods department, Ordered Brand : Landslide",21.9493,19.0421,recyclable,"['Ready Food', 'Coffee Bar', 'Florist', 'Bar For Salad']",Price Winners,Deluxe,3.28 Millions,1.312 Millions,2055.29,654.13,436.09,amount: 494.9149, sao jose dos pinhais,PR,-25.50752580959667,-49.16454300054825,PORTO ALEGRE,R5,-30.03215040714993,-51.2325516998384,5.0
mc_ID_4496,"MARRIED MALE WITH FOUR KIDREN, EDUCATION: PARTIAL COLLEGE WORKING AS CLERICAL",€25K+,"Canned Soup from Canned Foods department, Ordered Brand : Bravo",21.8039,18.8967,non recyclable,"['Coffee Bar', 'Ready Food', 'Video Store', 'Florist', 'Bar For Salad']",Promo Big,Gourmet,€2.0M,1.128 Millions,1424.85,465.54,310.3,612.1192,mogi das cruzes,sp,-23.51937483109403,-46.19269037743349,PAINCANDU,PR,-23.456818505027293,-52.04686328687023,5.0
mc_ID_4498,"Married Female with one child, education: bachelor'ss degree working as professional",50K+,"Meat from Deli department, Ordered Brand : American",21.5132,20.0596,non recyclable,['Florist'],Save It (Sale),Supermarket,12.68 Millions,5.1988 Millions,1320.15,523.32,348.92,427.7617,rio de janeiro,Rj,-23.010698995411467,-43.33245982226944,porto ferreir@,5P,-21.858555070695942,data: -47.48403458197557,80%
mc_ID_4499,"Married Male with five children, education: high school degree working as skilled manual",$30K+,"Vegetables from Produce department, Ordered Brand : Ebony",30.3801,27.3275,recyclable,,Price Destroyers,MID-5IZE,13.36 Millions,6.1456 Millions,2819.7,447.7,299.7,728.2775,CAMPINAS,SP,amount: -22.895876357204664,-47.0791850342778,blumemau,SC,-26.91141069525076,-49.11143612738765,1.0
mc_ID_4500,"Single Male with one child, education: high school degree working as professional",70K+,"Hygiene from Health and Hygiene department, Ordered Brand : Steady",measure: 12.2538,10.8002,non recyclable,"['Ready Food', 'Florist', 'Video Store', 'Coffee Bar', 'Bar For Salad']",Money Savers, Deluxe ,2.68 Millions,1.1524 Millions,1870.93,593.93,395.95,343.611,Sao Paulo,SP,-23.62666515613704,-46.6226810245802,santo andre,SP,-23.61571809769749,-46.53118432278263,5.0
mc_ID_4501,"Single Female with five kidren, education: HS degree working as manual",€25K+,"Kitchen Products from Household department, Ordered Brand : Sunset",26.1647,21.8039,non recyclable,['Coffee Bar'],Price Winners,Small Grocery,2.71 Millions,1.3279 Millions,1394.66,534.29,356.19,566.2521,Votorantim,_sp,-23.554843241357265,-47.45986166175327,sao paulo,SP,-23.57282057729816,-46.52329640383172,4.0
mc_ID_4502,"Single Male with three children, education: high school degree working as skilled manual",Income: 30K+,"Fruit from Produce department, Ordered Brand : Tri-State",19.0421,16134.90 grams,non recyclable,"['Ready Food', 'Bar For Salad']",Mystery Sale,SuPerM4RKET,10.76 Millions,3.4432 Millions,2267.9,853.22,567.29,444.3931,Campos Do Jurdao,SP,-22.732323039727124,-45.56427039489908,prai@ grande,SP,-24.026786758814687,-46.49304889148245,5.0
mc_ID_4503,"Married Female with one child, education: bachelors degree working as management",840+ monthly,"Pain Relievers from Health and Hygiene department, Ordered Brand : Faux Products",18.1699,15.2627,non recyclable,,Tip Top Savings,Mid-Size,5.97 Millions,2.388 Millions,2819.7,447.7,298.5,£303.87,VIT0RIA ,ES,-20.317190521236046,data: -40.34148404287613,sao paulo,SP,-23.50210750375091,-46.62196127699232,5.0
mc_ID_4504,"Single Female with four children, education: partial high school working as manual",10K+,"Jams and Jellies from Baking Goods department, Ordered Brand : Landslide",-11.338,8.4308,recyclable,"['Video Store', 'Coffee Bar', 'Florist', 'Ready Food', 'Bar For Salad']",Bag Stuffer,Deluxe,2.92Ms,0.9344 Millions,1734.5,503.07,335.38,662.2226,b4rueri,SP,-23.50445927126197,-46.84497058265231,IBITINGA,	Sp,measure: -21.7664768468313,-48.83154737836604,4.0
mc_ID_4505,"Single Male with five children, education: graduate degree working as professional",€59K+,"Frozen Desserts from Frozen Foods department, Ordered Brand : Golden",27.6183,data: 23.2575,non recyclable,"['Video Store', 'Florist', 'Ready Food', 'Coffee Bar', 'Bar For Salad']",,deluxe,15.8 Millions,5.688 Millions,1525.28,373.1,248.79,499.2035,sao jose dos campos,SP,-23.20178111878932,-45.89567007799064,maringa,PR,-23.41000679702781,-51.88262571961486,4.0
mc_ID_4506,"Single Female with four children, education: partial high school working as manual",10K+,"Magazines from Periodicals department, Ordered Brand : Gauss",19.9142,15.4081,recyclable,"['Bar For Salad', 'Coffee Bar', 'Ready Food', 'Video Store', 'Florist']",Pick Your Savings,DEluXe,7.6 Millions,2.584 Millions,1871.16,593.93,395.95,295.4427,centru novo do maranhao,Ma,amount: -2.1412998881048457,-46.12782606689814,ribeirao preto,SP,-21.17121748495008,-47.81941847157649,1.0
mc_ID_4510,Single Female with one child + education: bachelors degree working as professional,Income: 50K+,"Baking Goods from Baking Goods department, Ordered Brand : CDR",26.0193,861.41 oz,non recyclable,"['Ready Food', 'Coffee Bar', 'Video Store', 'Florist', 'Bar For Salad']",Price Winners,Deluxe,4.56 Millions,1.9608 Millions,,481.98,321.26,478.9634,CAMBE,PR,-23.26200369953909,-51.256513286633535,Sao Paulo,SP,-23.51528796497884,-46.58734465236856,5.0
mc_ID_4512,"Single Female with four children, education: partial high school working as skilled manual",50K+,"Baking Goods from Baking Goods department, Ordered Brand : BBB Best",19.6235,16.7163,non recyclable,['Coffee Bar'],Sale Sale Sale,supermarket,8.91 Millions,2.673 Millions,1234.31,440.92,293.95,473.7334,jacarezinho,PR,val: -23.15446932554733,-49.976786488459815,SAO PAULO, SP,-23.61424927422236,val: -46.68844105482136,5.0
mc_ID_4514,"Single Male wiht three children, education: High School degree working as skilled manual",30K+,"Carbonated Beverages from Beverages department, Ordered Brand : Fabulous",27.0368,24.1296,recyclable,"['Bar For Salad', 'Ready Food', 'Florist', 'Coffee Bar']",Shelf Emptiers,Gourmet_,7.41 Millions,3.4827 Millions,1567.02,385.45,258.65,773.0986,sao paulo,SP,-23.53569581346678,-46.64141313885349,sao paulo,SP,-23.46016520927345,-46.65066418373822,5.0
mc_ID_4515,Single Female with five children | education: bachelors degree working as professional,Income: 70K+,"Vegetables from Frozen Foods department, Ordered Brand : Imagine",amount: 24.8564,21.9493,non recyclable,"['Florist', 'Ready Food', 'Coffee Bar', 'Bar For Salad', 'Video Store']",GLD,,7.56Ms,3.024 Millions,1734.5,,335.38,346.5921, altinho ,_PE,-8.487249302308262,val: -36.06124155479698,SAO PAULO,SP,-23.584614569248075,-46.60193214931619,5.0
mc_ID_4516,"MaRrIeD FeMaLe wItH FoUr kIdS, eDuCaTiOn: PaRtIaL Hs wOrKiNg aS SkIlLeD MaNuAl",10K+,"Snack Foods from Snack Foods department, Ordered Brand : Nationeel",27.91 kg,23.5482,non recyclable,"['Coffee Bar', 'Video Store', 'Ready Food', 'Florist', 'Bar For Salad']",Tip Top Savings,DELUXE,7.56Ms,3.3264 Millions,1734.5,503.07,335.38,287.127,fernandopoli$,Sp,-20.28599742780295,-50.26063395418952,LONDrina,PR,-23.331043778111702,-51.17743350000001,5.0
mc_ID_4517,"SINGLE MALE WITH THREE CHILDREN, EDUCATION: PARTIAL COLLEGE WORKING AS MANAGEMENT",50K+,"Beer and Wine from Alcoholic Beverages department, Ordered Brand : Portsmouth",14.972,12.06 kg,recyclable,,Save Price,Supermarket,"8.61 ,000,000illions",3.7884 Millions,1505.43,227.8,151.9,$325.67,ja1es,5P,-20.27939929861524,-50.5535315563023,socorro,SP,-22.59496246184797,amount: -46.521509282521215,val: 5.0
mc_ID_4520,"Single Female with four children, education: graduate degree working as management",130K+,"Frozen Entrees from Frozen Foods department, Ordered Brand : Imagine",13.344,10.4368,non recyclable,"['Bar For Salad', 'Ready Food']",Shelf Clearing Days,Supermarket,1.72 Millions,0.5848 Millions,2265.9,853.22,568.75,554.903,MaTOzInhoS,MG,-19.55999278018773,-44.085205548265264,atiBAIA,SP,measure: -23.112774381969185,-46.5488845105504,5.0
mc_ID_4521,"Single Female with four children, education: partial high school working as manual",10K+,"Snack Foods from Snack Foods department, Ordered Brand : Nationeel",19.4781,17.8792,non recyclable,,Sale : Double Down,Supermarket ,7.05 Millions,2.4675 Millions,2049.72,457.36,305.63,327.7641,sao paulo,SP,val: -23.50281070858096,-46.581761933117846,araguari ,MG,-18.65223568071188,-48.19343213192182,5.0
mc_ID_4522,"Married Female with four children, education: partial high school working as skilled manual, Married Female with four children",10K+,"Snack Foods from Snack Foods department, Ordered Brand : Best Choice",23.4028,21.9493,non recyclable,"['Coffee Bar', 'Florist', 'Bar For Salad', 'Video Store', 'Ready Food']",Sale Sale Sale,Deluxe,7.89 Millions,3.2349 Millions,1525.28,373.1,247.27,722.6814,carnalba do sertao,BA,-9.589271582271095,-40.425445511064936,campinas,SP,-22.895876357204664,-47.0791850342778,5.0
mc_ID_4523,"Married Female with one child, education: bachelors degree working as management",70K+,"Paper Products from Household department, Ordered Brand : Sunset",14.8266,10.4513,non recyclable,,Tip Top Savings,mid-size,5.72 Millions,2.86 Millions,2819.7,447.7,,416.2557,Jund1Ai,SP,-23.21955226311385,-46.88331318927813,salto,5P,-23.17588057617297,amount: -47.31592004954123,5.0
mc_ID_4525,Single Female with two kidren; education: bachelors degree working as professional,30K+,"Eggs from Eggs department, Ordered Brand : Urban",13.3876,10.4804,non recyclable,"['Bar For Salad', 'Ready Food']",Shelf Clearing Days,Supermark3t,3.93 Millions,1.8864 Millions,2265.9,853.22,568.75,554.903,garca,SP,-22.218988944556266,-49.64362334020589,guariba,5P_,-21.36235769739203,-48.232975701561735,5.0
mc_ID_4529,"Married Female with two children, education: bachelors degree working as professional",50 Thousand,"Hygiene from Health and Hygiene department, Ordered Brand : Consolidated",val: 14.6813,10.3205,non recyclable,"['Ready Food', 'Coffee Bar', 'Bar For Salad', 'Florist']",Price Winners,Gourmet_,€5.4M,2.3004 Millions,1561.98,385.45,256.97,val: 769.7514,sao paulo,SP,-23.534948702752576,-46.73391596448145,sao jose do rio preto,$P,-20.80243626346376,-49.39562406741489,val: 5.0
mc_ID_4531,"Single Female with five children, education: high school degree working as manual",30K+,"Jams and Jellies from Baking Goods department, Ordered Brand : Super",-15.6988,12.7916,non recyclable,,I Cant Believe It Sale,Mid-Siza,1.06 Millions,0.3922 Millions,2819.7,447.7,298.5,693.498,MARICA,RJ,-22.96974443607173,-42.9369057138687,sao paulo,SP,-23.62615314929649,-46.74691974117254,1.0
mc_ID_4532,"Single Male with No children, education: bachelors degree working as management",50K+,"Jams and Jellies from Baking Goods department, Ordered Brand : Super",measure: 15.6988,12.7916,recyclable,['Coffee Bar'],Promo Big,Supermarket,1.52Ms,0.6536 Millions,1234.5,440.92,293.95,val: 647.8924,dias d'avila,Ba ,-12.612785254478522,-38.30880282506203,contagem,MG,-19.849882697848685,-44.02029046658248,5.0
mc_ID_4533,"Single Male with five children, education: partial college working as clerical",€25K+,"Fruit from Produce department, Ordered Brand : Ebony",amount: 26.8915,23.9843,recyclable,"['Video Store', 'Coffee Bar', 'Florist', 'Bar For Salad', 'Ready Food']",Dimes Off,Deluxe,11.08 Millions,3.878 Millions,2038.11,,321.26,val: 602.7575,Rio De Janeiro,RJ,-22.89421244685208,-43.71546807493222,guara,_SP,-20.43399042630061,-47.81416224047547,4.0
mc_ID_4534,"Single Female with No children, education: partial high school working as manual",10000,"Paper Products from Household department, Ordered Brand : High Quality",11.0909,amount: 6.7301,non recyclable,"['Bar For Salad', 'Video Store', 'Ready Food', 'Florist', 'Coffee Bar']",Lottery Cash Registerion,,6.56 Millions,3.28 Millions,1734.5,503.07,335.38,measure: 290.7357,joinville,SC,measure: -26.313496554532893,-48.84862528282071,guarulhos,"sp
",-23.44634995836461,-46.54365549347912,1.0
mc_ID_4535,"Single Female with two children, education: partial college working as management",30k,"Vegetables from Produce department, Ordered Brand : Tell Tale",21.5132,18.606,recyclable,"['Coffee Bar', 'Bar For Salad', 'Ready Food', 'Florist']",Sale : Double Down,Deluxe,"4.56 ,000,000illions",1.5048 Millions,2057.55,654.13,436.09,amount: 500.7202,, SP ,-23.60822704830049,-46.66963949945175,ribeirao pires,SP,-23.73407261059953,-46.44241000920845,5.0
mc_ID_4536,"Single Female with four children, education: graduate degree working as professional",70 Thousand,"Seafood from Seafood department, Ordered Brand : Dual City",18.4606,15.4081,recyclable,"['Coffee Bar', 'Florist', 'Ready Food', 'Bar For Salad']",Best Price Savers,GOURMET,$6.8 Millions,3.196 Millions,1564.86,385.45,256.97,558.1979,petropolis,RJ,-22.453208068237124,val: -43.17015529266424,rio de janeiro,RJ,-22.972956517889177,-43.39706327699233,5.0
mc_ID_4537,"Single Male with three children, education: high school degree working as management",70K+,"Meat from Deli department, Ordered Brand : Moms",16.4256,14.972,recyclable,"['Ready Food', 'Bar For Salad']",Budget Bargains,,4.47Ms,2.0115 Millions,2263.07,,568.75,346.1214,saO PAUlO,SP,-23.597586,-46.64790450000001, araguari ,MG,measure: -18.65223568071188,-48.19343213192182,5.0
mc_ID_4538,"Single Female with one child, education: partial high school working as skilled manual",10K+,"Breakfast Foods from Breakfast Foods department, Ordered Brand : Jeffers",15.1174,10.7421,non recyclable,,Budget Bargains,Supermarket,7.95 Millions,2.6235 Millions,2049.72,457.36,304.91,708.665,laranje1ras do sul,PR,-25.40409493828745,-52.41326011568435, Sao Jos3 Do Rio Preto ,Sp,-20.80243626346376,-49.39562406741489,4.0
mc_ID_4540,"Married Female with four kids, education: bachelors degree working as professional",50K+,"Baking Goods from Baking Goods department, Ordered Brand : Landslide",amount: 14.972,13.5184,recyclable,,,Supermarket,3.04 Millions,1.216 Millions,2052.56,457.36,304.91,497.9483,jOao peSsOA,pb,-7.17766658489014,-34.83200700082277,sao paul0,$P,-23.693985995008337,-46.70188324132953,2.0
mc_ID_4541,"Married Female with No children, education: partial high school working as manual",10K+,"Pizza from Frozen Foods department, Ordered Brand : Golden",24.8564,data: 23.4028,recyclable,"['Bar For Salad', 'Ready Food']",Sales Days,Supermarket,3.32 Millions,1.1952 Millions,,853.22,568.75,327.9733,foRtaLEZa,C3,-3.838011904524208,-38.55726360421835,sao joaquim da barra,SP,-20.58117744270148,-47.858931261277824,val: 3.0
mc_ID_4542,"MaRrIeD MaLe wItH OnE KiD, eDuCaTiOn: BaChElOrS DeGrEe wOrKiNg aS MaNaGeMeNt",70K+,"Electrical from Household department, Ordered Brand : Red Wing",19.9142,18.3153,recyclable,"['Video Store', 'Bar For Salad', 'Coffee Bar', 'Florist', 'Ready Food']",Saving Days,Gourmet,5.34Ms,2.136 Millions,1424.85,465.54,309.66,350.9853,camPinAS,Sp,-22.805125239800333,-47.07162026686478,santa barbara d´oeste,SP,-22.760477687572443,data: -47.41281121951772,5.0
mc_ID_4543,"Single Female with two children, education: graduate degree working as professional",70K+,"Snack Foods from Snack Foods department, Ordered Brand : Best Choice",12.6608,21.50 lbs,non recyclable,"['Ready Food', 'Bar For Salad']",Save Price,Supermarket,3.28 Millions,1.64 Millions,2448.37,470.27,312.11,406.4756,rio de janeiro,RJ,-22.93781597002137,-43.17619884430715,SAO PAULO,SP,-23.51674732944774,-46.54818243075192,measure: 4.0
mc_ID_4544,"Single Female with three children, education: high school degree working as skilled manual",30K+,"Paper Products from Household department, Ordered Brand : Sunset",11.6287,amount: 10.1752,non recyclable,"['Florist', 'Ready Food', 'Coffee Bar', 'Bar For Salad', 'Video Store']",Money Savers,DELUXE,"2.58 ,000,000illions",1.1352 Millions,1523.21,373.1,250.05,560.656,Cubatao,SP,-23.88073319655594,-46.41774121252613,sao Jose do rIO prETO,,-20.80243626346376,-49.39562406741489,5.0
mc_ID_4545,"Married Male with two children, education: graduate degree working as management",90K or more,"Jams and Jellies from Baking Goods department, Ordered Brand : Super",amount: 23.9843,21.0771,non recyclable,"['Bar For Salad', 'Ready Food', 'Coffee Bar', 'Video Store', 'Florist']",Green Light Special,Daluxe,$11.88 Millions,5.8212 Millions,1526.11,373.1,248.79,507.9899,"rio de janeiro
",RJ,-22.908714883432378,-43.193807831813686,praia grande,SP,-24.011288218359883,-46.41873374429398,measure: 4.0
mc_ID_4546,"Married Female with three kidren, education: partial high school working as skilled manual",10K+,"Plastic Products from Household department, Ordered Brand : High Quality",26.75 kg,23.6936,non recyclable,"['Bar For Salad', 'Coffee Bar', 'Ready Food', 'Florist']",Sale : Double Down,,13.2 Millions,5.28 Millions,2053.68,654.13,435.79,500.7202,MOnTeS ClAros,MG,data: -16.717108517212292,-43.8071416039463,salto,SP,-23.19024365306712,-47.291570633360266,5.0
mc_ID_4547,"Married Female with No children, education: partial high school working as skilled manual",10000,"Dairy from Dairy department, Ordered Brand : Booker",data: 20.4957,17.5885,recyclable,-1,Price Destroyers,,10.04 Millions,3.9156 Millions,2819.7,,,777.2826,sao joao do paraiso,rj,-21.414790266113123,-41.81382902330865,sao paulo,SP,-23.667843855675457,-46.66038973120199,5.0
mc_ID_4548,"Married Female with three children, education: partial college working as clerical, Married Female with three children",€25K+,"Jams and Jellies from Baking Goods department, Ordered Brand : Landslide",16.8617,15.4081,recyclable,"['Bar For Salad', 'Ready Food']",Super Savers,Supermarket_,7.14 Millions,3.4986 Millions,2446.33,470.27,315.17,719.3865,sao paulo,sp,-23.53676737440136,-46.65507313113856,ibitinga,sp,-21.7664768468313,-48.83154737836604,5.0
mc_ID_4549,"Single Female with three children, education: bachelors degree working as professional",50K+,"Jams and Jellies from Baking Goods department, Ordered Brand : CDR",30.5255,27.6183,recyclable,,Sales Days,Supermarket,5.08Ms,2.286 Millions,1624.38,341.05,227.33,743.1307,suzano,_SP,-23.5436033761962,-46.33126001623194,sao goncalo,Rj,-22.82732701725956,amount: -43.05044041062229,1.0
mc_ID_4550,"Married Male with five children, education: partial college working as management",30K+,"Vegetables from Canned Foods department, Ordered Brand : Bravo",-9.8844,8.4308,recyclable,"['Coffee Bar', 'Florist', 'Bar For Salad', 'Ready Food']",Save Price,Deluxe,12.6 Millions,5.67 Millions,2055.42,654.13,436.09,584.191,gOi@NIa,GO,-16.70654296583296,-49.2684231411224,Sumare,Sp,-22.828654864562257,-47.267296160568925,4.0
mc_ID_4552,"Single Male with five children, education: partial colllege working as clerical",30K+,"Frozen Entrees from Frozen Foods department, Ordered Brand : Imagine",21.8039,val: 18.8967,recyclable,"['Coffee Bar', 'Video Store', 'Florist', 'Bar For Salad', 'Ready Food']",Dimes Off,Deluxe,9.28Ms,3.3408 Millions,2038.11,481.98,320.62,602.7575,fernandopolis ,SP,-20.28599742780295,-50.26063395418952,salto_,SP,data: -23.20591698084141,data: -47.307845865803,5.0
mc_ID_4554,"Single Female with one child, education: High School degree working as manual",30K+,"Canned Soup from Canned Foods department, Ordered Brand : Better",24.5657,21.5132,recyclable,"['Bar For Salad', 'Coffee Bar', 'Florist', 'Ready Food']",Save Price,D3luxe,1.71 Millions,0.5643 Millions,2055.29,654.13,436.09,584.191,pocos de caldas,MG,-21.79104335195045,-46.56244368105504,ilICLNea, MG,-20.944705621834668,-45.82709818233235,5.0
mc_ID_4556,"Single Female with two children, education: graduate degree working as professional",70K+,"Bathroom Products from Health and Hygiene department, Ordered Brand : Steady",16.7163,12.3555,recyclable,"['Ready Food', 'Bar For Salad']",Save Price,$upermarket_,"5.4 ,000,000illions",2.16 Millions,2448.37,,311.6,406.4756,rondonopolis,MT,-16.478957116567617,-54.61738314210284,rolandia,PR,-23.31259824896755,-51.36894941889966,measure: 5.0
mc_ID_4557,"Single Male with two children, education: high school degree working as manual",30K+,"Side Dishes from Deli department, Ordered Brand : Moms",31.1069,28.0543,recyclable,"['Bar For Salad', 'Coffee Bar', 'Florist', 'Ready Food', 'Video Store']",Shelf Emptiers,"Gourmet
","3.66 ,000,000illions",1.2444 Millions,1425.43,467.54,,616.4078,sao paulo,SP,-23.605673521784304,-46.618990239800326,sorocaba,Sp,-23.42932935268456,-47.50644636159242,5.0
mc_ID_4559,"Married Female with two children, education: bachelors degree working as professional",50K or more,"Candy from Snacks department, Ordered Brand : Atomic",26.0193,22.9668,recyclable,"['Bar For Salad', 'Florist', 'Coffee Bar', 'Video Store', 'Ready Food']",Super Savers,Deluxe,1.98 Millions,0.6336 Millions,1525.28,373.1,248.79,755.9442,p1au,mg,-21.509210218328228,-43.32506142162322,sao peulo,SP,-23.56625832001269,-46.51841724632121,4.0
mc_ID_4560,"Married Female with three children, education: high school degree working as professional",150K+,"Fruit from Produce department, Ordered Brand : Tell Tale",14.3179,val: 11.4107,non recyclable,"['Florist', 'Coffee Bar', 'Ready Food', 'Bar For Salad', 'Video Store']",Big Time Discounts,,10.96 Millions,4.2744 Millions,2038.11,481.98,319.26,328.1302,nova alvorada do sul,M$,data: -21.45564531183517,-54.370833165671634,sao paulo,SP,-23.746252526227707,-46.677001782820696,4.0
mc_ID_4563,"Single Female with one child, education: partial high school working as professional",90k,"Fruit from Produce department, Ordered Brand : Tell Tale",10.5822,9.1286,recyclable,"['Video Store', 'Ready Food', 'Coffee Bar', 'Florist', 'Bar For Salad']",One Day Sale,Deluxe,8.4 Millions,3.024 Millions,,593.93,395.95,360.3993,rio azul,PR,-25.73373749374235,-50.79613989435896,marilia,sp_,-22.193082052455427,-49.948926747706174,4.0
mc_ID_4565,"Single Male with two children, education: partial college working as professional",90K+,"Breakfast Foods from Frozen Foods department, Ordered Brand : Golden",12.8352,measure: 9.9135,recyclable,,Saving Days,Supermarket,9.44 Millions,4.1536 Millions,1506.76,227.8,151.9,619.0228,	Itaplra,SP,-22.441689885911977,-46.8296843558603,SEO PAULO,SP,val: -23.52833381848348,-46.61941011172019,5.0
mc_ID_4566,"Single Female with two children, education: bachelors degree working as management",50K+,"Canned Anchovies from Canned Foods department, Ordered Brand : Pleasant",13.6928,10.7857,recyclable,"['Ready Food', 'Florist', 'Bar For Salad', 'Coffee Bar']",Saving Days,Gourmet,€11.7M,6.4672 Millions,1564.86,385.45,256.97,474.0995,ouro preto do oeste,Ru,-10.722916603760916,-62.24969027879624,SANTO ANTONIO DE PO5SE,$p,data: -22.607003040200272,-46.91414970477579,5.0 stars
mc_ID_4567,"Maried Male w/ five children, education: high school degree working as skilled manual",30K+,"Bathroom Products from Health and Hygiene department, Ordered Brand : Steady",19.9142,15408.10 grams,recyclable,"['Coffee Bar', 'Ready Food', 'Florist', 'Video Store', 'Bar For Salad']",One Day Sale,Deluxe,1.71 Millions,0.8037 Millions,2038.11,481.98,321.26,767.3456,diadema,SP,-23.68008452677597,-46.62410537301638,piracicaba,SP,-22.71683928585045,data: -47.65736585405934,5.0 stars
mc_ID_4568,"Married Male with two children, education: high school degree working as manual",30K+,"Pure Juice Beverages from Beverages department, Ordered Brand : Token",11.6869,-10.2188,recyclable,,,,7.2 Millions,2.592 Millions,1508,227.8,151.9,635.1312,sumare,SP,-22.828654864562257,-47.267296160568925,curitiba,Pr,-25.450167784185595,-49.22439440716861,data: 5.0
mc_ID_4570,"Married Female with two children, education: partial college working as management",70K+,"Cleaning Supplies from Household department, Ordered Brand : Denny",12.3265,9.4047,non recyclable,"['Ready Food', 'Coffee Bar', 'Bar For Salad', 'Florist']",Sale : Double Down,deluxe_,9.28 Millions,3.9904 Millions,2055.01,654.13,436.09,500.7202,sao paulo,$P,amount: -23.45543839716661,amount: -46.74349258148175,PirACiCaBA,$P,measure: -22.71683928585045,data: -47.65736585405934,amount: 4.0
mc_ID_4571,"Married Female with five children, education: partial college working as clerical",30K+,"Vegetables from Produce department, Ordered Brand : Ebony",11.5706,7.2098,recyclable,"['Bar For Salad', 'Ready Food', 'Florist', 'Coffee Bar']",Save It (Sale),deluxe,"4.38 ,000,000illions",1.9272 Millions,2055.29,654.13,435,728.9051,campo grande,MS,-20.47061483151316,-54.57143721996692,campinas, sp,-22.943830511384977,val: -47.11233196480047,5.0
mc_ID_4572,"Single Male with two children, education: High School degree working as skilled manual",50k,"Seafood from Seafood department, Ordered Brand : Dual City",18.4606,15.4081,recyclable,"['Ready Food', 'Bar For Salad', 'Video Store', 'Coffee Bar', 'Florist']",Lottery Cash Registerion,,5.1 Millions,1.836 Millions,1734.5,503.07,,R$1721.87,sao caetano do sul,Sp,-23.640571559593745,-46.57077300194981,CaNoINHAs,5C,-26.16862248406491,-50.392861528512256,1.0
mc_ID_4573,"education: bachelors degree working as professional, Married Male with four children",130K+,"Carbonated Beverages from Beverages department, Ordered Brand : Skinner",30.0894,27.1822,recyclable,,Super Duper Savers,Supermarket,6.2Ms,1.922 Millions,2052.5,To Be Determined,305.41,527.7593,jAcareI,SP,data: -23.31977511073924,-45.923898996537545,arvorezinha,RS,-28.87262510202068,-52.17938515160991,5.0
mc_ID_4574,"Married Male with two children, education: bachelors degree working as professional",50K+,"Vegetables from Produce department, Ordered Brand : Tell Tale",29.5079,measure: 27.909,non recyclable,,Save It (Sale),,€3.0M,1.6638 Millions,2049.72,459.36,304.91,R$2570.73,rio de janeiro,RJ,-22.81177724161504,-999,campo limpo paulista_,SP,amount: -23.20706431353269,-46.760735214610754,5.0
mc_ID_4576,"Single Male with two children, education: high school degree working as skilled manual",30K+,"Paper Products from Household department, Ordered Brand : Denny",30.6708,27.7636,non recyclable,['Coffee Bar'],,Small Grocery,1.79 Millions,0.7697 Millions,2071.7,330.83,,601.3454,CONTAGEM, MG ,-19.970246474757243,-44.06128882747794,sao jose do rio preto,SP_,-20.84380119949777,-49.36891118527178,5.0
mc_ID_4577,"Single Male with five children, education: high school degree working as skilled manual",Income: 30K+,"Frozen Desserts from Frozen Foods department, Ordered Brand : Big Time",11.9921,10.5385,recyclable,,Weekend Discount,Supermarket,1.53 Millions,0.7497 Millions,1508,227.8,151.9,735.1811,Brasilia,df,-16.023101479007586,-48.07995398251277,sao  paulo,SP,-23.44911744240868,-46.72509081502104,5.0
mc_ID_4578,"mARRIED mALE WITH THREE CHILDREN, EDUCATION: PARTIAL COLLEGE WORKING AS PROFESSIONAL",30K+,"Fruit from Canned Products department, Ordered Brand : Green Ribbon",25.4379,22.5307,recyclable,,Full Free,supermarket,9.33 Millions,3.4521 Millions,1508,227.8,151.88,$660.24,sao joao del rei,MG,-21.14016029728452,val: -44.26710632722613,campinas,sp,-22.92991227115403,-47.07189552530681,5.0
mc_ID_4579,"Married Male with No children, education: graduate degree working as professional",110K+,"Dairy from Dairy department, Ordered Brand : Even Better",-11.4979,10.0298,recyclable,"['Video Store', 'Florist', 'Coffee Bar', 'Ready Food', 'Bar For Salad']",Bag Stuffer,DELUXE,"9.36 ,000,000illions",3.8376 Millions,,503.07,335.38,662.2226,Mesquita, RJ ,-22.78682963944107,-43.43064174409072,GUARULHOS,SP ,-23.453200132516344,-46.484469408993874,5.0
mc_ID_4582,"Single Male with two children, education: bachelors degree working as management, education: bachelors degree working as management",50K+,"Dairy from Dairy department, Ordered Brand : Even Better",-29.5079,26.4554,non recyclable,['Coffee Bar'],Weekend Discount,$upermarket,2.46 Millions,1.1808 Millions,1236.07,440.92,293.95,364.1649,campo grande,Ms,-20.52299249850393,-54.58910569730416,pra1a grande,SP,-24.04895262488876,-46.53411148239479,4.0
mc_ID_4584,"Married Male with two children, education: bachelors degree working as professional, education: bachelors degree working as professional",€59K+,"Snack Foods from Snack Foods department, Ordered Brand : Horatio",27.1822,24.275,non recyclable,"['Ready Food', 'Bar For Salad', 'Coffee Bar', 'Florist']",Two Day Sale,_Deluxe,8.31 Millions,3.6564 Millions,2055.29,,,542.0895,i7alva, rJ,measure: -21.424761,-41.68553399999998,RIO GRANDE,RS,-32.0795133795473,-52.15767795961282,100%
mc_ID_4585,"education: high school degree working as skilled manual, Single Female with four children",30K or more,"Bread from Baked Goods department, Ordered Brand : Fantastic",19.6235,16.7163,recyclable,"['Bar For Salad', 'Coffee Bar', 'Florist', 'Ready Food', 'Video Store']",Lottery Cash Registerion,Deluxe,11.96 Millions,5.5016 Millions,1734.5,503.07,335.43,500.9294,indaiatuba,$P,TBD,-47.20594429294824,ibitinga,SP,-21.7664768468313,-48.83154737836604,data: 1.0
mc_ID_4586,"Married Male with three children, education: bachelors degree working as professional",110K+,"Canned Soup from Canned Foods department, Ordered Brand : Better",24.5657,21.5132,recyclable,,Budget Bargains,Supermarket_,1.14 Millions,0.4674 Millions,2049.72,457.36,304.64,708.665,sao paulo, SP ,-23.52076037607479,-46.661384138207694,uberlandia,MG,-18.88799909186912,-48.260014632667776,1.0
mc_ID_4589,"Single Female with two children, education: bachelors degree working as management",70K+,"Vegetables from Produce department, Ordered Brand : Tell Tale",27.1822,53.52 lbs,non recyclable,['Florist'],Roller Savings (High) ,sUpermArkEt,2.19 Millions,1.0074 Millions,1320.15,525.32,348.85,532.6232,seo paulo,SP,-23.55172884179699,-46.54017974355124,Barretos,SP,-20.5342210194687,-48.56356843130872,3.0
mc_ID_4590,"Married Female with two kids, education: bachelor'ss degree working as professional",50K+ annually,"Packaged Vegetables from Produce department, Ordered Brand : Ebony",25.1472,22.0946,recyclable,"['Ready Food', 'Bar For Salad']",Savings Galore,Supermarket,$9.16 Millions,3.1144 Millions,,,313.66,550.1437,pecanha,MG,-18.54671321141172,-42.554759113821056, sao j0se dos campos,Sp,-23.20178111878932,-45.89567007799064,3.0
mc_ID_4591,"Single Female with No children, education: bachelors degree working as management",70K+,"Snack Foods from Snack Foods department, Ordered Brand : Best Choice",-31.2522,measure: 29.7987,recyclable,,Sale Winners,Supermarket,8.73Ms,3.492 Millions,1508,227.8,151.38,R$3960.94,goioere,pR,-24.18847968847047,-53.016364393737085,vila velha,ES,-20.38385571872436,-40.322682629277,4.0
mc_ID_4592,"Single Female with four children, education: partial high school working as manual",30k,"Hot Beverages from Beverages department, Ordered Brand : CDR",16.4256,-14.972,recyclable,,One Day Sale,,14.32 Millions,6.5872 Millions,1509.23,229.8,151.9,613.4267,rio de janeiro,RJ,-22.950922714957603,-43.18739520231989,dracena,SP,-21.4988715,-51.53786099999999,5.0
mc_ID_4594,"Married Female with one child, education: bachelors degree working as management",150k,"Vegetables from Canned Foods department, Ordered Brand : Blue Label",data: 31.8337,30.2347,recyclable,"['Bar For Salad', 'Ready Food']",Shelf Clearing Days,Supermarket,11.73 Millions,5.2785 Millions,2264.95,853.22,,554.903,aracaju,SE,-10.898675140152289,-37.05256178797201,SAO JOSE DOS CAMPOS,SP,-23.20178111878932,-45.89567007799064,amount: 5.0
mc_ID_4595,"Single Female with one child, education: bachelors degree working as professional",50K+,"Meat from Deli department, Ordered Brand : Moms",16.4256,-13.5184,non recyclable,"['Video Store', 'Ready Food', 'Coffee Bar', 'Bar For Salad', 'Florist']",,Deluxe,$6.24 Millions,2.7456 Millions,1870.41,593.93,395.95,343.611,sao paulo, SP ,-23.551281670552257,-46.49897223258696,sao lui5,MA,-2.546079233971952,-44.3089863702464,5.0
mc_ID_4596,"Single Female with one child, education: graduate degree working as professional",110000,"Jams and Jellies from Baking Goods department, Ordered Brand : CDR",30.5255,measure: 27.6183,recyclable,"['Video Store', 'Florist', 'Ready Food', 'Coffee Bar', 'Bar For Salad']",Discount Frenzy,Gourmet,7.62 Millions,2.4384 Millions,1424.85,465.54,309.64,504.9565,Juiz 	De 	Fora,MG,-21.77220552899768,measure: -43.35345796280802,sao bernardo do campo,SP,-23.71688471949829,-46.54199108267673,5.0
mc_ID_4597,"Single Female with two children, education: bachelors degree working as management",50K+,"Drinks from Beverages department, Ordered Brand : Token",22.676,19.7689,recyclable,['Florist'],You Save Days,supERMARkeT,2.22Ms,0.8436 Millions,1318.84,,348.85,689.3663,_sao paulo,$P,-23.498191006376647,-46.404315749235394,sao paulo,sp,val: -23.693985995008337,-46.70188324132953,5.0
mc_ID_4599,"Married Female with four children, education: bachelors degree working as professional",$50K+,"Snack Foods from Snack Foods department, Ordered Brand : Horatio",31.6883,30.0894,recyclable,"['Ready Food', 'Bar For Salad']",,Supermarket,10.6 Millions,4.876 Millions,2448.37,470.27,312.77,656.2604,SAO BERNARDO DO CAMPO,SP,-23.72527983484343,measure: -46.55702673772287,Ibit1NGA,	SP,-21.7664768468313,-48.83154737836604,5.0
mc_ID_4600,"Married Male with five children, education: high school degree working as manual",30K+,"Fruit from Produce department, Ordered Brand : High Top",501.46 oz,11.2944,non recyclable,"['Florist', 'Bar For Salad', 'Coffee Bar', 'Ready Food']",Budget Bargains,Deluxe,4.98 Millions,2.241 Millions,2055.29,654.13,436.09,715.1502,MATUTINA,MG,-19.22248642895372,-45.9695654623422,borda da mata,MG,-22.264093569966427,-46.15856420525942,5.0
mc_ID_4601,"Married Male with two kids, education: partial college working as professional",130K+,"Cleaning Supplies from Household department, Ordered Brand : Red Wing",22.0946,amount: 19.0421,non recyclable,"['Ready Food', 'Video Store', 'Coffee Bar', 'Florist', 'Bar For Salad']",Save It (Sale),Deluxe,5.9 Millions,2.419 Millions,1734.5,503.07,336.12,755.1074,Veranopolis ,R$,data: -28.935745148342484,-51.55204762348925,campinas,SP,-22.895876357204664,-47.0791850342778,5.0
mc_ID_4602,"Single Male with No children, education: graduate degree working as management",130K+,"Vegetables from Produce department, Ordered Brand : Hermanos",12.1084,9.1867,non recyclable,,Price Slashers,Supermarket,4.11 Millions,2.0139 Millions,1623.48,341.05,227.33,277.0331,salvador,BA,-13.00486273633788,-38.46539390896759,juiz de fora,MG,-21.76282506633389,-43.34295644532287,4.0
mc_ID_4603,"Single Male with four children, education: partial college working as clerical",-1,"Fruit from Produce department, Ordered Brand : Hermanos",measure: 24.8564,-21.9493,recyclable,['Coffee Bar'],Saving Days,,3.24 Millions,1.2312 Millions,1394.66,534.29,,453.6502,feira de santana,BA,-12.248541681316151,-38.97197508256521,sao paulo,SP,val: -23.50126797890817,-46.73964800083672,4.0
mc_ID_4605,"education: partial high school working as skilled manual, Single Male with two children",50K+,"Jams and Jellies from Baking Goods department, Ordered Brand : BBB Best",18.606,17.1524,non recyclable,['Florist'],Best Savings,Supermarket,4.4 Millions,1.54 Millions,1320.15,,348.85,281.4786,BeT1M,MG,-19.95051350597261,-44.14049886871721,itatiba,SP,-22.99567770323237,-46.857106243157794,5.0
mc_ID_4607,"Single Male with No children, education: high school degree working as skilled manual",30K+,"Hot Beverages from Beverages department, Ordered Brand : Super",14.3179,data: 11.4107,non recyclable,"['Ready Food', 'Bar For Salad']",,Supermerket,"3.72 ,000,000illions",1.302 Millions,2263.61,853.22,569.34,327.9733,sao jose dos campos,sp,-23.17818323342369,-45.85784163765943,pederneiras,SP,-22.3308507978399,data: -48.80069173298912,3.0
mc_ID_4608,Married Male with five children; education: partial high school working as management,70K+ annually,"Pain Relievers from Health and Hygiene department, Ordered Brand : Hilltop",9.303,-6.3958,recyclable,,One Day Sale,Supermarket,7.41Ms,3.0381 Millions,2049.72,457.36,303.64,486.7561,corrente,PI,-10.441255487219744,-45.16858578213835,SAO JOSE DO RIO PRETO,_SP,-20.83841198142741,-49.38082796951136,3.0
mc_ID_4609,"Single Male with four children, education: partial high school working as manual",30K+,"Snack Foods from Snack Foods department, Ordered Brand : Best Choice",31.3976,28.4904,recyclable,"['Coffee Bar', 'Video Store', 'Florist', 'Bar For Salad', 'Ready Food']",Sale Sale Sale,,8.04 Millions,2.9748 Millions,1525.1,373.1,,722.6814,sao paulo,sp,-23.60839853067112,-46.45093488536562,jussar@,_PR,-23.62208737103585,-52.46578937273949,4.0
mc_ID_4610,"Single Female with one child, education: partial high school working as skilled manual",10k,"Fruit from Produce department, Ordered Brand : Tell Tale",12.3265,val: 9.4047,recyclable,"['Video Store', 'Florist', 'Bar For Salad', 'Coffee Bar', 'Ready Food']",Save Price,Deluxa ,10.89Ms,5.2272 Millions,,503.07,335.38,419.9167,saIvador,Ba,-12.99195623342369,-38.44280419178832,botuca7u,SP,-22.86981926481748,-48.45696374622915,80%
mc_ID_4611,"Single Female with No children, education: bachelors degree working as professional",$50K+,"Vegetables from Produce department, Ordered Brand : Ebony",10.5531,9.0995,non recyclable,"['Bar For Salad', 'Florist', 'Ready Food', 'Coffee Bar']",Shelf Emptiers,Gourmet,3.6 Millions,1.152 Millions,1564.86,387.45,256.97,773.0986,aparecida de goiania,Go,-16.736456999999945,-49.24503349999996,sao paul0,SP,-23.59798552039933,-46.55547278711988,measure: 1.0
mc_ID_4612,"Single Male with three children, education: bachelors degree working as professional",840+ monthly,"Paper Products from Household department, Ordered Brand : High Quality",11.0909,6.7301,non recyclable,,Weekend Discount,Supermarket,4.92 Millions,2.214 Millions,1508.67,227.8,151.9,735.1811,joao munlevade ,MG,-19.83450146867729,-43.188507135626296,brusque,Sc,-27.14105704919435,-48.96146112936535,5.0
mc_ID_4613,"Married Female with four children, education: partial high school working as skilled manual",10K+,"Meat from Deli department, Ordered Brand : American",-20.641,16.1349,recyclable,"['Coffee Bar', 'Bar For Salad', 'Florist', 'Ready Food']",,Deluxe,2.34 Millions,0.8892 Millions,2053.58,654.13,436.09,584.191,sao paulo,5P_,-23.541158650845407,-46.60747344656362,guariba, sp,-21.36235769739203,-48.232975701561735,5.0
mc_ID_4614,"Married Female with five children, education: bachelors degree working as professional",130K+,"Breakfast Foods from Breakfast Foods department, Ordered Brand : Johnson",15.2627,10.9019,non recyclable,"['Bar For Salad', 'Ready Food']",Shelf Clearing Days,Supermarket,2.49Ms,1.2201 Millions,2265.9,853.22,568.23,amount: 554.903,SANTO ANDRE,SP,-23.63501354177962,-46.50399501887012,ibitinga,SP,amount: -21.7664768468313,-48.83154737836604,4.0
mc_ID_4616,"Married Female with five children, education: partial high school working as skilled manual",10K+,"Carbonated Beverages from Beverages department, Ordered Brand : Washington",26.1647,24.7111,recyclable,,Super Savers,5upermarket,10.44Ms,3.132 Millions,2049.72,457.36,303.94,339.8977,sao paulo,$P,-23.61480283970115,val: -46.72500444268959,SANTO ANDRE,SP,-23.61571809769749,-46.53118432278263,5.0
mc_ID_4617,"Single Female with three kids, education: bachelor'ss degree working as professional",€59K+,"Packaged Vegetables from Produce department, Ordered Brand : Hermanos",10.117,data: 5.7562,recyclable,"['Bar For Salad', 'Ready Food', 'Coffee Bar', 'Florist', 'Video Store']",Sale Sale Sale,"D3luxe
",4.34 Millions,1.9096 Millions,,373.1,249.57,722.6814,santos,5P,-23.959748294477464,-46.31359166374292,SOROCABA,SP,-23.53401196947312,-47.46735238343239,5.0
mc_ID_4618,"Single Female with one child, education: bachelors degree working as management",90K+,"Vegetables from Produce department, Ordered Brand : Tell Tale",24.7111,20.3503,non recyclable,"['Ready Food', 'Bar For Salad']",Full Free,Supermarket,7.98 Millions,3.1122 Millions,2265.9,,568.75,736.907,HORTOLANDIA,$P,-22.894244007858305,-47.23358323658409,sao paulo,SP,-23.53108125950717,-46.51791357132556,5.0
mc_ID_4620,"Single Female with two children, education: graduate degree working as professional",€59K+,"Dairy from Dairy department, Ordered Brand : Carlson",9.6373,8.1837,recyclable,"['Bar For Salad', 'Ready Food', 'Florist', 'Coffee Bar', 'Video Store']",Money Savers,Deluxa,3.68Ms,1.288 Millions,1871.16,593.93,397.2,343.611,mogi das cruzes,Sp,-23.517127104923187,-46.19066721624193,belo horizonte,MG,-19.840168078827364,-43.92329932223438,5.0
mc_ID_4621,"Married Female with four children, education: bachelors degree working as professional",70K+,"Starchy Foods from Starchy Foods department, Ordered Brand : Colossal",12.5009,9.5937,non recyclable,['Coffee Bar'],Sale : Double Down,Supermarke7,7.68 Millions,3.2256 Millions,1236.07,442.92,293.58,309.5637,campanha,mg,-21.832580480823008,-45.40532063864941,_curitibe,PR,-25.539430693865768,amount: -49.2886326382077,2.0
mc_ID_4625,"Married Female with No children, education: partial high school working as skilled manual",30K+,"Beer and Wine from Alcoholic Beverages department, Ordered Brand : Pearl",28.9265,25.874,non recyclable,"['Coffee Bar', 'Florist', 'Video Store', 'Bar For Salad', 'Ready Food']",Go For It,###,$5.76 Millions,2.0736 Millions,2038.18,481.98,321.26,455.3761,sao paulo,SP,-23.627971016648427,-46.71095884609617,jau,SP,-22.29164124459334,-48.54989181391441,5.0
mc_ID_4627,"Married Female with four children, education: graduate degree working as professional",130 Thousand,"Fruit from Produce department, Ordered Brand : Tell Tale",13.562,10.6403,recyclable,"['Bar For Salad', 'Video Store', 'Florist', 'Coffee Bar', 'Ready Food']",Full Free,deLUxE,"1.83 ,000,000illions",0.7686 Millions,1734.5,503.07,335.2,752.2309,carmo do parana1ba,MG,-18.997588351779083,data: -46.29733006798912,itajai,Sç,-26.912428672061186,-48.6773810666573,4.0
mc_ID_4629,"Single Female with two kidren, education: partial high school working as skilled manual",10K+,"Breakfast Foods from Frozen Foods department, Ordered Brand : Golden",12.8352,9.9135,recyclable,,Go For It,,7.08 Millions,2.4072 Millions,2049.72,457.36,303.64,525.8765,cataguases,mG,-21.38907215898061,measure: -42.69203937619066,BORDA DA MATA,MG,-22.264093569966427,-46.15856420525942,5.0
mc_ID_4631,"Single Male with five children, education: bachelors degree working as professional",50K+,"Vegetables from Frozen Foods department, Ordered Brand : Golden",45.51 lbs,19.0421,non recyclable,['Coffee Bar'],Go For It,Small Grocery,$5.94 Millions,2.079 Millions,2067.19,,219.54,381.8946,tres de maio,RS,-27.713180999999945,measure: -54.26528299999997,ribeirao 	preto,SP,-21.116471333054424,-47.79073400291418,1.0
mc_ID_4632,"Single Male with five children, education: bachelors degree working as management",50K+,"Pain Relievers from Health and Hygiene department, Ordered Brand : Bird Call",-28.9265,25.874,non recyclable,['Coffee Bar'],Budget Bargains,Supermarket,€9.8M,5.0512 Millions,1238.72,440.92,295.4,$687.54,santa rosa,RS,-27.855757535796112,data: -54.44738121480089,porto alegre,R5,measure: -30.02445275114225,-51.21118835646234,5.0
mc_ID_4634,"Single Female with three children, education: partial high school working as professional",130K+,"Vegetables from Produce department, Ordered Brand : Hermanos",-25.0018,23.5482,non recyclable,['Florist'],Price Destroyers,supermarket,10.88 Millions,5.1136 Millions,1320.15,523.32,348.85,data: 710.8616,curitiba,PR,-25.383237045242065,-49.23195552997861,ribeirao preto,SP,-21.197994153181128,-47.779317275572765,100%
mc_ID_4635,"Single Male with four children, education: partial high school working as manual",10K+,"Side Dishes from Deli department, Ordered Brand : Lake",20.9317,17.8792,recyclable,"['Florist', 'Ready Food', 'Video Store', 'Coffee Bar', 'Bar For Salad']",Two for One,Gourmet,2.79 Millions,0.8649 Millions,1426.75,,310.3,360.7131,BELo HoRIZOntE,MG,-19.88561895920133,-43.93859494364943,santo andre,SP,-23.665703457960586,-46.51808196779969,5.0
mc_ID_4638,"MARRIED FEMALE WITH THREE KIDS, EDUCATION: HS DEGREE WORKING AS MANUAL",360+ monthly,"Miscellaneous from Checkout department, Ordered Brand : Black Tie",12.7625,11.2944,recyclable,"['Coffee Bar', 'Ready Food', 'Bar For Salad', 'Florist']",GLD, Gourmet,6.28 Millions,1.884 Millions,1564.08,385.45,256.97,amount: 396.2248,BRASILIA,DF,-15.746057999999998,measure: -47.894445,monte siao,MG,-22.42880507067007,-46.569550269431765,val: 5.0
mc_ID_4639,"Single Female with two children, education: bachelors degree working as professional",50 Thousand,"Vegetables from Produce department, Ordered Brand : Tell Tale",21.0771,18.1699,non recyclable,"['Bar For Salad', 'Ready Food', 'Coffee Bar', 'Florist']",,deluxe,4.38 Millions,1.7082 Millions,2055.29,656.13,436.09,amount: 640.5181,rio de jañeiro,RJ,amount: -22.89844010101571,-43.28117498222639,mirandopolis,SP,-21.131534491601712,-51.10568265114781,5.0
mc_ID_4640,"Single Female with No children, education: bachelors degree working as professional",50K+,"Snack Foods from Snack Foods department, Ordered Brand : Best Choice",29.944,val: 27.0368,recyclable,,,Supermarket,10.08Ms,3.6288 Millions,2049.72,457.36,305.19,325.6198,brasilia,DF,-15.817023649288766,-47.898386373501175,ibitinga,Sp,measure: -21.7664768468313,-48.83154737836604,1.0
,"mARRIED fEMALE WITH nO CHILDREN, EDUCATION: BACHELORS DEGREE WORKING AS PROFESSIONAL",$50K+,"Bread from Baked Goods department, Ordered Brand : Fantastic",31.1069,-26.6008,recyclable,,Saving Days,Supermarket,7.56 Millions,3.402 Millions,1510.39,,151.9,619.0228,5AO PAULO, $P ,-23.55364600943506,-46.64827785290551,sao paulo,SP,-23.61411790980433,val: -46.60034800222169,5.0
mc_ID_4642,"Married Female with four children, education: high school degree working as skilled manual",30K+,"Vegetables from Produce department, Ordered Brand : Hermanos",27.1822,22.8214,recyclable,,Super Savers,SUPERMARKET,"13.44 ,000,000illions",4.032 Millions,2052.18,457.36,304.91,339.8977,alagoinhas,B4,measure: -12.137507964605874,-38.41870742459835,SANTOS,SP,-23.944502325841068,-46.33124278031053,data: 5.0
mc_ID_4643,"Married Male with two children, education: partial high school working as manual",10K+,"Kitchen Products from Household department, Ordered Brand : Cormorant",30.9615,amount: 27.909,recyclable,"['Florist', 'Video Store', 'Coffee Bar', 'Ready Food', 'Bar For Salad']",,,€6.9M,3.0192 Millions,1424.85,465.54,311.73,data: 616.4078,sao paulo,SP,-23.5706181335045,-46.50933181986844,monte s1ao,MG,-22.42880507067007,val: -46.569550269431765,2.0
mc_ID_4644,"Married Male with one child, education: partial HS working as manual",10K+,"Jams and Jellies from Baking Goods department, Ordered Brand : Super",23.9843,21.0771,non recyclable,,Price Winners,Supermarke7,7.92 Millions,3.8016 Millions,1623.48,341.05,225.84,586.7537,riodejaneiro,_RJ,-22.97938068457905,-43.3327651254376,IPAUSSU,	SP,val: -23.05035208242116,-49.62755542394423,5.0
mc_ID_4645,"Married Male with three children, education: high school degree working as manual",10K+,"Electrical from Household department, Ordered Brand : Sunset",val: 27.1822,24.275,recyclable,"['Video Store', 'Coffee Bar', 'Florist', 'Ready Food', 'Bar For Salad']",Save It (Sale),Deluxe,5.06Ms,1.9734 Millions,1527.74,373.1,249.12,393.4006,CAmPiNA Grande,PB,-7.245618873160597,-35.89097554010618,sao paulo,Sp,-23.537511255832708,-46.63705730743676,1.0
mc_ID_4646,"Married Female with four children, education: bachelors degree working as professional",50K+,"Pain Relievers from Health and Hygiene department, Ordered Brand : Bird Call",27.6183,24.71 kg,recyclable,"['Ready Food', 'Bar For Salad', 'Coffee Bar', 'Florist', 'Video Store']",Promo Big,Deluxe,€6.1M,3.3558 Millions,1871.16,593.93,395.95,578.2288,timoteo,MG,-19.54373077737746,-42.651621091858686,SaO PauLO,SP,-23.48381025284207,-46.69528157314321,5.0
mc_ID_4647,"Married Male with five children, education: high school degree working as manual",30K+,"Cleaning Supplies from Household department, Ordered Brand : Sunset",-30.5255,922.93 oz,non recyclable,"['Coffee Bar', 'Florist', 'Video Store', 'Bar For Salad', 'Ready Food']",GLD,DE1UXE,€2.1M,0.9462 Millions,1871.16,593.93,396.08,484.1411,gUARuLhoS,SP,-23.43013599194992,-46.51056930904841,sao jose dos campos,_SP,-23.20178111878932,-45.89567007799064,5.0
mc_ID_4648,"Single Female with two childern, education: High School degree working as professional",70K+,"Pure Juice Beverages from Beverages department, Ordered Brand : Skinner",13.3294,11.8759,non recyclable,"['Ready Food', 'Florist', 'Coffee Bar', 'Bar For Salad']",Dollar Days,DELUXE,8.64 Millions,3.8016 Millions,2055.29,654.13,435.16,725.9763,bom jard1m,Rj,-22.151825919042423,val: -42.41811005150162,ibitinga,sP,-21.7664768468313,measure: -48.83154737836604,5.0
mc_ID_4649,"Married_Male_with_three_children,_education:_partial_high_school_working_as_manual",10K+ annually,"Meat from Deli department, Ordered Brand : Cutting Edge",26.4554,25.0018,non recyclable,"['Florist', 'Coffee Bar', 'Ready Food', 'Bar For Salad', 'Video Store']",Discount Frenzy,Deluxe,3.06 Millions,1.0098 Millions,1871.16,593.93,395.95,326.352,montes claros,Mg,val: -16.74508472799934,-43.88799563794789,sao paulo,SP,-23.54052887362136,-46.44848419206763,5.0
mc_ID_4650,"Single Female with two children, education: bachelors degree working as management",€76K+,"Beer and Wine from Alcoholic Beverages department, Ordered Brand : Pearl",14.972,12.0648,non recyclable,,Price Destroyers,Supermarket,7.44 Millions,3.348 Millions,1508,227.8,151.9,635.1312,sao goncalo_,RJ,data: -22.82787,-43.01969625000001,RIO DE JANEIRO,RJ,-22.920104850395337,-43.22138202997862,measure: 5.0
mc_ID_4651,"Married Female with four children, education: graduate degree working as management",70K+,"Vegetables from Produce department, Ordered Brand : Tri-State",27.909,amount: 25.0018,non recyclable,"['Ready Food', 'Bar For Salad']",Budget Bargains,Supermarket,€1.4M,0.594 Millions,2265.9,853.22,568.69,346.1214,vOtUpoRAnGa,SP,data: -20.42166389708112,-49.96336392178048,BOMBINHas,sc,-27.14294161449014,-48.50728684609616,5.0
mc_ID_4653,"SiNgLe fEmAlE WiHt tHrEe cHiLdReN, eDuCaTiOn: PaRtIaL CoLlEgE WoRkInG As cLeRiCaL.",50K+,"Seafood from Seafood department, Ordered Brand : Dual City",27.3275,24.275,recyclable,['Coffee Bar'],,Supermarket,1.56 Millions,0.4992 Millions,1236.07,,293.95,364.1649,Ibirarema,SP,-22.814920673635747,-50.073673545793405,sao paulo,5P,-23.541941545934563,-46.49095488842404,2.0
mc_ID_4654,"MaRrIeD FeMaLe wItH FoUr cHiLdReN, eDuCaTiOn: PaRtIaL HiGh sChOoL WoRkInG As mAnUaL",10K+ annually,"Kitchen Products from Household department, Ordered Brand : High Quality",12.1956,9.2885,recyclable,"['Ready Food', 'Video Store', 'Florist', 'Coffee Bar', 'Bar For Salad']",One Day Sale,Deluxe,"7.54 ,000,000illions",3.0914 Millions,1871.16,593.93,395.95,360.3993,Rio De Janeiro,RJ,amount: -22.908714883432378,-43.193807831813686,iiicinea,MG,-20.944705621834668,-45.82709818233235,4.0
mc_ID_4655,"Married Female with three children, education: partial high school working as management",70K+,"Hot Beverages from Beverages department, Ordered Brand : Plato",25.1472,23.5482,non recyclable,['Coffee Bar'],,SUPERMARKET,2.36 Millions,1.18 Millions,1235.82,440.92,293.95,473.7334,divinopolis,MG,-20.147537126559413,data: -44.90712481034317, guaru1hos,SP,-23.411582298084145,-46.44838156702636,5.0
mc_ID_4656,"Married Male with two children, education: bachelors degree working as management",50K+,"Pain Relievers from Health and Hygiene department, Ordered Brand : Faux Products",18.0246,13.6492,non recyclable,"['Ready Food', 'Bar For Salad']",Go For It,,15.36 Millions,5.8368 Millions,2445.9,470.27,313.55,347.1151,maracaju,MS,-21.617147476604096,-55.17180102202648,sao paulo,sp,-23.539494799586286,-46.63284391414975,5.0
mc_ID_4657,"Married Female with No children, education: high school degree working as manual",30K+,"Drinks from Beverages department, Ordered Brand : Token",29.6533,-26.6008,recyclable,,,Supermerket,4.92Ms,2.214 Millions,,457.36,304.91,527.7593,sao paulo,SP,-23.45038103635526,-46.71833685039535,saopaulo,SP,-23.65111484251016,amount: -46.75521082321932,3.0
mc_ID_4658,"Single Female with one child, education: high school degree working as skilled manual",30K+,"Decongestants from Health and Hygiene department, Ordered Brand : Faux Products",24.275,val: 19.9142,recyclable,"['Bar For Salad', 'Coffee Bar', 'Ready Food', 'Florist']",Super Duper Savers,Deluxe_,5.22 Millions,2.4534 Millions,2054.91,654.13,435.58,364.2695,aparecida de goiania,GO,-16.764070999999944,-49.29423866599996,sao paulo,SP,amount: -23.537511255832708,val: -46.63705730743676,5.0
mc_ID_4660,"Single Male with four children, education: partial high school working as manual",30K+,"Breakfast Foods from Frozen Foods department, Ordered Brand : PigTail",25.5832,data: 24.1296,recyclable,"['Florist', 'Video Store', 'Bar For Salad', 'Ready Food', 'Coffee Bar']",Dimes Off,Deluxe,6.72 Millions,3.1584 Millions,2038.11,,321.6,measure: 550.6144,sAO 	paUlo,SP,-23.506932510675806,-46.69620202553523,mogi mirim,SP,-22.438121280598992,-46.973524736049406,5.0
mc_ID_4661,"Single Male with four children, education: partial high school working as manual",120+ monthly,"Snack Foods from Snack Foods department, Ordered Brand : Horatio",20.641,17.5885,non recyclable,,Best Price Savers,Supermarket,2.64 Millions,0.924 Millions,1508,227.8,151.9,650.4028,PORTO ALEGRE,R5,-30.008157352685952,-51.17525078926519,sao paulu,Sp,-23.571084458220376,measure: -46.70899251887011,5.0
mc_ID_4663,"Single Male with three children, education: partial high school working as skilled manual",10 Thousand,"Carbonated Beverages from Beverages department, Ordered Brand : Washington",9.6809,6.7592,recyclable,['Coffee Bar'],Bag Stuffer,$MallGrocery,4.38 Millions,1.9272 Millions,2066.84,330.83,220.55,amount: 616.7739, campinas ,SP,-22.98722237101393,-47.151072819246686,guariba,SP,-21.36235769739203,-48.232975701561735,3.0
mc_ID_4667,"Married Female with five children, education: high school degree working as skilled manual",30K or more,"Baking Goods from Baking Goods department, Ordered Brand : Super",25.7286,22.8214,non recyclable,,,,11.32 Millions,4.0752 Millions,1623.48,341.05,228.96,586.7537,"sao paulo
",sp,-23.502803731057767,-46.43356278420567,santo andre,	sp,-23.665703457960586,-46.51808196779969,data: 5.0
mc_ID_4668,"Married Male with four children, education: partial high school working as management",90 Thousand,"Electrical from Household department, Ordered Brand : Red Wing",measure: 14.972,amount: 12.0648,recyclable,,Price Slashers,supErmarKEt,18.45 Millions,8.118 Millions,1508,227.8,151.9,351.456,RIO DE JANEIRO,RJ,amount: -22.91512664796404,-43.40987975082128,maringa,PR,-23.38219409935399,-51.95529780691714,1.0
mc_ID_4670,"Single Male with five children, education: partial college working as clerical",30K+,"Kitchen Products from Household department, Ordered Brand : Sunset",25.0018,20.641,non recyclable,"['Ready Food', 'Bar For Salad', 'Video Store', 'Coffee Bar', 'Florist']",Two for One,Deluxe,1.78 Millions,0.5696 Millions,2038.11,481.98,321.26,358.9349,bras1lia,DF,-15.808551384889736,-48.12935656552741,brasili4,DF,-15.886620476289508,-48.01443185354944,1.0
mc_ID_4672,"Single Male with four children, education: graduate degree working as management",90 Thousand,"Baking Goods from Baking Goods department, Ordered Brand : Super",15.8442,11.4688,non recyclable,,GLD,Supermarket,"3.96 ,000,000illions",1.7028 Millions,1506.48,227.8,151.83,val: 727.9637,sao domingos do norte,ES,-19.14712614516939,-40.62141283669344,riberao preto,sP,-21.16850440882337,val: -47.79370519233655,1.0
mc_ID_4673,"Married Female with two children, education: bachelors degree working as professional, Married Female with two children",--,"Beer and Wine from Alcoholic Beverages department, Ordered Brand : Good",15.2627,12.3555,non recyclable,"['Ready Food', 'Bar For Salad', 'Coffee Bar', 'Florist']",Save Price,_Deluxe,$11.36 Millions,4.2032 Millions,,654.13,436.09,584.191,GOVERNADOR VALADARES,Mg,-18.91074643471513,amount: -41.99272812082771,colombo,PR,-25.371132577664817,-49.18125077989034,5.0
mc_ID_4674,"Married_Male_with_four_kidren,_education:_graduate_degree_working_as_management",70K+,"Magazines from Periodicals department, Ordered Brand : Gauss",23.4028,21.9493,recyclable,,Go For It,Supermarket,11.12 Millions,3.336 Millions,1508,227.8,151.9,350.4623,cu1aba_,MT,-15.6388015142684,-56.05865252888458,sao paulo,SP,-23.55156260866176,-46.64021297307979,4.0
mc_ID_4675,"Single Female with one child, education: graduate degree working as professional",70k,"Dairy from Dairy department, Ordered Brand : Carlson",30380.10 grams,27.3275,recyclable,,Full Free,supermarket,2.64 Millions,0.924 Millions,1508,229.8,151.9,272.2738,porto al3gre,RS,-30.0373750279428,-51.10576615986805,guariba,SP,-21.36235769739203,-48.232975701561735,data: 5.0
mc_ID_4677,"SiNgLe mAlE WiTh fOuR KiDrEn, EdUcAtIoN: bAcHeLoR'Ss dEgReE WoRkInG As mAnAgEmEnT",70K+,"Canned Tuna from Canned Foods department, Ordered Brand : Better",measure: 31.543,28.6358,non recyclable,"['Coffee Bar', 'Florist', 'Ready Food', 'Bar For Salad', 'Video Store']",Shelf Clearing Days,	Gourmet,13.85Ms,6.648 Millions,1424.85,465.54,310.3,533.2508,mirassol,Sp,-20.80606834590576,-49.50314249273567,sao paulo,SP,-23.59539756425642,-46.55163738273989,4.0
mc_ID_4678,"Single Male with three children, education: partial high school working as manual",10K+,"Cleaning Supplies from Household department, Ordered Brand : Sunset",22.8214,19.7689,recyclable,['Florist'],Shelf Emptiers,,7.32 Millions,2.4888 Millions,1320.15,,,data: 564.2647,belo hor1zonte,MG,-19.91802549653755,-43.97613252844943,itejai,SP,-26.91626999999994,-48.65245999999996,3.0
mc_ID_4679,"Married Female with No children, education: partial high school working as skilled manual",10K+,"Snack Foods from Snack Foods department, Ordered Brand : Fast",26.7461,22.24,non recyclable,,Price Destroyers,MID-5IZE,$5.44 Millions,2.3936 Millions,2818.38,,,R$4275.05,sAO Paul0,SP,val: -23.600995072162263,amount: -46.63496187621901,bRasILIA ,Df ,-15.840667480274698,-48.051942900348365,5.0
?,"Single Female with four children, education: partial high school working as skilled manual",30K+,"Snack Foods from Snack Foods department, Ordered Brand : Horatio",11.4398,data: 9.9716,non recyclable,,Sales Days,Supermarket,5.6 Millions,2.016 Millions,1622.69,341.05,227.33,743.1307,alagrete,RS,val: -29.78918848961021,-55.79694262151192,IbItiNga, SP ,-21.7664768468313,-48.83154737836604,4.0
mc_ID_4682,"Married Male with one child, education: high school degree working as skilled manual",30K+,"Fruit from Produce department, Ordered Brand : Tell Tale",16.4256,13.5184,non recyclable,['Coffee Bar'],Price Winners,Small Grocery,3.44 Millions,1.2728 Millions,1423.37,398.93,266.65,672.9441,R1O De Janeiro,Rj,amount: -22.86702243075192,measure: -43.23613113918864,sao paulo,Sp,-23.65111484251016,-46.75521082321932,4.0
mc_ID_4683,"Married Male with one child, education: bachelors degree working as management",70K+,"Fruit from Produce department, Ordered Brand : Ebony",14.4778,11.5706,non recyclable,['Coffee Bar'],,Supermarket,8.88 Millions,3.1968 Millions,1233.32,440.92,293.95,477.3944, rio grande,R$,-32.04232063459594,-52.12953397213267,sao paulo,SP,-23.52833381848348,measure: -46.61941011172019,val: 4.0
mc_ID_4685,"Married Male with two children, education: bachelors degree working as professional",70K+,"Snack Foods from Snack Foods department, Ordered Brand : Nationeel",15.6988,11.338,recyclable,"['Coffee Bar', 'Florist']",Sales Days,Mid-Size,€7.6M,3.9336 Millions,2551.4,389.54,259.66,694.9624,osASCo,SP,-23.513743681472377,-46.80485744091285,cajamar,SP,-23.406238298215783,-46.84102497498486,5.0
mc_ID_4687,"Single Male with five children, education: graduate degree working as professional",110K+,"Vegetables from Canned Foods department, Ordered Brand : Pleasant",14.1144,11.2072,recyclable,,Price Winners,Supermarket,2.88 Millions,1.296 Millions,1623.48,341.05,226.22,543.397,porto alegre,R$,amount: -30.110020899532547,-51.23162798932419,sao paulo,sP,-23.59798552039933,-46.55547278711988,3.0
mc_ID_4689,"EDUCATION: HIGH SCHOOL DEGREE WORKING AS MANUAL, SINGLE FEMALE WITH THREE CHILDREN",30K+,"Meat from Frozen Foods department, Ordered Brand : Golden",22.3853,19.3328,recyclable,"['Ready Food', 'Bar For Salad', 'Video Store', 'Florist', 'Coffee Bar']",,Deluxe,€11.8M,6.96 Millions,1870.83,593.93,395.95,484.1411,niteroi,RJ,-22.88468203514288,-43.1104961936404,sao paulo,SP,-23.69289565500035,-46.68021046531817,4.0
mc_ID_4693,"Single Female with one child, education: high school degree working as management",110K+,"Dairy from Dairy department, Ordered Brand : Even Better",,13.0823,recyclable,"['Bar For Salad', 'Florist', 'Coffee Bar', 'Ready Food']",Weekend Discount,deluxe,2.88Ms,1.1808 Millions,,654.13,436.09,val: 382.0515,5ousa,PB,-6.756439581398887,-38.22826951058397,Praia Grande,SP,-24.04895262488876,-46.53411148239479,3.0
mc_ID_4694,"Married Male with one child, education: bachelors degree working as professional",Income: 50K+,"Frozen Desserts from Frozen Foods department, Ordered Brand : Golden",14.2597,amount: 12.8062,recyclable,,Budget Bargains,,1.9 Millions,0.57 Millions,2085.67,783.64,522.7,546.0643,sao paulo,SP_,data: -23.501464072162264,-46.67349915889548,"sao paulo
",SP,-23.693985995008337,-46.70188324132953,4.0
mc_ID_4696,"Single Male with one kid, education: high school degree working as skilled manual",360+ monthly,"Pure Juice Beverages from Beverages department, Ordered Brand : Token",-28.6358,25.7286,recyclable,['Coffee Bar'],Two Day Sale,Supermarket,"2.34 ,000,000illions",0.936 Millions,1235.9,440.92,295.35,477.3944,londrina, pr ,-23.331043778111702,-51.17743350000001,novo hamburgo,Rs,-29.6881809883103,measure: -51.0915608374261,1.0
mc_ID_4697,Single Male with four children + education: bachelors degree working as professional,50K+,"Beer and Wine from Alcoholic Beverages department, Ordered Brand : Good",-14.1144,9.7536,recyclable,"['Bar For Salad', 'Coffee Bar', 'Ready Food', 'Florist']",,Deluxe,€7.6M,2.9568 Millions,2054.51,654.13,437.67,288.5914,Sao Paulo,"SP
",-23.58803415015292,-46.52654020760001,rio de jameiro,RJ,-23.00927096142304,-43.42940927644404,5.0
mc_ID_4698,"marriied male with four children, education: high school degree working as manual",30 Thousand,"Cold Remedies from Health and Hygiene department, Ordered Brand : Faux Products",21.0771,18.1699,non recyclable,"['Bar For Salad', 'Coffee Bar', 'Video Store', 'Ready Food', 'Florist']",,deluxe,$2.65 Millions,0.8745 Millions,1871.16,595.93,395.95,519.7574,londrina,PR,-23.316208922273155,amount: -51.11121320098855,uberlandia,MG,-18.925348871775626,-48.24236513543774,4.0
mc_ID_4701,"Married Male with three children, education: partial high school working as skilled manual",10K+,"Hardware from Household department, Ordered Brand : Sunset",25.1472,22.0946,non recyclable,,Tip Top Savings,"Supermarket
",6.88 Millions,2.3392 Millions,2049.72,457.36,304.91,557.8318,UNAI,MG,-16.362606334443775,-46.89279560165654,SAO PAULO,SP,-23.65122827692988,-46.639731778343,3.0
mc_ID_4702,"Single Female with two childern, education: graduate degree working as professional",30K+,"Dairy from Dairy department, Ordered Brand : Booker",12.2393,7.8785,recyclable,,Promo Big,Supermarket,1.88 Millions,0.8648 Millions,2050.06,457.36,304.91,515.2596,	cUriTiBA,PR,-25.4400884207686,amount: -49.34526604939701,sal7o,sp,-23.18458241445101,-47.328649797768485,5.0
mc_ID_4704,Single Male with No children; education: bachelors degree working as professional,50K+,"Vegetables from Produce department, Ordered Brand : Tell Tale",17.2978,15.6988,recyclable,['Florist'],Save It (Sale),Supermarket,5.1 Millions,1.785 Millions,1323.06,523.32,348.85,427.7617,TRES CORACOES,MG,-21.69216794221008,-45.25804903964345,uBa,MG,-21.120087446232457,val: -42.91067895264525,amount: 5.0
mc_ID_4705,"Married Male with three children, education: partial high school working as manual",Income: 30K+,"Seafood from Seafood department, Ordered Brand : Kiwi",26.7461,23.6936,recyclable,,Sales Days,Supermarket,4.5 Millions,1.8 Millions,2052.13,457.36,302.95,610.5502,sao paulo,SP,-23.644685514570952,-46.76780445920133,scao jose do rio pardo_,SP,-21.592175195884263,-46.89389599036144,5.0
mc_ID_4706,"Single Male with three children, education: partial high school working as manual",10K+ annually,"Seafood from Seafood department, Ordered Brand : Curlew",13.0387,10.1315,non recyclable,['Coffee Bar'],Discount Frenzy,"Small Grocery
",3.24 Millions,1.3608 Millions,2069.04,330.83,220.55,val: 570.2269,sao paulo,sp,-23.594486576785865,-46.63659551368476,P1RACICABA,$P,-22.71683928585045,-47.65736585405934,4.0
mc_ID_4708,"Married Female with three children, education: high school degree working as professional",70K+,"Pure Juice Beverages from Beverages department, Ordered Brand : Skinner",val: 13.3294,-11.8759,non recyclable,"['Bar For Salad', 'Coffee Bar', 'Florist', 'Ready Food']",Shelf Emptiers,GOURMET,10.8 Millions,3.672 Millions,1564.86,,256.97,773.0986,Itauna,_MG,amount: -20.08212660423176,-44.5732983518722,	piRacIcaBA,SP,-22.71683928585045,-47.65736585405934,5.0
mc_ID_4709,"Married Female with one child, education: partial college working as management",30K+,"Bathroom Products from Health and Hygiene department, Ordered Brand : Consolidated",9.4629,6.5557,non recyclable,"['Ready Food', 'Bar For Salad', 'Florist', 'Coffee Bar', 'Video Store']",Money Savers,Deluxe,2.94 Millions,1.3524 Millions,1871.16,,395.95,data: 343.611,j4nauba,MG,-15.818348788762345,-43.30447358658913,curitiba,PR,-25.43328294393789,-49.28042347446478,4.0
mc_ID_4712,"Married Male with three children, education: bachelor'ss degree working as management",50K+,"Canned Soup from Canned Foods department, Ordered Brand : Bravo",-21.8039,18.8967,non recyclable,,Weekend Discount,Supermarket,3.2 Millions,0.96 Millions,1508,227.8,151.9,amount: 614.002,capao da canoa,Rs,-29.750130537873627,-50.02052715523322,guarulhos,5P,-23.44007914793122,-46.51144923980033,amount: 5.0
mc_ID_4713,"Single Male with three children, education: bachelors degree working as professional",50K+,"Candy from Snacks department, Ordered Brand : Thresher",27.3275,907.55 oz,recyclable,"['Ready Food', 'Bar For Salad']",Shelf Clearing Days,Supermarket,5.61 Millions,2.6367 Millions,2265.9,853.22,568.75,554.903,"DIADEMA
",SP,-23.661923109309388,-46.626498057122376,sao paulo,Sp,data: -23.58090519677997,-46.56317152651616,3.0
mc_ID_4715,"Married Male with two children, education: high school degree working as skilled manual",30K+,"Snack Foods from Snack Foods department, Ordered Brand : Fast",measure: 15.5534,12.6317,non recyclable,,,Supermarket,€6.1M,2.52 Millions,1508,227.8,151.9,613.4267,novo cabrais,RS,-29.73230965206004,-52.94597399999999,sao paulo,Sp,-23.56168119891244,-46.50627110555333,5.0
mc_ID_4716,"Married Male with two children, education: bachelors degree working as professional",50K+ annually,"Dairy from Dairy department, Ordered Brand : Club",20.9317,17.8792,recyclable,,,Supermarke7,10.32 Millions,4.5408 Millions,1623.48,341.05,227.05,586.7537,sao paulo,SP,-23.657594422076475,-46.6989063034577,p0rtao,RS,-29.6960435029035,-51.24351819389478,2.0
mc_ID_4717,"Single Female with one child, education: bachelors degree working as professional",10k,"Snack Foods from Snack Foods department, Ordered Brand : Horatio",17.1524,14.2452,non recyclable,['Coffee Bar'],Sale Sale Sale,Supermarket,14.36 Millions,4.7388 Millions,1236.07,440.92,295.81,473.7334,S4O PAULO_,"SP
",-23.6614322514571,-46.76008267929481,Ibitinga,SP,-21.7664768468313,-48.83154737836604,2.0
mc_ID_4718,"Married Female with one child, education: high school degree working as professional",110K+ annually,"Jams and Jellies from Baking Goods department, Ordered Brand : Landslide",-14.8266,11.9049,recyclable,,Roller Savings (High) ,SuPerMaRKEt,2.72Ms,1.3328 Millions,1508,227.8,151.9,379.7503,CAMPO GRANDE,M5,-20.48227935607949,-54.59397058465576,santo anGELO,Rs,-28.281003423550747,-54.258283178397335,5.0
mc_ID_4719,"Single Male with five children, education: partial high school working as manual",$10K+,"Snack Foods from Snack Foods department, Ordered Brand : Horatio",24.275,21.3678,recyclable,"['Ready Food', 'Florist', 'Video Store', 'Coffee Bar', 'Bar For Salad']",Fantastic Discounts, Gourmet,15.12 Millions,5.1408 Millions,1426.65,465.54,308.57,718.9158,mogi das cruzes,SP,-23.47709322844152,-46.13538429666762,MARINGA,PR,-23.41848622413047,-51.92625934548862,1.0
mc_ID_4720,"Single Female with three children, education: high school degree working as skilled manual",30K+,"Dairy from Dairy department, Ordered Brand : Carlson",17.7338,-13.3585,recyclable,"['Ready Food', 'Video Store', 'Bar For Salad', 'Florist', 'Coffee Bar']",,DELUXE,5.4 Millions,1.998 Millions,,373.1,249.31,393.4006,rio de janeiro,RJ,amount: -23.0043086872296,-43.32450783783356,umUaramA,PR,-23.748416432474365,-53.29690112215509,data: 5.0
mc_ID_4721,"Married Male with three kidren, education: partial HS working as manual",Income: 10K+,"Meat from Deli department, Ordered Brand : Lake",28.1997,23.6936,recyclable,['Florist'],,SuPeRmaRkeT,15.68 Millions,4.704 Millions,1320.15,523.32,348.85,748.0992,rIo claRO,5P,-22.4294776769289,-47.58848653828849,BELO HORIZONTE,MG,-19.921126734952896,-43.94119674937962,2.0
mc_ID_4722,"Single Female with one child, education: bachelors degree working as professional",70K+,"Meat from Frozen Foods department, Ordered Brand : Imagine",15.9895,data: 11.6287,non recyclable,['Florist'],Roller Savings (High) ,Supermarket,13.84 Millions,6.5048 Millions,,523.32,346.97,532.6232,ibiuna,5P,-23.655113618612447,-47.22029237277671,Diadema,SP,-23.687830870996216,-46.61065511474994,5.0
mc_ID_4724,"Married Female with one child, education: high school degree working as manual",50K+,"Starchy Foods from Starchy Foods department, Ordered Brand : Medalist",25.4379,21.0771,recyclable,['Coffee Bar'],Weekend Discount,_Supermarket,6.76 Millions,2.2308 Millions,1236.07,,293.95,364.1649,joao pessoa,PB,-7.062454676928897,val: -34.84178048112988,belO horIzonTe,MG,-19.97683947121829,data: -44.00208279362338,3.0
mc_ID_4726,"Married Female with one child, education: partial high school working as skilled manual",30K+,"Breakfast Foods from Breakfast Foods department, Ordered Brand : Best",10.8002,data: 7.8785,non recyclable,['Coffee Bar'],,_suPERMaRKEt,5.91 Millions,1.8321 Millions,1236.07,440.92,293.67,596.2723,Juiz De Fora,MG,-21.77322851096427,-43.35209115736627,monte siao,MG,-22.42880507067007,-46.569550269431765,5.0
mc_ID_4729,"Married Female with one kid, education: bachelors degree working as professional",70K+,"Jams and Jellies from Baking Goods department, Ordered Brand : Plato",21.0771,measure: 19.6235,recyclable,,Tip Top Savings,SUpermaRKeT,€2.6M,1.1088 Millions,2049.72,457.36,305.95,measure: 557.8318,manhuacu,MG,val: -20.265441566422545,amount: -42.044386189900685,sao paulo,SP,-23.537511255832708,-46.63705730743676,4.0
mc_ID_4732,"Married Female with two children, education: partial high school working as manual",30K or more,"Fruit from Produce department, Ordered Brand : Hermanos",25.4379,21.0771,recyclable,"['Bar For Salad', 'Ready Food', 'Florist', 'Video Store', 'Coffee Bar']",Money Savers,Deluxe,2.61 Millions,1.2789 Millions,1871.16,593.93,,data: 343.611,pirapora,MG,-17.34199668040074,-44.94194241063118,maua,SP,-23.66800916734961,-46.430377660540266,5.0
mc_ID_4733,"Married Female with four kids, education: partial HS working as skilled manual",10K+,"Cleaning Supplies from Household department, Ordered Brand : Cormorant",9.0268,6.1196,recyclable,['Florist'],Roller Savings (High) ,Supermarket,11.67 Millions,5.7183 Millions,1318.04,,,amount: 532.6232,Sao Paulo,SP,-23.419660725229377,-46.75236755759133,Sao Paulo,$P,-23.539824031911863,-46.434679443937874,
mc_ID_4734,"Married Female with one child, education: bachelors degree working as professional",50K+,"Frozen Desserts from Frozen Foods department, Ordered Brand : Golden",26.4554,-25.0018,non recyclable,['Coffee Bar'],Price Winners,,2.45 Millions,1.029 Millions,1392.58,534.29,356.19,amount: 566.2521,alvorada,R5,data: -30.04564234370892,-51.08332668676049,sao paulo,sp,-23.68729227976227,-46.6417415487045,4.0
mc_ID_4736,"Married Female with three kidren, education: bachelors degree working as management",€42K+,"Snack Foods from Snack Foods department, Ordered Brand : Horatio",11.4398,amount: 9.9716,non recyclable,,,Supermarket,5.6 Millions,2.464 Millions,2049.72,457.36,304.91,300.8296,juiz de fora,MG,-21.75964925062038,-43.353198256592975,petropolis,RJ,-22.549033360244323,data: -43.210094724044055,5.0
mc_ID_4737,"Single Female with three children, education: bachelor'ss degree working as professional",30K+,"Bathroom Products from Health and Hygiene department, Ordered Brand : Hilltop",19.9142,amount: 15.4081,recyclable,,Full Free,Supermarket,10.14 Millions,3.7518 Millions,1505,,150.56,measure: 272.2738,rio  de  janeiro,rj,-22.953677236001887,-43.334465638593095,sAo PaUlo,$p,-23.65111484251016,-46.75521082321932,4.0
mc_ID_4740,"Married Female with five children, education: graduate degree working as professional",130K+,"Meat from Deli department, Ordered Brand : Lake",13.8673,12.3991,recyclable,"['Ready Food', 'Coffee Bar', 'Bar For Salad', 'Florist', 'Video Store']",Price Slashers,deluxe,6.78 Millions,2.1018 Millions,1734.5,503.07,335.38,282.9953,campinas,sP,measure: -22.917053295025724,-47.061757854838746,Rio de JanEIrO,RJ,data: -22.93125598447676,amount: -43.17881321481337,val: 4.0
mc_ID_4742,"Single Male with one child, education: bachelors degree working as professional",50K+,"Canned Tuna from Canned Foods department, Ordered Brand : Bravo",14.1144,11.2072,recyclable,['Florist'],Best Savings,,$11.12 Millions,4.0032 Millions,1320.15,523.32,348.85,281.4786,SaO PaulO,SP,-23.544892466558927,-46.505663224536896,sao paulo,SP,-23.485253731057767,-46.73312974854289,5.0
mc_ID_4743,"Single Female with No children, education: bachelors degree working as professional",50K+,"Bread from Baked Goods department, Ordered Brand : Fantastic",14.2452,12.7916,recyclable,,Budget Bargains,supermarket,3.88 Millions,1.4356 Millions,2047.02,,304.91,708.665,rio claro,SP,val: -22.404280214539902,-47.57843446971193,guarulhos,sp,-23.478156,-46.5416505,5.0
mc_ID_4744,"Married Male with three children, education: high school degree working as management",150K+,"Vegetables from Produce department, Ordered Brand : Tell Tale",20.2049,17.1524,recyclable,"['Video Store', 'Ready Food', 'Florist', 'Coffee Bar', 'Bar For Salad']",,deluxe,8.88 Millions,3.3744 Millions,,503.07,,£483.42,Recife,PE,measure: -8.06118170107913,-34.881103586877444,IMBE,RS ,,-50.11768106939471,4.0
mc_ID_4746,"mARRIED fEMALE WITH ONE CHILD, EDUCATION: PARTIAL COLLEGE WORKING AS PROFESSIONAL",30K or more,"Carbonated Beverages from Beverages department, Ordered Brand : Fabulous",17.8792,13.5184,non recyclable,"['Coffee Bar', 'Florist', 'Video Store', 'Bar For Salad', 'Ready Food']",Pick Your Savings,Deluxe,€3.9M,1.7784 Millions,2038.11,481.98,321.26,739.4174,tres lagoas,"MS
",-20.81637738288905,-51.71240724866066,santo andre,SP,-23.665703457960586,-46.51808196779969,1.0
mc_ID_4747,"Married_Female_with_two_children,_education:_partial_High_School_working_as_manual",10k,"Kitchen Products from Household department, Ordered Brand : High Quality",12.1956,measure: 9.2885,recyclable,['Florist'],Save It (Sale),Supermarke7,$15.08 Millions,6.1828 Millions,1320.15,523.32,348.85,427.7617,SaO PAuLo,SP,-23.57401821703506,-46.77661801082002,sAO pAULO,SP,data: -23.58343069747245,-46.50203424424373,4.0
mc_ID_4748,"Single Female with one child, education: bachelors degree working as professional",50K+,"Canned Soup from Canned Foods department, Ordered Brand : Pleasant",29.3626,27.909,recyclable,,Sale Sale Sale,Mid-Size,8.46 Millions,3.8916 Millions,2085.67,785.64,522.49,measure: 739.4697,teresina,P1,-5.070999014568562,-42.75504527381364,maringa,PR,-23.40870190356673,-51.94097450684423,5.0
mc_ID_4753,"Married Female with three children, education: partial college working as professional",30K+,"Pure Juice Beverages from Beverages department, Ordered Brand : Fabulous",8.7216,5.8144,recyclable,"['Video Store', 'Bar For Salad', 'Florist', 'Coffee Bar', 'Ready Food']",Shelf Emptiers,gourmet,8.55 Millions,2.736 Millions,1424.85,465.54,310.3,564.2647,ribe1rao preto,SP,-21.15613133316094,-47.74568764755373,sao paulo,SP,-23.53108125950717,-46.51791357132556,3.0
mc_ID_4756,"Married Female with three children, education: high school degree working as management",$130K+,"Hygiene from Health and Hygiene department, Ordered Brand : Faux Products",-29.944,measure: 27.0368,recyclable,"['Bar For Salad', 'Florist', 'Coffee Bar', 'Video Store', 'Ready Food']",Dimes Off,Deluxe,1.95 Millions,0.741 Millions,2038.11,481.98,320.09,602.7575,sao paulo,SP,measure: -23.48506315903973,-46.61571376879802,sao paulo,SP,-23.50875908021236,-46.602973042876144,5.0
mc_ID_4757,"MARRIED FEMALE WITH FOUR CHILDREN, EDUCATION: PARTIAL HIGH SCHOOL WORKING AS SKILLED MANUAL",10K+,"Hygiene from Health and Hygiene department, Ordered Brand : Hilltop",12.3555,9.4484,non recyclable,"['Video Store', 'Bar For Salad', 'Ready Food', 'Coffee Bar', 'Florist']",Big Time Discounts,,10.64 Millions,4.4688 Millions,2038.11,481.98,323.07,data: 328.1302,Juazeiro Do Norte,CE,-7.198938075795342,-39.31943129384031,CONGOÑHAL,MG,-22.15937587770692,-46.04402732344177,2.0
mc_ID_4758,Single Male with four children + education: high school degree working as manual,30K+,"Cleaning Supplies from Household department, Ordered Brand : Sunset",val: 22.8214,19.7689,recyclable,"['Ready Food', 'Bar For Salad', 'Video Store', 'Coffee Bar', 'Florist']",Bag Stuffer, Deluxe ,$7.32 Millions,2.7816 Millions,1736.46,503.07,335.38,432.1026,guaracai,SP,-21.03946776150677,-51.20923316938868,Purto Ferreira_,sp,-21.858555070695942,-47.48403458197557,5.0
mc_ID_4759,Single Female with two children / education: bachelors degree working as management,50K+,"Snack Foods from Snack Foods department, Ordered Brand : Nationeel",14.8266,11.9049,non recyclable,"['Florist', 'Bar For Salad', 'Ready Food', 'Coffee Bar', 'Video Store']",Lottery Cash Registerion,Deluxe,###,2.8197 Millions,1734.68,505.07,337.22,313.0678,Osasco,SP,-23.56267680949066,-46.80937040670384,sAo jo$e DO RiO PReto,SP,-20.80243626346376,measure: -49.39562406741489,measure: 5.0
mc_ID_4760,"Married Male with four children, education: partial high school working as manual",10K+,"Snack Foods from Snack Foods department, Ordered Brand : Fast",-15.2627,-13.8091,recyclable,"['Coffee Bar', 'Florist']",Green Light Special,Mid-Size,$3.36 Millions,1.344 Millions,2551.4,389.54,258.78,769.6991,sao paulo,SP,val: -23.679122060505502,-46.79956128420569,Saito,SP,-23.17588057617297,-47.31592004954123,amount: 5.0
mc_ID_4761,"Married Female w/ one child, education: partial college working as management",30 Thousand,"Vegetables from Produce department, Ordered Brand : Tell Tale",-28.4904,27.0368,recyclable,"['Bar For Salad', 'Ready Food']",Price Cutters,"SUPErMaRkEt
","7.02 ,000,000illions",2.5272 Millions,2265.9,853.22,567.49,761.0696,joao neiva ,ES,-19.75770395010901,-40.37685697307308,BirIGui,5P,-21.24488368072713,-50.32219195367088,5.0
mc_ID_4762,"Single Female with three children, education: partial high school working as skilled manual",30K+,"Snack Foods from Snack Foods department, Ordered Brand : Horatio",15.2627,12.3555,non recyclable,"['Florist', 'Ready Food', 'Coffee Bar', 'Bar For Salad', 'Video Store']",Promo Big,Deluxe,11.34 Millions,3.8556 Millions,1871.16,593.93,395.95,val: 578.2288,sao paulo,sp ,-23.496748648623715,measure: -46.66448906869981,osasco,Sp,-23.528128203061986,-46.77680754732808,5.0
mc_ID_4763,"Married Female with one child, education: high school degree working as skilled manual",30K+,"Vegetables from Produce department, Ordered Brand : Hermanos",12.6172,9.71,non recyclable,"['Coffee Bar', 'Video Store', 'Florist', 'Ready Food', 'Bar For Salad']",Money Savers,,€4.9M,1.734 Millions,1871.4,593.93,397.76,343.611,sao paulo,SP,-23.5440169000808,-46.70861600652086,jaCaREi,$P,-23.29818595956356,-45.974828011182304,1.0
mc_ID_4764,"Single Male with four children,education: High School degree working as manual",30 Thousand,"Fruit from Produce department, Ordered Brand : Ebony",31.2522,-28.3451,recyclable,,Save It (Sale),Supermarket,5.4 Millions,1.998 Millions,2049.72,459.36,303.37,467.4051,BrASILiA,DF,-15.793363257833736,-47.84922424340701,belo horizonte,MG,-19.875867454065443,-43.98278199806675,measure: 3.0
mc_ID_4767,"education: partial college working as professional, Married Female with three children",50K+,"Bread from Baked Goods department, Ordered Brand : Fantastic",8.7797,5.858,recyclable,"['Florist', 'Bar For Salad', 'Ready Food', 'Coffee Bar']",Budget Bargains,Deluxe,6.84 Millions,2.2572 Millions,Not Specified,654.13,436.09,715.1502,beLo hoRizoNTE,Mg,-19.926141851520523,measure: -43.93684827200066,BRASILIA ,"DF
",-15.769799999999991,-47.89016774999999,5.0
mc_ID_4768,"Married Female with two children, education: partial high school working as manual",10K+,"Snack Foods from Snack Foods department, Ordered Brand : Horatio",23.8389,val: 22.24,recyclable,"['Florist', 'Coffee Bar', 'Bar For Salad', 'Video Store', 'Ready Food']",Two Day Sale,,2.46 Millions,0.9348 Millions,2038.11,481.98,321.26,495.7517,rio de janeiro,RJ,-22.899782764383268,-43.22853469954991,baependi,MG,-21.956309999999995,-44.882378788136165,data: 4.0
mc_ID_4770,"Single Female with four children, education: graduate degree working as professional",70K or more,"Vegetables from Frozen Foods department, Ordered Brand : PigTail",10.1606,7.2389,non recyclable,"['Florist', 'Video Store', 'Bar For Salad', 'Coffee Bar', 'Ready Food']",Money Savers,Deluxe,$3.82 Millions,1.8336 Millions,1869.85,593.93,395.95,343.611,salvador,BA,-12.987171949272744,-38.5226816405163,boRDa DA matA ,MG,-22.264093569966427,val: -46.15856420525942,measure: 5.0
mc_ID_4771,"Single Female with five children, education: high school degree working as professional",90K+,"Dairy from Dairy department, Ordered Brand : Club",25.7286,22.8214,recyclable,"['Bar For Salad', 'Coffee Bar', 'Ready Food', 'Video Store', 'Florist']",Price Winners, DELUXE ,6.68 Millions,3.006 Millions,2038.11,481.98,319.88,453.9117,	rio de janeiro,RJ,amount: -23.00927096142304,-43.42940927644404,Sao Paulo,SP,-23.45543839716661,-46.74349258148175,1.0
mc_ID_4774,"Single Male with one child, education: partial high school working as skilled manual",50K+,"Hot Beverages from Beverages department, Ordered Brand : Plato",val: 24.275,19.9142,non recyclable,['Coffee Bar'],Budget Bargains,Supermarket,1.68 Millions,0.672 Millions,1236.07,440.92,,754.0614,Sao Paulo,SP,-23.568722298084143,-46.61880092397124,praia grande,"SP
",-24.011288218359883,-46.41873374429398,5.0 stars
mc_ID_4775,"Married Female with three children, education: partial high school working as manual",10K+,"Vegetables from Produce department, Ordered Brand : Tri-State",23.1121,20.0596,recyclable,['Florist'],Save It (Sale),,"7.59 ,000,000illions",3.4155 Millions,1320.15,523.32,348.85,427.7617,SeRrA,aS,-20.19363644957563,-40.27380330496123,tupa,SP,-21.93532101918528,data: -50.49756182976886,4.0
mc_ID_4776,"Single Female with four children, education: bachelors degree working as professional",€42K+,"Jams and Jellies from Baking Goods department, Ordered Brand : Super",data: 25.2925,20.7864,non recyclable,,,Supermarket,"3.6 ,000,000illions",1.368 Millions,2051.3,457.36,304.91,339.8977, rio de janeiro ,RJ,val: -22.79448670552253,-43.19901880099832, cotia,SP,-23.6051651312828,-46.92504614654623,5.0
mc_ID_4777,"Married Female with two children, education: partial high school working as skilled manual",10K+,"Specialty from Produce department, Ordered Brand : High Top",amount: 21.0771,18.1699,recyclable,"['Video Store', 'Coffee Bar', 'Florist', 'Ready Food', 'Bar For Salad']",Sales Days,Deiuxe,$8.16 Millions,2.6928 Millions,1871.16,593.93,395.95,608.772,R1o DE jAnEirO, RJ,-22.91537136850404,measure: -43.242996214902085,BRASILIA,DF ,-15.782105504364816,-47.93233498642118,5.0
mc_ID_4779,"Married Male with No children, education: partial college working as clerical",30000,"Frozen Desserts from Frozen Foods department, Ordered Brand : Big Time",-15.1174,10.7421,recyclable,['Florist'],Roller Savings (High) ,,"6.26 ,000,000illions",2.6918 Millions,1322.95,523.32,348.85,532.6232,nova canaa do norte,MT,-10.645081090856529,amount: -55.70911014655052,sao paulo,SP,-23.58667354731954,-46.61242320483004,5.0
mc_ID_4781,"SINGLE MALE WITH FOUR CHILDREN, EDUCATION: HIGH SCHOOL DEGREE WORKING AS MANAGEMENT",110K or more,"Paper Products from Household department, Ordered Brand : Sunset",14.8266,amount: 10.4513,non recyclable,"['Coffee Bar', 'Video Store', 'Florist', 'Bar For Salad', 'Ready Food']",,deluxe,"5.72 ,000,000illions",2.8028 Millions,1525.28,373.1,,499.2035,_rio de janeiro,RJ,-22.884745903139223,-43.31832426351789,piracicaba,$p,-22.71683928585045,data: -47.65736585405934,3.0
mc_ID_4782,"Single Female with four children, education: partial college working as professional",Income: 30K+,"Side Dishes from Deli department, Ordered Brand : Cutting Edge",12.3119,10.8583,recyclable,"['Bar For Salad', 'Florist', 'Ready Food', 'Coffee Bar']",,Deluxe,3.99 Millions,1.4364 Millions,2055.54,656.13,436.09,728.9051,sao paulo,SP,amount: -23.49047396142303,measure: -46.60639166527211,Rio De Janeiro,RJ,-22.972956517889177,data: -43.39706327699233,4.0
mc_ID_4783,"Married Female with two children, education: high school degree working as skilled manual",120+ monthly,"Vegetables from Produce department, Ordered Brand : Tell Tale",29.5079,27.909,non recyclable,"['Coffee Bar', 'Bar For Salad', 'Video Store', 'Ready Food', 'Florist']",To Be Determined,Deluxe,7.08Ms,2.478 Millions,1871.16,595.93,395.95,$343.61,sao paulo,SP,-23.585963521784315,-46.52882099999999,sao paulo,SP,-23.573835900917526,-46.61101337290079,5.0
mc_ID_4785,"Married Female with one child, education: partial high school working as skilled manual",10K+,"Cleaning Supplies from Household department, Ordered Brand : Sunset",30.5255,26.1647,non recyclable,,Saving Days,,2.49 Millions,1.1703 Millions,1508,227.8,152.86,£451.89,SOROCABA,SP,-23.539013392723216,-47.49104229586244,sao paulo,sp,-23.6442788484621,-46.66304850360666,5.0
mc_ID_4787,"Single Male with four children, education: high school degree working as skilled manual",30K+,"Dairy from Dairy department, Ordered Brand : Gorilla",28.1997,26.6008,recyclable,"['Bar For Salad', 'Video Store', 'Coffee Bar', 'Ready Food', 'Florist']",Sale Winners,deluxe,7.2 Millions,2.16 Millions,,593.93,,519.7574,COSMOPOLIS,sp,-22.63040932101044,-47.20184824565054,BeRtIOG@,SP,-23.82834010075353,-46.1430173832652,5.0
mc_ID_4788,"Single Male with four children, education: bachelors degree working as professional",70K+,"Vegetables from Produce department, Ordered Brand : Tell Tale",23.81 lbs,7.8785,recyclable,"['Video Store', 'Bar For Salad', 'Ready Food', 'Florist', 'Coffee Bar']",Save Price,Deluxe,$10.56 Millions,3.4848 Millions,1734.5,505.07,335.38,419.9167,diadema,	SP,-23.684721443793656,-46.58409388868383,capivari,Sp,-23.0122137105142,-47.52203973160603,4.0
mc_ID_4790,"Married Male with three children, education: partial high school working as manual",Income: 30K+,"Electrical from Household department, Ordered Brand : Sunset",data: 27.1822,24.275,recyclable,,Sales Days,,5.73 Millions,2.5212 Millions,2049.72,457.36,306.63,data: 610.5502,itapecerica da serra,SP,-23.71199903862156,val: -46.85931236190325,sao paulo,SP,-23.693985995008337,-46.70188324132953,4.0
mc_ID_4791,"Married Female with four children, education: high school degree working as skilled manual",30k,"Side Dishes from Deli department, Ordered Brand : Red Spade",24.5657,21.5132,non recyclable,['Coffee Bar'],Pick Your Savings,Supermarket,"2.04 ,000,000illions",0.7344 Millions,1236.07,440.92,293.95,436.7573,altamira,pa,-3.2056389790715394,-52.208863809676046, sao paulo ,SP,-23.52399579739165,-46.51294318734492,3.0
mc_ID_4792,Married Female with three children / education: partial high school working as professional,150000,"Snack Foods from Snack Foods department, Ordered Brand : Best Choice",-10.5967,6.2214,recyclable,['Coffee Bar'],,	Superm@rket,8.1 Millions,2.511 Millions,1233.4,440.92,293.95,720.5371,INDAIATUBA,$P,-23.09232014212125,-47.19741214338984,sao paulo,SP,-23.63580786663679,data: -46.71209825910773,5.0
mc_ID_4793,"Single Male with two kids, education: partial college working as professional",$30K+,"Jams and Jellies from Baking Goods department, Ordered Brand : Landslide",-31.8337,-28.7811,recyclable,"['Florist', 'Coffee Bar', 'Bar For Salad', 'Video Store', 'Ready Food']",,,6.65 Millions,3.192 Millions,1733.98,503.07,334.59,290.7357,sau paulo,SP,-23.544101999999945,-46.710331999999966,sao paulo, SP ,-23.693985995008337,-46.70188324132953,10.0/10
mc_ID_4794,"Single Male with four children, education: graduate degree working as professional",70000,"Fruit from Produce department, Ordered Brand : High Top",27.909,26.4554,recyclable,,Budget Bargains,SuPERmARKET_,"5.01 ,000,000illions",2.4048 Millions,2049.72,457.36,304.91,708.665,forteleza,Ce,-3.8093947716941257,-38.6317339396013,sao paulo,5P,-23.62358155176294,-46.61056007369148,3.0/5.0
mc_ID_4796,"Married Male with four children, education: partial high school working as manual",50k,"Baking Goods from Baking Goods department, Ordered Brand : Plato",16.571,13.6492,non recyclable,"['Ready Food', 'Video Store', 'Florist', 'Bar For Salad', 'Coffee Bar']",Save Price,Deluxe,3.44 Millions,1.1696 Millions,1736.98,503.07,335.41,data: 419.9167,conceicao das pedras,MG,-22.16155355957101,-45.45475276052432,divin0polis,Mg,-20.146615317146374,-44.892591683425806,5.0
mc_ID_4797,"Single Female with one child, education: bachelors degree working as professional",50K+,"Electrical from Household department, Ordered Brand : Sunset",21.9493,17.5885,non recyclable,['Florist'],,Supermarket,"7.95 ,000,000illions",3.7365 Millions,1320.15,523.32,350.63,738.7898,renascenca,PR,-26.15726166145906,-52.97089842353846,t1mbo,SC,-26.83365489702238,-49.26170944102369,5.0
mc_ID_4798,"Married Male with two kidren, education: partial high school working as professional",150K+,"Dairy from Dairy department, Ordered Brand : Gorilla",21.0771,-18.1699,non recyclable,"['Bar For Salad', 'Coffee Bar', 'Ready Food', 'Video Store', 'Florist']",Save It (Sale),,3.56Ms,1.1748 Millions,1525.28,373.1,,393.4006,SuZAnO,SP,-23.560352337187084,-46.31289771094968,sao paulo,"SP
",-23.55156260866176,-46.64021297307979,2.0
mc_ID_4800,Single Male with three children + education: bachelors degree working as management,70K+ annually,"Snack Foods from Snack Foods department, Ordered Brand : Nationeel",23.6936,amount: 20.641,non recyclable,"['Bar For Salad', 'Ready Food']",Coupon Spectacular,Supermarket,3.93 Millions,1.3755 Millions,2265.9,853.22,568.56,269.1881,pedro leopoldo,MG,-19.652292291953287,-44.056767929538886,LIMEIRA,sP,-22.599254430886607,-47.37980963550319,4.0
mc_ID_4801,"Single Male with one child, education: bachelors degree working as management",50000,"Frozen Desserts from Frozen Foods department, Ordered Brand : Golden",26.1647,data: 24.7111,recyclable,['Coffee Bar'],Savings Galore,supermarket,€9.9M,5.4708 Millions,1236.07,440.92,293.95,724.5119,Sao PaUlO,SP,-23.575014760603583,-46.52248323952327,ibitinga,SP,-21.7664768468313,-48.83154737836604,5.0
mc_ID_4802,"Single Male with four children, education: high school degree working as manual",30K+ annually,"Decongestants from Health and Hygiene department, Ordered Brand : Bird Call",-25.1472,23.5482,recyclable,['Florist'],Best Savings,,2.16 Millions,0.8208 Millions,1320.15,523.32,348.85,val: 281.4786,rio de janeiro,"Rj
",-22.98235859449484,-43.20994879808413,,,,,1.0
mc_ID_4803,Single Female with four children; education: partial high school working as skilled manual,10K or more,"Snack Foods from Snack Foods department, Ordered Brand : Best Choice",29944.00 grams,27.04 kg,recyclable,"['Coffee Bar', 'Ready Food', 'Bar For Salad', 'Florist']",Promo Big,Deluxa,7.56 Millions,3.7044 Millions,2057.96,654.13,,£195.17,SANTA ROSA,RS,-27.855757535796112,-54.44738121480089,sete laguas,Mg,-19.46361254830593,-44.24441403023008,1.0
mc_ID_4804,"Single Male with two children, education: high school degree working as professional",Income: 130K+,"Snack Foods from Snack Foods department, Ordered Brand : Best Choice",16.7163,amount: 12.3555,non recyclable,"['Ready Food', 'Coffee Bar', 'Florist', 'Bar For Salad']",Promo Big, Deluxe,10.65 Millions,4.047 Millions,2055.29,654.13,436.09,measure: 267.3576,itapecerica da serra,	$P,-23.7096392378746,-46.80434487268545,sao paulo,SP,-23.50875908021236,-46.602973042876144,measure: 4.0
mc_ID_4805,"Single Male with two children, education: partial high school working as management",130K+,"Meat from Meat department, Ordered Brand : Footnote",19.1874,16.1349,non recyclable,"['Bar For Salad', 'Ready Food', 'Video Store', 'Florist', 'Coffee Bar']",Roller Savings (High) ,Gourmet,1.94Ms,0.679 Millions,1424.85,465.54,311.52,499.7265,joao pessoa,PB,-7.115545623925199,-34.8557625,RIBEIREO PRETO, SP ,-21.17121748495008,-47.81941847157649,5.0
mc_ID_4807,"Married Female with five kids, education: high school degree working as skilled manual",30K+,"Drinks from Beverages department, Ordered Brand : Fabulous",15.4081,12.5009,recyclable,"['Bar For Salad', 'Ready Food', 'Florist', 'Coffee Bar']",Promo Big,Deluxe,7.53 Millions,3.3132 Millions,2055.29,654.13,437.76,267.3576,_limeira,SP,-22.56835042131686,-47.44743947974489,sao paulo,Sp,-23.539494799586286,-46.63284391414975,5.0
mc_ID_4809,"Married Female with one child, education: partial college working as manual",360+ monthly,"Vegetables from Produce department, Ordered Brand : Tri-State",24.8564,21.9493,recyclable,"['Coffee Bar', 'Ready Food', 'Bar For Salad', 'Florist', 'Video Store']",,_Delux3,2.32 Millions,1.044 Millions,1734.5,503.07,335.38,363.3281,porto alagre,RS,-29.973775499999995,-51.19155225,sao jose do rio preto,SP,-20.80243626346376,-49.39562406741489,5.0
mc_ID_4810,"Single Male with one child, education: high school degree working as manual",30K+,"Beer and Wine from Alcoholic Beverages department, Ordered Brand : Top Measure",val: 15.1174,10.7421,recyclable,"['Florist', 'Video Store', 'Coffee Bar', 'Bar For Salad', 'Ready Food']",Mystery Sale,GOURMet,$10.56 Millions,4.224 Millions,1423.78,465.54,310.3,360.0332,rio de janeiro, RJ ,-23.01133469499096,-43.45025641534424,RiO DE jaNEiro,RJ,-22.936378144309987,-43.32533727849932,5.0
mc_ID_4811,"Single Male with two children, education: bachelors degree working as professional",50K+,"Bread from Baked Goods department, Ordered Brand : Fantastic",31.1069,26.6008,recyclable,"['Ready Food', 'Coffee Bar', 'Florist', 'Bar For Salad']",,Deluxe,7.56 Millions,3.7044 Millions,2053.73,654.13,436.63,779.6884,sao lui$,me ,-2.576632840960272,-44.2395996386404,"montenegro
",RS_,-29.67034898140752,-51.46146829327502,5.0
mc_ID_4813,"sINGLE mALE WITH TWO CHILDREN, EDUCATION: PARTIAL HIGH SCHOOL WORKING AS MANUAL",$10K+,"Dairy from Dairy department, Ordered Brand : Gorilla",29.5079,25.0018,recyclable,"['Bar For Salad', 'Coffee Bar', 'Florist', 'Ready Food']",Save Price,Deluxe,4.47 Millions,2.1903 Millions,2055.29,654.13,436.09,602.1299,ferraz de vasconcelos,sp,-23.543921177931463,-46.38437270551714,SALT0,$P,-23.194155763010308,-47.26601382366275,5.0
mc_ID_4814,Single Female with one child; education: partial college working as manual,50K+,"Vegetables from Produce department, Ordered Brand : Hermanos",19.9142,data: 15.4081,non recyclable,"['Video Store', 'Ready Food', 'Bar For Salad', 'Florist', 'Coffee Bar']",Bag Stuffer,Deluxe,8.52 Millions,3.0672 Millions,1734.5,505.07,335.38,measure: 662.2226,novo hamburgo,Rs,-29.69097966967412,measure: -51.116357834642415,apucarana,PR ,-23.552512530494816,-51.46349357996916,3.0
mc_ID_4815,"Single Male with four children, education: partial high school working as skilled manual",€8K+,"Snack Foods from Snack Foods department, Ordered Brand : Fort West",26.6008,-23.5482,recyclable,['Coffee Bar'],Discount Frenzy,	Supermarket,4.38 Millions,1.971 Millions,1236.07,440.92,295.16,760.4943,forTalezA,CE,-3.767937338882806,measure: -38.553789295169935,betim,MG,val: -19.95866259017359,-44.19878943272789,1.0
mc_ID_4816,"Married Male with No children, education: high school degree working as manual",30K+,"Bread from Baked Goods department, Ordered Brand : Modell",17.007,12.6317,recyclable,"['Ready Food', 'Bar For Salad']",Shelf Clearing Days,Supermarket,$1.53 Millions,0.6273 Millions,2265.63,853.22,569.3,571.1683,rio de janeiro,RJ,-22.91880981294356,-43.26535370468581,sao paulo,sp,amount: -23.56168119891244,-46.50627110555333,5.0
mc_ID_4818,"Single Female with four children, education: high school degree working as manual",30K+,"Baking Goods from Baking Goods department, Ordered Brand : BBB Best",16.571,13.6492,non recyclable,,,Supermarket,$3.04 Millions,1.3376 Millions,2049.72,459.36,304.91,amount: 418.1385,curitiba,pr,measure: -25.4389681470945,-49.27448441188181,belo horizonte,Mg,-19.90514649708581,-43.95631225047614,5.0
mc_ID_4820,"married male with one child, education: bachelor'ss degree working as professional",70K+,"Canned Tuna from Canned Foods department, Ordered Brand : Bravo",data: 14.1144,11.2072,recyclable,"['Bar For Salad', 'Coffee Bar', 'Florist', 'Video Store', 'Ready Food']",Price Smashers,,$8.34 Millions,3.5862 Millions,1525.28,,,val: 499.2035,rio de janeiro,Rj,-22.88712561471496,-43.59933516863879, ibitinga,$p,-21.7664768468313,-48.83154737836604,4.0
mc_ID_4821,"Married Female with two children, education: partial high school working as manual, education: partial high school working as manual",10K+,"Hygiene from Health and Hygiene department, Ordered Brand : Faux Products",29.944,-27.0368,recyclable,"['Ready Food', 'Bar For Salad']",Save Price,Supermarket,1.3 Millions,0.403 Millions,2448.37,470.27,313.55,406.4756,rio de janeiro,RJ,amount: -22.882747506780664,-43.55197219900165,franca,sp,val: -20.530671079410943,amount: -47.39851931627846,2.0
mc_ID_4822,"Single Female with five children, education: high school degree working as manual",$30K+,"Side Dishes from Deli department, Ordered Brand : Red Spade",24.5657,-21.5132,non recyclable,"['Florist', 'Bar For Salad', 'Video Store', 'Ready Food', 'Coffee Bar']",,Deluxe,2.72 Millions,0.952 Millions,1871.16,593.93,395.56,val: 343.611,sao p4ulo,SP,-23.536185192336568,-46.67656522468111,SAO PAU1O,$p,-23.56753031883281,-46.51205478799173,5.0
mc_ID_4825,"Single Female with two kidren, education: partial high school working as skilled manual",$30K+,"Eggs from Eggs department, Ordered Brand : Urban",-13.3876,10.4804,non recyclable,"['Florist', 'Coffee Bar', 'Ready Food', 'Bar For Salad']",Super Duper Savers,Deluxe,3.93 Millions,1.6506 Millions,2055.29,654.13,436.09,364.2695,novo hamburgo,rs,-29.7103410181936,-51.13665779773532,prai@ grande,SP,-24.011288218359883,-46.41873374429398,4.0
mc_ID_4826,"Married Female with two children, education: high school degree working as skilled manual",10K+,"Snack Foods from Snack Foods department, Ordered Brand : Fast",-18.3153,15.4081,non recyclable,"['Florist', 'Bar For Salad', 'Video Store', 'Ready Food', 'Coffee Bar']",Dimes Off,DELUXE,10.14 Millions,3.042 Millions,1871.16,593.93,395.95,474.7271,sao paulo,Sp,-23.591593089647404,-46.67692509977497,louveira,SP,-23.08412527710581,-46.98121307089687,3.0
mc_ID_4827,"Married Male with four children, education: partial high school working as manual",Income: 10K+,"Vegetables from Produce department, Ordered Brand : Tell Tale",29.2172,26.31,recyclable,"['Bar For Salad', 'Coffee Bar', 'Florist', 'Ready Food']",Full Free,Delux3,"6.34 ,000,000illions",3.0432 Millions,2055.29,654.13,436.09,val: 570.3838,colorado,PR,-22.83817968053156,-51.9775215993844,JOINVILLE,$C,-26.25351566740153,-48.80168204279203,4.0
mc_ID_4831,"Single Female with one child, education: bachelors degree working as professional",50K+ annually,"Breakfast Foods from Breakfast Foods department, Ordered Brand : Best",10.8002,7.8785,non recyclable,"['Florist', 'Coffee Bar', 'Video Store', 'Ready Food', 'Bar For Salad']",Shelf Clearing Days,DELUXE,5.91 Millions,1.8912 Millions,1871.16,593.93,,516.7763,SAO PAULO,SP,data: -23.59492397623724,-46.44994076488764,Atibaia,_SP,-23.120273860118864,-46.56362790244673,1.0
mc_ID_4832,"Married Male with one child, education: partial college working as professional",30K+,"Hot Beverages from Beverages department, Ordered Brand : BBB Best",23.5482,20.641,non recyclable,"['Bar For Salad', 'Video Store', 'Ready Food', 'Florist', 'Coffee Bar']",Discount Frenzy,Deluxe,2.88 Millions,1.2384 Millions,1871.16,593.93,397.62,326.352,cruzeiro,Sp,-22.576227841797,-44.96564651762937,sao paulo,SP,-23.58452319555432,-46.51460627909786,4.0
mc_ID_4833,"Single Female with one child, education: high school degree working as skilled manual, education: high school degree working as skilled manual",30K+,"Jams and Jellies from Baking Goods department, Ordered Brand : CDR",11.0909,8.1837,recyclable,,Price Winners,Supermarkat,5.0 Millions,1.75 Millions,1623.48,341.05,,586.7537,ferraz  de  vasconcelos,SP,measure: -23.543921177931463,-46.38437270551714,4tibaia,"Sp
",-23.112774381969185,amount: -46.5488845105504,5.0
mc_ID_4836,"Married Male with four children, education: high school degree working as manual",30K+,"Dairy from Dairy department, Ordered Brand : Even Better",12.9224,10.0153,non recyclable,"['Video Store', 'Florist', 'Coffee Bar', 'Bar For Salad', 'Ready Food']",,Deluxe_,5.37Ms,2.2554 Millions,1871.16,593.93,395.95,val: 278.7067,rio de janeiro,RJ,-22.92086016847478,-43.38858678005074,baependi,MG,-21.956309999999995,-44.882378788136165,5.0
mc_ID_4837,"Married Male with one child, education: high school degree working as management",130K+,"Dairy from Dairy department, Ordered Brand : Carlson",9.6373,8.1837,recyclable,"['Bar For Salad', 'Coffee Bar', 'Ready Food', 'Florist']",Save Price,deluxe,2.76 Millions,0.8556 Millions,2055.29,654.13,436.09,584.191,Araras,5P,amount: -22.3724074299152,-47.34738062891686,araçatuba,Sp,-21.21832154593456,-50.400362346932894,3.0
mc_ID_4838,"Married Male with two children, education: partial high school working as manual, education: partial high school working as manual",10 Thousand,"Beer and Wine from Alcoholic Beverages department, Ordered Brand : Walrus",-14.3906,10.0153,recyclable,"['Coffee Bar', 'Ready Food', 'Bar For Salad', 'Florist']",Two Day Sale,Deluxe,"11.4 ,000,000illions",4.56 Millions,2055.29,654.13,436.09,measure: 542.0895,SAO PAU1O,SP,-23.45241535053957,-46.69276536663972,sao jose do rio preto,SP,-20.80243626346376,amount: -49.39562406741489,measure: 3.0
mc_ID_4840,"Single Male with four children, education: bachelors degree working as professional",50k,"Frozen Entrees from Frozen Foods department, Ordered Brand : Big Time",9.2303,7.7622,non recyclable,"['Coffee Bar', 'Video Store', 'Ready Food', 'Florist', 'Bar For Salad']",Two for One,_gourmet,6.42 Millions,2.1828 Millions,1424.85,465.54,310.3,360.7131,padreira, SP ,-22.73824150585765,measure: -46.8958585777586,salto, $P ,-23.20591698084141,data: -47.307845865803,1.0
mc_ID_4843,"Single Female with two children, education: partial high school working as skilled manual",30K+,"Vegetables from Produce department, Ordered Brand : Hermanos",10.2624,7.3406,recyclable,"['Bar For Salad', 'Video Store', 'Ready Food', 'Florist', 'Coffee Bar']",Two Day Sale,Gourmet,"9.6 ,000,000illions",3.36 Millions,1424.96,,308.59,588.4796,sao pAUlO,SP,-23.56314574493621,-46.64661879892085,curitiba,PR,-25.46921399278664,-49.29393514695028,4.0
mc_ID_4844,"Single Female with three children, education: bachelors degree working as professional",50K+,"Pure Juice Beverages from Beverages department, Ordered Brand : Washington",10.3787,7.4569,non recyclable,"['Bar For Salad', 'Ready Food']",Best Savings,SUPERMARKET,9.68 Millions,4.356 Millions,2448.37,470.27,313.55,576.1891,sao paulo,SP,val: -23.569179969298748,-46.41940490115958,belo horizonte,Mg,-19.840168078827364,val: -43.92329932223438,5.0
mc_ID_4846,"Single Male with two children, education: HS degree working as skilled manual",30K+,"Starchy Foods from Starchy Foods department, Ordered Brand : Discover",11.716,amount: 8.8088,non recyclable,['Coffee Bar'],,Small Grocery,€0.7M,0.3432 Millions,1423.37,398.93,265.98,631.1041,sao pauIo,SP,-23.536185192336568,-46.67656522468111,5alto,SP,measure: -23.20591698084141,-47.307845865803,10.0/10
mc_ID_4852,"Single Male with one child, education: partial college working as clerical",30K or more,"Miscellaneous from Checkout department, Ordered Brand : Framton",30.0894,28.6358,recyclable,"['Florist', 'Coffee Bar', 'Ready Food', 'Bar For Salad']",Discount Frenzy,,6.9 Millions,2.829 Millions,2055.29,654.13,436.09,779.6884,teresina,PI,-5.078406440428284,-42.77434018951861,,,,,1.0
mc_ID_4857,"MaRrIeD MaLe wItH FoUr kIdS, eDuCaTiOn: Hs dEgReE WoRkInG As sKiLlEd mAnUaL",30K+,"Candy from Snacks department, Ordered Brand : Gulf Coast",19.1874,14.6813,non recyclable,"['Coffee Bar', 'Bar For Salad', 'Video Store', 'Ready Food', 'Florist']",Sale : Double Down,Deluxe,13.72 Millions,6.7228 Millions,1523.37,373.1,247.81,746.3733,estiva gerbi,sp_,data: -22.27535426816477,-46.950765182495694,guariba,sP,-21.36235769739203,-48.232975701561735,5.0
mc_ID_4858,"Single Female with three children, education: high school degree working as professional",130K+,"Snack Foods from Snack Foods department, Ordered Brand : Horatio",18.0246,data: 14.972,non recyclable,"['Bar For Salad', 'Ready Food']",Three for One,SUPERMARKET_,2.28 Millions,1.0032 Millions,2264.85,855.22,,val: 618.4475,nllopolis,RJ,-22.81303760033901,-43.42444789204527,sao paulo,SP,-23.50271592062436,-46.48299647362806,3.0
mc_ID_4860,"Married Male with three kidren, education: bachelors degree working as professional",70K+,"Hot Beverages from Beverages department, Ordered Brand : BBB Best",val: 25.0018,22.0946,non recyclable,"['Bar For Salad', 'Coffee Bar', 'Ready Food', 'Video Store', 'Florist']",Promo Big, DELUXE,$3.36 Millions,1.5456 Millions,1869.11,593.93,,578.2288,portu alegre,RS,-30.02967049428719,-51.181592520687786,belford roxo,RJ,-22.74653727616932,-43.409648570561245,5.0
mc_ID_4861,"Married Male with five children, education: partial college working as skilled manual",30K+,"Specialty from Produce department, Ordered Brand : High Top",15.8442,11.4688,non recyclable,,Shelf Clearing Days,Supermarket,6.33 Millions,2.4054 Millions,1508,227.8,151.9,399.6243,franca,SP,-20.531151999894856,-47.43366787318517,sarandi,PR,-23.431481257369107,-51.85490851643521,3.0
mc_ID_4862,"married male with four kids, education: hs degree working as skilled manual",30K+,"Beer and Wine from Alcoholic Beverages department, Ordered Brand : Pearl",16.8617,12.5009,non recyclable,"['Video Store', 'Bar For Salad', 'Florist', 'Ready Food', 'Coffee Bar']",Saving Days,Gourmet,2.73 Millions,1.2558 Millions,,465.54,310.3,350.9853,rio de janeiro,RJ,amount: -22.95549,-43.20057987621901,sao paulo,sp,-23.539098006665103,-46.48619464224707,5.0
mc_ID_4864,"Single Male with one child, education: high school degree working as manual",360+ monthly,"Snack Foods from Snack Foods department, Ordered Brand : Horatio",17.1524,-12.7916,non recyclable,"['Coffee Bar', 'Video Store', 'Ready Food', 'Bar For Salad', 'Florist']",Lottery Cash Registerion,	Deluxe,3.9Ms,1.599 Millions,1734.5,503.07,,500.9294,curitiba_,Pr,amount: -25.41390855314792,-49.34702339687815,rolendia,PR,-23.31259824896755,-51.36894941889966,1.0
mc_ID_4865,"education: high school degree working as manual, Single Female with one child",50K+,"Dairy from Dairy department, Ordered Brand : Carlson",15.6988,14.2452,non recyclable,"['Coffee Bar', 'Bar For Salad', 'Video Store', 'Florist', 'Ready Food']",Save Price,Deluxe,11.91 Millions,4.2876 Millions,1732.3,503.07,335.38,419.9167,brasilia,DF,data: -15.901888173722122,-48.06304267789562,s@o paulo,SP,-23.61411790980433,-46.60034800222169,4.0
mc_ID_4866,"MARRIED FEMALE WITH FOUR KIDREN, EDUCATION: HS DEGREE WORKING AS MANAGEMENT",150K+,"Starchy Foods from Starchy Foods department, Ordered Brand : Jardon",25.7286,22.8214,recyclable,,One Day Sale,sup3rmarket,$2.88 Millions,1.2384 Millions,1508,227.8,,613.4267,ipating4, MG ,-19.50523742384614,-42.57176378313765,maringa,PR,-23.377396999935016,-51.93100618003307,data: 4.0
mc_ID_4869,"Single Female with one child, education: partial high school working as manual",10K+,"Fruit from Produce department, Ordered Brand : Tri-State",15.2627,val: 12.3555,non recyclable,,GLD,Supermarket,10.24 Millions,3.6864 Millions,2049.72,,306.2,€593.12,SAO PaULo,SP,-23.705345346932887,amount: -46.74050034485543,sao jose do rio preto,5P,-20.80243626346376,-49.39562406741489,3.0
mc_ID_4870,"SiNgLe mAlE WiTh oNe cHiLd, EdUcAtIoN: gRaDuAtE DeGrEe wOrKiNg aS PrOfEsSiOnAl",90K+,"Hygiene from Health and Hygiene department, Ordered Brand : Faux Products",29944.00 grams,27.0368,recyclable,"['Florist', 'Bar For Salad', 'Video Store', 'Coffee Bar', 'Ready Food']",GLD,Deluxe,1.95Ms,0.9165 Millions,1871.16,593.93,395.95,484.1411,sao paulo,SP,-23.559158524842736,-46.692485203993336,Osasco,sp,-23.552456794881493,-46.78012559033992,100%
mc_ID_4871,"Single Female with one child, education: graduate degree working as professional",130K+,"Hardware from Checkout department, Ordered Brand : Framton",28.7811,-25.7286,recyclable,['Florist'],Sale Winners,,12.84 Millions,5.3928 Millions,1320.15,523.32,348.85,770.6405,patos  d3  minas,MG ,-18.60497691187199,-46.52154885505743,mANdIriTuba,PR,-25.77404958940785,data: -49.32914580930774,data: 5.0
mc_ID_4872,"Married Male with one child, education: bachelors degree working as management",$50K+,"Jams and Jellies from Baking Goods department, Ordered Brand : Landslide",10.3787,-7.4569,recyclable,,Price Winners,Supermarket,$6.81 Millions,2.7921 Millions,1623.48,343.05,227.33,543.397,americana,5P,-22.74450412101101,-47.30243020136758,araguari, MG,-18.65223568071188,-48.19343213192182,4.0
mc_ID_4873,"Single Female with five children, education: high school degree working as manual",10K+,"Dairy from Dairy department, Ordered Brand : Even Better",11.6578,amount: 8.7506,non recyclable,['Coffee Bar'],Price Smashers,Supermarket,5.0 Millions,1.6 Millions,1236.07,440.92,293.95,val: 722.9429,sao pau1o,SP,-23.581842935887803,-46.60117984194124,Bras1Lia,DF,-15.746057999999998,val: -47.894445,val: 5.0
mc_ID_4874,"Married Male with five children, education: high school degree working as skilled manual",Income: 30K+,"Beer and Wine from Alcoholic Beverages department, Ordered Brand : Top Measure",17.73 kg,16.1349,recyclable,"['Bar For Salad', 'Ready Food']",Super Savers,SUPERMARKET,"1.16 ,000,000illions",0.4872 Millions,2448.37,470.27,314.02,754.7413,veranopolis,RS,val: -28.935745148342484,-51.55204762348925,sao ludgero,SC,-28.327530882623098,-49.18050954005345,5.0
mc_ID_4875,"Married Female with five children, education: bachelors degree working as professional",$70K+,"Paper Products from Household department, Ordered Brand : High Quality",11.0909,6.7301,non recyclable,,Big Time Discounts,Supermarket_,4.92 Millions,1.7712 Millions,2049.72,457.36,304.91,310.662,rio de janeiro,RJ,-22.912294047856623,-43.38219807642905,Piracicaba,SP,-22.71683928585045,-47.65736585405934,3.0
mc_ID_4876,"Married Male with five children, education: high school degree working as manual",10K+,"Frozen Desserts from Frozen Foods department, Ordered Brand : PigTail",23.9843,21.0771,non recyclable,,Money Savers,supermarket,1.48 Millions,0.4736 Millions,1508,227.8,151.9,277.2423, salvador ,B4,val: -13.00486273633788,-38.46539390896759,SAO PAULO,SP,-23.48934571357261,-46.47738070858095,5.0
mc_ID_4880,"Married Male with one child, education: graduate degree working as professional",110K+,"Beer and Wine from Alcoholic Beverages department, Ordered Brand : Pearl",val: 28.9265,25.874,non recyclable,['Florist'],Best Savings,Supermarket,5.76 Millions,2.2464 Millions,1321.42,523.32,348.85,281.4786,Sao Paulo,SP,-23.48938575704257,-46.49049703183771,sao paulo,SP,-23.575745041924048,-46.74085825118136,5.0
mc_ID_4881,"Married Male with two kids, education: high school degree working as skilled manual",30K+,"Vegetables from Frozen Foods department, Ordered Brand : Golden",8.9541,6.0324,recyclable,['Coffee Bar'],Price Winners,small grocery,€3.2M,1.8228 Millions,1423.95,398.93,264.78,362.1252,loñdrina,PR,val: -23.304947270046764,-51.20519766871963,tres coracoes,	MG,-21.69216794221008,-45.25804903964345,4.0
mc_ID_4882,"Married Female with four children, education: bachelors degree working as management",50K+ annually,"Baking Goods from Baking Goods department, Ordered Brand : Plato",31.543,1010.10 oz,non recyclable,['Coffee Bar'],,,5.96 Millions,2.682 Millions,1236.07,440.92,293.95,720.5371,rio de janeiro,RJ,-22.945175455450418,-43.18674295048741,jacarei,Sp,-23.29818595956356,-45.974828011182304,3.0
mc_ID_4884,"Married Male with two children, education: High School degree working as skilled manual",30K+,"Meat from Deli department, Ordered Brand : Lake",11.3235,8.4018,recyclable,"['Coffee Bar', 'Bar For Salad', 'Florist', 'Ready Food', 'Video Store']",Price Winners,	Deluxe,1.92 Millions,0.7872 Millions,1871.16,593.93,394.59,436.9665,palmita1,5P,-22.79140099101727,-50.21666128486411,Santo Andre,SP,-23.665703457960586,val: -46.51808196779969,4.0
mc_ID_4886,"Married Female with three children, education: partial high school working as skilled manual",10K+,"Snack Foods from Snack Foods department, Ordered Brand : Best Choice",23.4028,21.9493,non recyclable,"['Florist', 'Coffee Bar', 'Bar For Salad', 'Ready Food', 'Video Store']",,Deluxe,7.89 Millions,3.156 Millions,1527.88,375.1,248.79,measure: 755.9442,SANTA LUZIA,Mg,-19.78407691318338,-43.92964052626267,sarandi,PR,-23.431481257369107,amount: -51.85490851643521,5.0
mc_ID_4887,"Single Male with four kids, education: partial high school working as management",130K+,"Bathroom Products from Health and Hygiene department, Ordered Brand : Consolidated",18.1699,15.2627,non recyclable,"['Ready Food', 'Video Store', 'Coffee Bar', 'Florist', 'Bar For Salad']",,DELUXE,7.88 Millions,3.7036 Millions,1737.1,,335.38,279.5435,cruzeiro do oeste,PR,amount: -23.77770101189612,-53.09420292153244,CURITIBA,PR,-25.43328294393789,-49.28042347446478,1.0
mc_ID_4889,"Married Male with four children, education: high school degree working as skilled manual",30K+,"Pizza from Frozen Foods department, Ordered Brand : Big Time",val: 13.3149,10.3932,recyclable,,,Supermarket,4.52 Millions,1.6272 Millions,2051.85,457.36,304.91,467.4051,vi7oria,Es,-20.3015925,-40.2804855,osasc0,SP,-23.552456794881493,-46.78012559033992,5.0
mc_ID_4890,"Married Female with four children, education: high school degree working as professional",150K or more,"Fruit from Produce department, Ordered Brand : High Top",amount: 9.7972,6.8755,non recyclable,,Two for One,Supermerket,5.3 Millions,2.173 Millions,,457.36,,300.8296,olinda,PE,-8.014732471910285,unknown,rio de janeiro ,RJ,-22.93125598447676,-43.17881321481337,4.0
mc_ID_4891,"Single Male with three children, education: bachelors degree working as management",50K+,"Vegetables from Produce department, Ordered Brand : Ebony",data: 31.3976,29.944,non recyclable,['Coffee Bar'],Price Smashers,,$2.88 Millions,1.3824 Millions,1236.07,440.92,293.95,722.9429,santos, SP ,-23.96112504302036,-46.32316061267247,blumenau,SC,-26.953576281983977,-49.08280584277794,1.0
mc_ID_4892,"Single Male with five children, education: bachelors degree working as management",1800+ monthly,"Cleaning Supplies from Household department, Ordered Brand : Cormorant",-23.1121,20.0596,non recyclable,"['Florist', 'Coffee Bar', 'Bar For Salad', 'Ready Food', 'Video Store']",Money Savers,Deluxe,15.24 Millions,6.5532 Millions,1871.16,593.93,395.95,343.611,campo grande,M$_,-20.46994200109652,-54.612753842691966,rio do sul,SC,-27.20981137280685,measure: -49.63292048422235,4.0
mc_ID_4893,"Single Male with one child, education: high school degree working as manual",30K+,"Snack Foods from Snack Foods department, Ordered Brand : Best Choice",-31.2522,29.7987,recyclable,['Coffee Bar'],Best Price Savers, Supermarket ,8.73Ms,3.7539 Millions,1236.07,440.92,293.95,val: 349.2594,rio de janeiro,rj,-22.938518021928537,-43.17619539800332,Sao Paulo,SP,-23.57282057729816,-46.52329640383172,5.0
mc_ID_4894,"Married Male with one child, education: high school degree working as manual",30K+ annually,"Paper Products from Household department, Ordered Brand : High Quality",16.7163,487.10 oz,recyclable,,Coupon Spectacular,Mid-Size,€9.1M,5.1264 Millions,2085,783.64,520.99,658.0909,cruz4lia,SP,-22.740607191660423,-50.79124083706301,sao paulo,_SP,-23.59798552039933,-46.55547278711988,data: 5.0
mc_ID_4897,"Single Male with two children, education: bachelors degree working as professional",70K+,"Cold Remedies from Health and Hygiene department, Ordered Brand : Bird Call",25.1472,23548.20 grams,non recyclable,"['Florist', 'Ready Food', 'Coffee Bar', 'Bar For Salad']",,DELUXE,8.67 Millions,3.7281 Millions,2055.29,654.13,436.09,570.3838,SAO SEBASTIAO,SP,-23.793936841796995,-45.40193197446476,foz do iguacu,"PR
",-25.52742965797669,-54.57570382833004,5.0
mc_ID_4898,"MARRIED FEMALE WITH TWO CHILDREN, EDUCATION: BACHELORS DEGREE WORKING AS PROFESSIONAL",€8K+,"Snack Foods from Snack Foods department, Ordered Brand : Fast",30.3801,amount: 27.3275,recyclable,"['Coffee Bar', 'Bar For Salad', 'Florist', 'Ready Food', 'Video Store']",Lottery Cash Registerion,DELUXE,"1.86 ,000,000illions",0.9114 Millions,1734.5,503.07,334.34,313.0678,guarulhos ,SP,-23.496488565250488,-46.54671310832206,ribeirao preto,SP,-21.210104711049134,-47.80139005429387,5.0
mc_ID_4901,"Married Male with four children, education: partial high school working as manual",10K+,"Pure Juice Beverages from Beverages department, Ordered Brand : Fabulous",8.7216,5.8144,recyclable,"['Florist', 'Bar For Salad', 'Coffee Bar', 'Ready Food']",Weekend Discount,Gourmet,€9.7M,5.016 Millions,1566.32,385.45,258.43,val: 470.177,marilia,5P,-22.188742247875226,-49.93422578806241,Ibitinga,SP,-21.7664768468313,-48.83154737836604,data: 5.0
mc_ID_4902,"Married Male with five children, education: partial high school working as professional",90K+,"Snack Foods from Snack Foods department, Ordered Brand : Fort West",28.0543,25.0018,non recyclable,"['Video Store', 'Florist', 'Ready Food', 'Coffee Bar', 'Bar For Salad']",Pick Your Savings,,$8.52 Millions,2.6412 Millions,1871.16,593.93,395.95,295.4427,espigao do oeste,RO,-11.52167206485777,-61.01306348804001,Sao PAuLo,SP,-23.693985995008337,-46.70188324132953,5.0
mc_ID_4907,"Single Male with four children, education: high school degree working as professional",110K+,"Paper Products from Household department, Ordered Brand : Sunset",13.7074,10.8002,non recyclable,"['Coffee Bar', 'Florist', 'Ready Food', 'Bar For Salad']",Price Destroyers,gourmet,7.77 Millions,3.7296 Millions,,385.45,256.97,343.5064,presidente prudente,Sp,-22.11545190136955,-51.39640853541775,guariba,Sp_,-21.36235769739203,-48.232975701561735,5.0
mc_ID_4908,"Single Female with three children, education: high school degree working as professional",130K+,"Vegetables from Frozen Foods department, Ordered Brand : PigTail",10.0007,7.0935,recyclable,"['Ready Food', 'Bar For Salad']",Shelf Clearing Days,supermarket ,$9.24 Millions,3.1416 Millions,2265.9,853.22,567.96,554.903,5Alvador_,_Be,-12.973857914795992,-38.511608290870775, Jacarei ,SP,-23.29818595956356,-45.974828011182304,3.0
mc_ID_4909,"Single Female with four children, education: high school degree working as skilled manual",30K+,"Bread from Baked Goods department, Ordered Brand : Great",9.0123,amount: 7.5441,recyclable,"['Bar For Salad', 'Ready Food']",Best Savings,SuPErMArkeT,"7.72 ,000,000illions",2.4704 Millions,2448.37,470.27,,576.1891,BLUMENAU,SC,-26.88280347006328,-49.10761309562108,ibitinga,sp,-21.7664768468313,val: -48.83154737836604,5.0
mc_ID_4910,"Married Male with two children, education: partial high school working as professional",150K+,"Snack Foods from Snack Foods department, Ordered Brand : Fast",9.5792,6.672,recyclable,,,SUPERMARKAT,"2.88 ,000,000illions",1.2672 Millions,2046.76,457.36,304.91,610.5502,volta redonda,Rj,-22.496274272000647,-44.07958912614691,sao paulo,SP,-23.746252526227707,-46.677001782820696,5.0
mc_ID_4911,"Married Female with No children, education: partial high school working as skilled manual",10K+,"Snack Foods from Snack Foods department, Ordered Brand : Fort West",876.78 oz,20.4957,non recyclable,,Two Day Sale,mid-SizE,7.74 Millions,3.7926 Millions,2085.67,783.64,522.49,734.9719,GaRoPaba,SC,-28.03172040884407,-48.62388672140172,sao jose do rio preto,sp,-20.80243626346376,-49.39562406741489,4.0
mc_ID_4914,"Married Female with three children, education: partial high school working as professional",90K+,"Side Dishes from Deli department, Ordered Brand : Lake",19.6235,16.7163,non recyclable,"['Florist', 'Bar For Salad', 'Coffee Bar', 'Video Store', 'Ready Food']",,,9.93 Millions,3.7734 Millions,1427.5,,310.37,351.7175,sapeacu,BA,-12.726055994703565,-39.179722511173885,sumare,_SP,-22.828654864562257,amount: -47.267296160568925,5.0
mc_ID_4915,"Married Female with four children, education: high school degree working as skilled manual",$30K+,"Beer and Wine from Alcoholic Beverages department, Ordered Brand : Pearl",14.347,9.9716,recyclable,"['Coffee Bar', 'Ready Food', 'Bar For Salad', 'Video Store', 'Florist']",Pick Your Savings,Deluxe,"1.14 ,000,000illions",0.399 Millions,1871.16,593.93,395.95,295.4427,SOrOcaBA,SP,-23.47175350328484,-47.50644372342474,SAO paulO,SP,-23.605673521784304,-46.618990239800326,5.0
mc_ID_4916,"Married Female with two children, education: high school degree working as skilled manual",30K+,"Bathroom Products from Health and Hygiene department, Ordered Brand : Hilltop",27.0368,24.1296,recyclable,['Florist'],,,10.65 Millions,4.473 Millions,1320.15,523.32,349.75,427.7617,rio de jañeiro,Rj,-22.93125598447676,-43.17881321481337,cascavel,PR,-24.955814183258344,-53.43029571217104,5.0
mc_ID_4917,"Single Male with four children, education: bachelors degree working as professional",50K+,"Vegetables from Produce department, Ordered Brand : Ebony",30.2347,27.1822,recyclable,,Two Day Sale,mid-size,"8.52 ,000,000illions",3.834 Millions,2087.24,783.64,521.4,509.0882,curi7iba,PR,-25.507716226437072,-49.2659152738391,congonhas,MG,val: -20.50410692238407,-43.858586415220174,val: 4.0
mc_ID_4919,Single Female with three children; education: high school degree working as manual,30K+,"Candy from Snacks department, Ordered Brand : Musial",28.4904,25.5832,non recyclable,"['Ready Food', 'Florist', 'Bar For Salad', 'Coffee Bar', 'Video Store']",,Deluxe_,$8.43 Millions,3.4563 Millions,1871.16,593.93,395.95,516.7763,florianopolis_,Sc,-27.64441001566128,-48.47653363335797,_embu das artes,SP,-23.630417161261416,-46.82669592270185,5.0
mc_ID_4920,"Married Male with two children, education: bachelors degree working as professional",50K+,"Specialty from Produce department, Ordered Brand : Tri-State",12.6317,11.1636,non recyclable,,Budget Bargains,sUpeRMarKEt,3.52 Millions,1.4784 Millions,2049.72,459.36,,708.665,palma5,pr,-26.48257236390896,-51.9929615275,itat1ba,Sp,-22.99567770323237,-46.857106243157794,5.0
mc_ID_4921,"mARRIED fEMALE WITH FOUR CHILDREN, EDUCATION: HIGH SCHOOL DEGREE WORKING AS MANUAL",Income: 30K+,"Jams and Jellies from Baking Goods department, Ordered Brand : Landslide",8.9251,7.4569,non recyclable,,Budget Bargains,Mid-Size,11.25Ms,4.725 Millions,2085.67,,522.49,546.0643,sao 	paulo,SP,-23.43686746794389,-46.712243713572605,ribeirao preto,sp,-21.17121748495008,-47.81941847157649,4.0
mc_ID_4922,"Married Female with four children, education: bachelors degree working as professional",€42K+,"Bread from Baked Goods department, Ordered Brand : Colony",17.4431,14.5359,recyclable,"['Ready Food', 'Coffee Bar', 'Video Store', 'Florist', 'Bar For Salad']",Tip Top Savings,Deluxe,3.74 Millions,1.6082 Millions,2038.11,483.98,321.26,416.2557,cotia,SP,-23.60216311173847,-46.82371615806562,	taboao da serra,SP,measure: -23.60978638462481,-46.75740105595065,5.0
mc_ID_4923,"single male with five children, education: high school degree working as professional",70K+,"Eggs from Eggs department, Ordered Brand : Urban",14.972,12.0648,recyclable,,Roller Savings (High) ,Supermarket,11.22 Millions,3.7026 Millions,1508,227.8,151.26,379.7503,embu,sp,-23.650602102678075,-46.795999133052526,rIO dE JaNEIRo,RJ,-22.899782764383268,-43.22853469954991,4.0
mc_ID_4925,"Married Male with four children, education: bachelors degree working as management",840+ monthly,"Meat from Deli department, Ordered Brand : American",-1.0,5.5237,non recyclable,,Coupon Spectacular,,$13.8 Millions,4.554 Millions,2085.67,783.64,522.49,658.0909,Sao Paulo,SP,-23.68354915724768,-46.63434401577974,santo andre,SP,val: -23.65198043825374,measure: -46.54095207799065,4.0
mc_ID_4926,"Single Female with four children, education: partial high school working as skilled manual",10K+,"Vegetables from Frozen Foods department, Ordered Brand : PigTail",11.2944,8.3727,non recyclable,"['Bar For Salad', 'Florist', 'Coffee Bar', 'Ready Food']",Weekend Discount,,6.28 Millions,2.1352 Millions,1564.86,385.45,256.97,470.177,Campo Alegre Do Fidalgo,PI,-8.37863209751232,-41.83417386076794,vicentedecarvalho,SP,data: -23.939318620030072,-46.30539278864907,1.0
mc_ID_4928,"Single Female with five children, education: high school degree working as skilled manual",30K+,"Seafood from Seafood department, Ordered Brand : Kiwi",26.7461,23.6936,recyclable,"['Coffee Bar', 'Bar For Salad', 'Video Store', 'Ready Food', 'Florist']",Super Duper Savers,Deluxe,9.0 Millions,3.96 Millions,1522.42,373.1,248.76,val: 266.73,guanambi,BA,-14.224788977578138,-42.77686614606025,sao paulo,$P,-23.65111484251016,-46.75521082321932,measure: 1.0
mc_ID_4929,"Single Male with two children, education: partial high school working as manual",10K+,"Canned Clams from Canned Foods department, Ordered Brand : Pleasant",14.0272,measure: 11.1054,recyclable,"['Video Store', 'Florist', 'Coffee Bar', 'Bar For Salad', 'Ready Food']",GLD,Deluxe,3.16 Millions,1.3904 Millions,1734.5,503.07,335.38,346.5921,Cumaru,PE,-8.012539706686463,-35.696092961752235,sao lui5,Ma,-2.546079233971952,-44.3089863702464,5.0
mc_ID_4931,"Married Male with four children, education: partial high school working as skilled manual",10K+,"Bathroom Products from Health and Hygiene department, Ordered Brand : Bird Call",19.4781,16.4256,non recyclable,"['Florist', 'Bar For Salad', 'Ready Food', 'Coffee Bar', 'Video Store']",Sale Sale Sale,dELUxE,"1.56 ,000,000illions",0.6084 Millions,1524.84,373.1,248.79,722.6814,"vitoria da conquista
","Ba
",data: -14.841803361171133,-40.87162777910349,ribeirao preto, 5p ,amount: -21.17121748495008,-47.81941847157649,amount: 5.0
mc_ID_4933,"Married Male w/ one child, education: partial college working as professional",30K+,"Electrical from Household department, Ordered Brand : Red Wing",28.1997,-25.1472,recyclable,"['Ready Food', 'Coffee Bar', 'Video Store', 'Bar For Salad', 'Florist']",One Day Sale, Deluxe ,8.64 Millions,4.1472 Millions,1871.16,593.93,396.85,360.3993,rio de jane1ro,RJ_,-22.987106811270102,-43.22749700083673,rIo dE JANeIrO,RJ,-22.93125598447676,amount: -43.17881321481337,5.0
mc_ID_4934,"Married Female with three children, education: high school degree working as manual",50 Thousand,"Jams and Jellies from Baking Goods department, Ordered Brand : Plato",18.3153,16.8617,recyclable,"['Florist', 'Ready Food', 'Video Store', 'Bar For Salad', 'Coffee Bar']",Two Day Sale,DeIuxe,"13.32 ,000,000illions",4.662 Millions,2036.75,481.98,320.91,495.7517,sao sebastiao do alto,RJ,-21.86540399999995,-42.08080399999997,itaquaquecetuba,SP,-23.48262344063541,-46.37448952833195,1.0
mc_ID_4935,"Single Female with one child, education: partial high school working as manual",10K+,"Eggs from Eggs department, Ordered Brand : Jumbo",measure: 12.9951,10.0734,non recyclable,['Coffee Bar'],Bag Stuffer,smAll grOcEry,0.75 Millions,0.36 Millions,1394.66,534.29,356.19,647.4217,barra d0 pirai,Rj,val: -22.475705751194017,-43.8357998606426,campinas,SP,-22.85275770752771,-47.05510214136723,1.0
mc_ID_4937,"Married Male with four children, education: partial high school working as manual.",30K+,"Meat from Deli department, Ordered Brand : Cutting Edge",amount: 31.8337,28.7811,recyclable,['Coffee Bar'],Promo Big,,5.28 Millions,2.2704 Millions,1236.07,440.92,293.95,647.8924,capinopolis,MG,-18.68578416963332,-49.57891758847197,jacarei,SP,-23.29818595956356,-45.974828011182304,3.0
mc_ID_4938,"Single Female with five children, education: partial college working as professional",30K+,"Electrical from Household department, Ordered Brand : Cormorant",31.543,27.1822,non recyclable,"['Video Store', 'Florist', 'Bar For Salad', 'Coffee Bar', 'Ready Food']",,Deluxe,"5.61 ,000,000illions",2.0196 Millions,1733.35,503.07,335.38,583.1973,Irai d3 MInas,MG,-18.98621037854543,-47.46277150174947,	Sao Paulo,SP,-23.57282057729816,-46.52329640383172,measure: 5.0
mc_ID_4939,"Single Female with four children, education: Bachelors degree working as professional",50K+,"Baking Goods from Baking Goods department, Ordered Brand : CDR",22.24,19.3328,non recyclable,"['Bar For Salad', 'Ready Food']",,Supermarket,€3.0M,1.4268 Millions,2448.37,470.27,313.55,656.2604,unai,MG,-16.362606334443775,data: -46.89279560165654,monte siao,MG,-22.42880507067007,-46.569550269431765,5.0
mc_ID_4943,"single female with three children, education: high school degree working as manual",30K+,"Snack Foods from Snack Foods department, Ordered Brand : Nationeel",12.5445,9.6373,non recyclable,,Full Free,_Supermark3t,€1.8M,0.7038 Millions,1508,227.8,151.9,272.2738,rio de janeiro,Rj,-22.95124560421836,-43.3592714074384,5ao paulo,5P,-23.65111484251016,-46.75521082321932,1.0
mc_ID_4946,"Married Male with two children, education: high school degree working as management",$130K+,"Pain Relievers from Health and Hygiene department, Ordered Brand : Hilltop",9.303,-6.3958,recyclable,['Coffee Bar'],Pick Your Savings,Supermarket,7.41 Millions,3.4827 Millions,1236.07,440.92,295.47,436.7573,CACHOEIRA DO SUL,Rs,-30.04253649475705,-52.89548555163659,sao paulo,Sp,-23.60262394182404,val: -46.55136429842682,1.0
mc_ID_4947,"Married Female with three children, education: graduate degree working as professional",70K+,"Paper Products from Household department, Ordered Brand : Sunset",16.8617,15.4081,recyclable,"['Coffee Bar', 'Video Store', 'Ready Food', 'Florist', 'Bar For Salad']",Bag Stuffer,Deluxe,7.12Ms,2.9192 Millions,1734.5,503.07,337.25,662.2226,RIo de jaN3iro, RJ,-22.84545803220033,-43.26412144878531,sao paulo,$P,-23.532734734664448,val: -46.654324449073776,3.0
mc_ID_4948,"Married Female with four children, education: high school degree working as skilled manual",30K+,"Pain Relievers from Health and Hygiene department, Ordered Brand : Consolidated",14.5359,11.6287,recyclable,,Big Time Discounts,supermarkat,11.94Ms,5.6118 Millions,2049.72,459.36,306.41,310.662,CandoI,"PR
",-25.57163061727537,-52.05182791620318,barueri,$P,-23.5105249691296,-46.86104614786531,5.0
mc_ID_4950,"Single Male with two children, education: partial college working as professional",90000,"Dairy from Dairy department, Ordered Brand : Carlson",21.5132,18.606,non recyclable,,Full Free,Supermarket,"15.92 ,000,000illions",6.0496 Millions,1508,227.8,151.9,660.2352,divinopolis,MG,-20.146615317146374,-44.892591683425806,Sao Leopo1Do_,Rs,-29.77065486733257,-51.13215300635966,5.0
mc_ID_4951,"Married Male with No children, education: high school degree working as manual",30K+,"Snack Foods from Snack Foods department, Ordered Brand : Fort West",17.5885,14.6813,non recyclable,"['Bar For Salad', 'Ready Food']",Money Savers,Supermarket,6.58 Millions,2.8952 Millions,2448.37,470.27,313.55,290.0035,santos,Sp,-23.96112504302036,data: -46.32316061267247,gueruja,SP,-23.98788982791853,-46.24777699362336,4.0
mc_ID_4952,"Married Male with two children, education: partial high school working as professional",90000,"Miscellaneous from Checkout department, Ordered Brand : Black Tie",12.7625,11.2944,recyclable,,GLD,Supermarket,7.85 Millions,2.4335 Millions,1508,227.8,151.9,727.9637,Sao paULO, SP ,-23.546317033585304,-46.56884297253152,LIMEIRa,SP,-22.599254430886607,-47.37980963550319,data: 5.0
mc_ID_4953,"Married Female with two kids, education: HS degree working as professional",110K+,"Kitchen Products from Household department, Ordered Brand : Sunset",26.1647,21.8039,non recyclable,"['Bar For Salad', 'Florist', 'Video Store', 'Ready Food', 'Coffee Bar']",Sale : Double Down,_Deluxe,10.84 Millions,3.4688 Millions,1525.28,373.1,247.87,746.3733,br4sIlIA,DF,-15.779209499999997,measure: -47.87777249999999,IBITINGA,SP,-21.7664768468313,-48.83154737836604,4.0
mc_ID_4954,"Single Female with three children, education: high school degree working as skilled manual",30K+,"Beer and Wine from Alcoholic Beverages department, Ordered Brand : Pearl",23.5482,22.0946,non recyclable,"['Coffee Bar', 'Bar For Salad', 'Florist', 'Ready Food']",Tip Top Savings,deluxe,1.95 Millions,0.6825 Millions,2057.99,654.13,436.09,745.6934,VOtOraNTIm,SP,data: -23.554843241357265,-47.45986166175327,sao paulo,SP,-23.680608736886143,-46.71141009824576,5.0
mc_ID_4957,Single Female with No children - education: bachelors degree working as professional,50K+,"Paper Products from Household department, Ordered Brand : Denny",26.31,24.8564,non recyclable,,Price Winners,Supermarket,5.44 Millions,2.6656 Millions,,457.36,304.91,599.358,CAXIAS DO SUL,rs,-29.150929318247144,-51.17473438467261,SAO PAULO,SP,-23.54029947071385,-46.66278360519932,4.0
mc_ID_4958,"Married Male with one child, education: partial high school working as skilled manual",30K+,"Vegetables from Frozen Foods department, Ordered Brand : Golden",12.4718,8.0965,recyclable,,Two for One,Supermarket,5.84 Millions,2.8616 Millions,2049.67,457.36,304.91,300.8296,itanhomi,MG,-19.17145995800582,-41.86468868452949,rIbeiRAO PRE7O_,SP,measure: -21.17121748495008,-47.81941847157649,val: 5.0
mc_ID_4962,"Married Female with three kidren, education: graduate degree working as management",130K+,"Vegetables from Produce department, Ordered Brand : Tell Tale",12.1375,9.2303,non recyclable,"['Ready Food', 'Bar For Salad']",Three for One,SuPErmARkET,$14.56 Millions,6.8432 Millions,2448.37,472.27,312.74,amount: 656.2604,varginha,"MG
",-21.581673139348982,-45.420297786055855,divinopolis_,Mg,data: -20.15825132557966,-44.88243792415554,4.0
mc_ID_4964,"Single Male with one child, education: graduate degree working as professional",70K+,"Dairy from Dairy department, Ordered Brand : Booker",-26.6008,23.5482,non recyclable,"['Coffee Bar', 'Ready Food', 'Bar For Salad', 'Florist']",GLD,Gourmet,"7.74 ,000,000illions",2.4768 Millions,1564.86,385.45,258.67,396.2248,espigao alto do iguacu,Pr,-25.428031566796456,-52.8418471317496,belo horizonte, MG,-19.878513898894187,-43.95694702879617,3.0
mc_ID_4965,"Married Female with five children, education: high school degree working as professional",150K+,"Bathroom Products from Health and Hygiene department, Ordered Brand : Hilltop",23.6936,19.1874,non recyclable,"['Ready Food', 'Florist', 'Coffee Bar', 'Bar For Salad']",Bag Stuffer,DELUXE,10.71 Millions,4.9266 Millions,2055.29,654.13,434.36,367.7736,BELO HORIZONTE,mG,-19.941422270327216,val: -43.932338543308816,"curitiba
",PR,-25.496876096024057,-49.232400160424696,4.0
mc_ID_4966,"Married Male with one child, education: partial high school working as skilled manual",10K+,"Beer and Wine from Alcoholic Beverages department, Ordered Brand : Walrus",22.8214,19.7689,non recyclable,"['Florist', 'Bar For Salad', 'Video Store', 'Coffee Bar', 'Ready Food']",Two Day Sale,Gourmet,1.66 Millions,0.664 Millions,,465.54,310.3,amount: 588.4796,n1teroi,RJ,-22.944019808500155,-43.06302670148316,guariba,sP ,-21.36235769739203,-48.232975701561735,5.0
mc_ID_4967,"Single Male with one child, education: bachelors degree working as professional",50K+,"Vegetables from Canned Foods department, Ordered Brand : Bravo",23.5482,20.641,non recyclable,"['Florist', 'Coffee Bar', 'Ready Food', 'Video Store', 'Bar For Salad']",Pick Your Savings,,$13.12 Millions,4.592 Millions,1871.16,593.93,395.95,295.4427,SAO PAULO,SP,-23.54335652677597,-46.683946373016354,Marechal Candido Rondun,PA,-24.549059297396184,-54.05157641917936,5.0
mc_ID_4968,"Single Female with one child, education: partial high school working as manual",30K+,"Hot Beverages from Beverages department, Ordered Brand : Super",14.3179,11.4107,non recyclable,"['Ready Food', 'Florist', 'Bar For Salad', 'Coffee Bar', 'Video Store']",Two for One,DELUXE,"3.72 ,000,000illions",1.488 Millions,2038.11,481.98,321.26,358.9349,mARICA_,_RJ,-22.96974443607173,-42.9369057138687,maua,SP,-23.68011442853022,-46.4524537436668,5.0
mc_ID_4970,"Married Female with one child, education: bachelors degree working as professional",70K+,"Fruit from Produce department, Ordered Brand : High Top",25.1472,22.0946,recyclable,,Budget Bargains,supermarket,"5.61 ,000,000illions",2.3001 Millions,2050.02,457.36,304.91,708.665,salvador,BA,-12.969784487650752,-38.49312773397196,videira,Sc,-27.00086872288371,data: -51.14532022116548,4.0
mc_ID_4971,"Single Male with No children, education: high school degree working as skilled manual",30K or more,"Jams and Jellies from Baking Goods department, Ordered Brand : Landslide",16.4256,13.5184,non recyclable,,Weekend Discount,Supermarket,5.3Ms,2.226 Millions,1508,227.8,153.1,614.002,mage,RJ,-22.610756596789887,-43.15974082935956,rio de janeiro,RJ ,-22.86881073397188,-43.2496625858511,4.0
mc_ID_4976,"Married Male with three children, education: high school degree working as manual",30 Thousand,"Bread from Baked Goods department, Ordered Brand : Sphinx",517.87 oz,measure: 10.3205,recyclable,"['Bar For Salad', 'Ready Food']",Two for One,Supermarket,5.85 Millions,1.9305 Millions,2265.9,,,555.426,Joao Monlevade, MG ,-19.80133199743112,-43.17722186400949,atibaia,SP,-23.112774381969185,amount: -46.5488845105504,5.0
mc_ID_4977,"Married Female with two children, education: high school degree working as manual",30K+,"Drinks from Beverages department, Ordered Brand : Washington",10.7857,6.4249,non recyclable,,Money Savers,Supermarket,2.96 Millions,1.1544 Millions,,227.8,151.9,277.2423,sao paulo, SP,val: -23.56314574493621,-46.64661879892085,curitiba,PR,-25.46921399278664,-49.29393514695028,4.0
mc_ID_4978,"Married Male with two children, education: high school degree working as skilled manual",$30K+,"Bread from Baked Goods department, Ordered Brand : Modell",22.5307,19.6235,recyclable,"['Video Store', 'Coffee Bar', 'Ready Food', 'Bar For Salad', 'Florist']",Big Time Saving,Deluxe,"11.79 ,000,000illions",5.1876 Millions,1871.16,593.93,395.95,676.6574,Osasco,5P,measure: -23.5168573377747,-46.770197196975495,"vicen7e de carvalho
",	$P,amount: -23.939318620030072,-46.30539278864907,4.0
mc_ID_4979,"Single Male with two children, education: partial high school working as manual",10K+,"Dairy from Dairy department, Ordered Brand : Carlson",17.2978,15.6988,recyclable,"['Video Store', 'Coffee Bar', 'Florist', 'Bar For Salad', 'Ready Food']",Big Time Discounts,,8.28 Millions,2.9808 Millions,1734.5,503.07,335.38,measure: 583.1973, nova lima,MG,data: -19.984916225972547,-43.94683283226102,dUqUA De cAXIAs,?,-22.78581289392769,data: -43.30804347053546,5.0
mc_ID_4980,Married Female with three children - education: partial high school working as skilled manual,$10K+,"Dairy from Dairy department, Ordered Brand : Gorilla",19.4781,-14.972,recyclable,"['Florist', 'Coffee Bar']",Super Duper Savers,	Mid-Size,4.41 Millions,1.3671 Millions,2551.4,389.54,259.66,458.9848,guanhaes,MG,-18.78496774943796,val: -42.944086961896645,sao jose dos campos,"SP
",val: -23.221587583126546,-45.90665169219235,2.0
mc_ID_4981,"Single Male with five children, education: partial high school working as manual, Single Male with five children",30K+,"Vegetables from Produce department, Ordered Brand : High Top",18.3153,13.9545,recyclable,['Coffee Bar'],Double Your Savings,Small Grocery,$5.74 Millions,1.7794 Millions,,332.83,219.24,638.8968,t3resina,pi,-5.074014879786864,-42.748456158652445,betim,mg,-19.95866259017359,-44.19878943272789,4.0
mc_ID_4983,"Single Female with three children, education: partial college working as clerical",30K+,"Canned Soup from Canned Foods department, Ordered Brand : Better",12.6899,9.7681,recyclable,"['Bar For Salad', 'Ready Food']",You Save Days,Supermarket,14.96Ms,6.732 Millions,2263.4,853.22,569.86,268.1421,SAO PAULO,SP,-23.604979934502826,-46.66715978559067, ITAPECERICA DA SERRA,SP,-23.72033746105922,amount: -46.85362208015704,5.0
mc_ID_4984,"sINGLE fEMALE WITH TWO CHILDREN, EDUCATION: hIGH sCHOOL DEGREE WORKING AS PROFESSIONAL",90K+,"Eggs from Eggs department, Ordered Brand : Jumbo",31.543,28.6358,non recyclable,,Saving Days,Supermark3t,2.84 Millions,1.0224 Millions,1506.18,227.8,151.47,619.0228,Sao Paulo,SP,-23.54644456287144,-46.60552943574358,sao paulo,	SP,-23.53056214071786,-46.50599515084539,4.0
mc_ID_4985,"Single Male with one child, education: bachelors degree working as professional",70K+,"Vegetables from Produce department, Ordered Brand : Ebony",10.8729,val: 6.5121,non recyclable,['Coffee Bar'],Shelf Clearing Days,Supermarket,€3.8M,1.6796 Millions,1236.07,440.92,,521.7971,Campinas,sp,amount: -22.918827604766623,measure: -47.09396924257028,5ao bernardo do campo, sp ,-23.71933860892157,data: -46.5517479343586,5.0
mc_ID_4986,"Married Male with three children, education: partial high school working as manual",10K+,"Eggs from Eggs department, Ordered Brand : Blue Medal",21.3678,18.3153,non recyclable,,Sales Days,Supermarket ,5.6 Millions,2.632 Millions,,457.36,304.91,610.5502, sao paulo ,sp,-23.52695919677997,-46.54378199180569,maua,5P,amount: -23.656676689970634,-46.44420755410021,val: 5.0
mc_ID_4987,"Single Male with one child, education: partial college working as clerical",30K+,"Hot Beverages from Beverages department, Ordered Brand : BBB Best",22.0946,19.0421,recyclable,"['Ready Food', 'Florist', 'Coffee Bar', 'Video Store', 'Bar For Salad']",Money Savers,Deluxe,5.14 Millions,1.6448 Millions,1525.28,,248.79,560.656,sao paulo,SP,-23.788251,-46.76573024999998,capivari,Sp,amount: -23.0122137105142,-47.52203973160603,4.0
mc_ID_4988,"Married Male with four children, education: graduate degree working as management",130K+,"Vegetables from Produce department, Ordered Brand : Tell Tale",21.0771,18.1699,non recyclable,"['Ready Food', 'Bar For Salad']",Sales Days,Supermarke7,6.57 Millions,2.2338 Millions,2265.9,853.22,566.79,327.9733,sao paulo,SP,-23.58705433389114,data: -46.64555835443469,maringa,PR,-23.41848622413047,-51.92625934548862,5.0
mc_ID_4989,"Single Male with one child, education: bachelors degree working as management",50K+,"Hardware from Checkout department, Ordered Brand : Queen",12.5154,8.1401,recyclable,"['Ready Food', 'Bar For Salad']",Money Savers,Supermarket,€2.3M,0.801 Millions,2265.9,853.22,568.75,432.0503,FLORIANOPOLIS,_SC,-27.712310029141904,-48.50495403234456,videira ,Sc,-27.00086872288371,-51.14532022116548,5.0
mc_ID_4992,"Married Female with five children, education: graduate degree working as management",70K+ annually,"Bathroom Products from Health and Hygiene department, Ordered Brand : Steady",17.4431,14.5359,recyclable,"['Video Store', 'Bar For Salad', 'Coffee Bar', 'Ready Food', 'Florist']",Price Destroyers,Deluxe,$6.04 Millions,2.3556 Millions,2038.11,481.98,321.26,777.2826,pouso alegre,MG,-22.23423662262365,-45.935242048994425,SORoCABA, SP ,-23.49636707533955,-47.43890030979464,20%
mc_ID_4993,"Married Female with one child, education: Bachelors degree working as professional",€25K+,"Eggs from Eggs department, Ordered Brand : Giant",17.7338,14.6813,non recyclable,['Florist'],Save Price,sUpeRMArKeT,"9.04 ,000,000illions",2.8024 Millions,1320.15,523.32,348.85,670.486,ribeirao preto,Sp,-21.1894024299152,-47.79295570344507,penapolis,SP,-21.426570046543283,-50.06791761043272,5.0
mc_ID_4994,"Single Female with two children, education: partial college working as professional",30000,"Candy from Snacks department, Ordered Brand : Musial",21.2225,-18.3153,non recyclable,"['Ready Food', 'Coffee Bar', 'Florist', 'Bar For Salad', 'Video Store']",,Gourmet,€7.4M,2.8908 Millions,1424.85,465.54,308.39,val: 281.4786,NOVA IGUACU,RJ,-22.75888594494502,-43.43567173236048,barueri,SP,-23.491791912543025,-46.94733309700014,5.0
mc_ID_4995,"Single Male with No children, education: bachelors degree working as professional",70K+,"Vegetables from Frozen Foods department, Ordered Brand : Imagine",val: 25.7286,amount: 22.8214,recyclable,"['Florist', 'Bar For Salad', 'Coffee Bar', 'Video Store', 'Ready Food']",Money Savers,delUXe,€5.8M,2.4768 Millions,1525.28,373.1,248.79,560.656,sao paulo,SP,-23.55001132944774,-46.64818240521669,SANTO ANDRE/SAO PAULO,sp,val: -23.61571809769749,-46.53118432278263,5.0
mc_ID_4996,"Single Female with three children, education: batchelors degree working as professional",50K+,"Meat from Deli department, Ordered Brand : American",10.6403,7.7331,recyclable,,Price Winners,,2.36 Millions,0.826 Millions,1623.48,,228,543.397,vinhedo,5P,val: -23.03533971746776,amount: -46.97157885039535,ferraz de vasconcelos,SP,-23.53524072482072,-46.36167384107207,4.0
mc_ID_4997,"Married Female with four children, education: bachelors degree working as management",70K+,"Hardware from Household department, Ordered Brand : Sunset",25.1472,22.0946,non recyclable,"['Florist', 'Ready Food', 'Coffee Bar', 'Bar For Salad']",Shelf Emptiers,Gourmet,5.16 Millions,1.548 Millions,1564.86,385.45,255.66,773.0986,sao paulo,SP,-23.567334496249085,-46.541533363725534,limeira,SP,-22.56835042131686,-47.44743947974489,5.0
mc_ID_4998,"Married Female with three children, education: partial high school working as skilled manual",€8K+,"Jams and Jellies from Baking Goods department, Ordered Brand : CDR",11.1927,6.8174,non recyclable,"['Video Store', 'Coffee Bar', 'Ready Food', 'Bar For Salad', 'Florist']",One Day Sale,,5.43 Millions,2.0091 Millions,,465.54,,val: 449.1524,GOiANia,GO,measure: -16.624162585241084,val: -49.249752218220095,jacarei,SP,data: -23.29818595956356,-45.974828011182304,5.0
mc_ID_4999,"Marriied Male with one child, education: partial High School working as manual",10K+,"Magazines from Periodicals department, Ordered Brand : Gauss",22.676,19.7689,non recyclable,"['Bar For Salad', 'Ready Food']",Super Duper Savers,,10.83 Millions,3.3573 Millions,2265.9,853.22,569.95,677.285,duque de caxias,RJ,-22.74908369187804,-43.30562478541481,"guariba
",Sp,measure: -21.36235769739203,-48.232975701561735,measure: 5.0
mc_ID_5000,"Single Male with two children, education: high school degree working as skilled manual",600+ monthly,"Electrical from Household department, Ordered Brand : High Quality",30.9615,27.909,non recyclable,"['Ready Food', 'Coffee Bar', 'Video Store', 'Florist', 'Bar For Salad']",,Deluxe,6.63 Millions,2.9835 Millions,1732.1,505.07,335.38,419.9167,vargem grande paulista,SP,-23.659233203083232,-46.99692810611056,sao paulo,SP,-23.554079433810344,-46.53324185942636,5.0
mc_ID_5002,"Married Female with one child, education: partial high school working as skilled manual",10K+,"Dairy from Dairy department, Ordered Brand : Even Better",27.0368,24.1296,non recyclable,,Price Slashers,Supermarket,"5.18 ,000,000illions",2.1238 Millions,1509.58,,,351.456,makae,RJ,-22.386531261817662,-41.78916,_curitiba,PR,-25.464029318048183,-49.30472794690424,5.0
mc_ID_5005,"Married Female with No children, education: partial high school working as skilled manual",10K+,"Breakfast Foods from Frozen Foods department, Ordered Brand : Golden",30.9615,26.4554,non recyclable,,Price Destroyers,Mid-Size,8.1 Millions,3.483 Millions,2819.24,447.7,298.5,777.2826,porto alegre,RS,-30.03215040714993,-51.2325516998384,sao paulo,SP,-23.48029674271453,-46.71122495337295,4.0
mc_ID_5006,"Single Female with two children, education: bachelor'ss degree working as management",50K+,"Vegetables from Frozen Foods department, Ordered Brand : Imagine",-25.5832,21.2225,recyclable,"['Ready Food', 'Video Store', 'Coffee Bar', 'Florist', 'Bar For Salad']",You Save Days,,€1.3M,0.5355 Millions,1424.85,,311.01,val: 689.3663,campinas,sp,-22.943830511384977,-47.11233196480047,itatiba,SP,-23.005474434298936,-46.84112811740003,5.0
mc_ID_5007,"Married Female with No children, education: partial high school working as skilled manual",€8K+,"Pain Relievers from Health and Hygiene department, Ordered Brand : Steady",17.1524,14.2452,recyclable,['Florist'],,Supermarket,11.32 Millions,3.7356 Millions,,523.32,348.85,689.3663, goienia ,gO,-16.688763899055633,data: -49.31156248449904,rio de janeiro,RJ,-22.87459850346245,amount: -43.477731000000006,5.0
mc_ID_5008,"MaRrIeD FeMaLe wItH ThReE ChIlDrEn, EdUcAtIoN: bAcHeLoRs dEgReE WoRkInG As pRoFeSsIoNaL",70K+,"Fruit from Produce department, Ordered Brand : Hermanos",27.7636,24.8564,recyclable,"['Florist', 'Bar For Salad', 'Video Store', 'Coffee Bar', 'Ready Food']",Shelf Emptiers,GUURMET,4.29Ms,1.3299 Millions,1424.36,465.54,310.3,564.2647,rio da janeiro,RJ,-22.92931946221692,-43.23596118471042,tres rios,RJ,val: -22.114931849301893,measure: -43.20418377871129,4.0
mc_ID_5009,"Married_Male_with_one_child,_education:_graduate_degree_working_as_professional",70K+,"Jams and Jellies from Baking Goods department, Ordered Brand : BBB Best",19.1874,14.6813,non recyclable,['Florist'],Sale Sale Sale,Supermarket,10.36Ms,3.9368 Millions,1320.15,523.32,348.85,304.1768,concordia,5C,-27.24221860856959,measure: -51.95274523612796,Ibitinga,sp,-21.7664768468313,-48.83154737836604,4.0
mc_ID_5010,"Married Male with four children, education: high school degree working as skilled manual",30K+,"Fruit from Canned Products department, Ordered Brand : Toucan",amount: 24.4204,22.8214,non recyclable,"['Coffee Bar', 'Video Store', 'Florist', 'Ready Food', 'Bar For Salad']",One Day Sale,Gourmet_,4.14 Millions,1.7802 Millions,1424.85,465.54,310.3,449.1524,rec1fe,PE,-8.049289725229384,-34.901552849847064,neOPOlis,SE,-10.32111888729693,-36.5783575701788,5.0
mc_ID_5011,"Single Male with one child, education: partial high school working as skilled manual",10K+,"Cleaning Supplies from Household department, Ordered Brand : Red Wing",22.0946,amount: 19.0421,non recyclable,"['Ready Food', 'Bar For Salad']",Price Slashers,supERmARkET,€5.0M,2.301 Millions,2265.9,,568.75,450.8783,rio clar0,SP,-22.392256145058425,-47.55944968375016, SAO PAULO ,SP,-23.59798552039933,-46.55547278711988,5.0
mc_ID_5012,"Married Male with two children, education: bachelors degree working as professional",70K+,"Bathroom Products from Health and Hygiene department, Ordered Brand : Hilltop",data: 27.0368,24.1296,recyclable,,Super Duper Savers,,"7.1 ,000,000illions",2.627 Millions,2049.72,457.36,304.91,527.7593,rio de janeiro,RJ,-22.90481260283338,-43.17623582445608,legoa da prata,MG,-20.022568491315106,-45.54469897672237,1.0
mc_ID_5014,"single female with two children, education: high school degree working as professional",130K+,"Dairy from Dairy department, Ordered Brand : Carlson",17.7338,13.3585,recyclable,['Coffee Bar'],Super Duper Savers,Small Grocery,"1.8 ,000,000illions",0.846 Millions,2069.04,,219.46,650.089,ESPIRiTo SANTo DO PiNHAL,SP,data: -22.18081673466526,-46.75045932004407,Pedreira,SP,-22.73824150585765,-46.8958585777586,data: 4.0
mc_ID_5016,Married Female with No children; education: partial high school working as manual,Income: 10K+,"Eggs from Eggs department, Ordered Brand : Urban",13.3876,10.48 kg,non recyclable,['Coffee Bar'],Best Price Savers,,€3.3M,1.6899 Millions,1236.07,440.92,293.95,amount: 720.5371,santa gertrudes,SP,-22.457455770483627,measure: -47.53936224061793,	$ao paulo,$P,-23.65281620260835,-46.59941026824976,5.0
mc_ID_5017,Married Male with three children - education: high school degree working as manual,30K+,"Vegetables from Produce department, Ordered Brand : Hermanos",19.9142,15.4081,non recyclable,"['Video Store', 'Coffee Bar', 'Ready Food', 'Florist', 'Bar For Salad']",Price Slashers,DEluxe,8.52 Millions,3.4932 Millions,1525.28,373.1,248.79,403.9652,belo horizonte,MG,-19.907108245080448,-43.91966546502971,ca$cavel,PR,-24.966371460470743,-53.46488320191585,5.0
mc_ID_5018,"Single Male with No children, education: bachelors degree working as professional",600+ monthly,"Bathroom Products from Health and Hygiene department, Ordered Brand : Steady",16.4256,13.5184,non recyclable,,Big Time Discounts,Supermarket,4.7 Millions,1.504 Millions,,227.8,151.9,data: 574.9339,sao paulo ,SP,-23.54516769470249,-46.63224867958328,sanTO ANDRE ,SP,-23.70007597807146,-46.512702481822366,5.0
mc_ID_5019,"Married Female with five children, education: bachelors degree working as professional",130K+ annually,"Dairy from Dairy department, Ordered Brand : Booker",31.3976,-27.0368,recyclable,['Florist'],,,8.3 Millions,3.569 Millions,###,523.32,348.85,427.7617,belo horizonte,MG,-19.8530362758958,-43.95277064446877,porto alegre,R$,-30.01980485899368,amount: -51.178789843470426,val: 4.0
mc_ID_5020,"Married Female with four children, education: bachelors degree working as management",Income: 70K+,"Baking Goods from Baking Goods department, Ordered Brand : Super",15.8442,11.4688,non recyclable,"['Coffee Bar', 'Florist', 'Video Store', 'Ready Food', 'Bar For Salad']",,_Deluxe,2.64 Millions,1.1088 Millions,,,321.26,measure: 416.2557,andr3landia,MG,-21.74191823788704,-44.31411985816899,sao 	paulo,Sp,data: -23.56168119891244,-46.50627110555333,5.0
mc_ID_5021,"Married Female with No children, education: high school degree working as skilled manual",30K+,"Starchy Foods from Starchy Foods department, Ordered Brand : Monarch",-18.8967,data: 14.5359,non recyclable,,Weekend Discount,Supermarket,7.8 Millions,2.964 Millions,1508.35,227.8,150.05,amount: 614.002,ponta grossa,PR,val: -25.051799136562924,-50.22484756287143,sAo pAulo,Sp,-23.611654194010004,-46.63258761587511,
mc_ID_5024,"Married Male with No children, education: bachelors degree working as professional",50K+,"Cold Remedies from Health and Hygiene department, Ordered Brand : Faux Products",13.7946,10.8729,recyclable,"['Ready Food', 'Florist', 'Video Store', 'Coffee Bar', 'Bar For Salad']",Lottery Cash Registerion,deluxe,6.2Ms,3.1 Millions,1734.5,503.07,337.25,measure: 313.0678,curitiba,PR,-25.44954288613569,-49.21144025667293,sao paulo,Sp,-23.693985995008337,-46.70188324132953,5.0/5.0
mc_ID_5025,"Single Female with two children,education: graduate degree working as management",130 Thousand,"Vegetables from Produce department, Ordered Brand : Tell Tale",13.1114,8.7506,recyclable,"['Ready Food', 'Coffee Bar', 'Florist', 'Bar For Salad', 'Video Store']",Save It (Sale),,$7.72 Millions,3.088 Millions,,373.1,248.79,393.4006,	rio de janeiro,Rj,-22.98474248211083,-43.19586486663974,sao paulo, SP,-23.571257720785987,-46.69633123175024,5.0
mc_ID_5026,"Married Female with one child, education: partial college working as management",30K+,"Snack Foods from Snack Foods department, Ordered Brand : Fort West",15.9895,14.5359,recyclable,"['Ready Food', 'Coffee Bar', 'Video Store', 'Bar For Salad', 'Florist']",Promo Big,D3luxe,"8.52 ,000,000illions",3.6636 Millions,1871.16,593.93,397.83,578.2288,sao paulo,SP,measure: -23.56707530835592,-46.48746431848346,	PORTO ALEGRE,RS,-30.03215040714993,-51.2325516998384,amount: 5.0
mc_ID_5027,"Single Male with three children, education: partial high school working as manual",10000,"Bathroom Products from Health and Hygiene department, Ordered Brand : Faux Products",-29.2172,27.7636,non recyclable,,Save Price,Suparmarket,6.84 Millions,3.2148 Millions,,227.8,151.52,325.6721,belo horizonte,MG,-19.891079580904844,-43.99423022788376,santo andre,SP,?,-46.53954225000001,5.0
mc_ID_5028,"Married Female with one child, education: partial college working as management",50K+,"Hardware from Household department, Ordered Brand : Denny",val: 14.5359,11.6287,recyclable,"['Ready Food', 'Bar For Salad']",,,6.08 Millions,2.3104 Millions,2267.97,853.22,568.75,677.285,GUARULHOS,	SP,-23.45088569608748,-46.54498377407813,saO PaULO,SP,-23.612709195394977,-46.75626773244273,4.0
mc_ID_5029,"Single_Female_with_four_children,education:_high_school_degree_working_as_skilled_manual",30K+,"Frozen Entrees from Frozen Foods department, Ordered Brand : Golden",13.7074,amount: 9.3466,non recyclable,"['Video Store', 'Coffee Bar', 'Florist', 'Bar For Salad', 'Ready Food']",Shelf Clearing Days,Gourmet,$3.66 Millions,1.647 Millions,1422.66,465.54,310.3,533.2508,atibeia_,SP,-23.14090781947796,-46.555005087723465,campo largo,PR,-25.446647385196982,-49.55563586004068,5.0
mc_ID_5030,"Married Female with two children, education: partial high school working as manual",Income: 10K+,"Meat from Deli department, Ordered Brand : Cutting Edge",18.1699,13.8091,recyclable,['Florist'],Budget Bargains, Supermarket ,9.1 Millions,3.731 Millions,1320.15,523.32,349.95,738.7898,Joinville,$c,nil,measure: -48.84862528282071,sao jose dos campo$,SP,-23.20178111878932,-45.89567007799064,4.0
mc_ID_5031,"Marrie Female with five childran, education: high school degree working as professional",70K+,"Vegetables from Produce department, Ordered Brand : Tell Tale",10.8002,7.8785,recyclable,"['Coffee Bar', 'Bar For Salad', 'Florist', 'Ready Food', 'Video Store']",Sale : Double Down,Deluxe,$7.92 Millions,2.772 Millions,1525.28,373.1,248.79,746.3733,BLUMEN4u,Sc,val: -26.91225753204585,-49.11088518056733,guariba,SP,-21.36235769739203,-48.232975701561735,4.0
mc_ID_5032,"Married Male with four children, education: high school degree working as professional",Income: 150K+,"Paper Products from Household department, Ordered Brand : Red Wing",data: 27.4729,25.874,non recyclable,"['Florist', 'Bar For Salad', 'Video Store', 'Ready Food', 'Coffee Bar']",Price Slashers,,10.11 Millions,4.2462 Millions,1525.28,373.1,248.79,amount: 403.9652,mairinque,	Sp,-23.532772472991248,amount: -47.16937115902071,OsASc0,"SP
",-23.552456794881493,-46.78012559033992,5.0
mc_ID_5033,"Single Female with five children, education: bachelors degree working as professional",70K+,"Canned Anchovies from Canned Foods department, Ordered Brand : Blue Label",12.0212,9.114,non recyclable,"['Bar For Salad', 'Coffee Bar', 'Ready Food', 'Florist']",Discount Frenzy,Deluxe,€3.5M,1.9992 Millions,2057.14,654.13,436.09,779.6884,Rio De Janeiro,RJ,-22.936378144309987,-43.32533727849932,"curitiba
",PR,-25.44145496502972,-49.31273063488947,amount: 5.0
mc_ID_5038,"Married Male with No kids, education: high school degree working as skilled manual",10K+,"Vegetables from Canned Foods department, Ordered Brand : Blue Label",40.38 lbs,543.51 oz,recyclable,"['Bar For Salad', 'Ready Food', 'Video Store', 'Florist', 'Coffee Bar']",,Deluxe,8.01 Millions,3.1239 Millions,1734.5,503.07,335.38,313.0678,diadema,SP,-23.687830870996216,-46.61065511474994,sao paulo,SP,-23.63029446211553,-46.62350029239998,5.0
mc_ID_5039,"Single Male with three children, education: bachelors degree working as professional",$50K+,"Snack Foods from Snack Foods department, Ordered Brand : Best Choice",data: 27.0368,24.1296,recyclable,,Go For It,SUPERMARKET,7.38 Millions,2.8044 Millions,1508,227.8,152.4,623.939,itajuba,Mg,val: -22.43106190186255,data: -45.45559685991584, brusque ,5C,-27.14105704919435,-48.96146112936535,4.0
mc_ID_5040,"Single Male with one child, education: high school degree working as manual",30K+,"Canned Oysters from Canned Foods department, Ordered Brand : Blue Label",26.4554,23.5482,non recyclable,['Coffee Bar'],Weekend Discount,Supermarket,6.63 Millions,2.8509 Millions,1236.07,440.92,294.46,364.1649,vila velha,es,-20.37616120906966,-40.30529402401848,JAU,SP,-22.27568678711987,-48.542599749927895,4.0
mc_ID_5043,"Married  Male  with  No  children,  education:  partial  high  school  working  as  skilled  manual",10K+,"Paper Products from Household department, Ordered Brand : Sunset",val: 13.7074,amount: 10.8002,non recyclable,,,MLD-SIZE,5.18 Millions,2.4346 Millions,2086.96,783.64,522.49,778.5901,RiO DE JaneIro,RJ,-22.849190234260405,-43.39661390132156,PIRACIC4BA,SP,-22.71683928585045,-47.65736585405934,4.0
mc_ID_5046,"Married Male with five children, education: high school degree working as skilled manual, education: high school degree working as skilled manual.",30K+,"Carbonated Beverages from Beverages department, Ordered Brand : Washington",22.9668,20.0596,non recyclable,['Florist'],Two for One,SUPERMARKET,4.6 Millions,2.162 Millions,1320.15,523.32,,360.7131,sao paulo,sP,-23.60210458728148,amount: -46.60860664946042,sao paulo,SP,data: -23.58452319555432,-46.51460627909786,data: 5.0
mc_ID_5048,"Married Female with No children, education: bachelors degree working as professional",50K+,"Hygiene from Health and Hygiene department, Ordered Brand : Faux Products",13.4312,10.5095,non recyclable,,Roller Savings (High) ,$UPeRmarkEt,8.25 Millions,3.3 Millions,1505.69,227.8,151.08,data: 379.7503,salvador,BA,-13.00486273633788,-38.46539390896759,marilia_,SP,-22.210461027738702,-49.93571261075899,1.0
mc_ID_5049,"Single Female with four children, education: partial high school working as skilled manual",10K+,"Decongestants from Health and Hygiene department, Ordered Brand : Consolidated",18.606,15.6988,recyclable,['Coffee Bar'],Best Price Savers,Small Grocery,€2.3M,1.2549 Millions,2069.04,330.83,220.55,545.489,sao paulo,Sp,-23.485809164031377,-46.68889056841136,fortaleza,CE,-3.719036598389977,-38.5987085306711,5.0
mc_ID_5052,"Single Male with two children, education: high school degree working as management",1320+ monthly,"Jams and Jellies from Baking Goods department, Ordered Brand : Plato",17.4431,13082.30 grams,recyclable,"['Ready Food', 'Bar For Salad']",Price Destroyers,Supermarket,4.9Ms,1.519 Millions,2265.9,853.22,,601.7115,sao paul0,SP,-23.48494880428892,val: -46.46811804567771,ibitinga,	$P,-21.7664768468313,-48.83154737836604,5.0
mc_ID_5054,"Married Female wiht one child, education: bachelors degree working as management",70K+,"Breakfast Foods from Frozen Foods department, Ordered Brand : Golden",-14.8266,11.9049,non recyclable,,I Cant Believe It Sale,MID-SIZE,2.31Ms,0.7854 Millions,2819.7,447.7,298.5,693.498,pEiOtaS,RS,-31.76150556174625,data: -52.23305115889549,IBITINGA,SP,val: -21.7664768468313,-48.83154737836604,5.0
mc_ID_5055,"Single Male with four children, education: graduate degree working as professional",150K+,"Dairy from Dairy department, Ordered Brand : Carlson",14.2016,-12.748,non recyclable,"['Coffee Bar', 'Florist']",Savings Galore,Mid-Size,9.0Ms,3.06 Millions,2551.4,389.54,259,680.2138,PASSO FUNDO,RS,-28.246010663976687,-52.38356841481704,sao paul0,Sp,-23.54516769470249,-46.63224867958328,2.0
mc_ID_5056,"Single Female with No children, education: high school degree working as manual",30K+,"Pizza from Frozen Foods department, Ordered Brand : Golden",27.6183,24.7111,recyclable,['Coffee Bar'],,Small Grocery,"3.56 ,000,000illions",1.6732 Millions,,330.83,220.55,406.371,itapiranga,Sc,-27.17425165077444,-53.713752423076215,castro,PR,-24.79611036875941,-49.99949570990931,80%
mc_ID_5057,"Married Female with two children, education: bachelors degree working as professional",50000,"Frozen Desserts from Frozen Foods department, Ordered Brand : Big Time",29.944,28.4904,recyclable,"['Ready Food', 'Florist', 'Coffee Bar', 'Bar For Salad', 'Video Store']",Super Duper Savers,Deluxe,6.81 Millions,2.8602 Millions,1526.35,373.1,248.79,318.3501,praia grande,SP,-24.021924726066107,data: -46.48668950083671,jacarei,sp,-23.29818595956356,-45.974828011182304,5.0
mc_ID_5059,"Married Male with two children, education: high school degree working as manual",30K or more,"Dairy from Dairy department, Ordered Brand : Carlson",15.6988,data: 14.2452,non recyclable,"['Bar For Salad', 'Ready Food']",Super Savers,Supermarket,7.94 Millions,2.5408 Millions,2447.68,470.27,313.55,754.7413,pindamonhangaba,SP,-22.93319577282492,val: -45.47821099432626,sant0 andre,SP,-23.70007597807146,-46.512702481822366,5.0
mc_ID_5060,"Single Female with five children, education: bachelors degree working as management",840+ monthly,"Electrical from Household department, Ordered Brand : Red Wing",28.1997,25.1472,recyclable,"['Bar For Salad', 'Ready Food', 'Florist', 'Coffee Bar', 'Video Store']",Shelf Emptiers,Gourmet,"14.4 ,000,000illions",5.616 Millions,1424.85,465.54,311.37,564.2647,vicosa,MG,-20.721937677884224,-42.86601159708953,Teresopolis,rj,-22.428725888669057,-42.97556752642736,5.0
mc_ID_5062,"Married Female with two children, education: partial high school working as manual",10K+,"Meat from Meat department, Ordered Brand : Ship Shape",19.4781,16.4256,recyclable,"['Bar For Salad', 'Florist', 'Video Store', 'Ready Food', 'Coffee Bar']",Go For It,deluxe,11.88Ms,4.8708 Millions,2038.11,481.98,322.29,455.3761,RIO D3 JANEIRO,Rj,-22.83856124617697,-43.31099237344907,guariba,SP,-21.36235769739203,-48.232975701561735,5.0
mc_ID_5063,"Single Male with three children, education: high school degree working as manual",50K+,"Fruit from Produce department, Ordered Brand : Ebony",10.5822,9.1286,recyclable,,Budget Bargains, Supermarke7 ,13.72 Millions,5.3508 Millions,1624.86,341.05,227.33,623.7298,nova iguacu,rj,-22.726601738876976,-43.4605477493018,sao paulo,SP,-23.65111484251016,-46.75521082321932,5.0
mc_ID_5064,Single Female with three children; education: bachelors degree working as management,50K or more,"Paper Products from Household department, Ordered Brand : Red Wing",23.4028,19.0421,non recyclable,"['Ready Food', 'Coffee Bar', 'Florist', 'Bar For Salad']",Weekend Discount,Gourmet,$8.16 Millions,2.5296 Millions,1562.59,385.45,258.26,470.177,gravatai,rS,-29.94434666833055,-50.97062188813559,sao jose do rio preto,SP,-20.80243626346376,val: -49.39562406741489,amount: 5.0
mc_ID_5065,"Single Female with No kids, education: bachelors degree working as management",50K+,"Breakfast Foods from Frozen Foods department, Ordered Brand : Imagine",12.2247,10.7566,recyclable,['Coffee Bar'],Weekend Discount, Supermarket,3.26 Millions,1.3692 Millions,1236.07,440.92,295.12,364.1649,	curitiba,PR,-25.43328294393789,-49.28042347446478,queimados,RJ,-22.75207045168108,-43.57632171567059,5.0
mc_ID_5067,"Single Female with five children, education: partial college working as management",$150K+,"Dairy from Dairy department, Ordered Brand : Gorilla",28.1997,26.6008,recyclable,"['Bar For Salad', 'Florist', 'Coffee Bar', 'Ready Food', 'Video Store']",Price Slashers,,7.2 Millions,2.664 Millions,1528,373.1,248.79,403.9652,cAMPInAS,sP,measure: -22.968689563239053,-47.0735568816794,belo horizonte,MG,-19.91624655709342,-43.93623364096637,5.0
mc_ID_5068,"Married Male with one child, education: partial high school working as manual",10K+,"Vegetables from Frozen Foods department, Ordered Brand : PigTail",11.2944,18.46 lbs,non recyclable,,GLD,Supermerket,"4.71 ,000,000illions",2.0724 Millions,2048.52,457.36,304.91,697.7866,piracic@ba,SP,-22.75783053289281,-47.60872688259565,unknown,SP,-23.57282057729816,data: -46.52329640383172,5.0
mc_ID_5070,"Married Male with five children, education: bachelors degree working as management",50K+,"Breakfast Foods from Breakfast Foods department, Ordered Brand : Special",24.7111,23.2575,recyclable,"['Bar For Salad', 'Florist', 'Ready Food', 'Coffee Bar', 'Video Store']",,deluxe,10.96Ms,4.4936 Millions,1525.28,373.1,248.79,535.9181,_curitlba,PR,-25.51123247821568,-49.30311141618097,concordia,sC,-27.211807695727405,-52.0209908478637,amount: 5.0
mc_ID_5072,"Marriied Male with two children, education: bachelors degree working as management",50000,"Vegetables from Produce department, Ordered Brand : Hermanos",20.0596,18.606,recyclable,"['Bar For Salad', 'Ready Food']",Go For It,Supermarket,2.76 Millions,0.9384 Millions,,470.27,313.55,347.1151,pinhais,PR,-25.44450819623171,nil,_guarulhos,SP,-23.46530411469876,-46.51148732089968,val: 5.0
mc_ID_5074,"Married Female with one child, education: bachelors degree working as management",€59K+,"Snack Foods from Snack Foods department, Ordered Brand : Nationeel",data: 10.1461,8.6925,non recyclable,,Big Time Discounts,mid-size,6.66 Millions,2.997 Millions,2819.7,447.7,297.58,328.1302,Mairinque,SP,val: -23.532772472991248,-47.16937115902071,piracicaba,SP,val: -22.726257875353635,-47.63781138952056,5.0
mc_ID_5075,"Married Female with one child, education: high school degree working as skilled manual",30K+,"Beer and Wine from Alcoholic Beverages department, Ordered Brand : Good",10.0153,8.5471,non recyclable,"['Coffee Bar', 'Florist', 'Ready Food', 'Video Store', 'Bar For Salad']",,_Deluxe,3.24 Millions,1.4904 Millions,1871.16,595.93,396.39,608.772,ipiau,bE,-14.131133999999996,-39.73698674999999,Sao Pedro,SP,-22.5567717701264,-47.91123662245614,1.0
mc_ID_5076,"Married Female with two children, education: high school degree working as professional",Income: 70K+,"Dairy from Dairy department, Ordered Brand : Booker",21.5132,20.0596,recyclable,"['Florist', 'Ready Food', 'Bar For Salad', 'Coffee Bar']",Full Free,Deluxe,7.4 Millions,3.034 Millions,2055.29,654.13,436.09,amount: 570.3838,_curitiba,PR,-25.491606559524563,-49.28283748666978,sAo PaUlo,SP,-23.62358155176294,-46.61056007369148,4.0
mc_ID_5077,"Single Male wiht No children, education: high school degree working as manual",30K+,"Vegetables from Produce department, Ordered Brand : Tell Tale",21.3678,19.7689,recyclable,,,Mid-Size,5.61 Millions,2.1879 Millions,2818.51,,298.18,416.2557,TABOAO DA SERRA,SP,-23.60435412545441,-46.75198912308847,campos  dos  goytacazes,RJ,-21.753758653386228,amount: -41.33389901937112,5.0
mc_ID_5078,"Married Female with four children, education: high school degree working as professional",90K+,"Decongestants from Health and Hygiene department, Ordered Brand : Bird Call",25.1472,23.5482,recyclable,['Florist'],You Save Days,SUpeRmArKE7,€1.4M,0.7938 Millions,1320.15,523.32,348.49,689.3663,indaiatuba,5P,-23.096930888424048,-47.22158776519132,	JUNDIAI,SP,-23.211714582578274,-46.8753760355472,1.0
mc_ID_5079,"Married Male with three children, education: bachelors degree working as professional",70000,"Dairy from Dairy department, Ordered Brand : Gorilla",28.1997,26.60 kg,recyclable,['Florist'],Roller Savings (High) ,Supermarket,5.4 Millions,1.89 Millions,1320.15,525.32,350.8,532.6232,Brasilia,DF,-15.841450954140925,-48.024025688112914,sumare,SP,-22.828654864562257,-47.267296160568925,5.0
mc_ID_5080,"Married Male with four children, education: bachelor'ss degree working as management",50K+,"Snack Foods from Snack Foods department, Ordered Brand : Best Choice",27.0368,-1.0,non recyclable,['Coffee Bar'],Super Savers,SUPERMARK3T,7.32Ms,2.4156 Millions,1233.17,442.92,292.04,measure: 704.2718,ltajuba,MG,-22.421567268526,-45.45439654895746,IBITINGA,SP,-21.7664768468313,-48.83154737836604,5.0
mc_ID_5081,"Married Female with one child, education: bachelors degree working as professional",50K+,"Beer and Wine from Alcoholic Beverages department, Ordered Brand : Portsmouth",16.2802,13.3585,recyclable,"['Ready Food', 'Bar For Salad']",Save Price,	Supermarket,6.8 Millions,3.332 Millions,2448.37,470.27,313.55,406.4756,Sao Miguel Do Araguaia,GO,-13.274054291201947,-50.16394639162946,SAO LUDGERO,$C,-28.327530882623098,-49.18050954005345,3.0
mc_ID_5082,"Married Female with four children, education: partial college working as professional",Income: 30K+,"Snack Foods from Snack Foods department, Ordered Brand : Fast",25.7286,22.8214,non recyclable,"['Florist', 'Coffee Bar', 'Ready Food', 'Bar For Salad']",Two for One,	Deluxe,6.57 Millions,2.8251 Millions,2053.55,654.13,436.09,312.9109,jundiai,SP,-23.151712385018914,-46.97128780668247,belo horizonte,MG,-19.907108245080448,-43.91966546502971,4.0
mc_ID_5083,"Single Female with four children, education: bachelors degree working as professional",600+ monthly,"Plastic Products from Household department, Ordered Brand : Red Wing",23.9843,22.5307,recyclable,"['Ready Food', 'Bar For Salad', 'Florist', 'Video Store', 'Coffee Bar']",,Deluxe,13.84 Millions,6.6432 Millions,2038.64,481.98,321.26,453.9117,barra do pirai,RJ,-22.478629222892696,-43.819053801760816,baependi,MG,-21.956309999999995,-44.882378788136165,5.0
mc_ID_5084,"Maried Male with three children, education: partial high school working as skilled manual",30K+,"Plastic Products from Household department, Ordered Brand : Cormorant",22.676,19.7689,recyclable,"['Coffee Bar', 'Ready Food', 'Florist', 'Bar For Salad', 'Video Store']",,GOURMET,8.94 Millions,4.3806 Millions,1424.85,465.54,308.73,449.1524,curitiba,Pr,-25.432110597005,-49.25976793963871,jo1nville,sç,-26.330548143460163,-48.88090174304856,4.0
mc_ID_5086,"Single Female with four children, education: bachelors degree working as professional",70K+,"Bread from Baked Goods department, Ordered Brand : Modell",21.3678,-18.3153,non recyclable,['Florist'],You Save Days,Supermarket,10.38 Millions,4.152 Millions,1320.15,523.32,347.57,689.3663,ituverava,SP,-20.317321012349943,-47.78078066138952,ibitINga,5P,amount: -21.7664768468313,-48.83154737836604,2.0
mc_ID_5088,"Married Female with four children, education: partial high school working as manual",10K+,"Baking Goods from Baking Goods department, Ordered Brand : Landslide",21.9493,19.0421,recyclable,['Coffee Bar'],Dimes Off,supeRmARkeT,3.28 Millions,1.0824 Millions,1237.43,440.92,293.95,688.1634,sao paulo,5P,-23.536707055513848,-46.72863616097295,itaquaquecetuba,SP,-23.48262344063541,-46.37448952833195,3.0
mc_ID_5090,"Single Female with one kid, education: bachelors degree working as professional",70K+,"Hygiene from Health and Hygiene department, Ordered Brand : Consolidated",16.8617,13.9545,recyclable,"['Bar For Salad', 'Ready Food', 'Coffee Bar', 'Florist']",Super Savers,DeLUxe,2.56 Millions,1.024 Millions,2055.29,654.13,436.09,373.9973,monte azul paulista,SP,-20.90967045175292,-48.63424472737879,ibITiNga,SP,-21.7664768468313,data: -48.83154737836604,5.0
mc_ID_5091,"Married Female with four children, education: high school degree working as professional",70K+,"Electrical from Household department, Ordered Brand : Cormorant",26.1647,23.2575,non recyclable,"['Ready Food', 'Florist', 'Video Store', 'Bar For Salad', 'Coffee Bar']",Discount Frenzy,deluxe,"3.78 ,000,000illions",1.701 Millions,,595.93,395.95,326.352,Sao Paulo,SP,-23.49708599639332,-46.72484557299898,SAO PAULO,SP,-23.537511255832708,-46.63705730743676,5.0
mc_ID_5092,"Single Male with five children, education: partial high school working as skilled manual",10K+,"Electrical from Household department, Ordered Brand : High Quality",13.969,12.50 kg,recyclable,"['Video Store', 'Bar For Salad', 'Ready Food', 'Florist', 'Coffee Bar']",One Day Sale,dElUxE,1.5 Millions,0.63 Millions,2038.11,483.98,322.73,767.3456,rio de janeiro,RJ,-22.979653543164588,-43.66396836773623,curi7iba,PR,-25.46921399278664,-49.29393514695028,4.0
mc_ID_5093,"Married Female with two children, education: graduate degree working as professional",70K+,"Meat from Deli department, Ordered Brand : Moms",36.21 lbs,528.12 oz,recyclable,,Roller Savings (High) ,Supermarket,$5.96 Millions,2.9204 Millions,1508,,151.54,379.7503,paulo afonso,B@,-9.383224499999994,-38.21253525,Queimados,RJ,-22.75207045168108,-43.57632171567059,5.0
mc_ID_5094,"Single Female with one child, education: Bachelors degree working as management",90K or more,"Snack Foods from Snack Foods department, Ordered Brand : Horatio",15.2627,12.3555,non recyclable,"['Ready Food', 'Bar For Salad']",Money Savers,Supermarket,$11.34 Millions,3.402 Millions,2448.37,470.27,313.85,amount: 290.0035,pereira barreto,5P,data: -20.643342869769413,-51.109313177786085,Sao Paulo,SP,-23.539494799586286,-46.63284391414975,5.0
mc_ID_5096,"Single Female with five children, education: high school degree working as skilled manual",30K+,"Hardware from Household department, Ordered Brand : Denny",21.3678,val: 16.8617,non recyclable,,Sales Days,supermarket,9.52 Millions,4.4744 Millions,2049.72,,,£445.70,sao vicente,SP,data: -23.99037005060132,-46.47212050990094,sao paulo,Sp,-23.667843855675457,-46.66038973120199,4.0
mc_ID_5097,"SINGLE MALE WITH TWO KIDS, EDUCATION: PARTIAL HIGH SCHOOL WORKING AS MANUAL",30K+,"Snack Foods from Snack Foods department, Ordered Brand : Fort West",20.0596,18.606,recyclable,"['Ready Food', 'Coffee Bar', 'Florist', 'Video Store', 'Bar For Salad']",Sale Winners,deluxe,1.9 Millions,0.646 Millions,1871.16,595.93,395.95,519.7574, Marilia,5P,-22.181007751312865,-49.963543554532905,PILAR DO SUL,SP,-23.821237436073822,-47.71739093523898,data: 4.0
mc_ID_5098,"Married Female with two children, education: high school degree working as manual",30K+,"Dairy from Dairy department, Ordered Brand : Even Better",9.2012,6.2795,recyclable,"['Florist', 'Video Store', 'Ready Food', 'Coffee Bar', 'Bar For Salad']",Price Cutters,Deluxe,2.43 Millions,0.972 Millions,1525.28,373.1,248.79,642.0871,rio de janeiro, RJ ,measure: -22.91880981294356,val: -43.26535370468581,CaMpiNAs,SP ,-22.92991227115403,-47.07189552530681,5.0 stars
mc_ID_5100,"Married Female with three children, education: bachelors degree working as professional",70K+,"Hot Beverages from Beverages department, Ordered Brand : Landslide",19.3328,val: 14.972,non recyclable,"['Bar For Salad', 'Video Store', 'Ready Food', 'Florist', 'Coffee Bar']",Go For It,dElUXe,$11.12 Millions,4.8928 Millions,2038.11,481.98,321.26,455.3761,belo horizonte,MG,-19.881438098245752,-43.91679121149515,sao bernardo do campo,Sp,-23.71457923606073,-46.54581156219319,80%
mc_ID_5102,"Married Female with two kidren, education: bachelors degree working as management",70K+,"Beer and Wine from Alcoholic Beverages department, Ordered Brand : Walrus",28.1997,25.1472,recyclable,"['Video Store', 'Bar For Salad', 'Florist', 'Ready Food', 'Coffee Bar']",Sale Winners,deluxe,8.52 Millions,2.8116 Millions,1871.16,593.93,397.87,519.7574,iguatama,MG,-20.17293158455772,amount: -45.70282296820706,$ao paulo,SP,-23.51101260170821,-46.76163428864908,val: 5.0
mc_ID_5103,"Single Male with two children, education: graduate degree working as professional",70K+,"Baking Goods from Baking Goods department, Ordered Brand : Landslide",28.0543,23.5482,recyclable,,Big Time Discounts,Supermarket,5.6 Millions,2.296 Millions,1508.62,,151.9,574.9339,nova prata do iguacu,PR,-25.64044366516244,-53.34450735383426,crICIumA,SC,-28.68042203868061,-49.36995209892042,5.0
mc_ID_5105,"Married Male with one child, education: bachelor'ss degree working as professional",70K+ annually,"Snack Foods from Snack Foods department, Ordered Brand : Fast",12.2393,9.3321,recyclable,"['Bar For Salad', 'Ready Food']",,Supermarket,11.22 Millions,4.7124 Millions,2448.37,470.27,313.55,€489.76,praia grande,Data Missing,-29.195096326599444,-49.953653511497805,maua, SP,amount: -23.678798920064235,amount: -46.45947764149177,5.0
mc_ID_5106,"Married Male with three children, education: partial high school working as skilled manual",10 Thousand,"Fruit from Produce department, Ordered Brand : Hermanos",24.8564,21.9493,recyclable,,,mID-sIZe,€5.5M,2.9808 Millions,2085.29,783.64,522.49,577.7581,jundiai,SP,-23.179889672043977,-46.928510109318665,belo horizunte,mg,-19.840168078827364,-43.92329932223438,4.0
mc_ID_5107,"Married Male with five children, education: high school degree working as manual",Income: 30K+,"Snack Foods from Snack Foods department, Ordered Brand : Best Choice",-21.3678,18.3153,recyclable,,Price Slashers,Supermarket,1.72 Millions,0.6364 Millions,1623.48,341.05,227.33,R$1523.68,sao paulo,SP,-23.651715093143583,data: -46.787411725868246,ibitinga,SP,-21.7664768468313,-48.83154737836604,5.0
mc_ID_5112,missing,10K+,"Canned Tuna from Canned Foods department, Ordered Brand : Bravo",14.1144,-11.2072,recyclable,,Shelf Clearing Days,supermarket,11.12 Millions,3.5584 Millions,1508,227.8,151.9,399.6243,sa0 paulo,SP,-23.538638336112843,-46.40901521065842,LIMEIRA,SP,-22.541719708891844,-47.427681190013296,1.0
mc_ID_5114,"Single Female with No children, education: partial high school working as professional",130000,"Vegetables from Produce department, Ordered Brand : Ebony",10.8729,amount: 6.5121,non recyclable,"['Ready Food', 'Florist', 'Bar For Salad', 'Coffee Bar', 'Video Store']",Best Savings,,4.42 Millions,2.0774 Millions,1424.85,465.54,308.8,281.4786,belford roxo,RJ,-22.742235199560103,-43.40261101046788,curitiba,PR ,-25.43328294393789,-49.28042347446478,5.0
mc_ID_5115,"Married Female with one child, education: high school degree working as management",110K+,"Paper Products from Household department, Ordered Brand : Red Wing",19.4781,16.4256,recyclable,"['Video Store', 'Ready Food', 'Florist', 'Coffee Bar', 'Bar For Salad']",You Save Days,,5.34 Millions,1.869 Millions,1427.63,465.54,309.18,689.3663,guanambi,BA,-14.224788977578138,-42.77686614606025,ibitinge,SP,-21.7664768468313,-48.83154737836604,data: 4.0
mc_ID_5116,"Single Female with five children, education: high school degree working as manual",30K+,"Bathroom Products from Health and Hygiene department, Ordered Brand : Faux Products",28.6358,25.7286,recyclable,['Coffee Bar'],,SUPERMARKET,4.58 Millions,1.4656 Millions,1237.71,440.92,295.92,477.3944,lucas do rio verde,MT,-13.062794880243286,-55.91547787486076,brasilia,DF,-15.906466093180695,-47.77423989072256,5.0
mc_ID_5120,Married Female with five children | education: partial college working as professional,130K+,"Fruit from Produce department, Ordered Brand : Hermanos",data: 9.8699,6.9482,non recyclable,"['Coffee Bar', 'Florist', 'Bar For Salad', 'Ready Food']",Weekend Discount,,€13.4M,7.2496 Millions,,385.45,257.53,470.177,SAO PAULO,SP ,-23.56314574493621,-46.64661879892085,jacarei,SP,-23.30139631473257,measure: -45.96172658840667,5.0
mc_ID_5121,"Maried Female with one child, education: bachelors degree working as management",110k,"Candy from Snacks department, Ordered Brand : Musial",28.6358,24.275,recyclable,"['Video Store', 'Coffee Bar', 'Florist', 'Ready Food', 'Bar For Salad']",###,Deluxe,8.4 Millions,2.94 Millions,1527.52,373.1,248.45,266.73,t3ixeira de freitas,BA,amount: -17.53507500240644,-39.72855300240645,franca,SP,-20.54822779974972,-47.395897060007975,--
mc_ID_5122,"Single Male with four children, education: partial high school working as manual",10K+,"Bread from Baked Goods department, Ordered Brand : Modell",14.972,13.5184,recyclable,"['Coffee Bar', 'Bar For Salad', 'Florist', 'Video Store', 'Ready Food']",Price Slashers,Deluxe,€3.2M,1.3986 Millions,1525.28,373.1,,403.9652,sao paulo , $P,-23.537099755756262,-46.502161255756256,sao paulo,SP,amount: -23.48770416180969,-46.41534043450283,1.0
mc_ID_5123,"Married  Male  with  one  child,  education:  partial  high  school  working  as  skilled  manual",10K+,"Baking Goods from Baking Goods department, Ordered Brand : BBB Best",22.5307,-19.6235,recyclable,"['Bar For Salad', 'Coffee Bar', 'Florist', 'Video Store', 'Ready Food']",Two Day Sale,Gourmet,"3.08 ,000,000illions",1.4784 Millions,1424.85,465.54,310.3,588.4796,Itu,SP,-23.27791979536116,-47.29777730942436,ibitinga,SP,val: -21.7664768468313,-48.83154737836604,5.0
mc_ID_5124,"Married Male with No childran, education: partial high school working as manual",€8K+,"Vegetables from Frozen Foods department, Ordered Brand : PigTail",14.8266,11.9049,recyclable,"['Bar For Salad', 'Ready Food']",Save It (Sale),Supermarket_,5.08 Millions,1.7272 Millions,2265.9,853.22,568.75,339.1132,esteio,Rs,-29.84902518598416,-51.17602955525653,rio de janeiro,rj,amount: -22.93125598447676,-43.17881321481337,4.0
mc_ID_5125,"Single Male with two children, education: partial college working as management",30K+,"Meat from Meat department, Ordered Brand : Footnote",19.1874,16.1349,non recyclable,['Coffee Bar'],Two Day Sale,Supermarket,2.91 Millions,1.4259 Millions,1236.07,440.92,293.95,477.3944,TOIEDO,PR,-24.74179836041965,-53.753890429702814,CAMPO LImPo paULISTa,$P,-23.20706431353269,-46.760735214610754,5.0
mc_ID_5126,"Married Female with two children, education: bachelors degree working as management",$30K+,"Pizza from Frozen Foods department, Ordered Brand : Big Time",measure: 13.3149,10.3932,recyclable,,Price Winners,Supermarket,3.39 Millions,1.6611 Millions,2049.72,457.36,306.1,497.9483,palmas,TO_,amount: -10.227705125208283,-48.32585981465984,pirituba,SP,-23.49065997530149,-46.7284764394945,4.0
mc_ID_5127,"MaRrIeD FeMaLe wItH OnE ChIlD, eDuCaTiOn: HiGh sChOoL DeGrEe wOrKiNg aS MaNuAl",30K+,"Hot Beverages from Beverages department, Ordered Brand : CDR",16.4256,14.972,recyclable,"['Florist', 'Video Store', 'Bar For Salad', 'Ready Food', 'Coffee Bar']",Pick Your Savings,Deluxe,"7.16 ,000,000illions",2.6492 Millions,2038.11,481.98,321.26,739.4174,sao 	bernardo 	do 	campo,SP,-23.72527983484343,-46.55702673772287,RiO de janEIrO,RJ,-22.97552030068124,-43.48436102271125,measure: 5.0
mc_ID_5128,"Single Female with two children, education: partial high school working as manual",10K+,"Breakfast Foods from Frozen Foods department, Ordered Brand : Big Time",20.2049,-17.1524,non recyclable,"['Florist', 'Bar For Salad', 'Ready Food', 'Video Store', 'Coffee Bar']",Two for One,Gourmet,2.1 Millions,0.861 Millions,,465.54,310.3,360.7131,MAIRINQUE,$P,val: -23.532772472991248,amount: -47.16937115902071,itauna,Mg,-20.08212660423176,amount: -44.5732983518722,5.0
mc_ID_5129,"Married Female with No children, education: high school degree working as manual",30K or more,"Snack Foods from Snack Foods department, Ordered Brand : Horatio",17.4431,13.0823,non recyclable,,Save It (Sale),Supermarket,9.54 Millions,2.9574 Millions,2049.72,457.36,304.91,467.4051,goiANia,GO,-16.597718710862782,-49.25496277140769,Sao pAulo,5P,-23.555682314184303,-46.63309991286275,4.0
mc_ID_5130,"Single Female with No children, education: bachelors degree working as professional",50K+,"Vegetables from Produce department, Ordered Brand : Ebony",-24.5657,20.0596,non recyclable,"['Florist', 'Bar For Salad', 'Video Store', 'Ready Food', 'Coffee Bar']",,_Deluxe,8.64 Millions,4.2336 Millions,1734.11,503.07,335.38,440.1568,pouso alegre,Mg,-22.22180037123291,-45.928418933957126,SAO PAULO,sP,amount: -23.59798552039933,-46.55547278711988,Rating: 4.0
mc_ID_5131,"Single Male with one child, education: partial college working as management, education: partial college working as management",70 Thousand,"Dairy from Dairy department, Ordered Brand : Club",29.2172,-26.31,non recyclable,"['Florist', 'Ready Food', 'Bar For Salad', 'Video Store', 'Coffee Bar']",,DelUxe,2.44 Millions,1.1956 Millions,1871.16,593.93,395.95,484.1411,cataguases,"MG
",amount: -21.38907215898061,-42.69203937619066,belo horizonte,mg,-19.843708202868147,-43.95899630890419,5.0
mc_ID_5132,"Single Male with three children, education: partial high school working as professional",1560+ monthly,"Baking Goods from Baking Goods department, Ordered Brand : Plato",-14.8266,-11.9049,non recyclable,,Budget Bargains,,2.48 Millions,0.8928 Millions,2050.96,459.36,306,708.665,rio de janeiro,RJ,-22.88712561471496,-43.59933516863879,nova friburgo,rj,-22.31000521194919,-42.52023373510779,5.0
mc_ID_5134,"Single Male with five children, education: bachelors degree working as professional",-999,"Jams and Jellies from Baking Goods department, Ordered Brand : Landslide",24.275,21.3678,recyclable,"['Bar For Salad', 'Ready Food']",Price Destroyers,Supermarket,11.34 Millions,4.9896 Millions,2265.9,853.22,568.75,601.7115,sao paulo,SP,amount: -23.604786146546243,data: -46.65663831349181,sao paulo,SP ,-23.61424927422236,-46.68844105482136,measure: 4.0
mc_ID_5136,"Married Female with five children, education: partial college working as clerical",30K+,"Canned Tuna from Canned Foods department, Ordered Brand : Pleasant",12.9515,-8.5762,recyclable,"['Florist', 'Ready Food', 'Bar For Salad', 'Coffee Bar']",Full Free,deluxe,4.11 Millions,1.233 Millions,2053.64,654.13,436.09,288.5914,sao paulo,$P,data: -23.50040530515112,-46.75280303317652,sao carlos,SP,-22.016967296150906,-47.85171546211552,4.0
mc_ID_5137,"Married Male with three children, education: bachelors degree working as management",50K+,"Vegetables from Produce department, Ordered Brand : Tell Tale",-29.2172,26.31,recyclable,"['Video Store', 'Florist', 'Coffee Bar', 'Bar For Salad', 'Ready Food']",--,,9.51 Millions,4.0893 Millions,2038.11,481.98,321.26,767.3456,piraju,5P,-23.200603133077674,-49.38191047731838,kascavel,PR,val: -24.961400882504734,-53.45816618100577,1.0
mc_ID_5138,"Married Male with one child, education: partial high school working as management",$130K+,"Vegetables from Produce department, Ordered Brand : High Top",-19.4781,-16.4256,recyclable,"['Video Store', 'Coffee Bar', 'Florist', 'Ready Food', 'Bar For Salad']",Price Winners,Deluxe,5.13 Millions,2.3085 Millions,,481.98,320.77,453.9117,pirpirituba,PB,amount: -6.778855163242818,-35.49639121542699,lauro de freitas,BA,-12.895112589380958,-38.33895999999978,1.0
mc_ID_5139,"Married Male with one child, education: partial high school working as skilled manual",10K+,"Dairy from Dairy department, Ordered Brand : Club",-9.1722,4.7969,recyclable,"['Coffee Bar', 'Bar For Salad', 'Florist', 'Ready Food']",,Deluxe,€6.4M,3.6848 Millions,2057.74,654.13,438.01,267.3576,cUrITib4,pR,data: -25.59196672634119,-49.26675746465166,fortaleza,çE,-3.783814826533557,-38.57167852914191,5.0
mc_ID_5140,"Single Female with one child, education: partial high school working as manual",10K+,"Vegetables from Produce department, Ordered Brand : High Top",-19.4781,amount: 16.4256,recyclable,,,,5.13Ms,2.0007 Millions,2087.96,783.64,522.91,measure: 759.9713,sao paulo,SP,val: -23.532860441023693,-46.66790717845809,SAO PAULO,sp,amount: -23.50875908021236,-46.602973042876144,4.0
mc_ID_5142,"Married Female with one child, education: high school degree working as manual",30k,"Electrical from Household department, Ordered Brand : Red Wing",-28.1997,25.1472,recyclable,,Price Destroyers,Mid-Size,"8.64 ,000,000illions",###,2819.7,447.7,300.46,measure: 728.2775,vitoria,ES,-20.28599942388992,amount: -40.30067364294738,ibiting4,Sp,-21.7664768468313,-48.83154737836604,1.0
mc_ID_5143,"Single Female with four children, education: partial high school working as manual",Income: 10K+,"Vegetables from Canned Foods department, Ordered Brand : Just Right",12.5881,9.6664,recyclable,"['Coffee Bar', 'Bar For Salad', 'Video Store', 'Florist', 'Ready Food']",,dElUxe,5.22 Millions,2.4534 Millions,1732.21,503.07,336.32,662.2226,rIo de jANEiRo,RJ,-22.933479697760923,data: -43.350149913122536,campinas,SP,measure: -22.895876357204664,-47.0791850342778,5.0
mc_ID_5145,"Married Male with three kids, education: partial college working as clerical",30K+,"Pure Juice Beverages from Beverages department, Ordered Brand : Excellent",18.3153,15.4081,recyclable,['Coffee Bar'],Full Free,_Small Grocery,$2.13 Millions,1.0011 Millions,2069.04,330.83,220.55,measure: 637.014,sao barnardo do campo,SP,-23.6889171254682,-46.552552123595405,curitiba, Pr ,-25.419033754919543,val: -49.234728216486815,5.0
mc_ID_5146,"Married Female with four children, education: bachelors degree working as professional",50K+,"Vegetables from Produce department, Ordered Brand : Tri-State",20.3503,val: 15.9895,recyclable,,Full Free,supermarket,4.65 Millions,1.953 Millions,1510.16,,151.9,660.2352,rio de janeiro,rJ,,measure: -43.34816039829178,sao jose do rio preto,_SP,-20.80243626346376,-49.39562406741489,4.0
mc_ID_5147,"Married Male with four children, education: high school degree working as manual",€25K+,"Canned Soup from Canned Foods department, Ordered Brand : Blue Label",13.7801,12.3119,recyclable,,GLD,Supermarket,4.65 Millions,2.046 Millions,1508.88,227.8,,727.9637,Brasilia,Df,,,limeira,SP,-22.57487785152052,-47.416177053147926,5.0
mc_ID_5148,"Married Male with No children, education: high school degree working as professional.",Income: 110K+,"Magazines from Periodicals department, Ordered Brand : Dollar",-19.1874,17.5885,non recyclable,"['Coffee Bar', 'Ready Food', 'Bar For Salad', 'Florist', 'Video Store']",One Day Sale,GOURMET,€4.3M,2.1801 Millions,1425.76,465.54,310.3,449.1524,rio de janeiro,Rj,-22.920193173466444,-43.54930227407812,sao paulo,5P,-23.545741270669254,-46.5926468408794,5.0
mc_ID_5149,"Married Female with four children, education: partial High School working as skilled manual",10K+,"Baking Goods from Baking Goods department, Ordered Brand : CDR",14.972,amount: 12.0648,recyclable,['Coffee Bar'],Sale Sale Sale,,...,3.4164 Millions,1423.37,398.93,264.69,498.3144,dourado,SP,-22.11041683240867,-48.30935219804882,Maua, SP ,-23.68011442853022,-46.4524537436668,measure: 5.0
mc_ID_5150,"Married Female with four children, education: high school degree working as skilled manual",30K+,"Snack Foods from Snack Foods department, Ordered Brand : Horatio",12.2683,7.893,non recyclable,"['Bar For Salad', 'Ready Food']",Price Slashers,Supermarket,4.62 Millions,2.2176 Millions,2265.9,853.22,568.51,450.8783,sao pauIo,5P,-23.626269,-46.586534475523,belo horizonte,MG,-19.878513898894187,-43.95694702879617,5.0
mc_ID_5151,"sINGLE mALE WITH FOUR CHILDREN, EDUCATION: PARTIAL hIGH sCHOOL WORKING AS MANUAL",10K+,"Bathroom Products from Health and Hygiene department, Ordered Brand : Hilltop",27.0368,24.1296,recyclable,['Coffee Bar'],Shelf Clearing Days,Supermarket,$14.2 Millions,4.97 Millions,1236.07,440.92,295.11,521.7971,ABELaRDO luz,sc,-26.564002571112702,val: -52.32748699973988,curi7iba,PR,-25.539430693865768,-49.2886326382077,1.0
mc_ID_5152,"Married Female with one child, education: high school degree working as manual",30K+,"Frozen Desserts from Frozen Foods department, Ordered Brand : Golden",14.2597,12.8062,recyclable,"['Ready Food', 'Video Store', 'Bar For Salad', 'Florist', 'Coffee Bar']",,,1.9 Millions,0.608 Millions,1424.85,465.54,310.3,427.7617,bauru,SP,-22.33259929227913,-49.0443811707606,ibi7inga,Sp,-21.7664768468313,-48.83154737836604,5.0
mc_ID_5153,"Married Female with one child, education: partial HS working as management.",90K+,"Dairy from Dairy department, Ordered Brand : Even Better",25.0018,23.5482,recyclable,['Coffee Bar'],Best Price Savers,,9.75 Millions,3.0225 Millions,1236.73,440.92,294.79,349.2594,_jau,SP,measure: -22.283151860593247,-48.55975378705841,SAO PAULO,$p,-23.539446764643067,-46.639378335968615,4.0
mc_ID_5154,"Single Male with three children, education: high school degree working as skilled manual",30K+,"Drinks from Beverages department, Ordered Brand : Token",data: 29.6533,-26.6008,recyclable,,Tip Top Savings,,7.38 Millions,2.8044 Millions,2049.72,457.36,,557.8318,sao paulo,SP,-23.590958301142567,-46.629899428674456,ribeirao pires,Sp,-23.73407261059953,-46.44241000920845,5.0
mc_ID_5156,"Married Male with two children, education: bachelors degree working as professional",Income: 70K+,"Vegetables from Produce department, Ordered Brand : High Top",12.3701,9.4629,recyclable,"['Ready Food', 'Florist', 'Coffee Bar', 'Video Store', 'Bar For Salad']",I Cant Believe It Sale,,€8.8M,4.347 Millions,1734.5,,333.92,363.3281,rio de janeiro,RJ,-22.878476937821056,-43.31517005147447,ech@pora,SP,-22.42925217631197,-50.20413759688468,4.0
mc_ID_5157,"Married Male with two children, education: high school degree working as manual",30K+,"Kitchen Products from Household department, Ordered Brand : Red Wing",12.7771,8.4018,non recyclable,"['Ready Food', 'Bar For Salad']",Super Savers,Supermarket,10.52 Millions,4.1028 Millions,2448.67,470.27,,val: 719.3865,rio de janeiro,RJ,-22.950922714957603,-43.18739520231989,rolante,RS,-29.65510565471189,measure: -50.577744262161566,4.0
mc_ID_5158,"Married Male with three children, education: partial high school working as skilled manual",10K+,"Bread from Baked Goods department, Ordered Brand : Sphinx",10.9746,val: 8.0674,recyclable,"['Florist', 'Bar For Salad', 'Video Store', 'Ready Food', 'Coffee Bar']",Lottery Cash Registerion,Deluxe,€4.0M,1.9352 Millions,1737.39,503.07,333.6,646.4803,ibiruba,RS,-28.628697110459715,-53.09667830334719,SAO PAULO,5p,measure: -23.554079433810344,-46.53324185942636,5.0
mc_ID_5160,"Married Female with one child, education: partial college working as management",Income: 50K+,"Dairy from Dairy department, Ordered Brand : Club",27.3275,24.275,recyclable,"['Bar For Salad', 'Ready Food']",Save It (Sale),SUPermarkeT,14.44 Millions,5.9204 Millions,2265.9,853.22,568.75,339.1132,surub1m,PE,-7.843463901327343,measure: -35.761015798604696,Iuiz Alves,Sc,-26.22944293948424,-49.4052167110414,4.0
mc_ID_5161,"sINGLE fEMALE WITH FOUR KIDREN, EDUCATION: HIGH SCHOOL DEGREE WORKING AS SKILLED MANUAL",30K+,"Vegetables from Produce department, Ordered Brand : High Top",17.8792,val: 16.4256,non recyclable,"['Bar For Salad', 'Ready Food']",Super Savers,,2.07 Millions,1.0143 Millions,2445.79,470.27,313.55,754.7413,RECIFE,PE,-8.00521828642738,-34.89372762753189,rio de janeiro,RJ,-22.87459850346245,-43.477731000000006,5.0
mc_ID_5163,"Single Female with four children, education: HS degree working as manual",30K+,"Electrical from Household department, Ordered Brand : High Quality",30.9615,61.53 lbs,non recyclable,,,Supermarket,8.84 Millions,2.652 Millions,2049.72,457.36,306.01,610.5502,porto alegre,R$,-30.15709837996993,-51.21783645920132,maua,SP,-23.68011442853022,-46.4524537436668,data: 5.0
mc_ID_5165,"married female with two kids, education: bachelors degree working as professional",70K+,"Candy from Snacks department, Ordered Brand : Musial",-28.6358,-24.275,recyclable,['Florist'],Save It (Sale),$uPeRmARkET,€3.6M,1.512 Millions,1320.15,523.32,349.08,427.7617,sao paulo_,SP,-23.670706610046736,-46.66108764570951,"SAO PAULO
",SP,amount: -23.65250284762537,-46.66809535567546,5.0
mc_ID_5168,"education: high school degree working as manual, Married Male with three children",30 Thousand,"Meat from Deli department, Ordered Brand : American",9.899,data: 5.5237,non recyclable,"['Florist', 'Coffee Bar', 'Bar For Salad', 'Ready Food', 'Video Store']",,,"5.52 ,000,000illions",1.8216 Millions,1525.28,373.1,248.79,746.3733,TEresINa,PI,-5.070999014568562,-42.75504527381364,mineiros do tiete, 5p ,-22.40983742501461,-48.45042421567509,data: 5.0
mc_ID_5171,"Single Male with three children, education: bachelors degree working as professional",Income: 50K+,"Specialty from Produce department, Ordered Brand : Tell Tale",31.6883,28.6358,recyclable,"['Ready Food', 'Bar For Salad']",Money Savers,SUPERMARKET,€3.1M,1.369 Millions,2265.9,,568.75,432.0503,santo antonio de posse,SP,-22.607003040200272,-46.91414970477579,cornelio procopio,PR,-23.179392166202167,-50.63492242974283,5.0
mc_ID_5174,"Single Female with two children, education: partial college working as manual",50K+,"Packaged Vegetables from Produce department, Ordered Brand : Hermanos",10.117,-5.7562,recyclable,"['Bar For Salad', 'Florist', 'Ready Food', 'Coffee Bar', 'Video Store']",Big Time Saving,deluxe,6.51 Millions,2.4087 Millions,1734.5,503.07,335.38,279.5435,BraSiLiA,DF,-15.825499262113878,-47.98823901541496,pradopolis,SP,amount: -21.36757068180344,-48.06270442872158,5.0
mc_ID_5175,"Married Female with four children, education: partial High School working as skilled manual",10K+,"Jams and Jellies from Baking Goods department, Ordered Brand : Super",12.8207,11.3526,non recyclable,"['Coffee Bar', 'Bar For Salad', 'Ready Food', 'Florist']",Two for One,Deluxe,8.72 Millions,4.0984 Millions,2055.29,654.13,436.09,312.9109,sao paulo,SP ,-23.53959817208146,-46.60160522647012,santos,	SP,-23.981964066882146,-46.31003955926474,4.0 stars
mc_ID_5176,"Married Female with four children, education: bachelors degree working as management",840+ monthly,"Vegetables from Produce department, Ordered Brand : High Top",amount: 21.3678,16.8617,recyclable,,Budget Bargains,Mid-Size,10.32 Millions,3.096 Millions,2819.04,447.7,,654.273,belem,PA ,-1.4642647954584085,-48.45765762447347,sao peulo,SP,-23.65111484251016,-46.75521082321932,5.0
mc_ID_5177,"Married Male with two children, education: high school degree working as skilled manual",30K+,"Bread from Baked Goods department, Ordered Brand : Great",16.7163,13.8091,non recyclable,"['Coffee Bar', 'Bar For Salad', 'Florist', 'Video Store', 'Ready Food']",Price Slashers,Deluxe,9.64Ms,3.9524 Millions,1734.5,503.07,336.41,282.9953,maringa,PR,-23.45324990010192,-51.89900700200688,be7im,MG,-19.95866259017359,-44.19878943272789,5.0
mc_ID_5178,"Single Male with one child, education: bachelors degree working as professional",70K+,"Frozen Desserts from Frozen Foods department, Ordered Brand : Imagine",-999.0,9.4047,non recyclable,"['Florist', 'Bar For Salad', 'Ready Food', 'Video Store', 'Coffee Bar']",One Day Sale,	Deluxe,6.42 Millions,2.889 Millions,1871.16,593.93,395.95,360.3993,nova  friburgo,RJ,-22.299077841484905,-42.54026238705869,,,,,1.0
mc_ID_5181,"Married Male with No children, education: bachelors degree working as professional",120+ monthly,"Vegetables from Produce department, Ordered Brand : Hermanos",19.9142,15.4081,non recyclable,"['Coffee Bar', 'Ready Food', 'Video Store', 'Florist', 'Bar For Salad']",Sale Sale Sale,gourmet ,11.36 Millions,3.976 Millions,1424.85,465.54,310.3,304.1768,lorena,$P,-22.75223299417162,-45.11931025965141,paraiso do suI,_RS,-29.71402737521854,-53.17959442346758,5.0
mc_ID_5182,"Married Female with four kids, education: partial high school working as skilled manual",10K+,"Side Dishes from Deli department, Ordered Brand : Moms",amount: 14.972,12.0648,recyclable,,Savings Galore,Mid-Size,6.99Ms,3.0057 Millions,2819.7,447.7,299.28,708.8742,embu-guacu,SP ,-23.82852167738724,measure: -46.814795982633896,san7o andre,SP,-23.665703457960586,-46.51808196779969,1.0
mc_ID_5185,"Married Female with two children, education: graduate degree working as professional",70K+,"Kitchen Products from Household department, Ordered Brand : High Quality",13.0969,11.6433,non recyclable,,Best Price Savers,Supermarket,4.3 Millions,1.849 Millions,1508,227.8,151.9,650.4028,goian1a,gO,-16.712752630164644,-49.291902520303125,SAO JOSE DO RIO PRETO,SP,-20.84380119949777,-49.36891118527178,3.0
mc_ID_5187,"SiNgLe mAlE WiTh oNe kId, EdUcAtIoN: bAcHeLoRs dEgReE WoRkInG As pRoFeSsIoNaL",50K+,"Bread from Baked Goods department, Ordered Brand : Modell",17.007,12.6317,recyclable,,Super Duper Savers,Supermarket,1.53Ms,0.6885 Millions,2049.72,457.36,304.91,527.7593,eltamira,P4,-3.197655000000001,-52.201428750000005,_belo horizonte,MG_,val: -19.92416706994057,-43.91647950666509,5.0
mc_ID_5188,"Single Male with three children, education: bachelors degree working as professional",50k,"Vegetables from Produce department, Ordered Brand : Ebony",-31.3976,29.944,non recyclable,,Roller Savings (High) ,"Supermarket
",€2.4M,1.0368 Millions,1508,227.8,,379.7503,florianopolis,sc,measure: -27.58657286234056,measure: -48.578813680679794,floriamopolis,SÇ,-27.60731306466045,-48.59058002775691,4.0
mc_ID_5189,Single Female with four kidren; education: bachelors degree working as professional,50K+,"Kitchen Products from Household department, Ordered Brand : High Quality",12.1956,amount: 9.2885,,,Saving Days,Supermarket ,11.31 Millions,3.7323 Millions,1508,227.8,152.85,619.0228,SAO JOSE DOS CAMPOS,SP,-23.23724961587513,-45.88082955926476,sao sebastiao,SP,val: -23.753948510964275,-45.41325199417162,4.0
mc_ID_5191,Single Male with one child and education: bachelors degree working as management,50K+,"Breakfast Foods from Breakfast Foods department, Ordered Brand : Johnson",16.1349,14.6813,non recyclable,"['Bar For Salad', 'Florist', 'Ready Food', 'Coffee Bar']",GLD,,3.04 Millions,1.3376 Millions,1564.86,385.45,256.97,396.2248,apiai, SP ,-24.47346038077872,-48.75588890754042,_cAjaMaR,SP,-23.406238298215783,data: -46.84102497498486,5.0
mc_ID_5192,"Married Male with five children, education: bachelors degree working as professional",90000,"Candy from Snacks department, Ordered Brand : Atomic",15.1174,12.1956,non recyclable,"['Coffee Bar', 'Florist']",Savings Galore,"Mid-Size
",$5.0 Millions,2.0 Millions,2551.4,389.54,259.66,680.2138,mongagua,SP,-24.11716945934433,-46.701075415691164,canoas,Rs,-29.914668849530724,-51.14844143722624,5.0
mc_ID_5193,"Married Male with one child, education: bachelors degree working as professional",30K+,"Vegetables from Produce department, Ordered Brand : Hermanos",amount: 20.0596,18.606,recyclable,"['Bar For Salad', 'Ready Food']",,,1.84 Millions,0.5704 Millions,2446.82,,313.55,656.2604,franco da rocha,SP,val: -23.32210752777071,-46.711989193372986,santana de parnaiba_,SP,amount: -23.466737282854947,-46.90460432628395,3.0
mc_ID_5194,"Single Male with one child, education: bachelors degree working as professional",50K+,"Vegetables from Frozen Foods department, Ordered Brand : PigTail",10.0007,15.64 lbs,recyclable,,Tip Top Savings,SUPERMARKET,6.93Ms,2.079 Millions,2049.47,457.36,,557.8318,vitoria da conquista,Ba,-14.850040620318518,-40.841375171100495,Jundiai,sp,-23.21955226311385,-46.88331318927813,5.0
mc_ID_5195,"Married Male with two children, education: partial high school working as skilled manual",10K+,"Dairy from Dairy department, Ordered Brand : Gorilla",12.7771,-9.8554,non recyclable,"['Video Store', 'Bar For Salad', 'Coffee Bar', 'Ready Food', 'Florist']",Price Winners,,4.71 Millions,1.7427 Millions,2038.11,481.98,320.65,453.9117,santana de parnaiba,5P,-23.40706624646544,-46.89669664377628,SAO PAULO,SP,-23.537511255832708,-46.63705730743676,5.0
mc_ID_5196,"Single Male with five children, education: partial college working as clerical",30K+,"Vegetables from Produce department, Ordered Brand : Tell Tale",30.3801,25.874,recyclable,"['Bar For Salad', 'Ready Food', 'Video Store', 'Florist', 'Coffee Bar']",Go For It,Deluxe,7.24Ms,2.3892 Millions,2039.96,481.98,319.61,455.3761,florianopolis,SC,-27.59186031447276,-48.54902548765073,sao paulo,sp,-23.554079433810344,measure: -46.53324185942636,5.0
mc_ID_5197,"SiNgLe fEmAlE WiTh tHrEe cHiLdReN, eDuCaTiOn: HiGh sChOoL DeGrEe wOrKiNg aS SkIlLeD MaNuAl, EdUcAtIoN: hIgH ScHoOl dEgReE WoRkInG As sKiLlEd mAnUaL",30K+,"Dairy from Dairy department, Ordered Brand : Carlson",17.7338,16.1349,non recyclable,"['Bar For Salad', 'Coffee Bar', 'Video Store', 'Florist', 'Ready Food']",Price Winners,Deluxa,1.62 Millions,0.5994 Millions,2038.11,481.98,319.92,val: 453.9117,mIRASSOl d'OesTe,MT,-15.669616929661071,-58.082607012013405,goiaNIA,GO,-16.7130367660346,-49.30127628290576,4.0
mc_ID_5198,"Single Female with five children, education: high school degree working as professional",90K+,"Breakfast Foods from Breakfast Foods department, Ordered Brand : Special",13.8963,9.5356,non recyclable,"['Florist', 'Bar For Salad', 'Coffee Bar', 'Ready Food', 'Video Store']",Price Winners,Deluxe,13.88 Millions,5.1356 Millions,2038.11,481.98,323.12,478.9634,natel,"RN
",-5.800559887875781,-35.211296723844406,sao paulo,SP,-23.693985995008337,-46.70188324132953,100%
mc_ID_5199,"Married Female with two children, education: partial high school working as skilled manual",10K+,"Vegetables from Produce department, Ordered Brand : Hermanos",27.1822,22.8214,recyclable,"['Bar For Salad', 'Coffee Bar', 'Ready Food', 'Video Store', 'Florist']",One Day Sale,Deluxe,10.08 Millions,5.04 Millions,2038.11,481.98,321.26,767.3456,SANTOS 	DUMONT,MG,-21.45569356598085,-43.53820946789981,belo horizonte ,MG_,-19.809042328611024,-43.99006964195861,4.0
mc_ID_5201,"Married Female with two children, education: Bachelors degree working as professional",10K+,"Miscellaneous from Checkout department, Ordered Brand : Framton",-1.0,28.6358,recyclable,['Coffee Bar'],Two Day Sale,,6.9 Millions,2.622 Millions,1236.07,440.92,294.04,477.3944,	campimas,SP,-22.90124134639356,-47.05512845102415,cachoeirinha,RS,-29.95355420966261,-51.103414237425575,val: 5.0
mc_ID_5202,"Married Female with two children, education: partial high school working as manual",10000,"Jams and Jellies from Baking Goods department, Ordered Brand : Landslide",10.3787,7.4569,recyclable,"['Video Store', 'Coffee Bar', 'Ready Food', 'Bar For Salad', 'Florist']",,Deluxe,€9.6M,4.6535 Millions,2037.99,481.98,321.26,495.7517,sao paulo,SP,-23.4717225298344,-46.65764092339433,sao paulo,SP,-23.56625832001269,amount: -46.51841724632121,5.0
mc_ID_5203,"Married Female with two children, education: bachelors degree working as professional",70 Thousand,"Specialty from Produce department, Ordered Brand : High Top",15.8442,11468.80 grams,non recyclable,"['Video Store', 'Bar For Salad', 'Florist', 'Coffee Bar', 'Ready Food']",Sale Sale Sale,	Gourmet,6.33 Millions,2.3421 Millions,1424.85,465.54,311.23,304.1768,riO De JanEiRO,rj,-22.91537136850404,-43.242996214902085,franca,SP,-20.50234199999999,-47.4215895,5.0
mc_ID_5205,"Married Female with four children, education: partial high school working as management",110K+,"Snack Foods from Snack Foods department, Ordered Brand : Fort West",23.6936,20.641,recyclable,"['Video Store', 'Bar For Salad', 'Florist', 'Ready Food', 'Coffee Bar']",Big Time Discounts,Deluxe,10.8 Millions,5.076 Millions,2036.67,481.98,321.26,328.1302,curitiba,pr,-25.45385542382702,-49.286168717179294,limeira,SP,val: -22.564590914796,-47.40315315223038,Rating: 3.0
mc_ID_5206,"Married Female with one child, education: partial high school working as manual",10K+,"Fruit from Produce department, Ordered Brand : Hermanos",9.8699,6.9482,non recyclable,"['Ready Food', 'Florist', 'Coffee Bar', 'Bar For Salad']",,Deluxe,7.88 Millions,3.0732 Millions,2055.29,654.13,,measure: 382.0515,campo mourao,PR,-24.04612326367625,-52.36897352310729,SaO Jose DOS CAmpos,5P,data: -23.18093790397594,-45.86936250721335,5.0
mc_ID_5208,"MaRiEd fEmAlE WiTh tWo cHiLdReN, eDuCaTiOn: PaRtIaL HiGh sChOoL WoRkInG As mAnUaL",10K+,"Canned Soup from Canned Foods department, Ordered Brand : Just Right",19.6235,18.1699,recyclable,['Coffee Bar'],Super Savers,Supermarket,nil,3.0294 Millions,1238.29,440.92,293.95,measure: 704.2718,mairinque,Sp_,-23.532772472991248,amount: -47.16937115902071,osasco,SP,-23.552456794881493,val: -46.78012559033992,5.0
mc_ID_5209,"Married Male with one child, education: high school degree working as skilled manual",30K+,"Canned Soup from Canned Foods department, Ordered Brand : Pleasant",18169.90 grams,13.8091,recyclable,,You Save Days,SUPERMARK3T,9.93 Millions,3.1776 Millions,1508,,150.35,amount: 565.9906,NITEROI, RJ,-22.90581654870452,-43.106988856771984,Ribeirao Preto,SP,-21.17121748495008,-47.81941847157649,
,"Marriied Female with three children, education: high school degree working as manual",50K+,"Paper Products from Household department, Ordered Brand : Sunset",14.8266,10.4513,non recyclable,"['Coffee Bar', 'Florist']",,Mid-Size,€2.4M,1.2012 Millions,2551.4,389.54,259.66,769.6991,sao paulo,5P,data: -23.54378694284137,amount: -46.65861209437926,ouro preto,MG,-20.38523748903572,-43.50551302553521,5.0
mc_ID_5211,"Single Male with four children, education: partial high school working as manual",30K+,"Meat from Meat department, Ordered Brand : Genteel",16.1349,13.2277,recyclable,"['Video Store', 'Ready Food', 'Coffee Bar', 'Bar For Salad', 'Florist']",Save Price,,€3.9M,1.978 Millions,2038.11,481.98,321.46,284.3028,porto  aIegre,RS,-30.103303723122416,-51.215815419555454,sao paulo,SP,-23.713052505361883,-46.61991569705063,5.0
mc_ID_5212,"Married Male with one child, education: high school degree working as manual",30K+,"Vegetables from Canned Foods department, Ordered Brand : Blue Label",30.8162,26.4554,non recyclable,,Full Free,Mid-Size,11.49 Millions,4.4811 Millions,2084.1,783.64,522.44,R$4282.25,BELO hORiZoNTE,MG,-19.944623503750908,-43.945072637803655,sao jose dos campos,_SP,-23.20178111878932,-45.89567007799064,1.0
mc_ID_5213,"Single Male with one child, education: high school degree working as manual",30K+,"Cold Remedies from Health and Hygiene department, Ordered Brand : Faux Products",-13.7946,10.8729,recyclable,['Coffee Bar'],Weekend Discount,supermarket,3.1 Millions,1.054 Millions,1235.3,442.92,295.04,698.728,mossamedes,GO,-16.125432176358853,-50.21559308817943,Porto aLaGRe,Rs,-30.03215040714993,-51.2325516998384,5.0
mc_ID_5215,"Married Male with three children, education: partial high school working as skilled manual",10K+,"Candy from Snacks department, Ordered Brand : Thresher",27.3275,25.7286,recyclable,"['Florist', 'Coffee Bar', 'Bar For Salad', 'Video Store', 'Ready Food']",Save It (Sale),Deluxe,5.61 Millions,2.0757 Millions,1733.26,,,755.1074,guaratingueta,SP,-22.8102557858096,-45.18353140514958,campo limpo paulista,SP,-23.20706431353269,val: -46.760735214610754,1.0
mc_ID_5216,"sINGLEE mALE WITH nO CHILDREN, EDUCATION: GRADUATE DEGREE WORKING AS PROFESSIONAL",130K+,"Snack Foods from Snack Foods department, Ordered Brand : Fort West",val: 26.7461,22.24,non recyclable,['Coffee Bar'],Weekend Discount,,$3.36 Millions,1.6128 Millions,1236.07,440.92,293.95,364.1649,BrAsILLa,DF,-15.654091048625505,-47.86089188525851,videira,SC,-27.00086872288371,-51.14532022116548,5.0
mc_ID_5217,"Married Male with four children, education: high school degree working as skilled manual",Income: 30K+,"Cleaning Supplies from Household department, Ordered Brand : High Quality",11.5851,-8.6634,recyclable,['Florist'],Sale : Double Down,sUpERMARKeT,7.14Ms,2.3562 Millions,1320.15,523.32,349,measure: 292.6708,sao paulo,Sp_,-23.537290117980763,-46.65443089812821,videira,SC,-27.00086872288371,val: -51.14532022116548,4.0
mc_ID_5218,"Single Male with three children, education: bachelors degree working as professional",50K+,"Side Dishes from Deli department, Ordered Brand : Moms",amount: 31.1069,28.0543,recyclable,['Coffee Bar'],Best Price Savers,Supermarket,3.66 Millions,1.2444 Millions,1236.07,440.92,293.95,349.2594,Jandira,_$P,-23.531476079445984,-46.90740942248553,sao paulo,SP,-23.553644898695826,-46.63261889578163,4.0
mc_ID_5220,"Single Male with one child, education: high school degree working as manual",30K+,"Pizza from Frozen Foods department, Ordered Brand : Carrington",26.8915,22.5307,non recyclable,['Coffee Bar'],Weekend Discount,,11.19 Millions,4.9236 Millions,1236.07,440.92,293.95,364.1649,suzano,SP,-23.560352337187084,-46.31289771094968,sanTo ANdRE,SP,-23.624784000000005,measure: -46.53954225000001,5.0
mc_ID_5222,"Single Female with one kid, education: bachelors degree working as management",70K+,"Snack Foods from Snack Foods department, Ordered Brand : Horatio",8.9832,6.0615,recyclable,,Shelf Clearing Days,supermarket,4.77 Millions,1.8603 Millions,1508,227.8,152.39,399.6243,baruari,SP,-23.505089673519063,-46.809600405339054,rio claro,SP,-22.38438072912452,-47.586364840844695,5.0
mc_ID_5223,"Single Female with three children, education: partial high school working as management",130K+,"Meat from Frozen Foods department, Ordered Brand : Carrington",-31.2522,28.3451,recyclable,"['Video Store', 'Florist', 'Bar For Salad', 'Coffee Bar', 'Ready Food']",,Deluxe,4.96 Millions,2.0832 Millions,2038.11,481.98,321.26,739.4174,juina,MT,-11.418759603270525,amount: -58.77167173409165,sao paulo,SP,-23.541941545934563,-46.49095488842404,5.0
mc_ID_5225,"Single Male with No children, education: high school degree working as professional",1320+ monthly,"Starchy Foods from Starchy Foods department, Ordered Brand : Monarch",19.3328,16.4256,recyclable,"['Florist', 'Bar For Salad', 'Video Store', 'Ready Food', 'Coffee Bar']",Price Smashers,deluxe,2.76 Millions,1.1592 Millions,1525.39,373.1,248.61,measure: 499.2035,rio de janeiro, RJ,data: -22.94391056014081,-43.254772993992525,SAO PAULO,Sp,-23.53877907744238,-46.53648566833056,8.0/10
mc_ID_5226,"Married Female with four children, education: partial high school working as skilled manual",10K+,"Pure Juice Beverages from Beverages department, Ordered Brand : Skinner",22.0946,19.0421,non recyclable,"['Bar For Salad', 'Coffee Bar', 'Florist', 'Video Store', 'Ready Food']",Big Time Discounts,D3LuXe,1.83 Millions,0.7503 Millions,2035.47,481.98,321.26,328.1302,juiz de fora,mG,-21.790687704137564,-43.35245517499566,Lauro De Freitas,"BA
",measure: -12.895112589380958,-38.33895999999978,3.0
mc_ID_5227,"Married Female with four children, education: partial high school working as skilled manual",10K+,"Meat from Deli department, Ordered Brand : American",31.8337,27.3275,recyclable,,GLD,supermarket,5.48 Millions,2.5208 Millions,1509.75,227.8,151.9,727.9637,SAO JOSE,SC,-27.61033695403959,amount: -48.64766592069694,Curitiba,Pr,-25.46921399278664,-49.29393514695028,1.0
mc_ID_5228,"Single Male with one child, education: bachelors degree working as professional",10K+,"Canned Soup from Canned Foods department, Ordered Brand : Better",23.2575,18.8967,recyclable,['Coffee Bar'],Discount Frenzy,Supermarket,1.26 Millions,0.63 Millions,1236.07,440.92,292.82,745.0135,belo horizonte,mg,-19.83325664556529,val: -43.987256758814674,campo limpo paulista,SP,-23.20706431353269,-46.760735214610754,5.0
mc_ID_5234,"Married Male with one child, education: graduate degree working as professional",130K+,"Bread from Baked Goods department, Ordered Brand : Fantastic",19.6235,16.7163,recyclable,,Big Time Discounts,	Supermarket,5.98Ms,2.5116 Millions,1508,227.8,151.82,measure: 574.9339,lages,SC,-27.81812901165676,-50.31504228420568,ibitinga,SP,measure: -21.7664768468313,-48.83154737836604,5.0
mc_ID_5236,"Single Male with four children, education: partial high school working as manual",10K+,"Seafood from Seafood department, Ordered Brand : Curlew",13.0387,-10.1315,non recyclable,['Coffee Bar'],Best Price Savers,,4.86 Millions,1.9926 Millions,1238.36,440.92,293.95,measure: 720.5371,mutuipe,BA,-13.228184823758374,-39.50315719838939,penapolis,SP,-21.426570046543283,-50.06791761043272,4.0
mc_ID_5237,"mARRIED fEMALE WITH TWO CHILDREN, EDUCATION: HIGH SCHOOL DEGREE WORKING AS SKILLED MANUAL",30K+,"Candy from Snacks department, Ordered Brand : Gulf Coast",19.1874,14.6813,non recyclable,"['Ready Food', 'Coffee Bar', 'Bar For Salad', 'Video Store', 'Florist']",Dimes Off,Deluxe,13.72Ms,5.3508 Millions,1871.16,593.93,395.16,474.7271,trombudo central,SC,-27.301443515768103,-49.792025328947446, saO P4UlO,SP,-23.62358155176294,-46.61056007369148,4.0
mc_ID_5238,"Single Male with three children, education: high school degree working as manual",30K+,"Jams and Jellies from Baking Goods department, Ordered Brand : Super",14.6813,11.7741,recyclable,"['Coffee Bar', 'Bar For Salad', 'Florist', 'Video Store', 'Ready Food']",Dimes Off,Deluxe ,$5.67 Millions,2.7783 Millions,2040.3,481.98,321.26,550.6144,nova canaa,	BA,-14.79234843401335,-40.143077871178384,praia grande,SP,-24.026786758814687,-46.49304889148245,3.0
mc_ID_5239,"Single Male with four children, education: partial college working as skilled manual",30K+,"Candles from Household department, Ordered Brand : Denny",29.3626,26.4554,recyclable,,Mystery Sale,SUPERMARKET,8.85 Millions,2.832 Millions,1624.17,341.05,226.18,718.9681,senador  canedo,GO,-16.654787002417525,-49.14952789320485,sao paulu,5P,-23.62358155176294,-46.61056007369148,3.0
mc_ID_5242,"Single Male with one child, education: bachelors degree working as management",50K+,"Snack Foods from Snack Foods department, Ordered Brand : Best Choice",21.3678,18.3153,recyclable,"['Bar For Salad', 'Ready Food']",Go For It,Supermark3t,"2.38 ,000,000illions",0.9758 Millions,2264.36,853.22,567.77,553.0202,sa1vador,BA,-12.935049999594176,-38.50387307859141,"Rio De Janeiro
",rJ,-22.93125598447676,-43.17881321481337,1.0
mc_ID_5244,"Single Male with two kids, education: bachelors degree working as professional",90K+,"Dairy from Dairy department, Ordered Brand : Even Better",9.2012,6.2795,recyclable,"['Florist', 'Video Store', 'Coffee Bar', 'Ready Food', 'Bar For Salad']",GLD,deluxe,2.43Ms,1.0206 Millions,1873.4,,396.53,484.1411,mONTes cLArOS,MG,-16.74508472799934,measure: -43.88799563794789,pocos de c4ldas,MG,,data: nan,Rating: 4.0
mc_ID_5246,"Single Female with three children, education: partial high school working as management",Income: 130K+,"Carbonated Beverages from Beverages department, Ordered Brand : Fabulous",23.8389,22.24,recyclable,"['Video Store', 'Ready Food', 'Florist', 'Bar For Salad', 'Coffee Bar']",Price Winners,Deluxe,2.64Ms,0.9768 Millions,2038.11,481.98,321.03,453.9117,Porto Alegre,rs,-30.05684742270184,-51.22278129782434,guarulhos,SP,-23.40396,-46.48452053274858,5.0
mc_ID_5248,"Married Female with four children, education: partial high school working as professional",110K+,"Frozen Desserts from Frozen Foods department, Ordered Brand : Big Time",15.1174,10.7421,recyclable,"['Florist', 'Bar For Salad', 'Video Store', 'Coffee Bar', 'Ready Food']",One Day Sale,Deluxe,6.26 Millions,2.2536 Millions,,481.98,321.26,767.3456,Goiania,Go,val: -16.714629409915183,-49.28125918781387,ribeirao preto,$P,-21.174925033585303,-47.7686162776848,4.0
mc_ID_5249,Single Male with three children; education: HS degree working as professional,Income: 130K+,"Electrical from Household department, Ordered Brand : High Quality",28.0543,26.4554,recyclable,,Weekend Discount,Supermarket,"9.39 ,000,000illions",3.9438 Millions,1508,227.8,152.03,735.1811,ervalia,MG,-20.83244779650972,-42.65531569983598,curitlba,PR,-25.393345281980704,-49.35098627800838,val: 4.0
mc_ID_5251,"Married Female with three children, education: partial high school working as skilled manual",10K+,"Kitchen Products from Household department, Ordered Brand : High Quality",30.0894,data: 28.6358,recyclable,['Florist'],Sale : Double Down,Supermarket,8.43 Millions,3.0348 Millions,1320.15,523.32,348.85,292.6708,contagem,mg,amount: -19.946047667913017,data: -44.03358192802733,sao paulo,SP,val: -23.58374909221269,-46.73472062372479,5.0
mc_ID_5252,"Single Female with four children, education: partial high school working as skilled manual",10K+,"Canned Anchovies from Canned Foods department, Ordered Brand : Blue Label",12021.20 grams,9.114,non recyclable,,Full Free,Supermarket,4.08 Millions,1.5912 Millions,,229.8,151.9,272.2738,itAtiba,$p,-23.00670912213648,-46.8123500085026,SAO PAULO,SP,-23.54250072967277,-46.57631077214489,5.0
mc_ID_5254,"MARRIED FEMALE WITH TWO CHILDERN, EDUCATION: BACHELORS DEGREE WORKING AS MANAGEMENT",70K+,"Dairy from Dairy department, Ordered Brand : Carlson",20.4957,val: 17.5885,recyclable,"['Coffee Bar', 'Florist', 'Ready Food', 'Bar For Salad', 'Video Store']",Price Cutters,Gourmet,"4.52 ,000,000illions",1.4464 Millions,1424.6,465.54,308.82,675.716,osasco,SP,-23.532421040994027,-46.79702878957672,piracicaba, SP ,-22.71683928585045,-47.65736585405934,measure: 5.0
mc_ID_5256,"Single Female with one child, education: high school degree working as skilled manual",30K+,"Jams and Jellies from Baking Goods department, Ordered Brand : Plato",21.6585,17.1524,recyclable,"['Bar For Salad', 'Coffee Bar', 'Florist', 'Ready Food']",Saving Days,Gourmet,€4.7M,2.3184 Millions,,,256.97,amount: 474.0995,pedro leopoldo,MG ,data: -19.652292291953287,-44.056767929538886,ribeirao preto,SP,-21.116471333054424,-47.79073400291418,5.0
mc_ID_5257,"Single Male with five children, education: high school degree working as skilled manual",30K+,"Fruit from Produce department, Ordered Brand : Hermanos",25.5832,24.1296,recyclable,"['Coffee Bar', 'Ready Food', 'Florist', 'Bar For Salad']",Save It (Sale),,$9.33 Millions,4.0119 Millions,2055.29,654.13,436.09,728.9051,PONTA GROSSA,PR,data: -25.08190948098565,measure: -50.13386723910784,botucatu,SP,-22.872417407209937,-48.43285474838039,5.0
mc_ID_5258,"Married Female with five kidren, education: high school degree working as manual",30K+,"Baking Goods from Baking Goods department, Ordered Brand : BBB Best",9.8263,measure: 5.4655,recyclable,"['Bar For Salad', 'Florist', 'Ready Food', 'Coffee Bar']",Shelf Emptiers,gourmet,7.38 Millions,2.7306 Millions,1564.86,385.45,256.3,773.0986,sao paulo,SP,-23.53959817208146,-46.60160522647012,sao paulo,SP,-23.50271592062436,-46.48299647362806,5.0
mc_ID_5260,"Married Female with three children, education: partial collge working as professional",Income: 30K+,"Fruit from Produce department, Ordered Brand : Ebony",28.0543,23.5482,recyclable,"['Ready Food', 'Coffee Bar', 'Bar For Salad', 'Florist']",Super Duper Savers,dEluXE,"4.22 ,000,000illions",1.6458 Millions,2055.29,654.13,434.78,amount: 364.2695, boltuva ,SP,-23.279657630556585,-47.6618565754143,mogi das cruzes,SP,-23.551706513599484,-46.260979398542325,5.0
mc_ID_5261,"Married Male with two children, education: high school degree working as skilled manual",30K+,"Vegetables from Frozen Foods department, Ordered Brand : Carrington",17.2978,14.376,non recyclable,"['Ready Food', 'Video Store', 'Coffee Bar', 'Bar For Salad', 'Florist']",Save Price,Deluxe,3.2 Millions,1.184 Millions,1734.5,503.07,335.05,419.9167,Itaquaquecetuba,SP,-23.464295023583936,-46.32874959104104,sao paulo_,5P,-23.62615314929649,-46.74691974117254,1.0
mc_ID_5263,"Single Female with three children, education: partial high school working as skilled manual",10K+,"Dairy from Dairy department, Ordered Brand : Even Better",31.543,28.6358,non recyclable,"['Coffee Bar', 'Florist', 'Video Store', 'Bar For Salad', 'Ready Food']",Bag Stuffer,Deluxe,3.45 Millions,1.3455 Millions,1734.5,503.07,335.38,432.1026,juiz de fora,Mg,-21.758399308904185,-43.3461595335853,osasco,Sp,-23.55775014393556,-46.80815711799397,5.0
mc_ID_5264,"Single Female with four children, education: graduate degree working as professional",70K+,"Cleaning Supplies from Household department, Ordered Brand : Sunset",22.8214,data: 19.7689,recyclable,"['Video Store', 'Florist', 'Ready Food', 'Coffee Bar', 'Bar For Salad']",GLD,DELUXE,$9.76 Millions,3.6112 Millions,1872.03,,395.95,val: 484.1411,montes claros,MG,-16.74508472799934,-43.88799563794789,Lagoa Da Pra7A,MG,-20.022568491315106,-45.54469897672237,20%
mc_ID_5266,"mARRIED mALE WITH THREE CHILDREN, EDUCATION: BACHELORS DEGREE WORKING AS MANAGEMENT",$50K+,"Baking Goods from Baking Goods department, Ordered Brand : Super",25.7286,22.8214,non recyclable,"['Florist', 'Bar For Salad', 'Coffee Bar', 'Ready Food', 'Video Store']",Super Duper Savers,Deluxe,8.49 Millions,2.547 Millions,1527.66,375.1,248.98,318.3501, sao paulo,SP,data: -23.44697897307979,-46.7472294060534,beLo horizonTE,MG,val: -19.878513898894187,-43.95694702879617,5.0
mc_ID_5267,"MaRrIeD FeMaLe wItH FoUr cHiLdReN, eDuCaTiOn: BaChElOrS DeGrEe wOrKiNg aS PrOfEsSiOnAl, MaRrIeD FeMaLe wItH FoUr cHiLdReN",600+ monthly,"Paper Products from Household department, Ordered Brand : High Quality",11.0909,6.7301,non recyclable,,Price Destroyers, Supermarket ,6.56 Millions,3.0176 Millions,2049.72,457.36,304.91,325.6198,Cataguases,MG,data: -21.388733126342974,-42.71196264097796,marinGa,PR,-23.41382198370398,-51.90777440824636,5.0
mc_ID_5268,"Married Female with four children, education: bachelors degree working as professional",50K+,"Fruit from Produce department, Ordered Brand : Tell Tale",12.3265,9.4047,recyclable,"['Bar For Salad', 'Ready Food']",Save Price,Supermarket,14.52 Millions,6.0984 Millions,2448.37,470.27,314.65,406.4756,rio de janeiro,RJ,-22.91880981294356,-43.26535370468581,sao paulo,SP,-23.5475884118818,-46.421000747994654,5.0
mc_ID_5269,"Single Male with three children, education: bachelors degree working as management",70K or more,"Meat from Deli department, Ordered Brand : Moms",measure: 21.3678,18.3153,recyclable,['Florist'],Weekend Discount,SUPERMARKET,$1.62 Millions,0.5022 Millions,1320.98,523.32,348.85,data: 279.1251,sao paulo,SP,-23.53961683236193,-46.70566371911255,ibitinga,SP,-21.7664768468313,-48.83154737836604,5.0
mc_ID_5270,Married Female with four children + education: partial college working as professional,110K+,"Candy from Snacks department, Ordered Brand : Thresher",16.7163,13.8091,recyclable,"['Bar For Salad', 'Video Store', 'Ready Food', 'Coffee Bar', 'Florist']",Discount Frenzy,Daluxe,7.47 Millions,2.6892 Millions,1872.35,593.93,395.95,326.352,SAO PAULO,SP,-23.56333683014024,amount: -46.55642235498297,sao paul0,SP,-23.69289565500035,-46.68021046531817,5.0
mc_ID_5271,"Married Male with four children, education: bachelors degree working as professional",30K+,"Canned Soup from Canned Foods department, Ordered Brand : Blue Label",22.0946,17.5885,recyclable,['Coffee Bar'],,,6.38 Millions,2.9986 Millions,1236.07,440.92,293.95,349.2594,rio de janeiro,RJ,-22.913297402446734,-43.20920670635925,batatais,SP,-20.916468353698388,-47.574216767527176,1.0
mc_ID_5272,"Married Male with three children, education: partial college working as management",70K+,"Baking Goods from Baking Goods department, Ordered Brand : CDR",23.4028,20.4957,recyclable,"['Florist', 'Coffee Bar', 'Bar For Salad', 'Ready Food']",, Deluxe,4.76 Millions,1.7136 Millions,2055.29,656.13,436.09,725.9763,bauru,SP,-22.333806,-49.0911435,GUARIBA,SP,-21.36235769739203,-48.232975701561735,5.0
mc_ID_5273,"Married Male with three children, education: bachelor'ss degree working as professional",30 Thousand,"Fruit from Produce department, Ordered Brand : High Top",25.0018,-20.641,recyclable,"['Coffee Bar', 'Bar For Salad', 'Ready Food', 'Florist', 'Video Store']",,gourmet,3.68 Millions,1.656 Millions,1421.97,465.54,,689.3663,MACAE,RJ,-22.390114971582683,-41.786465462466936,curitiba,PR,-25.4727349417162,measure: -49.30563836747645,1.0
mc_ID_5274,"Married Male with five children, education: partial high school working as manual",10K+,"Jams and Jellies from Baking Goods department, Ordered Brand : Plato",26.6008,25.0018,non recyclable,['Coffee Bar'],Price Winners,small grOCeRy,6.96 Millions,3.132 Millions,1423.37,398.93,,672.9441,PIRACICABA,SP,-22.715110444918835,-47.645625352213,vicente de carvalho,_SP,data: -23.939318620030072,-46.30539278864907,5.0
mc_ID_5276,"Married Female with one child, education: bachelors degree working as professional",50K+,"Pain Relievers from Health and Hygiene department, Ordered Brand : Hilltop",27.4729,25.874,recyclable,"['Florist', 'Bar For Salad', 'Coffee Bar', 'Ready Food', 'Video Store']",Sale Sale Sale,Gourmet,8.67Ms,3.5547 Millions,1424.85,,310.82,data: 304.1768,joinville,SC,-26.25351566740153,-48.80168204279203,ibitinga,SP,-21.7664768468313,-48.83154737836604,amount: 5.0
mc_ID_5277,"Single Male with two children, education: partial high school working as manual",€25K+,"Starchy Foods from Starchy Foods department, Ordered Brand : Medalist",25.4379,21.0771,recyclable,,,Supermarket,10.14 Millions,4.7658 Millions,,457.36,304.91,714.2611,"s@o LUIs
",M@,-2.490419577846424,-44.30328698626578,itaja1,5C,-26.912428672061186,-48.6773810666573,5.0
mc_ID_5279,"Married Female with three children, education: high school degree working as manual",30K+,"Dairy from Dairy department, Ordered Brand : Booker",-11.9921,7.6314,non recyclable,"['Video Store', 'Coffee Bar', 'Ready Food', 'Florist', 'Bar For Salad']",Bag Stuffer,D3luxe,4.32 Millions,1.512 Millions,1734.5,503.07,336.16,662.2226,caxias do sul,r5,-29.13979854399035,-51.17723746491975,volta redonda ,SP,measure: -22.498182754371285,-44.12361371579433,5.0
mc_ID_5282,"Single Male with five children, education: bachelors degree working as professional",50K+,"Frozen Entrees from Frozen Foods department, Ordered Brand : Imagine",measure: 20.9317,19.3328,recyclable,,Budget Bargains,MID-Size,7.35 Millions,3.3075 Millions,2085.67,783.64,520.52,546.0643,goiania,GO,-16.615979744989296,-49.21670892109643,lauro de freitas,BA,-12.895112589380958,-38.33895999999978,5.0
mc_ID_5283,"Married Male with two children, education: graduate degree working as management",€59K+,"Pain Relievers from Health and Hygiene department, Ordered Brand : Hilltop",-12.748,398.40 oz,recyclable,,Sales Days,Supermarket,10.8 Millions,3.888 Millions,2049.72,457.36,305.45,610.5502,goiania,Go,-16.663916999999945,-49.241766499999954,jussara,PR ,-23.62208737103585,val: -52.46578937273949,3.0
mc_ID_5284,Single Male with No children + education: partial high school working as skilled manual,10000,"Vegetables from Frozen Foods department, Ordered Brand : Golden",29.7987,-25.4379,non recyclable,"['Bar For Salad', 'Ready Food', 'Video Store', 'Coffee Bar', 'Florist']",Save Price,Delux3,6.36 Millions,2.0352 Millions,1734.5,503.07,336.32,419.9167,brasilia,DF,-15.788869942812711,-47.891651009146585,sao paulo,SP,-23.62615314929649,-46.74691974117254,2.0
mc_ID_5285,"Single Female with four children, education: partial high school working as skilled manual",€8K+,"Frozen Desserts from Frozen Foods department, Ordered Brand : PigTail",24.1296,21.2225,recyclable,"['Bar For Salad', 'Ready Food']",Shelf Clearing Days,Supermarket,4.6 Millions,1.932 Millions,2265.9,855.22,568.75,571.1683,curitiba,pR,-25.43871208756084,amount: -49.24089260093047,santoandre,SP,-23.665703457960586,-46.51808196779969,3.0
mc_ID_5286,"Married Male with two children, education: partial high school working as manual",10K+,"Pain Relievers from Health and Hygiene department, Ordered Brand : Faux Products",val: 18.1699,15.2627,non recyclable,,Sales Days,Superm@Rket,7.96 Millions,2.9452 Millions,2049.72,457.36,,610.5502,cascavel,Pr,-24.960692450747217,-53.48805919911723,rio da janeiro,RJ,-22.87459850346245,-43.477731000000006,5.0
mc_ID_5287,"Single Female with two children, education: partial high school working as skilled manual",30K+,"Frozen Desserts from Frozen Foods department, Ordered Brand : Golden",data: 27.6183,amount: 23.2575,non recyclable,"['Coffee Bar', 'Ready Food', 'Video Store', 'Bar For Salad', 'Florist']",Big Time Saving,Gourmet,11.85 Millions,3.6735 Millions,1424.85,,310.3,R$2224.11,sao francisco do sul,$C,-26.245495127938263,-48.634314956564246,londrina,pR,amount: -23.32532644463037,amount: -51.15843393839796,4.0 stars
mc_ID_5288,"Married Male with one child, education: partial high school working as skilled manual",360+ monthly,"Pain Relievers from Health and Hygiene department, Ordered Brand : Bird Call",29.7987,25.4379,recyclable,"['Video Store', 'Coffee Bar', 'Florist', 'Ready Food', 'Bar For Salad']",Super Duper Savers,DeIuxe,9.54Ms,4.5792 Millions,1525.28,373.1,247.38,318.3501,Canoas,RS,-29.914668849530724,-51.14844143722624,ibitinga,Sp,-21.7664768468313,-48.83154737836604,3.0
mc_ID_5289,"Single Female with four children, education: graduate degree working as professional",130K+,"Snack Foods from Snack Foods department, Ordered Brand : Fort West",16.2802,13.3585,recyclable,"['Video Store', 'Bar For Salad', 'Florist', 'Coffee Bar', 'Ready Food']",Green Light Special,,1.32 Millions,0.4488 Millions,1525.28,373.1,248.79,507.9899,sao caetano do sul,SP,-23.632217497085804,-46.56711098167813,lagoa da prata,MG,unknown,-45.54469897672237,amount: 5.0
mc_ID_5290,"Single Female with five children, education: bachelors degree working as professional",50K+,"Magazines from Periodicals department, Ordered Brand : Gauss",19.9142,15.4081,recyclable,"['Florist', 'Ready Food', 'Bar For Salad', 'Coffee Bar']",Super Savers,Deluxe,11.4 Millions,3.648 Millions,2055.29,656.13,436.09,373.9973,INDAIAL,$C,-26.90235592773759,amount: -49.24262073142463,presidente prudente,	SP,-22.09785593377639,-51.40156940368525,5.0
mc_ID_5291,"Single Male with five children, education: high school degree working as manual",30K+,"Vegetables from Canned Foods department, Ordered Brand : Pleasant",10.9019,9.45 kg,recyclable,"['Ready Food', 'Bar For Salad']",Roller Savings (High) , Supermarket,€5.4M,2.176 Millions,2262.97,853.22,568.75,356.4245,camacari, B@,data: -12.723178662794815,val: -38.33144803755876,sao  paulo,SP,val: -23.554079433810344,-46.53324185942636,5.0
mc_ID_5292,"education: bachelors degree working as professional, Single Female with two children",50K+,"Bathroom Products from Health and Hygiene department, Ordered Brand : Faux Products",-12.0212,9.114,recyclable,['Coffee Bar'],,Supermarket,4.44 Millions,1.6872 Millions,1236.07,,,688.1634,VILA veLha,ES,-20.360474072335023,-40.351867185473125,sao paulo, SP,measure: -23.65111484251016,data: -46.75521082321932,5.0
mc_ID_5293,"Single Male with four children, education: high school degree working as skilled manual",30K+ annually,"Snack Foods from Snack Foods department, Ordered Brand : Fast",30.3801,27.3275,recyclable,"['Bar For Salad', 'Ready Food', 'Florist', 'Video Store', 'Coffee Bar']",Dimes Off,Deluxe,2.79 Millions,1.0602 Millions,1871.16,,395.95,474.7271,POR7O ALEGRE,RS,-30.09460140714993,-51.22713380016161,serra negra,SP,-22.596440207291085,-46.71196868822353,5.0
mc_ID_5297,"Married Male with four children, education: bachelors degree working as professional",130K+,"Pain Relievers from Health and Hygiene department, Ordered Brand : Hilltop",9.303,6.3958,recyclable,"['Florist', 'Video Store', 'Bar For Salad', 'Coffee Bar', 'Ready Food']",Dimes Off, Deluxe ,4.94 Millions,2.3712 Millions,,593.93,395.95,474.7271,salto de pirapora,sP,-23.664502918276984,-47.581761427942936,ARARAQUARA,Sp,-21.812698026371937,-48.15183966694556,5.0
mc_ID_5298,"Single Female with one child, education: partial HS working as manual",10K+ annually,"Drinks from Beverages department, Ordered Brand : Token",20.0596,15.6988,recyclable,"['Ready Food', 'Bar For Salad']",,,€5.5M,2.4472 Millions,2265.9,853.22,568.04,553.0202,_Presidente Prudente,SP,-22.10656294405296,-51.42862410063346,sao paulo,SP_,-23.52399579739165,-46.51294318734492,5.0
mc_ID_5299,"Married Male with four children, education: high school degree working as manual",30K+,"Snack Foods from Snack Foods department, Ordered Brand : Fort West",26.1647,24.7111,non recyclable,"['Bar For Salad', 'Ready Food', 'Video Store', 'Florist', 'Coffee Bar']",,Deluxe,6.2 Millions,2.604 Millions,1734.5,503.07,335.38,265.6317,conceicao de macabu,RJ,-22.082360903288283,-41.86567326666054,BRUSqUe,	sç,-27.14105704919435,-48.96146112936535,5.0
mc_ID_5300,"Single Male with two children, education: bachelors degree working as management",10K+,"Snack Foods from Snack Foods department, Ordered Brand : Best Choice",10.3641,8.9105,TBD,,Budget Bargains,supermarket,3.44 Millions,1.2728 Millions,,341.05,227.33,$623.73,sao bernardo do campo, SP ,-23.6889171254682,-46.552552123595405,guarulhos,	sp,-23.44007914793122,-46.51144923980033,amount: 4.0
mc_ID_5302,"Single Female with five children, education: bachelors degree working as professional",50k,"Vegetables from Frozen Foods department, Ordered Brand : Golden",21.2225,16.8617,recyclable,"['Ready Food', 'Video Store', 'Florist', 'Coffee Bar', 'Bar For Salad']",,deLuxE,8.88 Millions,3.8184 Millions,1871.16,,396.41,278.7067,MARICA_,rj,-22.915173042853034,-42.8212120511168,nuvo hamburgo,RS,-29.6881809883103,-51.0915608374261,3.0
mc_ID_5303,"Single Female with one child, education: partial high school working as manual",10K+,"Seafood from Seafood department, Ordered Brand : Tip Top",-30.9615,29.3626,recyclable,"['Video Store', 'Coffee Bar', 'Bar For Salad', 'Ready Food', 'Florist']",,Deluxe,10.8 Millions,3.996 Millions,1734.5,,,282.9953,_recife,Pe,data: -8.046099932281132,data: -34.92918518082404,CUiABa,MT,data: -15.60297857178555,-56.10296014321507,1.0
mc_ID_5307,"Single Male with three children, education: high school degree working as skilled manual",30K+,"Vegetables from Frozen Foods department, Ordered Brand : Imagine",25.7286,-22.8214,recyclable,"['Ready Food', 'Coffee Bar', 'Bar For Salad', 'Video Store', 'Florist']",GLD,Deluxe,5.16 Millions,1.6512 Millions,1734.5,503.07,334.26,val: 346.5921,londrina_,PR,amount: -23.331043778111702,measure: -51.17743350000001,sao paulo,SP,-23.65111484251016,-46.75521082321932,3.0
mc_ID_5309,"Married Male with three children, education: high school degree working as skilled manual",30K+,"Dairy from Dairy department, Ordered Brand : Carlson",20.9317,data: 17.8792,non recyclable,"['Bar For Salad', 'Coffee Bar', 'Florist', 'Ready Food']",Saving Days,De1uxe,4.56Ms,1.7784 Millions,,656.13,436.09,352.0313,uberlandia,MG,-18.925348871775626,-48.24236513543774,SAO PAULO,Sp,-23.49266694338963,-46.649278230509495,5.0
mc_ID_5310,"Single Female with two children, education: partial college working as manual",50k,"Candy from Snacks department, Ordered Brand : Thresher",27.3275,25.73 kg,recyclable,"['Ready Food', 'Coffee Bar', 'Video Store', 'Bar For Salad', 'Florist']",,deluxe,3.74 Millions,1.6082 Millions,1737.1,503.07,335.38,279.5435,cempinas,_Sp,-22.93221846205146,-47.096790459495125,sao paulo,SP,-23.59798552039933,measure: -46.55547278711988,4.0
mc_ID_5311,"Single Male with No children, education: bachelors degree working as professional",50K+ annually,"Snack Foods from Snack Foods department, Ordered Brand : Nationeel",19.4781,17.8792,non recyclable,,Full Free,Supermarket,7.05 Millions,2.82 Millions,1508,227.8,151.9,660.2352,recife,PE,-8.1330811150905,-34.904793597619324,sao paulo,SP_,amount: -23.526629280313223,-46.536471572784215,5.0
mc_ID_5312,"Single Female with three children, education: partial high school working as skilled manual",50K+,"Candy from Snacks department, Ordered Brand : Thresher",30.3801,25.874,non recyclable,"['Video Store', 'Florist', 'Bar For Salad', 'Ready Food', 'Coffee Bar']",One Day Sale,Gourmet,6.84 Millions,2.6676 Millions,1424.85,465.54,310.3,449.1524,sao paulo,5P,-23.56861847821569,-46.58272199999999,,SP,-23.53877907744238,-46.53648566833056,amount: 4.0
mc_ID_5313,"Single Female with four children, education: bachelors degree working as professional",70 Thousand,"Candy from Snacks department, Ordered Brand : Atomic",25.4379,-1.0,non recyclable,"['Bar For Salad', 'Florist', 'Ready Food', 'Coffee Bar']",Promo Big,Deluxe,€7.3M,3.888 Millions,2055.29,654.13,436.09,amount: 267.3576,TAUBA7E,SP,-23.02428824942083,-45.54083048929199,teixeira soares,PR,-25.372899,-50.46185700000001,5.0
mc_ID_5314,"Married Male with No children, education: bachelors degree working as professional",50K+,"Side Dishes from Deli department, Ordered Brand : Lake",20.9317,17.8792,recyclable,,Super Savers, Mid-Size,2.79 Millions,1.0881 Millions,2085.67,783.64,521.34,531.4203,porto seguro,BA,-16.44446967266491,-39.06166956260506,santa barbara d'oeste,SP,val: -22.75967282783305,measure: -47.364736674563375,5.0
mc_ID_5315,"Single Male with three children, education: high school degree working as management",90K+,"Cleaning Supplies from Household department, Ordered Brand : Denny",-29.5079,26.4554,recyclable,"['Video Store', 'Florist', 'Coffee Bar', 'Ready Food', 'Bar For Salad']",Shelf Emptiers,Gourmet,1.02 Millions,0.3672 Millions,1424.85,465.54,311.04,564.2647,gravatai,Rs,-29.94048599009596,-50.9981061223831,curitiba,pR ,-25.454342472387303,-49.22258337676727,5.0
mc_ID_5316,Single Female with five children; education: high school degree working as manual,30K+,"Breakfast Foods from Breakfast Foods department, Ordered Brand : Johnson",15.2627,measure: 10.9019,non recyclable,['Coffee Bar'],Best Price Savers,Sup3rmarket,1.66 Millions,0.581 Millions,1236.07,440.92,293.06,720.5371,rio de janeiro,RJ,-22.968394910900845,-43.18999951289751,belu  horizonte,MG,-19.840168078827364,-43.92329932223438,5.0
mc_ID_5319,Married Male with four children and education: partial high school working as manual,€8K+,"Meat from Deli department, Ordered Brand : Red Spade",17.2978,12.9224,recyclable,"['Bar For Salad', 'Florist', 'Coffee Bar', 'Ready Food']",,Gourmet,$6.88 Millions,2.5456 Millions,1564.76,387.45,256.97,data: 773.0986,rio de janeiro,RJ,val: -22.88236910768082,-43.56762626325808,	MARINGA,PR,-23.377396999935016,-51.93100618003307,val: 3.0
mc_ID_5320,"Married Female with four kidren, education: partial HS working as manual",10K+,"Carbonated Beverages from Beverages department, Ordered Brand : Washington",26.1647,24.7111,recyclable,"['Ready Food', 'Bar For Salad', 'Video Store', 'Florist', 'Coffee Bar']",Pick Your Savings,Deluxe,€6.7M,2.349 Millions,2038.11,481.98,321.26,739.4174,maringa,	pr,amount: -23.40870190356673,-51.94097450684423,Belo Horizonte,MG,-19.878513898894187,-43.95694702879617,amount: 5.0
mc_ID_5321,"Married Female with four children, education: partial high school working as manual",10K+,"Pain Relievers from Health and Hygiene department, Ordered Brand : Consolidated",data: 12.4573,9.5356,recyclable,"['Ready Food', 'Bar For Salad', 'Coffee Bar', 'Florist']",Save Price,DELUXE,2.55 Millions,0.765 Millions,2055.29,656.13,436.09,584.191,Carapicuiba,sp,-23.56573882697004,-46.82322005984521,sao paulo,SP,-23.537511255832708,-46.63705730743676,5.0
mc_ID_5322,"Single Male with one child, education: partial high school working as skilled manual",10K+,"Vegetables from Produce department, Ordered Brand : Hermanos",27.82 lbs,9.71,non recyclable,,Sales Days,Supermarket,5.78 Millions,2.601 Millions,2049.72,457.36,304.69,val: 610.5502,rio de janeiro,rj,-22.898246389561866,-43.58672866214904,sao paulo,SP,val: -23.62615314929649,val: -46.74691974117254,4.0
mc_ID_5323,"Single Male with two children, education: partial high school working as skilled manual",10K+,"Vegetables from Produce department, Ordered Brand : Hermanos",26.60 kg,25.0018,non recyclable,,Weekend Discount,Supermarket,4.36 Millions,2.1364 Millions,1508,227.8,151.9,735.1811,itauna,MG,measure: -20.08212660423176,-44.5732983518722,panapolis,5P,-21.442124375537592,measure: -50.07351408965658,5.0
mc_ID_5324,"Married Female with two kidren, education: HS degree working as skilled manual",30K+,"Snack Foods from Snack Foods department, Ordered Brand : Best Choice",data: 31.3976,28.4904,recyclable,"['Coffee Bar', 'Video Store', 'Bar For Salad', 'Florist', 'Ready Food']",Three for One,De1uxe,€4.6M,2.3048 Millions,1871.16,593.93,394.32,688.3726,rio da janeiro,RJ,-22.93348721120668,-43.24563886482204,sao bernardo do campo,5P,-23.71457923606073,measure: -46.54581156219319,2.0
mc_ID_5325,"Married Female with four children, education: partial high school working as skilled manual",10000,"Cleaning Supplies from Household department, Ordered Brand : Red Wing",28.1997,26.6008,recyclable,['Coffee Bar'],Budget Bargains,Small Grocery,2.92 Millions,1.4016 Millions,1394.66,534.29,356.19,414.8959,itaquaquecetuba,SP,-23.42964782332397,-46.31792079918644,sao paulu,SP,-23.50271592062436,-46.48299647362806,5.0
mc_ID_5327,"Married Male with one child, education: high school degree working as manual",€25K+,"Baking Goods from Baking Goods department, Ordered Brand : BBB Best",18606.00 grams,17.1524,recyclable,,Coupon Spectacular,Mid-Size,1.59 Millions,0.6837 Millions,,,522.49,658.0909,natal,RN,-5.805061455479495,-35.20215321197441,sao paulo,$P,-23.59272363197529,amount: -46.6315844403312,5.0
mc_ID_5331,"Married Female with four children, education: high school degree working as skilled manual",$30K+,"Vegetables from Produce department, Ordered Brand : Tri-State",17.2978,14.376,recyclable,"['Coffee Bar', 'Bar For Salad', 'Florist', 'Video Store', 'Ready Food']",,,$8.79 Millions,2.9007 Millions,1734.5,505.07,333.54,689.0525,francisco morato,sp,val: -23.268297966846376,-46.74331736936852,maua,SP,-23.678798920064235,-46.45947764149177,4.0
mc_ID_5332,"Married Male with No children, education: bachelors degree working as management",€59K+,"Side Dishes from Deli department, Ordered Brand : Lake",20.9317,17.8792,recyclable,"['Coffee Bar', 'Florist']",I Cant Believe It Sale,Mid-Slze,€2.4M,1.1439 Millions,2551.4,391.54,259.66,275.9871,Sao paulo,SP,-23.661877777684808,-46.65707556272721,mesquita,RJ,-22.767224960596728,-43.424453496437685,5.0
mc_ID_5333,"Single Male with one child, education: partial college working as clerical",30K+,"Canned Soup from Canned Foods department, Ordered Brand : Bravo",25.0018,20.641,non recyclable,,,Supermarket,€6.5M,3.825 Millions,1508,227.8,151.9,761.488,VILA vELha,Es,-20.37616120906966,-40.30529402401848,Sao Paulo,SP,-23.555682314184303,-46.63309991286275,measure: 5.0
mc_ID_5334,"Single Female with one child, education: bachelors degree working as professional",50K or more,"Baking Goods from Baking Goods department, Ordered Brand : Landslide",28.0543,23.5482,recyclable,"['Florist', 'Coffee Bar']",Double Your Savings,Mid-Size,5.6 Millions,2.408 Millions,2551.4,,,599.9856,porto alegre,R5,val: -30.01980485899368,-51.178789843470426,Santa Barbara D´Oeste,SP,val: -22.760477687572443,-47.41281121951772,5.0
mc_ID_5336,"Single Male with five children, education: bachelors degree working as management",150K+,"Miscellaneous from Checkout department, Ordered Brand : Black Tie",12.7625,11.2944,recyclable,"['Bar For Salad', 'Coffee Bar', 'Ready Food', 'Video Store', 'Florist']",Shelf Clearing Days,Deluxe,6.28 Millions,1.9468 Millions,1869.57,595.93,395.95,516.7763,Minas Novas,MG,-17.217037330081585,-42.5972618750936,ribeirao preto,	SP,val: -21.17121748495008,-47.81941847157649,measure: 5.0
mc_ID_5337,"Married Male with two children, education: high school degree working as manual",30K or more,"Kitchen Products from Household department, Ordered Brand : Cormorant",11.8759,10.4223,recyclable,"['Ready Food', 'Bar For Salad']",Super Savers,Supermarket,2.08 Millions,0.6656 Millions,2446.98,470.27,312.74,754.7413,arembepe,Ba,-12.7621161537852,-38.18152285695949,votuporañga,SP,-20.42166389708112,-49.96336392178048,1.0
mc_ID_5339,"Married Male with two childern, education: high school degree working as skilled manual",30K+,"Baking Goods from Baking Goods department, Ordered Brand : Super",13.4312,10.5095,non recyclable,"['Florist', 'Coffee Bar', 'Video Store', 'Ready Food', 'Bar For Salad']",Best Savings,Deluxe,6.66 Millions,3.1968 Millions,1871.16,593.93,395.95,278.7067,florianopolis,sk,-27.595379158751264,-48.55382695683541,mogi guacu,SP,-22.3970091627978,-46.94545202732525,measure: 5.0
mc_ID_5340,"Married Male with two children, education: bachelors degree working as professional",150K+,"Vegetables from Canned Foods department, Ordered Brand : Better",23.1121,20.0596,non recyclable,"['Bar For Salad', 'Ready Food']",Super Savers, sUpeRMArkET,"8.49 ,000,000illions",4.1601 Millions,2448.37,470.27,313.55,754.7413,sao paulo,Sp,-23.63633439439665,-46.64885115015292,atibaia,SP,val: -23.112774381969185,-46.5488845105504,2.0
mc_ID_5341,"Married Male with three children, education: partial high school working as management",130K+,"Bread from Baked Goods department, Ordered Brand : Great",16.7163,13.8091,non recyclable,"['Video Store', 'Florist', 'Coffee Bar', 'Bar For Salad', 'Ready Food']",Dimes Off,Deluxe,9.64 Millions,3.9524 Millions,2038.11,,321.26,602.7575,bandeira,MG,-15.884554499999997,val: -40.56399449999999,sumare,SP,-22.828654864562257,data: -47.267296160568925,5.0
mc_ID_5343,"Married Female with four children, education: bachelors degree working as professional",50K+,"Candy from Snacks department, Ordered Brand : Atomic",16.2802,11.9049,non recyclable,"['Coffee Bar', 'Florist', 'Bar For Salad', 'Ready Food', 'Video Store']",,Gourmet,9.99 Millions,3.5964 Millions,--,465.54,310.3,404.3836,aguas de lindoia,SP,-22.47745636162787,-46.63246689302295,ibitinga,SP,-21.7664768468313,-48.83154737836604,4.0
mc_ID_5344,"Marrie Male with No children, education: partial High School working as skilled manual",10K+,"Candy from Snacks department, Ordered Brand : Thresher",14.972,12.0648,recyclable,,Sale Winners,,4.74 Millions,1.8012 Millions,1508,227.8,151.9,720.171,vilhena,RO,-12.746557845117692,-60.145102048037096,sao jose dos pinhais,PR,-25.550486998908475,-49.18996687114555,5.0
mc_ID_5345,"mARRIED mALE WITH TWO CHILDREN, EDUCATION: PARTIAL COLLEGE WORKING AS SKILLED MANUAL",€42K+,"Jams and Jellies from Baking Goods department, Ordered Brand : CDR",11.19 kg,6.8174,non recyclable,"['Bar For Salad', 'Ready Food']",Shelf Clearing Days,supermarket_,"7.24 ,000,000illions",3.62 Millions,2448.37,,313.55,€309.14,sertaozinho,SP,-21.12270565823476,-48.0135887254543,barueri,$P,val: -23.50247657869377,amount: -46.85563438418507,4.0
mc_ID_5346,"Married Male with one child, education: partial college working as professional",30K+,"Carbonated Beverages from Beverages department, Ordered Brand : Excellent",-999.0,7.675,recyclable,"['Florist', 'Bar For Salad', 'Ready Food', 'Coffee Bar', 'Video Store']",Sale Winners,,3.93 Millions,1.7292 Millions,1873.78,593.93,395.95,amount: 519.7574,Juiz De Fora_,MG,-21.75964925062038,-43.353198256592975,sao paulo,SP,-23.65111484251016,-46.75521082321932,5.0
mc_ID_5347,"Married Male with No children, education: partial high school working as manual",120+ monthly,"Snack Foods from Snack Foods department, Ordered Brand : Nationeel",12.0794,-9.1722,non recyclable,"['Bar For Salad', 'Ready Food']",Money Savers,Supermarket,4.95 Millions,2.0295 Millions,2266.65,,568.75,measure: 432.0503,$ao paulo,SP,-23.60520201165676,-46.61844120275258,sAo PaulO,SP,-23.65111484251016,-46.75521082321932,5.0
mc_ID_5348,"SINGLE FEMALE WITH TWO CHILDREN, EDUCATION: HIGH SCHOOL DEGREE WORKING AS MANUAL",30K+,"Meat from Deli department, Ordered Brand : Cutting Edge",18.75 kg,14.376,recyclable,['Coffee Bar'],Promo Big,,7.04 Millions,2.8864 Millions,,330.83,220.55,€315.54,curitiba,pr,-25.549456442408683,-49.25875779739164,sao paulo,sp,-23.50875908021236,-46.602973042876144,4.0
mc_ID_5349,"Single Female with three kids, education: partial high school working as skilled manual",$30K+,"Fruit from Produce department, Ordered Brand : High Top",21.3678,18.3153,non recyclable,,,Supermarket,9.0 Millions,3.6 Millions,,227.8,150.24,350.4623,cuiaba,mt,amount: -15.616298779557065,-56.04740266618328,itaquaquecetuba,SP,-23.48262344063541,-46.37448952833195,4.0
mc_ID_5350,"Single Female with four kids, education: partial high school working as skilled manual",10K+,"Vegetables from Produce department, Ordered Brand : High Top",19.6235,-16.7163,recyclable,['Coffee Bar'],Sale Winners,Small Grocery,3.72 Millions,1.2648 Millions,1394.66,534.29,356.19,577.915,arace,ES,-20.381033844581136,-41.02864251727631,Itatiba,$P,-22.99567770323237,-46.857106243157794,1.0
mc_ID_5351,"Single Male with three kidren, education: bachelors degree working as professional",130K+,"Paper Products from Household department, Ordered Brand : Denny",-17.8792,528.12 oz,recyclable,"['Video Store', 'Florist', 'Ready Food', 'Bar For Salad', 'Coffee Bar']",Big Time Saving,Deluxe,8.73 Millions,2.619 Millions,1871.16,595.93,395.95,676.6574,divinopolis,mg,-20.146615317146374,-44.892591683425806,SAo paUlo,SP,-23.65111484251016,-46.75521082321932,4.0
mc_ID_5352,"Married Female with two kids, education: partial college working as clerical",30K+,"Vegetables from Canned Foods department, Ordered Brand : Blue Label",30.9615,27.909,non recyclable,['Coffee Bar'],Savings Galore,Supermarket,11.12 Millions,5.2264 Millions,1236.07,440.92,,724.5119,porto alegre,RS,-30.00191787642484,-51.12065583605986,lauro de freitas,BA,-12.895112589380958,-38.33895999999978,4.0
mc_ID_5357,"Single Female with three children, education: partial college working as management",70K+,"Plastic Products from Household department, Ordered Brand : High Quality",26.7461,23.6936,non recyclable,"['Bar For Salad', 'Ready Food']",Super Savers,Supermarket ,$10.56 Millions,3.4848 Millions,2448.37,470.27,313.55,754.7413,vitoria,ES,-20.301812139621337,-40.319885561890494,ibitiñga,SP,-21.7664768468313,-48.83154737836604,5.0
mc_ID_5358,"Single Female with one child, education: partial high school working as manual",€8K+,"Cold Remedies from Health and Hygiene department, Ordered Brand : Hilltop",15.4081,12.5009,recyclable,['Coffee Bar'],Super Savers,Supermarket,5.66Ms,1.8678 Millions,1236.07,,293.95,val: 704.2718,Sao Paulo,SP,-23.54108734139297,data: -46.65733920275257,maringa,"Pr
",-23.42880633856904,-51.97183135000928,3.0
mc_ID_5359,"sINGLE mALE WITH THREE CHILDREN, EDUCATION: PARTIAL HIGH SCHOOL WORKING AS SKILLED MANUAL",10K+,"Electrical from Household department, Ordered Brand : Denny",30.8162,29.3626,non recyclable,"['Bar For Salad', 'Ready Food', 'Florist', 'Coffee Bar', 'Video Store']",Super Savers, Delux3,6.81 Millions,2.1792 Millions,1523.27,373.1,250.01,755.9442,juina,MT,amount: -11.418759603270525,-58.77167173409165,sao paulo,sp,amount: -23.59798552039933,-46.55547278711988,4.0
mc_ID_5360,Single Male with three children; education: partial high school working as manual,10K+,"Paper Products from Household department, Ordered Brand : Cormorant",measure: 8.8815,5.9743,recyclable,,Super Savers,Mid-Size,4.9Ms,2.058 Millions,2085.67,783.64,522.49,531.4203,florianopolis,Sk,-27.615683275030417,-48.58766573385637,CAMPINAS,SP,-22.88255076242137,-47.04691965736627,5.0
mc_ID_5361,"Married Male with three children, education: bachelors degree working as professional",50K+,"Snack Foods from Snack Foods department, Ordered Brand : Fort West",12.0939,data: 9.1722,non recyclable,"['Florist', 'Ready Food', 'Bar For Salad', 'Coffee Bar']",Price Winners,Gourme7,9.2 Millions,3.312 Millions,1567.56,385.45,256.97,data: 769.7514,campina grande,Pb,-7.224416528449408,-35.91923870413756,sao paulo - sp,SP,-23.60520201165676,-46.61844120275258,5.0
mc_ID_5362,"Single Male with one child, education: partial college working as management",70K+,"Fruit from Canned Products department, Ordered Brand : Toucan",24.4204,22.8214,non recyclable,"['Video Store', 'Coffee Bar', 'Florist', 'Bar For Salad', 'Ready Food']",GLD,dE1UxE,4.14 Millions,1.2834 Millions,1871.16,,,484.1411,aNAnIndEua,Pa,-1.3530243841636622,-48.37987589266907,sao paulo,$P,-23.646246311207523,-46.66349868836885,4.0
mc_ID_5365,"Single Female with two children, education: bachelor'ss degree working as professional",90K+,"Snack Foods from Snack Foods department, Ordered Brand : Nationeel",16.2802,14.6813,non recyclable,,,Supermarket,10.38 Millions,3.4254 Millions,2052.5,457.36,304.91,610.5502,belo horizonte,MG,-19.88561895920133,amount: -43.93859494364943,Salto,SP,-23.20591698084141,-47.307845865803,5.0
mc_ID_5366,"Single Female with one child, education: partial college working as manual",50K+,"Pain Relievers from Health and Hygiene department, Ordered Brand : Steady",15.6988,12.7916,recyclable,"['Ready Food', 'Coffee Bar', 'Florist', 'Bar For Salad', 'Video Store']",Big Time Saving,Deluxe,$3.48 Millions,1.4616 Millions,1737.35,503.07,336.44,279.5435,quirinopolis,GO,-18.456132837578057,amount: -50.45264691362931,_sao paulo,SP,val: -23.51845531779098,-46.53268368206479,4.0
mc_ID_5367,"Married Female with two children, education: partial high school working as professional",110K+,"Candy from Snacks department, Ordered Brand : Atomic",25.4379,22.5307,non recyclable,"['Ready Food', 'Florist', 'Coffee Bar', 'Bar For Salad']",Promo Big,Deluxe,6.48 Millions,2.7864 Millions,2055.5,654.13,435.67,267.3576,novarussas,CE,-4.718573972226268,-40.56079296286107,"belo horizonte
",Mg,-19.809042328611024,-43.99006964195861,5.0
mc_ID_5368,"Single Male with four children, education: partial HS working as manual",10 Thousand,"Meat from Meat department, Ordered Brand : Gerolli",amount: 28.3451,-25.4379,recyclable,"['Bar For Salad', 'Coffee Bar', 'Ready Food', 'Florist', 'Video Store']",Dimes Off,Deluxe,4.02 Millions,1.7688 Millions,1871.19,593.93,unknown,474.7271,porto alegre,rs,-30.02772762392521,-51.1870826147786,caruaru,PE,-8.28465051618529,measure: -35.96975637467875,4.0
mc_ID_5369,"SiNgLe fEmAlE WiTh nO ChIlDrEn, EdUcAtIoN: hIgH ScHoOl dEgReE WoRkInG As pRoFeSsIoNaL",€110K+,"Fruit from Produce department, Ordered Brand : Tri-State",amount: 30.5255,-29.0719,recyclable,['Florist'],Roller Savings (High) ,Supermarket,7.28 Millions,2.4024 Millions,1320.15,523.32,348.85,532.6232,RIO DE JANEIRO,RJ,-22.94765411102769,-43.33860615583707,sao paulo,SP,-23.547285965837776,-46.56940937552652,5.0
mc_ID_5371,"Married Male with one child , education: bachelors degree working as professional",70K+,"Meat from Frozen Foods department, Ordered Brand : Carrington",31.2522,28.3451,recyclable,['Florist'],Best Savings,SUperMARkEt,"2.48 ,000,000illions",0.992 Millions,1322.28,523.32,348.85,val: 281.4786,araguari,MG,-18.661271127499028,-48.18276806455944,santo andre,_SP,-23.665703457960586,-46.51808196779969,data: 1.0
mc_ID_5373,"Married Male with one child, education: partial high school working as skilled manual",30K+,"Starchy Foods from Starchy Foods department, Ordered Brand : Discover",data: 28.0543,25.0018,non recyclable,,Price Destroyers,"5upermarket
",$4.94 Millions,1.7784 Millions,2049.72,457.36,306.32,325.6198,capinzel,Sç,-27.376096118250835,-51.59534294949204,sao paulo,SP,-23.541941545934563,-46.49095488842404,amount: 3.0
mc_ID_5374,"Single Male with two children, education: bachelors degree working as professional",To Be Determined,"Bread from Baked Goods department, Ordered Brand : Sphinx",26.31,23.4028,non recyclable,"['Florist', 'Coffee Bar', 'Ready Food', 'Bar For Salad', 'Video Store']",Full Free,Deluxe ,$5.08 Millions,1.9304 Millions,1733.81,505.07,,measure: 752.2309,sao joao de merlti,RJ,data: -22.81252761048903,-43.38758516830393,londrina,pR,-23.309902583386343,-51.172848272548926,1.0
mc_ID_5375,"Married Male with four children, education: bachelors degree working as professional",30K+,"Fruit from Produce department, Ordered Brand : Ebony",17.007,measure: 14.0853,non recyclable,"['Florist', 'Ready Food', 'Coffee Bar', 'Bar For Salad', 'Video Store']",Price Cutters,D3LUxE,€2.3M,0.9384 Millions,1523.27,373.1,248.79,642.0871,santo andre,SP,data: -23.644438912091005,-46.53988531353385,jau_,SP,-22.27568678711987,-48.542599749927895,4.0
mc_ID_5377,"Married Male with one child, education: bachelors degree working as professional",50000,"Vegetables from Produce department, Ordered Brand : Tell Tale",-19.6235,16.7163,non recyclable,,Full Free,SUPERMARKET,5.44 Millions,2.6656 Millions,1508,227.8,,660.2352,sao paulo,5P,-23.5818119866698,-46.64479190896761,patos de minas,MG,-18.60497691187199,-46.52154885505743,amount: 5.0
mc_ID_5378,"Single Female with No children, education: high school degree working as manual",30K+,"Vegetables from Produce department, Ordered Brand : Ebony",11.7741,measure: 8.8669,recyclable,"['Bar For Salad', 'Ready Food', 'Coffee Bar', 'Florist', 'Video Store']",Money Savers,Deluxe ,7.8 Millions,3.12 Millions,1524.02,373.1,247.75,560.656,brasilia ,DF,-15.84494561197996,-47.98527498130505,"apucarana
",PR ,-23.552512530494816,-51.46349357996916,5.0
mc_ID_5379,"Single Male with No children, education: partial high school working as manual",10K+ annually,"Vegetables from Canned Foods department, Ordered Brand : Bravo",19.4781,16.4256,non recyclable,"['Coffee Bar', 'Florist', 'Bar For Salad', 'Ready Food']",Shelf Emptiers,"Gourmet
",1.74 Millions,0.783 Millions,1564.86,,256.97,773.0986,sao paulo,"SP
",-23.4719444074384,-46.59864459256161,guariba,SP,-21.36235769739203,-48.232975701561735,4.0
mc_ID_5380,"Married Male with five children, education: partial high school working as professional",90000,"Snack Foods from Snack Foods department, Ordered Brand : Fort West",13.2858,amount: 8.9251,non recyclable,"['Florist', 'Bar For Salad', 'Coffee Bar', 'Video Store', 'Ready Food']",,	deluxe,4.2 Millions,1.806 Millions,1869.61,593.93,,343.611,osasco,SP,-23.49708886034903,-46.771496572731024,SAo jOSe dO RIO PreTo,Sp,-20.80243626346376,-49.39562406741489,5.0
mc_ID_5381,"Married Female with one child, education: partial college working as management",50K+,"Jams and Jellies from Baking Goods department, Ordered Brand : BBB Best",24.7111,20.3503,recyclable,"['Bar For Salad', 'Ready Food']",Price Destroyers,,4.83 Millions,2.1735 Millions,2265.9,855.22,,$601.71,oSasCo,SP,-23.530733634456787,-46.80171451027177,IGARACU DO TIETE,SP,-22.51225020394538,-48.55643861501519,1.0
mc_ID_5382,"Single Female with four children, education: high school degree working as professional",130K+,"Snack Foods from Snack Foods department, Ordered Brand : Nationeel",24.8564,20.4957,recyclable,"['Bar For Salad', 'Coffee Bar', 'Florist', 'Ready Food', 'Video Store']",Lottery Cash Registerion,Deluxe_,13.24 Millions,3.972 Millions,1732.94,503.07,335.62,£365.68,votorantim,SP,-23.57105743712856,-47.45745448568884,s@o paulo,SP,-23.541941545934563,amount: -46.49095488842404,5.0
mc_ID_5383,"Single Female with five children, education: partial high school working as skilled manual",10K+,"Fruit from Produce department, Ordered Brand : Tell Tale",-30.3801,27.3275,recyclable,"['Florist', 'Ready Food', 'Video Store', 'Bar For Salad', 'Coffee Bar']",Sale : Double Down,Deluxe,5.7 Millions,2.451 Millions,1734.5,503.07,335.38,265.6317,belo horizonte,MG,-19.881438098245752,-43.91679121149515,sao pauIo,SP,,,3.0
mc_ID_5384,"Single Male with one child, education: partial high school working as manual",120+ monthly,"Specialty from Produce department, Ordered Brand : High Top",21.0771,nil,recyclable,,GLD,Supermark3t,€6.9M,2.5296 Millions,2049.72,457.36,303.46,697.7866, maringa,PR,-23.40545272144952,-51.89969510559497,praia grande ,SP,-24.026786758814687,-46.49304889148245,5.0/5.0
mc_ID_5385,"Married Female with two children, education: high school degree working as skilled manual",30K+,"Vegetables from Produce department, Ordered Brand : Hermanos",19.9142,15.4081,non recyclable,"['Bar For Salad', 'Ready Food', 'Florist', 'Coffee Bar']",,Deluxe,11.36 Millions,5.112 Millions,2056.77,656.13,436.09,382.0515,Agua Boa,MT,data: -14.047602159984944,-52.15582597611705,SAO PAULO,SP,-23.539494799586286,-46.63284391414975,measure: 5.0
mc_ID_5386,"Single Male with four children, education: high school degree working as manual",30K or more,"Snack Foods from Snack Foods department, Ordered Brand : Horatio",18.0246,14.972,non recyclable,,Promo Big,,2.28 Millions,1.026 Millions,2049.72,,304.91,data: 515.2596,sao PAULo,Sp,-23.551013388568272,-46.44848890729416,çampo limpo paulista,SP_,-23.20706431353269,-46.760735214610754,5.0
mc_ID_5387,"Married Male with one child, education: partial high school working as manual",10K+,"Fruit from Canned Products department, Ordered Brand : Green Ribbon",25.4379,22.5307,recyclable,['Florist'],Two for One,Supermarket,9.33 Millions,4.2918 Millions,1320.15,523.32,349.95,data: 360.7131,campinas,sp,-22.943830511384977,-47.11233196480047,assis,$P,-22.66272240238052,-50.43776522959186,5.0
mc_ID_5389,"Single Male with two children, education: partial HS working as skilled manual",10K+,"Snack Foods from Snack Foods department, Ordered Brand : Fort West",9.8554,6.9482,non recyclable,"['Video Store', 'Ready Food', 'Bar For Salad', 'Florist', 'Coffee Bar']",Two Day Sale,Gourmet,7.92 Millions,2.9304 Millions,1422.49,465.54,310.3,663.5824,sau paulo,SP,-23.510427444341925,-46.60117949988444,rio do oeste,SC,-27.193200500549096,-49.79406439215644,4.0
mc_ID_5391,"Married Male with one child, education: partial college working as professional",30K+,"Bread from Baked Goods department, Ordered Brand : Great",14.6813,-11.7741,recyclable,"['Video Store', 'Florist', 'Bar For Salad', 'Coffee Bar', 'Ready Food']",Discount Frenzy,deluxe ,7.89 Millions,3.3927 Millions,,593.93,,326.352,bilac,sp,-21.401868898287308,-50.468934178259445,sao paulo,$P,amount: -23.605673521784304,-46.618990239800326,4.0
mc_ID_5392,"Married_Female_with_No_children,_education:_partial_High_School_working_as_skilled_manual",10K+,"Electrical from Household department, Ordered Brand : Red Wing",28.1997,25.1472,recyclable,,Two for One,mId-SIzE,11.52 Millions,4.608 Millions,2819.7,447.7,298.5,€549.60,praiagrande, SP ,-24.03035876380635,-46.51578483014024,lauro de freitas,BA,-12.895112589380958,measure: -38.33895999999978,5.0
mc_ID_5393,"Married Female with No kids, education: partial HS working as manual",10K+,"Vegetables from Produce department, Ordered Brand : High Top",13.5184,val: 10.6112,recyclable,"['Bar For Salad', 'Ready Food']",Full Free,,2.28 Millions,0.7296 Millions,2265.9,855.22,568.75,736.907,paracatu,MG,-17.211337793818256,-46.886436092783214,queimados,rj,data: -22.75207045168108,-43.57632171567059,5.0
mc_ID_5394,"Married Male with four children, education: high school degree working as manual",Income: 30K+,"Cleaning Supplies from Household department, Ordered Brand : Red Wing",22.0946,19.0421,non recyclable,"['Florist', 'Bar For Salad', 'Ready Food', 'Coffee Bar', 'Video Store']",Discount Frenzy,Gourmet,14.75 Millions,5.4575 Millions,1422.37,465.54,,504.9565,fortaleza,Ce,data: -3.8289687157022887,-38.56032979694207,,,,,1.0
mc_ID_5395,"Single Female with two children, education: high school degree working as professional",€93K+,"Snack Foods from Snack Foods department, Ordered Brand : Fast",val: 11.5125,10.0589,recyclable,"['Ready Food', 'Coffee Bar', 'Florist', 'Bar For Salad']",Save Price,Deluxe,8.52 Millions,2.6412 Millions,2056.36,,,584.191,sao paulo,_sp,-23.606158440567068,-46.69703876815752,sao jose dos campos,$p,measure: -23.221431461827063,-45.888163895493165,4.0
mc_ID_5396,"Single Female with one child, education: partial high school working as professional",90K+,"Meat from Deli department, Ordered Brand : Cutting Edge",31.8337,28.7811,recyclable,"['Video Store', 'Bar For Salad', 'Coffee Bar', 'Florist', 'Ready Food']",Three for One,daluxe_,5.28 Millions,1.584 Millions,1871.16,593.93,395.79,688.3726,sao paulo,SP,-23.604979934502826,-46.66715978559067,sao paulo,5P,-23.693985995008337,-46.70188324132953,5.0
mc_ID_5398,"Married Female with four children, education: partial high school working as professional",90k,"Canned Shrimp from Canned Foods department, Ordered Brand : Better",12.4282,9.521,non recyclable,"['Video Store', 'Ready Food', 'Bar For Salad', 'Coffee Bar', 'Florist']",Price Smashers,_Deluxe,€7.8M,2.944 Millions,1525.28,373.1,247.39,499.2035,Rio De Janeiro,RJ,-22.873194922009347,-43.4800636820648,rio de janeiro,Rj,-22.972956517889177,-43.39706327699233,1.0
mc_ID_5399,"Married Male with three children, education: partial college working as professional",130K+,"Pizza from Frozen Foods department, Ordered Brand : Imagine",23.5482,22.0946,recyclable,"['Coffee Bar', 'Florist']",Savings Galore,mid-size,"10.8 ,000,000illions",3.672 Millions,2551.4,389.54,259.66,680.2138,sao paulo,sp,-23.53253894532287,-46.42331708021234,guaru1hos,SP,-23.43410150291419,-46.55347243450285,5.0
mc_ID_5400,"Married Female with three children, education: partial high school working as manual",10K+,"Electrical from Household department, Ordered Brand : Sunset",amount: 27.1822,24.275,recyclable,,Wallet Savers,supermarket,$5.06 Millions,2.1252 Millions,1508,227.8,152.88,277.8699,belo horizonte,	MG,-19.8566927082925,-43.9760083297362,SAltO,SP,-23.194155763010308,-47.26601382366275,4.0
mc_ID_5401,"Married_Male_with_No_children,education:_Bachelors_degree_working_as_professional",50K+,"Baking Goods from Baking Goods department, Ordered Brand : Super",amount: 11.1054,8.1837,non recyclable,"['Bar For Salad', 'Coffee Bar', 'Florist', 'Ready Food']",Price Cutters,Gourmet_,7.24 Millions,3.3304 Millions,1564.86,385.45,256.97,measure: 729.2712,natal,RN,-5.8450761509896445,amount: -35.2423493336027,patos de minas,MG,-18.60497691187199,-46.52154885505743,5.0
mc_ID_5402,"education:_bachelors_degree_working_as_management,_Single_Male_with_one_child",###,"Vegetables from Canned Foods department, Ordered Brand : Pleasant",-14.5359,11.6287,non recyclable,"['Bar For Salad', 'Florist', 'Ready Food', 'Coffee Bar']",Roller Savings (High) ,Gourmat,$2.36 Millions,0.944 Millions,1564.86,385.45,256.97,637.6939,_montezum4,MG,-15.168898456900726,-42.4997178398379,santo andre,SP,-23.639620380229736,measure: -46.50604149140166,val: 4.0
mc_ID_5404,"Single Male with one child, education: bachelors degree working as management",70000,"Snack Foods from Snack Foods department, Ordered Brand : Fast",amount: 15.5534,12.6317,non recyclable,"['Bar For Salad', 'Florist', 'Coffee Bar', 'Ready Food']",Roller Savings (High) ,Gourmet,$4.8 Millions,1.536 Millions,1564.86,385.45,,data: 637.6939,vitoria da conquista_,BA,-14.831473500000005,data: -40.88558250000001,MINEIROS DO TIETE,SP,-22.40983742501461,-48.45042421567509,5.0
mc_ID_5405,"Single Female with one child, education: high school degree working as skilled manual",€25K+,"Bathroom Products from Health and Hygiene department, Ordered Brand : Faux Products",29.2172,27.7636,non recyclable,"['Video Store', 'Ready Food', 'Florist', 'Bar For Salad', 'Coffee Bar']",Two for One,Deluxe,9.12 Millions,3.5568 Millions,,,321.26,358.9349,campinas,SP,-22.98722237101393,-47.151072819246686,betim,MG,-19.941877521944868,-44.11327370697121,5.0
mc_ID_5406,"Single Female with two children , education: partial high school working as manual",Income: 10K+,"Canned Soup from Canned Foods department, Ordered Brand : Better",24.5657,amount: 21.5132,recyclable,"['Florist', 'Bar For Salad', 'Coffee Bar', 'Video Store', 'Ready Food']",,Deluxe,$1.71 Millions,0.5301 Millions,1522.97,373.1,248.79,amount: 746.3733,jacarezinho,-999,-23.15446932554733,-49.976786488459815,joinville,Sk,-26.332309917017685,-48.821610195394975,5.0
mc_ID_5407,Single Female with four kidren; education: bachelors degree working as professional,€59K+,"Plastic Products from Household department, Ordered Brand : High Quality",29.3626,26.4554,recyclable,"['Florist', 'Ready Food', 'Coffee Bar', 'Video Store', 'Bar For Salad']",Price Smashers,Deluxe,9.75 Millions,3.705 Millions,1525.28,373.1,249.38,499.2035,americana, sP,-22.760113693741847,-47.3108787206844,serra negra,SP,-22.596440207291085,measure: -46.71196868822353,5.0
mc_ID_5408,"Single Male with two children, education: high school degree working as skilled manual",Income: 50K+,"Canned Soup from Canned Foods department, Ordered Brand : Blue Label",15.4081,13.9545,recyclable,"['Bar For Salad', 'Ready Food']",,supermarket,5.25 Millions,1.9425 Millions,2268.17,853.22,568.75,553.0202,sao paulo,SP,-23.503585725229385,amount: -46.49214314501703,vicente de carvalho,SP,-23.939318620030072,-46.30539278864907,4.0
mc_ID_5409,"Single Female with one child, education: partial high school working as professional",150K+,"Snack Foods from Snack Foods department, Ordered Brand : Fort West",9.71,14.97 lbs,non recyclable,"['Coffee Bar', 'Video Store', 'Florist', 'Ready Food', 'Bar For Salad']",Price Slashers,Deluxe,7.08Ms,2.1948 Millions,1732.79,,335.97,282.9953,CUrItiba,Pr,-25.43328294393789,val: -49.28042347446478,PEDREIRA,SP,-22.73824150585765,-46.8958585777586,2.0
mc_ID_5410,"Single Male with one child, education: partial HS working as skilled manual",$10K+,"Vegetables from Produce department, Ordered Brand : Ebony",29.07 kg,-999.0,recyclable,,Sales Days,Supermarket,5.66 Millions,1.8112 Millions,2049.72,,304.27,610.5502,arapiraca,Al,-9.739777078090574,amount: -36.65015637115834,Porto A1Egre,RS,-30.03215040714993,-51.2325516998384,5.0/5.0
mc_ID_5411,"MARRIED MALE W/ THREE CHILDREN, EDUCATION: HIGH SCHOOL DEGREE WORKING AS MANUAL",30K+,"Fruit from Produce department, Ordered Brand : Hermanos",23.9843,21.0771,non recyclable,"['Bar For Salad', 'Ready Food']",Roller Savings (High) ,,€7.5M,2.7528 Millions,2265.9,853.22,567.23,amount: 356.4245,Umbauba,SE,-11.383920273492052,data: -37.6605005450275,ribeiraopires,sp ,-23.71719840652404,measure: -46.395777768729744,4.0
mc_ID_5413,"Single Female with two children, education: graduate degree working as professional",90K+,"Snack Foods from Snack Foods department, Ordered Brand : Horatio",8.9832,6.0615,recyclable,"['Video Store', 'Florist', 'Coffee Bar', 'Ready Food', 'Bar For Salad']",Two Day Sale,	deluxe,4.77 Millions,2.385 Millions,1871.16,593.93,394.72,402.0824,Simoes Filho,BA,-12.784545646663265,-38.39048596300195,PRAIA GRANDE,SP,-24.026786758814687,data: -46.49304889148245,2.0
mc_ID_5415,"Single Female with two children, education: partial high school working as skilled manual",$10K+,"Snack Foods from Snack Foods department, Ordered Brand : Nationeel",10.1461,19.16 lbs,non recyclable,['Coffee Bar'],Double Your Savings,,"8.88 ,000,000illions",3.4632 Millions,1237.59,,293.95,493.8689,vitoria,3S,-20.308649814273863,-40.3121400645295,Belo Horizonte,Mg,-19.809042328611024,-43.99006964195861,4.0
mc_ID_5416,"Single Female with three children, education: partial HS working as skilled manual",10K+,"Dairy from Dairy department, Ordered Brand : Gorilla",21.0771,-18.1699,non recyclable,"['Bar For Salad', 'Ready Food']",Go For It,Supermarket,2.67 Millions,1.0413 Millions,2448.37,470.27,312.28,347.1151,espirito santo do turvo,SP,-22.69714428052249,-49.433427048899816,limeira,_SP,-22.56835042131686,-47.44743947974489,5.0
mc_ID_5417,"Single Female with two children, education: partial high school working as manual",10K+,"Eggs from Eggs department, Ordered Brand : Giant",17.7338,14.6813,non recyclable,['Coffee Bar'],Weekend Discount,	Supermarket,6.78 Millions,2.9832 Millions,1234.49,440.92,293.7,698.728,iIhabela,SP,-23.83182304604652,-45.37368542232557,petropolis,RJ,-22.549033360244323,-43.210094724044055,5.0
mc_ID_5418,"Married Male with five children, education: bachelors degree working as management",50K+,"Snack Foods from Snack Foods department, Ordered Brand : Fort West",17.73 kg,13.3585,non recyclable,,Super Wallet Savers,Supermarket,4.68 Millions,1.872 Millions,1508,227.8,152.89,733.1937,vitor1a,Es,-20.258271017529587,-40.26903411769548,joinville,Sc,amount: -26.330548143460163,-48.88090174304856,1.0
mc_ID_5419,"Married Female with three children, education: partial high school working as professional",150K+,"Jams and Jellies from Baking Goods department, Ordered Brand : BBB Best",12.8788,9.9571,recyclable,['Coffee Bar'],Best Price Savers,Supermarket,"2.24 ,000,000illions",0.896 Millions,1236.07,440.92,293.95,val: 720.5371,VIDEIRA,SC,-27.00086872288371,-51.14532022116548,Sao Paulo,sp,-23.693985995008337,-46.70188324132953,data: 3.0
mc_ID_5420,"Single  Male  with  one  child,  education:  partial  high  school  working  as  skilled  manual",30K+,"Bread from Baked Goods department, Ordered Brand : Fantastic",31.1069,26.6008,recyclable,"['Coffee Bar', 'Florist', 'Video Store', 'Bar For Salad', 'Ready Food']",Big Time Saving,Deluxe,7.56 Millions,3.3264 Millions,1734.5,505.07,336.38,279.5435,porto alegre,RS,-30.02772762392521,-51.1870826147786,Sao paULo,SP,-23.49517247515727,val: -46.50119464071786,
mc_ID_5421,Single Female with four children - education: high school degree working as skilled manual,30K+,"Meat from Frozen Foods department, Ordered Brand : Carrington",31.2522,28.3451,recyclable,"['Coffee Bar', 'Video Store', 'Florist', 'Ready Food', 'Bar For Salad']",Sale Winners,,"4.96 ,000,000illions",2.232 Millions,1871.46,595.93,394.16,519.7574,rio de janeiro_,RJ,-22.96587724811021,-43.21897584321064,sao paulo,sp,-23.58343069747245,-46.50203424424373,1.0
mc_ID_5422,"Single Male with one child, education: bachelor'ss degree working as professional",50K+,"Cold Remedies from Health and Hygiene department, Ordered Brand : Bird Call",25.1472,23.5482,non recyclable,,Full Free,,11.56 Millions,3.9304 Millions,1505.86,227.8,151.9,272.2738,sao paulo,SP ,-23.543369802772908,-46.73227360417187,sao berñardo do campo,SP,val: -23.71933860892157,amount: -46.5517479343586,5.0
mc_ID_5423,"Married Female with five children, education: high school degree working as professional",70000,"Snack Foods from Snack Foods department, Ordered Brand : Fort West",16.2802,13.3585,recyclable,"['Video Store', 'Bar For Salad', 'Florist', 'Coffee Bar', 'Ready Food']",Two for One, DeIuxe,2.64 Millions,0.9768 Millions,2038.11,481.98,321.26,358.9349,brasilia_,DF,-15.753295505587056,-47.88821075995372,rio de janeiro,RJ,-22.93125598447676,-43.17881321481337,4.0
mc_ID_5424,"Married Male with one child, education: graduate degree working as professional, education: graduate degree working as professional",110K+,"Baking Goods from Baking Goods department, Ordered Brand : CDR",amount: 31.1069,28.0543,recyclable,"['Coffee Bar', 'Video Store', 'Florist', 'Bar For Salad', 'Ready Food']",,Deluxe,7.04 Millions,3.0272 Millions,1871.16,593.93,397.21,519.7574,rio de janeiro,RJ,-22.99280667740874,-43.44828652055829,holambra,_5P,-22.61429565168213,-47.06761188787577,4.0
mc_ID_5426,"Single Male with three children, education: partial high school working as skilled manual",10 Thousand,"Drinks from Beverages department, Ordered Brand : Token",22.676,19.7689,recyclable,"['Coffee Bar', 'Ready Food', 'Florist', 'Video Store', 'Bar For Salad']",Dimes Off,Deluxe,2.96 Millions,0.888 Millions,1871.46,593.93,396.45,474.7271,blumenau,SC,-26.921174162041066,-49.067103336739535,Santa 	Barbara 	D'Oeste,SP,-22.75967282783305,-47.364736674563375,2.0
mc_ID_5428,"Single Male with two children, education: partial college working as clerical",50K+,"Meat from Meat department, Ordered Brand : Footnote",measure: 18.8967,15.9895,non recyclable,,,Supermarket,4.47 Millions,1.4751 Millions,1508,227.8,152.8,data: 619.0228,_s4o paulo,SP,-23.587259951151253,-46.71949672370017,camPo LImpo paUlIsTa,SP,-23.20706431353269,-46.760735214610754,4.0
mc_ID_5429,"Married Female with No kids, education: bachelors degree working as professional",50K+,"Canned Oysters from Canned Foods department, Ordered Brand : Bravo",28.7811,27.1822,non recyclable,['Florist'],Save Price,Supermarket,6.36Ms,2.9256 Millions,1320.15,525.32,348.85,670.486,santo andre,Sp,-23.670374418102146,val: -46.525675033179645,campo limpo paulista, SP,-23.20706431353269,amount: -46.760735214610754,5.0
mc_ID_5430,"Married Male with five children, education: high school degree working as skilled manual",30K+,"Breakfast Foods from Frozen Foods department, Ordered Brand : PigTail",21.3678,18.3153,non recyclable,"['Ready Food', 'Bar For Salad']",Super Duper Savers,_Supermarket,2.04 Millions,0.8976 Millions,2265.9,853.22,,677.285,SAo PaULo,SP,-23.532711024698507,-46.5329695022217,ribeirao preto, SP,val: -21.174925033585303,-47.7686162776848,5.0
mc_ID_5431,"Married Female with four children, education: partial high school working as management",110K+,"Drinks from Beverages department, Ordered Brand : Fabulous",21.0771,18.1699,non recyclable,"['Ready Food', 'Florist', 'Coffee Bar', 'Bar For Salad', 'Video Store']",Save Price,Deluxe,€7.2M,3.3228 Millions,2038.11,481.98,319.94,284.3028,Serra Dos Aimores,MG,-17.78054551995526,-40.247067202186194,franca,SP,-20.50234199999999,-47.4215895,1.0
mc_ID_5432,"Single Female with three children, education: partial high school working as manual",$50K+,"Canned Soup from Canned Foods department, Ordered Brand : Better",12.123,10.6694,recyclable,"['Ready Food', 'Coffee Bar', 'Florist', 'Bar For Salad', 'Video Store']",,Deluxe,€2.5M,1.26 Millions,1734.5,503.07,335.38,313.0678,sAntO AnDrE,sp,-23.70693595632493,-46.49975110918768,piracicaba,SP,-22.71683928585045,val: -47.65736585405934,2.0
mc_ID_5435,"Single Female with two children, education: high school degree working as skilled manual",30K+,"Snack Foods from Snack Foods department, Ordered Brand : Fort West",17.7338,16.1349,recyclable,"['Coffee Bar', 'Video Store', 'Florist', 'Bar For Salad', 'Ready Food']",Lottery Cash Registerion,"Deluxe
",5.04 Millions,2.52 Millions,1734.5,503.07,335.38,measure: 313.0678,duque de caxias,RJ,-22.620740207119777,-43.203405959181744,Atibaia,SP,-23.112774381969185,-46.5488845105504,1.0
mc_ID_5436,"Married Male with three children, education: partial high school working as skilled manual",10K or more,"Eggs from Eggs department, Ordered Brand : Jumbo",data: 31.8337,27.33 kg,non recyclable,"['Coffee Bar', 'Bar For Salad', 'Florist', 'Ready Food']",Discount Frenzy,deluxe,15.36 Millions,6.144 Millions,2053.95,654.13,435.02,779.6884,SALVADOR,BA,-12.99286035292836,-38.45139313957492,sao paulo,SP,-23.62358155176294,measure: -46.61056007369148,5.0
mc_ID_5437,"Single Male with three childern , education: bachelors degree working as professional",50 Thousand,"Snack Foods from Snack Foods department, Ordered Brand : Nationeel",20.9317,17.8792,recyclable,"['Ready Food', 'Bar For Salad']",,,10.74 Millions,5.2626 Millions,2265.9,853.22,569.9,601.7115,saO JOSe D0s CAMPos,SP,-23.171341746321207,-45.82053206411217,Sa0  Paulo,SP,-23.53877907744238,-46.53648566833056,5.0
mc_ID_5439,"SINGLE MALE WITH NO CHILDREN, EDUCATION: HIGH SCHOOL DEGREE WORKING AS SKILLED MANUAL",30K+,"Vegetables from Produce department, Ordered Brand : Hermanos",25.1472,23.5482,non recyclable,['Coffee Bar'],Best Price Savers,Supermarket,7.72 Millions,2.3932 Millions,1236.07,,295.69,349.2594,sao paulo,sp,-23.532125805701536,-46.725699251889765,baependi,Mg,-21.956309999999995,-44.882378788136165,measure: 2.0
mc_ID_5441,"Married_Male_with_No_kids,_education:_partial_HS_working_as_skilled_manual",10K+,"Vegetables from Frozen Foods department, Ordered Brand : Big Time",27.4729,22.9668,recyclable,,You Save Days,	Supermarket,2.76 Millions,1.2144 Millions,1508,227.8,151.9,565.9906,mairipora,SP,-23.32358162262788,-46.571516434161296,SaO JOsE DO riO prETO,SP,val: -20.84380119949777,-49.36891118527178,3.0
mc_ID_5442,"Single Male with three kids, education: graduate degree working as professional",130k,"Meat from Deli department, Ordered Brand : American",21.5132,20.0596,non recyclable,"['Florist', 'Coffee Bar']",Shelf Clearing Days,,9.51 Millions,3.6138 Millions,,389.54,259.66,267.5668,cachoeirinha,Rs,-29.95928387606828,-51.1074070934673,Not Specified,ES,-20.29753657631548,-40.40086853731229,4.0
mc_ID_5443,"Married Male with two kidren, education: high school degree working as skilled manual",30000,"Electrical from Household department, Ordered Brand : Red Wing",29.944,data: 27.0368,recyclable,"['Bar For Salad', 'Ready Food', 'Video Store', 'Florist', 'Coffee Bar']",Green Light Special,Deluxe,$3.99 Millions,1.8354 Millions,1525.28,373.1,249.85,507.9899,mairipora,"$P
",-23.32358162262788,-46.571516434161296,SAo paULu,Sp,-23.61411790980433,-46.60034800222169,5.0
mc_ID_5445,"Married Male with No children, education: high school degree working as skilled manual",30K+,"Vegetables from Canned Foods department, Ordered Brand : Blue Label",-1.0,27.909,non recyclable,"['Coffee Bar', 'Bar For Salad', 'Ready Food', 'Video Store', 'Florist']",,,$11.12 Millions,5.4488 Millions,1871.16,593.93,395.95,402.0824,hortolandia,SP,-22.862988204938603,-47.21824617249952,sao paulo,SP,-23.537511255832708,-46.63705730743676,2.0
mc_ID_5446,"Single Male with five children, education: high school degree working as skilled manual, Single Male with five children",30K or more,"Vegetables from Produce department, Ordered Brand : High Top",349.69 oz,7.0063,recyclable,"['Video Store', 'Bar For Salad', 'Florist', 'Coffee Bar', 'Ready Food']",GLD,Deluxe,11.55 Millions,4.0425 Millions,1734.92,503.07,335.38,346.5921,Jaboatao Dos Guararapes,pE,-8.149989292999976,-34.95927999999998,itaquaquecetuba,5P,-23.464295023583936,-46.32874959104104,4.0
mc_ID_5447,"Married Female with five children, education: bachelors degree working as management",70k,"Hot Beverages from Beverages department, Ordered Brand : Landslide",21658.50 grams,18.606,non recyclable,"['Bar For Salad', 'Ready Food']",Three for One,Supermarket,8.52 Millions,3.0672 Millions,,,313.55,656.2604,rio de janeiro,RJ,-22.916702672883986,-43.57893967565988,Sao Pau1O,SP,-23.615020791563268,-46.47934165652957,data: 5.0
mc_ID_5449,"MaRrIeD MaLe wItH No cHiLdReN, eDuCaTiOn: GrAdUtE DeGrEe wOrKiNg aS PrOfEsSiOnAl",110K+,"Fruit from Canned Products department, Ordered Brand : Toucan",26.0193,22.9668,recyclable,,You Save Days,Supermarket_,"5.6 ,000,000illions",1.736 Millions,1508,227.8,,565.9906,mogi das cruzes,SP,-23.51937483109403,-46.19269037743349,ibitinga,	SP,-21.7664768468313,val: -48.83154737836604,5.0
mc_ID_5450,"mARRIED fEMALE WITH FOUR KIDS, EDUCATION: HIGH SCHOOL DEGREE WORKING AS SKILLED MANUAL",30K+,"Vegetables from Frozen Foods department, Ordered Brand : PigTail",11.2944,8.3727,non recyclable,"['Coffee Bar', 'Video Store', 'Florist', 'Bar For Salad', 'Ready Food']",,Deluxa,4.71 Millions,1.6014 Millions,1871.16,593.93,395.95,484.1411,vitoria,E5,-20.314995822898226,-40.30466594728476,campinas,SP,-22.92991227115403,-47.07189552530681,5.0
mc_ID_5452,"Single Female with one child, education: bachelors degree working as professional",50K+,"Vegetables from Canned Foods department, Ordered Brand : Pleasant",28.9265,val: 25.874,recyclable,['Florist'],Sale : Double Down,,7.62 Millions,2.4384 Millions,1318.41,523.32,348.85,292.6708,santa b@rbara d'oeste,SP,-22.75967282783305,-47.364736674563375,santo andre,sp,-23.665703457960586,-46.51808196779969,5.0
mc_ID_5453,"single female with no kidren, education: bachelor'ss degree working as management",70K+,"Fruit from Produce department, Ordered Brand : Hermanos",10.306,312.26 oz,non recyclable,"['Bar For Salad', 'Coffee Bar', 'Ready Food', 'Video Store', 'Florist']",One Day Sale,D3luxe,$3.78 Millions,1.2096 Millions,,481.98,321.26,767.3456,Sanclerlandia,GO,-16.198963890864043,-50.31227642007455,ribeirao preto ,SP,-21.17121748495008,-47.81941847157649,5.0
mc_ID_5454,"Married Male with three kids, education: partial college working as clerical",30K+,"Side Dishes from Deli department, Ordered Brand : Red Spade",24.5657,21.5132,non recyclable,['Florist'],Sale Winners,supermarket,2.04 Millions,0.8364 Millions,1317.33,523.32,348.44,770.6405,guaiba,	r$,val: -30.11082611949453,-51.36376683789562,barretus,SP,-20.5342210194687,-48.56356843130872,4.0
mc_ID_5456,"Single Male with four children, education: high school degree working as skilled manual",30k,"Candy from Snacks department, Ordered Brand : Thresher",25.4379,23.9843,recyclable,"['Florist', 'Video Store', 'Bar For Salad', 'Coffee Bar', 'Ready Food']",,Delux3,13.76 Millions,4.6784 Millions,,593.93,395.95,343.611,Osasco,SP,data: -23.530135197563727,-46.77720142479202,guarulhos,SP,-23.453200132516344,-46.484469408993874,4.0
mc_ID_5457,"Single Male with one child, education: partial high school working as professional",150K+,"Plastic Products from Household department, Ordered Brand : Denny",9.928,7.0063,recyclable,,One Day Sale,Mid-Size,9.72 Millions,2.916 Millions,2822.48,449.7,298.5,767.3456,medianeira ,PR,-25.291725444450297,-54.10023587801571,_ribeirao preto,SP,-21.17121748495008,-47.81941847157649,3.0
mc_ID_5458,"Single Female with four children, education: high school degree working as professional",150K+,"Dairy from Dairy department, Ordered Brand : Carlson",15.6988,14.2452,non recyclable,"['Bar For Salad', 'Ready Food']",Price Cutters,Supermarket,$11.91 Millions,4.5258 Millions,2265.9,853.22,568.75,761.0696,Salvador,ba,-12.97475359838998,-38.4543338315252,presidente prudente,SP,-22.09785593377639,-51.40156940368525,1.0
mc_ID_5459,"Single Female with one child, education: bachelors degree working as professional",50K+,"Dairy from Dairy department, Ordered Brand : Gorilla",data: 30.8162,29.3626,recyclable,"['Bar For Salad', 'Ready Food']",Super Duper Savers,SUPERMARKET,10.64 Millions,4.1496 Millions,2265.9,853.22,567.24,677.285,praia grande,SP,-24.016283558765817,-46.39843570349071,"sao paulo
",SP,,,5.0
mc_ID_5461,"Single Female with No children, education: bachelors degree working as management",$150K+,"Fruit from Produce department, Ordered Brand : Tri-State",11.0618,6.7011,non recyclable,"['Ready Food', 'Bar For Salad']",Full Free,Supermarket,5.88 Millions,2.352 Millions,2265.9,,568.7,736.907,osasco,SP,-23.513743681472377,-46.80485744091285,sao pau1o,SP,data: -23.554079433810344,-46.53324185942636,5.0
mc_ID_5462,"Married Male with four children, education: high school degree working as skilled manual",30K+,"Vegetables from Produce department, Ordered Brand : High Top",13.5184,10.6112,recyclable,,Roller Savings (High) ,Supermarket,1.71 Millions,0.513 Millions,1508,,,379.7503,brasilia,DF,-15.71343955842804,-47.88547783028448,IBITINGA,SP ,-21.7664768468313,-48.83154737836604,val: 2.0
mc_ID_5463,"Single Female with four children, education: high school degree working as skilled manual",30K+,"Dairy from Dairy department, Ordered Brand : Gorilla",amount: 26.4554,22.0946,recyclable,,Two for One,supermarket,7.16 Millions,2.148 Millions,2049.72,457.36,304.91,300.8296,bandeirantes,PR,-23.12380122496577,-50.37285801357385,Jacarei,SP,data: -23.29818595956356,-45.974828011182304,5.0
mc_ID_5466,"Married Male with four children, education: high school degree working as manual",€25K+,"Snack Foods from Snack Foods department, Ordered Brand : Best Choice",23.4028,21.9493,non recyclable,"['Florist', 'Coffee Bar', 'Bar For Salad', 'Ready Food']",,"Deluxe
",5.26 Millions,2.3144 Millions,2055.29,654.13,436.09,measure: 352.0313,BR@siLIA,DF,-15.848767641268472,amount: -48.03324800952432,maringa,PR,-23.377396999935016,-51.93100618003307,measure: 1.0
mc_ID_5468,"Single Male with five children, education: partial high school working as skilled manual",120+ monthly,"Snack Foods from Snack Foods department, Ordered Brand : Fast",15.2627,13.8091,recyclable,"['Ready Food', 'Florist', 'Bar For Salad', 'Video Store', 'Coffee Bar']",Go For It,"Deluxe
","3.36 ,000,000illions",1.176 Millions,2038.11,481.98,321.26,455.3761,sao pauIo,5P,measure: -23.67208977101971,-46.739566162646405,_votuporanga,SP,-20.405604560394835,-49.99195266803888,5.0
mc_ID_5469,"Single Female with three children,education: bachelors degree working as professional",70K+,"Meat from Frozen Foods department, Ordered Brand : Carrington",13.6638,12.1956,non recyclable,"['Ready Food', 'Coffee Bar', 'Bar For Salad', 'Florist', 'Video Store']",Sale Sale Sale,Deluxe,9.68 Millions,4.356 Millions,1526.71,373.1,250.79,amount: 722.6814,brasilia,DF,-15.861219982039,amount: -48.09050137567823,rio de janeiro,RJ,-22.93781597002137,-43.17619884430715,amount: 5.0
mc_ID_5471,"Single Male with No children, education: partial high school working as manual",10K+ annually,"Paper Products from Household department, Ordered Brand : Sunset",16.8617,15.4081,recyclable,"['Coffee Bar', 'Florist', 'Bar For Salad', 'Ready Food']",Shelf Emptiers,Gourmet,7.12Ms,2.7056 Millions,1563.34,385.45,256.97,data: 773.0986,belo horizonte,MG,-19.90514649708581,-43.95631225047614,maua,sp,-23.68011442853022,-46.4524537436668,5.0
mc_ID_5472,Single Female with No children + education: bachelors degree working as management,70k,"Frozen Desserts from Frozen Foods department, Ordered Brand : Big Time",measure: 26.7461,25.1472,recyclable,"['Video Store', 'Ready Food', 'Florist', 'Bar For Salad', 'Coffee Bar']",Big Time Saving,Deluxe,4.5 Millions,1.71 Millions,1873.73,,397.49,676.6574,sao paulo_,SP,amount: -23.512283612268444,-46.56782303996194,sAO PauLO,SP,measure: -23.48029674271453,-46.71122495337295,5.0
mc_ID_5474,"Single Male with three children, education: partial high school working as skilled manual",10K+,"Plastic Products from Household department, Ordered Brand : Denny",9.928,7.0063,recyclable,,Sale Winners,SUPERMARKET,9.72 Millions,3.4992 Millions,1505.94,229.8,151.14,720.171,caraubas,rm,val: -5.801016329339574,-37.56153059735327,sao paulo,SP,-23.625590333054426,-46.73905080544173,4.0
mc_ID_5475,"Single Male with two kids, education: high school degree working as manual",Income: 50K+,"Snack Foods from Snack Foods department, Ordered Brand : Nationeel",-13.9981,-1.0,recyclable,"['Florist', 'Ready Food', 'Coffee Bar', 'Bar For Salad', 'Video Store']",Price Slashers,Deluxe,"5.58 ,000,000illions",2.3436 Millions,1525.28,373.1,248.79,403.9652,Sao Paulo,5P,-23.598441932829385,-46.52704633847878,rio de janeiro,RJ ,data: -22.87471779793991,-43.348188021524514,5.0
mc_ID_5476,"Single Male with five children , education: High School degree working as skilled manual",30K+ annually,"Kitchen Products from Household department, Ordered Brand : Red Wing",-12.7771,8.4018,non recyclable,"['Florist', 'Ready Food', 'Coffee Bar', 'Bar For Salad']",Full Free,Deluxe,###,3.0771 Millions,2057.74,654.13,,amount: 570.3838,Guarulhos,SP,-23.435049027756925,-46.40011952262103,sao paulo,SP,-23.59272363197529,val: -46.6315844403312,4.0
mc_ID_5477,"Single Female with five children, education: partial high school working as professional",90K+ annually,"Seafood from Seafood department, Ordered Brand : Tip Top",amount: 30.9615,29.3626,recyclable,"['Florist', 'Bar For Salad', 'Video Store', 'Ready Food', 'Coffee Bar']",One Day Sale,Gourmet,14.4 Millions,5.184 Millions,1427.55,465.54,310.68,449.1524,pindamonhangaba,SP,-22.893786522549128,-45.38053653505862,PRAIA GRANDE,sp,-24.011288218359883,-46.41873374429398,5.0
mc_ID_5478,"Single Female with four children, education: high school degree working as skilled manual",30000,"Snack Foods from Snack Foods department, Ordered Brand : Fort West",26.1647,24.7111,non recyclable,,Mystery Sale,SUPERMARKET,4.65Ms,2.046 Millions,1623.48,341.05,227.33,718.9681, Brasilia,DF,-15.764859000000005,-47.88795375000001,sao paulo,SP,-23.59272363197529,-46.6315844403312,5.0
mc_ID_5479,"Married Female with one child, education: high school degree working as manual",30000,"Paper Products from Household department, Ordered Brand : High Quality",15.2627,data: 10.9019,non recyclable,"['Ready Food', 'Bar For Salad']",,Supermarket,$5.06 Millions,1.9228 Millions,2448.37,470.27,314.53,656.2604,limeira,sP,-22.57487785152052,-47.416177053147926,Santa Rita Do Sapucai ,MG,-22.243203015748463,amount: -45.71330344759827,data: 5.0
mc_ID_5480,"Single Female with four children, education: partial HS working as manual",10K+,"Specialty from Produce department, Ordered Brand : Tell Tale",16.7163,12.3555,recyclable,,Savings Galore,Supermarket,11.04 Millions,4.416 Millions,,457.36,305.7,714.2611,curitiba,PR,val: -25.393345281980704,-49.35098627800838,sao paulo,SP,-23.54279940605341,-46.595165217323526,5.0
mc_ID_5481,"Single Male with two children, education: partial high school working as manual",30K or more,"Snack Foods from Snack Foods department, Ordered Brand : Nationeel",17.8792,16.4256,recyclable,"['Bar For Salad', 'Coffee Bar', 'Ready Food', 'Florist']",Two Day Sale,Gourmet,5.64Ms,2.7636 Millions,1562.35,385.45,255.25,486.9653,pocosdecaldas,MG,-21.801414691524894,-46.54455938110862,sau paulo,SP,-23.61411790980433,amount: -46.60034800222169,5.0
mc_ID_5482,"Married Male with one child, education: Bachelors degree working as professional",110k,"Dairy from Dairy department, Ordered Brand : Booker",25.1472,22.0946,recyclable,,GLD,	SUPERMARKET,4.35 Millions,1.3485 Millions,2049.72,459.36,304.91,697.7866,livramento de nossa senhora,Ba ,-13.649606510639636,-41.84169289659037, sao paulo,Sp,-23.554079433810344,-46.53324185942636,4.0
mc_ID_5483,"Single Female with four kidren, education: high school degree working as skilled manual",30K+,"Canned Shrimp from Canned Foods department, Ordered Brand : Blue Label",-12.8788,9.9571,non recyclable,"['Video Store', 'Florist', 'Ready Food', 'Bar For Salad', 'Coffee Bar']",Lottery Cash Registerion,,11.44Ms,4.9192 Millions,1737.13,503.07,335.38,500.9294,Bento Goncalves,RS,amount: -29.190008917676018,-51.50806143040303,sao paulo,SP,-23.56336298733478,-46.4596838214109,4.0
mc_ID_5485,"mARRIED fEMALE WITH nO CHILDREN, EDUCATION: BACHELORS DEGREE WORKING AS PROFESSIONAL",50K+,"Vegetables from Produce department, Ordered Brand : Ebony",29.0719,26.1647,recyclable,,,,$8.49 Millions,2.8866 Millions,1508,,,614.002,joinvill3,Sk,-26.302574503750908,measure: -48.85193236372555,Belo Horizonte,Mg,-19.878513898894187,-43.95694702879617,1.0
mc_ID_5486,"Marrie Male with three children, education: partial college working as clerical",30K+,"Vegetables from Canned Foods department, Ordered Brand : Bravo",-23.5482,20.641,non recyclable,['Florist'],Best Savings,Sup3rmarket,9.84 Millions,3.444 Millions,1320.15,523.32,349.66,281.4786,maRinGa,PR,-23.443459676669885,-51.93287204648106,florianupolis,SC,-27.590329257833734,-48.52015089439666,4.0
mc_ID_5487,"Single Male with one child, education: high school degree working as professional",70K or more,"Cleaning Supplies from Household department, Ordered Brand : Sunset",data: 23.8389,measure: 20.7864,recyclable,"['Bar For Salad', 'Coffee Bar', 'Florist', 'Video Store', 'Ready Food']",Pick Your Savings,Deluxe,5.55 Millions,1.665 Millions,,,395.25,295.4427,erecHIm, RS,-27.63476848098565,-52.28029411864509,ibltinga,SP,-21.7664768468313,-48.83154737836604,3.0
mc_ID_5488,"Married Female with No children, education: partial high school working as manual",10k,"Pain Relievers from Health and Hygiene department, Ordered Brand : Consolidated",-14.5359,amount: 11.6287,recyclable,['Coffee Bar'],Sale : Double Down,supermarket,€10.1M,5.373 Millions,1236.07,440.92,293.95,309.5637,vitoria ,ES,-20.28599942388992,-40.30067364294738, sao jose dos campos ,SP,-23.18093790397594,amount: -45.86936250721335,5.0
mc_ID_5489,"Single Male with four children, education: high school degree working as skilled manual",30K+ annually,"Vegetables from Canned Foods department, Ordered Brand : Better",15.8442,12.9224,recyclable,"['Florist', 'Bar For Salad', 'Ready Food', 'Video Store', 'Coffee Bar']",Two for One,Deluxe,3.48 Millions,1.3572 Millions,2038.11,481.98,321.26,358.9349,guarulhos,sP,-23.441633350539565,-46.52250973688615,sao paulo - sp,$P,-23.60520201165676,-46.61844120275258,1.0
mc_ID_5490,"Single Female with four children, education: high school degree working as management",110K+ annually,"Meat from Deli department, Ordered Brand : Lake",24.5657,22.9668,recyclable,,Full Free,SUPERMARKET,9.96 Millions,4.7808 Millions,1508,227.8,151.9,272.2738,Santa Vitoria Do Pa1Mar,RS,amount: -33.525600570674555,-53.366420074758125,maringa,PR,-23.437975269077903,-51.91385959802448,measure: 3.0
mc_ID_5492,"Single Female with two children, education: partial high school working as management",70K+ annually,"Bread from Baked Goods department, Ordered Brand : Fantastic",29.7987,26.8915,non recyclable,,,supermarket,9.32 Millions,4.4736 Millions,1508,227.8,151.9,val: 735.1811,santos,"sp
",-23.96112504302036,-46.32316061267247,ponte nova,MG,-20.415339248383304,-42.89153741877715,amount: 5.0
mc_ID_5493,"Single Male with two children, education: high school degree working as skilled manual",$30K+,"Jams and Jellies from Baking Goods department, Ordered Brand : Plato",18.4606,15.4081,recyclable,['Coffee Bar'],Sale Winners,Small Grocery,4.56 Millions,2.0064 Millions,2069.04,330.83,220.62,564.9446,juazeiro do n0rte,Ca,-7.201908,-39.320293500000005,campo limpo paullsta,SP,-23.20706431353269,-46.760735214610754,5.0
mc_ID_5494,"Single Female with five kids, education: high school degree working as manual",€25K+,"Vegetables from Produce department, Ordered Brand : Tri-State",11.8759,8.9687,non recyclable,"['Bar For Salad', 'Florist', 'Ready Food', 'Video Store', 'Coffee Bar']",Dimes Off,Deluxe,$5.88 Millions,2.2344 Millions,2038.11,481.98,321.26,amount: 602.7575,"ponta grossa
",PR,-25.141482662760595,-50.1521622594887,santu andre,Sp,val: -23.645729347481154,-46.518892643487824,Rating: 5.0
mc_ID_5495,"Married Male with one child, education: high school degree working as professional",110K+,"Jams and Jellies from Baking Goods department, Ordered Brand : BBB Best",13.6347,data: 10.7275,recyclable,,Go For It, Mid-size ,4.95 Millions,1.782 Millions,2085.67,,522.49,717.3991,BRASILIA,DF,-15.78622682820994,amount: -48.13030013702988,jau,SP,-22.27568678711987,-48.542599749927895,5.0
mc_ID_5496,"Married Male with three children, education: bachelors degree working as management",50K+,"Vegetables from Produce department, Ordered Brand : Ebony",31.3976,29.944,non recyclable,"['Coffee Bar', 'Florist', 'Bar For Salad', 'Ready Food', 'Video Store']",GLD, Deluxe ,1.92Ms,0.5952 Millions,1873.96,595.93,396.02,484.1411,sao jose dos campos,SP,-23.15960926262757,-45.90885480860288,_sao pAULo,SP,-23.532447184574945,-46.61401961463438,data: 2.0
mc_ID_5499,"Single Female with two children, education: partial high school working as skilled manual",10K+,"Snack Foods from Snack Foods department, Ordered Brand : Fast",12.1956,amount: 7.8349,recyclable,['Coffee Bar'],Double Your Savings,_Supermarket,8.7 Millions,4.263 Millions,1238.89,440.92,293.42,493.8689,ribeirao pires_,_sp,-23.70628654550823,measure: -46.41361115899485,salto,SP,-23.20591698084141,-47.307845865803,4.0
mc_ID_5501,"education: bachelors degree working as professional, Married Male with two children",90K+,"Pizza from Frozen Foods department, Ordered Brand : Imagine",24.5657,21.5132,recyclable,['Florist'],You Save Days,supermarket,2.28 Millions,1.0944 Millions,1320.15,523.32,,689.3663,"parnaiba
",Pl,-2.920469920183138,-41.75504882825015,AndrADAs,SP,amount: -22.07406456966723,-46.5864399743845,5.0
mc_ID_5502,"Single Female with one kid, education: high school degree working as manual",30K+,"Vegetables from Canned Foods department, Ordered Brand : Better",12.5009,11.0473,non recyclable,"['Bar For Salad', 'Ready Food', 'Florist', 'Coffee Bar']",Dollar Days,Deluxe,$1.8 Millions,0.666 Millions,2055.29,654.13,434.51,725.9763,CAXIAS DO SUL,rs,-29.15937450115852,-51.16824032553391,PrAia grAnDE,SP,-24.011288218359883,-46.41873374429398,1.0
mc_ID_5503,"Married Female with one child, education: high school degree working as manual, Married Female with one child",30K+,"Frozen Desserts from Frozen Foods department, Ordered Brand : Golden",26.4554,25.0018,non recyclable,"['Ready Food', 'Bar For Salad']",,Supermarket,7.35Ms,3.4545 Millions,2265.9,855.22,570.67,€470.07,mongagua,sp,-24.11716945934433,-46.701075415691164,canoas,r$,-29.914668849530724,-51.14844143722624,5.0
mc_ID_5504,"Married Male with five children, education: bachelors degree working as professional",110K+,"Candles from Household department, Ordered Brand : Denny",29.3626,26.4554,recyclable,"['Ready Food', 'Bar For Salad', 'Coffee Bar', 'Florist']",Discount Frenzy,DELUXE,5.9 Millions,2.655 Millions,2055.29,654.13,437.25,amount: 779.6884,RIO DE JANEIRO,RJ,-23.010698995411467,-43.33245982226944,penapolis,$p,-21.442124375537592,val: -50.07351408965658,5.0
mc_ID_5505,"Married Male with No children, education: bachelors degree working as professional",50K+,"Jams and Jellies from Baking Goods department, Ordered Brand : Plato",30.3801,25.874,non recyclable,"['Ready Food', 'Coffee Bar', 'Bar For Salad', 'Video Store', 'Florist']",Tip Top Savings,Deluxe,$1.46 Millions,0.4672 Millions,1732.12,503.07,,287.127,sao paulo,SP,-23.63874234192172,-46.63180247157553,artur nogueira,Sp,-22.559120480675748,-47.16516839542564,4.0
mc_ID_5508,"Married Female with No kids, education: bachelors degree working as professional",$50K+,"Side Dishes from Deli department, Ordered Brand : Red Spade",24.275,21.3678,recyclable,"['Ready Food', 'Coffee Bar', 'Florist', 'Video Store', 'Bar For Salad']",One Day Sale,g0urmet,€7.9M,4.092 Millions,1424.85,465.54,310.3,449.1524,santo andre,SP,-23.63501354177962,-46.50399501887012,sao paulu,Sp,-23.681542547319527,-46.70780575451552,4.0
mc_ID_5509,"Married Female with five children, education: partial high school working as skilled manual",50 Thousand,"Plastic Products from Household department, Ordered Brand : Sunset",27.6183,24.7111,non recyclable,,Budget Bargains,Supermarket,7.77 Millions,2.5641 Millions,2048.04,457.36,304.91,708.665,sao paulo,"SP
",amount: -23.586590996393323,-46.55774404010617,peDreIra,5P,-22.73824150585765,-46.8958585777586,4.0
mc_ID_5510,"Married Female with one child, education: partial college working as professional",30K+,"Snack Foods from Snack Foods department, Ordered Brand : Fast",27.0368,24.1296,recyclable,,Saving Days,Supermarket,2.2 Millions,0.902 Millions,1508,227.8,,619.0228,campo limpo paulista,sp,-23.20706431353269,-46.760735214610754,Ribeirao Preto,Sp,-21.1575781634253,-47.81743621509692,4.0
mc_ID_5512,"Married Female with two children, education: bachelors degree working as professional",70K+,"Pain Relievers from Health and Hygiene department, Ordered Brand : Bird Call",974.21 oz,-999.0,recyclable,"['Coffee Bar', 'Florist', 'Ready Food', 'Video Store', 'Bar For Salad']",,deLuxe,4.76Ms,1.6184 Millions,1734.5,503.07,335.38,419.9167,_Volta Grande,MG,-21.769150075768952,-42.53885130446079,sao paulo,SP,-23.65111484251016,-46.75521082321932,
mc_ID_5513,"Married_Female_with_No_children,_education:_partial_high_school_working_as_management",110K+,"Hygiene from Health and Hygiene department, Ordered Brand : Hilltop",28.7811,25.7286,recyclable,"['Ready Food', 'Florist', 'Bar For Salad', 'Video Store', 'Coffee Bar']",Price Slashers,_deluxe,4.8 Millions,2.16 Millions,1733.12,503.07,335.38,282.9953,brasilia,DF,-15.639619383972343,val: -47.804546933208144,sao paulo,SP,-23.539494799586286,val: -46.63284391414975,4.0
mc_ID_5516,"Married Female with five children, education: partial high school working as skilled manual",10000,"Dairy from Dairy department, Ordered Brand : Booker",9.1576,7.704,recyclable,"['Coffee Bar', 'Ready Food', 'Florist', 'Bar For Salad', 'Video Store']",Super Savers,DELUXE_,5.36 Millions,1.8224 Millions,1525.28,373.1,248.79,755.9442,jeremoabo,Ba,-9.868628404236617,-38.89767225678937,sao pauIo,SP,-23.566230979700467,-46.58020347785505,4.0
mc_ID_5518,"Single  Male  with  two  children,  education:  high  school  degree  working  as  skilled  manual",30K+,"Meat from Deli department, Ordered Brand : Cutting Edge",16.2802,13.3585,non recyclable,"['Bar For Salad', 'Video Store', 'Coffee Bar', 'Florist', 'Ready Food']",Price Destroyers,Deluxe,5.9 Millions,2.95 Millions,,481.98,,777.2826,rio de jeneiro,RJ ,-22.88641096422165,-43.3508660295746,ITATIB@,Sp,-22.99567770323237,-46.857106243157794,3.0
mc_ID_5519,"Single Female with three children, education: partial high school working as professional",Income: 130K+,"Snack Foods from Snack Foods department, Ordered Brand : Horatio",17.1524,14.2452,non recyclable,"['Coffee Bar', 'Florist', 'Bar For Salad', 'Ready Food']",Saving Days,Gourmet,10.77 Millions,3.6618 Millions,1564.86,385.45,256.02,474.0995,contagem,MG,-19.91676365397662,-44.07284081323001,santos,SP,-23.93465945090488,-46.331065142884974,5.0
mc_ID_5520,"Single Female with four kids, education: high school degree working as professional",70K+,"Magazines from Periodicals department, Ordered Brand : Mighty Good",measure: 26.6008,data: 25.0018,recyclable,['Coffee Bar'],,Supermarket,3.28 Millions,1.312 Millions,,440.92,293.95,402.6054,vila velha,E$,-20.37616120906966,-40.30529402401848,p1rituba,SP,-23.49065997530149,-46.7284764394945,1.0
mc_ID_5521,"Married Female with four children, education: partial High School working as skilled manual",30K+,"Vegetables from Frozen Foods department, Ordered Brand : Big Time",measure: 12.3555,val: 9.4484,non recyclable,"['Ready Food', 'Florist', 'Bar For Salad', 'Coffee Bar']",Price Winners,Gourme7,14.28 Millions,6.7116 Millions,1564.86,,256.97,769.7514,indaiatuba,SP,-23.0836437668634,-47.20306975013413,curitiba_,PR,-25.454342472387303,-49.22258337676727,5.0
mc_ID_5522,"Single Female with three children, education: high school degree working as skilled manual",30000,"Vegetables from Frozen Foods department, Ordered Brand : Imagine",24.8564,21.9493,non recyclable,"['Ready Food', 'Bar For Salad']",Super Duper Savers,Sup3rmarket,€6.4M,2.646 Millions,,855.22,,677.285,Parati,RJ,-23.226942512091888,-44.72617217705374,barueri,SP,-23.491791912543025,-46.94733309700014,1.0
mc_ID_5524,"Single_Female_with_three_children,_education:_bachelors_degree_working_as_professional",70K+,"Dairy from Dairy department, Ordered Brand : Gorilla",-1.0,amount: 10.7421,recyclable,['Florist'],,Supermarket,2.44 Millions,0.9516 Millions,,525.32,,279.1251,Porto Alegre,rs,-30.03173353621104,-51.20999096863639,jacutinga,"MG
",-22.28444973167148,measure: -46.613499420805184,5.0
mc_ID_5525,"Single Female with four children, education: graduate degree working as management",130K+,"Frozen Desserts from Frozen Foods department, Ordered Brand : Golden",26.4554,881.91 oz,non recyclable,"['Ready Food', 'Bar For Salad']",,Supermarket,9.8 Millions,4.802 Millions,2265.9,,568.75,327.9733,sao paulo,SP,-23.50313753733621,measure: -46.609684480437394,sao PaULO,SP,-23.65111484251016,-46.75521082321932,5.0
mc_ID_5527,"Married Female with two children, education: high school degree working as skilled manual",30K or more,"Dairy from Dairy department, Ordered Brand : Booker",10.8002,6.4249,non recyclable,"['Coffee Bar', 'Ready Food', 'Bar For Salad', 'Florist']",Discount Frenzy,Deluxe,2.01 Millions,0.8241 Millions,2052.53,654.13,,779.6884,praia grande,SP,amount: -24.01470689291156,-46.46219541245336,Sao Bernardo Do Campo,SP,-23.66148702746846,-46.56416174311855,val: 5.0
mc_ID_5530,"Single Male with four children, education: high school degree working as manual",30k,"Specialty from Produce department, Ordered Brand : Tell Tale",data: 11.4398,amount: 9.9716,non recyclable,['Coffee Bar'],Savings Galore,Supermarket,€11.6M,5.168 Millions,1236.76,440.92,,724.5119,B1Umenau,SC,-26.89871292062437,-49.088533432136906,Sao Paulo,SP,val: -23.59798552039933,-46.55547278711988,5.0
mc_ID_5531,"Single Male with three kids, education: partial high school working as skilled manual",10000,"Carbonated Beverages from Beverages department, Ordered Brand : Token",-11.1054,6.7301,recyclable,['Florist'],Save It (Sale),,$3.4 Millions,1.156 Millions,1320.15,523.32,348.85,427.7617,belo horizonte,mG,-19.938406212043407,amount: -43.93702206884405,sao bernardo do campo,SP,-23.66148702746846,data: -46.56416174311855,5.0
mc_ID_5532,"Married Male with one child, education: high school degree working as manual",$30K+,"Snack Foods from Snack Foods department, Ordered Brand : Horatio",23.4028,21.9493,non recyclable,"['Ready Food', 'Florist', 'Coffee Bar', 'Bar For Salad']",,Deluxe,"7.52 ,000,000illions",3.2336 Millions,,654.13,436.95,267.3576,rio de janeiro,RJ,val: -22.957687381721165,amount: -43.605057974498,Borda Da Mata,MG,-22.264093569966427,-46.15856420525942,5.0
mc_ID_5533,"Married Male with three children, education: high school degree working as manual",30K+,"Specialty from Produce department, Ordered Brand : Tri-State",25.4379,22.5307,recyclable,,Price Cutters,mid-sIzE,4.62 Millions,1.386 Millions,2086.77,783.64,522.49,324.7307,sao paulo,Sp,-23.563144561198005,-46.62658014155458,salvador,ba,...,-38.45526521634257,4.0
mc_ID_5534,"Married Male with two kids, education: graduate degree working as professional",150K+,"Magazines from Periodicals department, Ordered Brand : Gauss",22.8214,-19.7689,recyclable,"['Ready Food', 'Bar For Salad']",Two for One,Supermarket,2.49 Millions,1.0458 Millions,2265.9,853.22,568.75,555.426,salvador,B@,-12.94891394169844,-38.37875335542604,belo horizonte,"mg
",-19.878513898894187,-43.95694702879617,4.0
mc_ID_5535,"Married Female with two children, education: partial high school working as manual",10K+ annually,"Baking Goods from Baking Goods department, Ordered Brand : BBB Best",22.5307,-1.0,recyclable,"['Bar For Salad', 'Ready Food']",Coupon Spectacular,$Upermarket,€3.9M,2.1252 Millions,2265.9,853.22,566.82,amount: 269.1881,SANTO 	ANDRE,sp,measure: -23.66033225007211,val: -46.52820295475792, P3NAPOLIS ,SP,-21.426570046543283,-50.06791761043272,data: 5.0
mc_ID_5536,"Single Female with one child,education: high school degree working as management",150K+,"Frozen Desserts from Frozen Foods department, Ordered Brand : Big Time",25.2925,23.6936,recyclable,['Florist'],Price Destroyers,Supermarket,€7.4M,3.9285 Millions,1323.14,523.32,,710.8616,rio de janeiro,RJ,-22.855066576172977,-43.33105776963473,guarulhos,$P,-23.425946339725343,-46.42940633972533,val: 1.0
mc_ID_5537,"Single Female with one child, education: partial High School working as manual",30K+,"Meat from Deli department, Ordered Brand : Red Spade",27.7636,23.4028,non recyclable,"['Bar For Salad', 'Florist', 'Coffee Bar', 'Video Store', 'Ready Food']",,Deluxe,6.99 Millions,2.1669 Millions,2038.11,481.98,321.6,453.9117,divinopolls,Mg,-20.146615317146374,-44.892591683425806,sao paulo,sP,-23.54927699639332,-46.52600554010618,5.0
mc_ID_5538,"Single Female with two children, education: partial high school working as professional",70 Thousand,"Snack Foods from Snack Foods department, Ordered Brand : Best Choice",14.5359,val: 11.6287,non recyclable,['Coffee Bar'],,,2.65 Millions,0.9275 Millions,1423.37,398.93,267.77,713.5289,Sao Paulo,5P,-23.53845497307979,-46.5185546194818,"laranjal paulista
",$P,-23.03582473318652,-47.8363026594829,5.0
mc_ID_5539,"Single Female with three children, education: high school degree working as management",90K+,"Hot Beverages from Beverages department, Ordered Brand : Landslide",14.2307,24.93 lbs,recyclable,['Coffee Bar'],Sale Sale Sale,Supermarket,6.96 Millions,2.9232 Millions,1236.07,440.92,293.95,473.7334,diad3ma,SP,measure: -23.68674443213689,-46.62957957175823, ribeirao preto ,Sp,data: -21.21227916180968,-47.78815176242136,val: 5.0
mc_ID_5540,"Married_Male_with_four_childern,_education:_partial_high_school_working_as_skilled_manual",$10K+,"Meat from Deli department, Ordered Brand : Cutting Edge",26.4554,-25.0018,non recyclable,"['Video Store', 'Florist', 'Ready Food', 'Bar For Salad', 'Coffee Bar']",Save Price,deLuxe,4.59 Millions,2.295 Millions,1734.5,503.07,335.38,419.9167,mogi das cruzes,SP,-23.51937483109403,-46.19269037743349,curitiba,PR,-25.4335612739339,-49.29695352080336,5.0
mc_ID_5541,"Single Female with three children, education: high school degree working as manual",30K+,"Eggs from Eggs department, Ordered Brand : Jumbo",31.8337,27.3275,non recyclable,"['Coffee Bar', 'Ready Food', 'Bar For Salad', 'Video Store', 'Florist']",Sale : Double Down,Deluxe,€6.5M,2.9952 Millions,1526.13,373.1,248.79,data: 746.3733,adamantina,$P,-21.68804676595129,data: -51.08242332977711,sao paulo,sp,-23.49592311073923,amount: -46.66043045184373,4.0
mc_ID_5546,"Single Female with four kidren, education: partial high school working as manual",10K+,"Dairy from Dairy department, Ordered Brand : Gorilla",-19.0421,14.6813,recyclable,"['Coffee Bar', 'Ready Food', 'Bar For Salad', 'Video Store', 'Florist']",Lottery Cash Registerion,Deluxe,$10.77 Millions,4.2003 Millions,1734.5,503.07,334.57,313.0678, $Ao PAUlo,SP,-23.572060847625384,-46.636136837497816,santo andre,SP,-23.61571809769749,-46.53118432278263,5.0
mc_ID_5547,Married Female with three children and education: bachelors degree working as management,50K+,"Candy from Snacks department, Ordered Brand : Musial",14.972,-10.6112,non recyclable,['Coffee Bar'],Savings Galore, Supermarket,9.42 Millions,3.297 Millions,1236.07,440.92,,724.5119,timon, MA ,amount: -5.108989760189881,-42.83752199795326,	LAGES,Sç,-27.81568867055225,val: -50.33589889924407,5.0
mc_ID_5548,"Married Male with three children, education: bachelors degree working as professional",110K+,"Plastic Products from Household department, Ordered Brand : Cormorant",24.8564,23.4028,recyclable,,Super Savers,Supermarket,10.72 Millions,4.3952 Millions,2049.72,457.36,304.91,339.8977,mata de sao joao,ba,-12.52815758562462,val: -38.29617604710042,_volta redonda,5P,-22.498182754371285,val: -44.12361371579433,4.0
mc_ID_5549,"Married Male with four children, education: partial high school working as skilled manual",30K+,"Kitchen Products from Household department, Ordered Brand : Cormorant",25.7286,22.8214,recyclable,"['Florist', 'Bar For Salad', 'Coffee Bar', 'Ready Food', 'Video Store']",Pick Your Savings,Gourmet,$11.16 Millions,4.6872 Millions,1424.36,465.54,310.83,351.7175,ananindeua, PA ,-1.3840326356793753,-48.40836101974514,sao paulo,sp,measure: -23.621229639188645,-46.66566413488948,5.0
mc_ID_5550,"Married Female with four children, education: high school degree working as professional",90K+,"Vegetables from Frozen Foods department, Ordered Brand : Imagine",56.72 lbs,-22.8214,recyclable,['Coffee Bar'],Two Day Sale,SUPERMARKET,"6.88 ,000,000illions",2.8208 Millions,,440.92,292.25,data: 477.3944,sao joao de meriti,RJ,-22.79910606797413,-43.36712197720967,atibaia,SP,-23.112774381969185,-46.5488845105504,4.0
mc_ID_5551,Married Female with one child; education: partial high school working as manual,10K+,"Pizza from Frozen Foods department, Ordered Brand : Imagine",10.0007,7.0935,recyclable,"['Florist', 'Coffee Bar', 'Ready Food', 'Bar For Salad']",Best Price Savers,GOURMET,$3.1 Millions,1.24 Millions,1564.86,385.45,256.22,558.1979,RIO DE JANEIRO,RJ,-22.88688293782105,-43.365750051474464,petropolis,RJ,val: -22.549033360244323,-43.210094724044055,
mc_ID_5555,"Married Female with five children, education: high school degree working as management",110K+,"Vegetables from Canned Foods department, Ordered Brand : Just Right",-22.0946,19.0421,non recyclable,['Coffee Bar'],Discount Frenzy,Small Grocery,€9.8M,4.0215 Millions,2069.04,330.83,,570.2269,criciuma,Sc,data: -28.692420266801093,-49.38370589578162,guarulhos,sp,amount: -23.459393645572977,-46.56533488185765,3.0
mc_ID_5557,"Single Female with No children, education: bachelors degree working as professional",50K+,"Fruit from Produce department, Ordered Brand : Ebony",17.007,val: 14.0853,non recyclable,"['Florist', 'Bar For Salad', 'Ready Food', 'Coffee Bar']",Roller Savings (High) , Gourmet ,1.84 Millions,0.8832 Millions,1564.86,385.45,256.97,637.6939,nova lima,MG,-20.024391972702404,-43.82237654520721,@SSIS,SP,-22.657282312191057,-50.41657037194679,5.0
mc_ID_5560,"Married Male with No children, education: high school degree working as manual",30K+,"Candy from Snacks department, Ordered Brand : Gulf Coast",19.1874,14.6813,non recyclable,"['Coffee Bar', 'Video Store', 'Ready Food', 'Florist', 'Bar For Salad']",Fantastic Discounts,Gourmet,13.72 Millions,5.8996 Millions,1424.85,465.54,,718.9158,guarulhos,Sp,-23.46307610751172,-46.51553610303015,SAO LUIS_,MA,-2.546079233971952,measure: -44.3089863702464,5.0
mc_ID_5563,"Married_Male_with_three_kidren,_education:_partial_high_school_working_as_skilled_manual",30K+,"Vegetables from Frozen Foods department, Ordered Brand : Carrington",9.9862,8.5181,non recyclable,"['Ready Food', 'Coffee Bar', 'Florist', 'Bar For Salad']",,Deluxe,1.84 Millions,0.736 Millions,2055.29,654.13,436.09,364.2695,rio de janeiro,RJ,measure: -23.0043086872296,-43.32450783783356,sao bernardo do campo, sp ,-23.70899726008409,-46.54812620982171,5.0
mc_ID_5564,"Married Male with five children, education: high school degree working as skilled manual",30K+,"Vegetables from Produce department, Ordered Brand : Hermanos",23.4028,20.4957,recyclable,"['Coffee Bar', 'Florist', 'Ready Food', 'Bar For Salad', 'Video Store']",Price Slashers,deluxe,16.35 Millions,5.0685 Millions,1734.5,503.07,335.38,282.9953,patOs DE MINas,MG,-18.575402441317745,-46.482093941317736,penapolis,sp,-21.426570046543283,-50.06791761043272,3.0
mc_ID_5565,Married Male with two kids; education: HS degree working as management,130K+,"Dairy from Dairy department, Ordered Brand : Even Better",11.6578,8.7506,non recyclable,"['Florist', 'Bar For Salad', 'Ready Food', 'Coffee Bar']",Saving Days,De1uxe,$2.5 Millions,1.225 Millions,2055.44,654.13,,352.0313,sa0 joao,PR,amount: -25.833485153761792,-52.73114333335846,marilia,Sp,-22.193082052455427,-49.948926747706174,4.0
mc_ID_5566,"Married Female with four children, education: partial high school working as management",130K+,"Vegetables from Frozen Foods department, Ordered Brand : Big Time",-13.9109,12.4428,recyclable,"['Florist', 'Ready Food', 'Video Store', 'Coffee Bar', 'Bar For Salad']",Dimes Off,Deluxe,2.86 Millions,0.9438 Millions,1869.89,593.93,395.95,474.7271,sao paulo,SP,-23.499083916977654,-46.63226647191997,PRAIA GRANDE,sp,-24.011288218359883,data: -46.41873374429398,5.0
mc_ID_5567,"Married Female with one child, education: partial high school working as skilled manual",30K+,"Snack Foods from Snack Foods department, Ordered Brand : Horatio",28.4904,25.5832,non recyclable,"['Ready Food', 'Video Store', 'Bar For Salad', 'Coffee Bar', 'Florist']",Sale : Double Down,Deluxe,$6.81 Millions,2.3154 Millions,1734.5,503.07,335.38,265.6317,sao jose da tapera,A1,-9.560354288001047,-37.37983664590461,contagem ,MG,data: -19.973247970932068,-44.04300362581713,5.0
mc_ID_5570,"Married Female with three children, education: bachelors degree working as professional",70K+,"Bread from Baked Goods department, Ordered Brand : Modell",22.5307,19.6235,recyclable,"['Bar For Salad', 'Ready Food', 'Coffee Bar', 'Florist', 'Video Store']",Price Winners,,7.86 Millions,2.9868 Millions,2038.11,481.98,321.26,val: 453.9117,rio de janeiro,Rj,amount: -22.906162445467107,-43.56901475728546,Porto Ferreira, Sp ,-21.858555070695942,-47.48403458197557,5.0
mc_ID_5571,"Single Male with three kidren, education: partial high school working as skilled manual",10K+,"Snack Foods from Snack Foods department, Ordered Brand : Fast",31.543,27.1822,recyclable,"['Coffee Bar', 'Ready Food', 'Florist', 'Bar For Salad', 'Video Store']",Pick Your Savings,deluxe,11.61 Millions,3.8313 Millions,1871.16,593.93,395.95,€251.13,itajai,$C ,-26.939148384202333,-48.691224733151856,SA0 PAULO,SP,-23.611654194010004,-46.63258761587511,1.0
mc_ID_5572,"Married Female with two children, education: bachelors degree working as professional",10000,"Paper Products from Household department, Ordered Brand : High Quality",10.6984,7.7913,recyclable,['Coffee Bar'],One Day Sale,Small Grocery,2.47 Millions,1.1609 Millions,1423.37,?,266.85,625.6126,rio de janeiro,RJ ,amount: -22.864778868805185,-43.5715998508552,sao paulo, SP ,-23.59798552039933,-46.55547278711988,4.0
mc_ID_5573,"Single Male with four children, education: high school degree working as manual",30K+,"Frozen Entrees from Frozen Foods department, Ordered Brand : Big Time",15.8442,12.9224,recyclable,"['Bar For Salad', 'Florist', 'Video Store', 'Ready Food', 'Coffee Bar']",Sale Sale Sale,Gourmet,19.55 Millions,6.0605 Millions,1424.85,465.54,310.3,304.1768,sao paulo,SP,val: -23.537309857060443,-46.6787664476888,_sao paulo,SP,-23.50751845268047,amount: -46.6174707485429,5.0
mc_ID_5574,"Maried Female with three children, education: batchelors degree working as management",$70K+,"Pure Juice Beverages from Beverages department, Ordered Brand : Washington",13.0387,10.1315,recyclable,,,Supermerket,"7.77 ,000,000illions",2.4087 Millions,,,151.9,720.171,Uniao De Mlnas,MG,val: -19.52847532881349,-50.33530002477182,ribeirao preto,SP,-21.174925033585303,-47.7686162776848,1.0
mc_ID_5575,"Married Male with five children, education: bachelors degree working as management, education: bachelors degree working as management",$30K+,"Fruit from Produce department, Ordered Brand : Ebony",26.8915,23.9843,recyclable,"['Coffee Bar', 'Florist', 'Bar For Salad', 'Ready Food']",Discount Frenzy,Deluxe,"11.08 ,000,000illions",3.324 Millions,2056.77,654.13,,779.6884,tapirai,$P,-23.96310790033352,-47.503957613539335,curit1ba,PR,-25.508669747227305,-49.33026677895873,5.0
mc_ID_5576,"Married Female with two kids, education: high school degree working as manual",30K+ annually,"Bread from Baked Goods department, Ordered Brand : Sphinx",26.31,-23.4028,non recyclable,"['Bar For Salad', 'Ready Food', 'Video Store', 'Coffee Bar', 'Florist']",Super Duper Savers,Deluxe,2.54 Millions,0.889 Millions,1525.28,373.1,,...,ilheus,BA,measure: -14.820535612979878,-39.03132950572518,SAO PAULO,SP,-23.67774108964741,-46.66864662392521,4.0/5.0
mc_ID_5577,"Married Female with three children, education: partial high school working as skilled manual",30K+,"Electrical from Household department, Ordered Brand : Sunset",15.8442,12.9224,recyclable,"['Ready Food', 'Bar For Salad']",Price Cutters,Supermarket,€8.9M,3.2457 Millions,2265.9,853.22,568.75,761.0696,atibaia,Sp,-23.13303983152522,-46.568457780599005,piracicaba,"5P
",-22.71683928585045,-47.65736585405934,4.0
mc_ID_5578,"SiNgLe fEmAlE WiTh tWo cHiLdReN, eDuCaTiOn: BaChElOr'sS DeGrEe wOrKiNg aS PrOfEsSiOnAl",90K+,"Hardware from Checkout department, Ordered Brand : Akron",16.571,-14.972,recyclable,,Sales Days,Supermarket,7.04 Millions,3.168 Millions,2047.78,457.36,304.94,610.5502,niteroi,RJ,-22.95950249166516,-43.054551923240766,curitlba,sp,-25.453155877315545,-49.2850395992267,5.0
mc_ID_5582,"Married Male with three children, education: bachelors degree working as professional",50K+,"Starchy Foods from Starchy Foods department, Ordered Brand : Medalist",20.2049,17.1524,recyclable,"['Florist', 'Bar For Salad', 'Ready Food', 'Video Store', 'Coffee Bar']",Shelf Emptiers,,11.4 Millions,5.586 Millions,,465.54,310.22,564.2647,porto alegre,RS,amount: -30.04841850983909,-51.20840841355522,jacarei,SP,-23.29818595956356,amount: -45.974828011182304,5.0
mc_ID_5583,"Single Female with two children, education: bachelors degree working as professional",50K+,"Paper Products from Household department, Ordered Brand : Denny",25.0018,22.0946,recyclable,,Price Slashers,Supermarket,"11.56 ,000,000illions",3.468 Millions,1626.11,341.05,227.33,277.0331,sao paulo,SP,-999,-46.4596838214109,salto,SP,-23.194155763010308,-47.26601382366275,2.0
mc_ID_5585,"Married Female with two children, education: high school degree working as skilled manual.",30K+,"Paper Products from Household department, Ordered Brand : High Quality",15.2627,10.9019,non recyclable,"['Bar For Salad', 'Ready Food']",Price Cutters,sUpeRMaRKEt,7.59 Millions,3.1119 Millions,2265.9,853.22,568.75,761.0696,sau jose dos campos,SP,-23.28969934194122,-45.88788224868712,campo limpo paulista,SP,val: -23.20706431353269,-46.760735214610754,4.0
mc_ID_5587,"Married Female with four children, education: bachelors degree working as professional",€42K+,"Breakfast Foods from Breakfast Foods department, Ordered Brand : Johnson",16.1349,14.6813,non recyclable,"['Bar For Salad', 'Ready Food', 'Florist', 'Video Store', 'Coffee Bar']",,,2.28 Millions,0.7752 Millions,2038.25,481.98,321.26,358.9349,rio de janeiro,RJ,-22.93827739912851,-43.195598256997016,Sao Jose Do Rio Preto,SP,-20.76204413802884,-49.36125669828399,5.0
mc_ID_5588,"married male with two kids, education: high school degree working as skilled manual",30K+,"Snack Foods from Snack Foods department, Ordered Brand : Best Choice",data: 21.8039,17.4431,non recyclable,"['Video Store', 'Ready Food', 'Florist', 'Bar For Salad', 'Coffee Bar']",Two Day Sale,gourmet,11.85 Millions,3.9105 Millions,1424.85,465.54,309.98,val: 783.1925,$AO PAULO,sp,-23.45543839716661,-46.74349258148175,çampinas,SP,-22.895876357204664,-47.0791850342778,4.0
mc_ID_5589,"Married Female with two children, education: bachelors degree working as management",90K+,"Baking Goods from Baking Goods department, Ordered Brand : Super",measure: 25.7286,22.8214,non recyclable,"['Coffee Bar', 'Ready Food', 'Florist', 'Bar For Salad', 'Video Store']",Price Slashers,,8.49 Millions,3.5658 Millions,,373.1,248.79,403.9652,Salvador,ba,-12.914409453891103,-38.43994021531397,sau paulo,SP,-23.609026190856948,-46.65965657991232,measure: 3.0
mc_ID_5590,"Married Male with two children, education: high school degree working as skilled manual",30K+ annually,"Candy from Snacks department, Ordered Brand : Atomic",15.8442,14.376,recyclable,"['Bar For Salad', 'Ready Food']",Sales Days,Supermarket,2.7 Millions,0.972 Millions,2267,853.22,568.34,327.9733,morrinhos,GO,-17.729883908082964,-49.12801264983615,belo horizont3,MG,-19.92468463835193,-43.90432264946042,3.0
mc_ID_5592,"Married Male with No kidren, education: partial high school working as manual",10K+,"Dairy from Dairy department, Ordered Brand : Even Better",21.2225,18.3153,non recyclable,,,Deluxe,14.0 Millions,4.62 Millions,1871.16,,395.95,484.1411,RecIFe,PE,-8.02746534332621,-34.91569324340702, itapecerica da serra ,SP,-23.72033746105922,-46.85362208015704,10.0/10
mc_ID_5594,"Single Male with two kids, education: partial high school working as manual",10 Thousand,"Kitchen Products from Household department, Ordered Brand : High Quality",30.0894,28.6358,recyclable,"['Ready Food', 'Bar For Salad', 'Video Store', 'Florist', 'Coffee Bar']",Sale : Double Down,Deluxe,8.43 Millions,3.4563 Millions,1525.28,373.1,247.52,data: 278.2883,ubirata,PR,-24.552941779969952,-52.99142768075954,birigui,SP,-21.301705697260985,-50.33198634467411,5.0
mc_ID_5596,"Married Male with three children, education: partial college working as skilled manual",30K+,"Hot Beverages from Beverages department, Ordered Brand : Plato",25.1472,23.5482,non recyclable,,Two Day Sale,mid-size,"2.36 ,000,000illions",0.8968 Millions,2085.67,,521,509.0882,SAO JOSE DOS CAMPOS,SP,-23.229954502914183,-45.89422359824575,JAU,Sp,-22.29164124459334,-48.54989181391441,5.0
mc_ID_5597,"Married Male with two children, education: partial college working as professional",90 Thousand,"Breakfast Foods from Breakfast Foods department, Ordered Brand : Radius",11.5125,8.6053,non recyclable,"['Ready Food', 'Video Store', 'Coffee Bar', 'Bar For Salad', 'Florist']",One Day Sale,Daluxe,€3.5M,1.449 Millions,1868.77,593.93,--,360.3993,Itamonte,MG,-22.276708065385453,-44.87393415721582,belo horizonte,MG,data: -19.878513898894187,-43.95694702879617,3.0
mc_ID_5601,"Married Female with three children, education: bachelors degree working as professional",70K+,"Canned Clams from Canned Foods department, Ordered Brand : Better",25.5832,24.1296,recyclable,,Save Price,Supermarket,4.22 Millions,1.9412 Millions,1508,227.8,151.9,428.0755,rio de janeiro,RJ,amount: -22.89965246006001,-43.30488145315579,SAO 1UIS,MA,amount: -2.546079233971952,-44.3089863702464,5.0
mc_ID_5602,"Single Female with two children, education: high school degree working as professional",130 Thousand,"Seafood from Seafood department, Ordered Brand : Curlew",9.9862,5.6109,non recyclable,,Save Price,,7.74 Millions,3.3282 Millions,1508,227.8,151.9,325.6721,caieiras,SP,-23.39187012721304,-46.72906070986796, s4nto andre ,SP,-23.70007597807146,-46.512702481822366,5.0
mc_ID_5603,"Married Female with three children, education: graduate degree working as management",130 Thousand,"Dairy from Dairy department, Ordered Brand : Carlson",14.2016,-12.748,non recyclable,,Savings Galore,,6.75 Millions,2.295 Millions,2049.72,457.36,304.91,714.2611,teixeira soares,PR,-25.372899,-50.46185700000001,SAO PAULO,SP,-23.553644898695826,-46.63261889578163,1.0
mc_ID_5604,"Married Female with one child, education: bachelors degree working as professional",70K+,"Candy from Snacks department, Ordered Brand : Gulf Coast",31.6883,28.6358,recyclable,['Florist'],Shelf Emptiers,Supermarket,"4.77 ,000,000illions",2.1465 Millions,1320.15,523.32,347.9,564.2647,SOLEDADE DE MINAS,MG,-22.060582568707307,-45.0437186323439,aracatuba,SP,-21.21832154593456,-50.400362346932894,val: 1.0
mc_ID_5605,"Single Male with four children, education: bachelors degree working as professional, Single Male with four children",50K+,"Vegetables from Produce department, Ordered Brand : Ebony",31.1069,28.0543,non recyclable,['Coffee Bar'],Dimes Off,supermarket,14.04 Millions,4.914 Millions,1236.07,440.92,293.95,688.1634,mONTe alEGre De miNaS,Mg,-18.86616090544924,-48.87210874613179,sao paulo,SP,-23.541941545934563,-46.49095488842404,1.0
mc_ID_5607,"Single Female with No children, education: high school degree working as manual",30K+,"Canned Oysters from Canned Foods department, Ordered Brand : Pleasant",12.2974,-10.8438,non recyclable,['Coffee Bar'],, Superm@rket,"7.29 ,000,000illions",2.6244 Millions,1236.07,442.92,293.95,698.728,rio de janeiru,RJ,-22.867576228980287,-43.3308889694731,sao goncalo,RJ,-22.82787,-43.01969625000001,5.0
mc_ID_5609,"Married Male with two children, education: partial college working as professional",30K+,"Snack Foods from Snack Foods department, Ordered Brand : Fort West",17.7338,16.1349,recyclable,"['Coffee Bar', 'Ready Food', 'Bar For Salad', 'Florist']",Promo Big,Deluxa,3.78 Millions,1.8522 Millions,,654.13,436.09,267.3576,armacao dos buzios,RJ,-22.76555614254076,-41.89927673881432,guariba,SP,-21.36235769739203,-48.232975701561735,1.0
mc_ID_5610,Married Female with four children | education: partial high school working as skilled manual,10K+,"Vegetables from Frozen Foods department, Ordered Brand : Imagine",30.5255,27.6183,recyclable,"['Coffee Bar', 'Video Store', 'Ready Food', 'Florist', 'Bar For Salad']",Sale : Double Down,Deluxe,5.73 Millions,2.0628 Millions,1525.28,373.1,249.53,746.3733,rio das flores,RJ,-22.15481536216779,-43.592772448519,Ilicinea,Mg,-20.944705621834668,-45.82709818233235,2.0
mc_ID_5611,"Married Female with one child, education: high school degree working as skilled manual",30K+,"Baking Goods from Baking Goods department, Ordered Brand : Landslide",13.7801,data: 9.4047,non recyclable,"['Florist', 'Bar For Salad', 'Video Store', 'Ready Food', 'Coffee Bar']",Super Savers,D3luxe,3.75 Millions,1.875 Millions,1525.28,373.1,248.79,measure: 755.9442,embu das artes,SP,-23.671959474609,-46.80336321397664,ibitinga,$P,-21.7664768468313,-48.83154737836604,3.0
mc_ID_5613,"Single Female with three children, education: high school degree working as professional",Income: 150K+,"Kitchen Products from Household department, Ordered Brand : Denny",31.2522,28.3451,non recyclable,['Florist'],Price Winners,SUPERMARKET,1.65 Millions,0.792 Millions,1320.15,523.32,348.85,640.7273,MAREU,RS,-28.4595254944111,data: -52.20408391320524,marechal candido rondon,_PR,-24.549059297396184,-54.05157641917936,5.0
mc_ID_5614,"Married Female with four children, education: partial high school working as management",Income: 130K+,"Fruit from Produce department, Ordered Brand : Tri-State",22.676,-1.0,recyclable,"['Florist', 'Video Store', 'Coffee Bar', 'Ready Food', 'Bar For Salad']",Promo Big,Delux3,3.1 Millions,1.364 Millions,1871.16,593.93,395.95,578.2288,divinolandia,SP,-21.659389939778173,-46.73813797473669,Maringa,PR,-23.437975269077903,-51.91385959802448,amount: 5.0
mc_ID_5617,"Single Male with two kids, education: high school degree working as skilled manual",Income: 30K+,"Meat from Deli department, Ordered Brand : Red Spade",31.6883,amount: 30.0894,non recyclable,['Coffee Bar'],Discount Frenzy,small grocery,5.52 Millions,2.0424 Millions,1421.65,398.93,265.98,500.2495,erechim,rs,-27.63476848098565,-52.28029411864509,Guarulhus,sp_,-23.422313378296494,-46.520062240348594,1.0
mc_ID_5618,"Single Female with five kidren, education: partial high school working as skilled manual",10K+,"Meat from Deli department, Ordered Brand : Moms",14.8266,data: 11.9049,recyclable,,,supermarket,6.48 Millions,2.592 Millions,,227.8,,325.6721,Piracicaba,$p,-22.67126597723474,-47.69675782988044,BLUMENAU,sc,-26.91679956310852,-49.10045008206197,5.0
mc_ID_5621,"Married  Female  with  five  children,  education:  high  school  degree  working  as  professional",130000,"Specialty from Produce department, Ordered Brand : Tell Tale",22.676,19.7689,recyclable,,Price Destroyers,,3.26 Millions,1.3692 Millions,2049.72,457.36,304.91,£237.70,osasc0,SP,-23.56108266945574,-46.78510372217097,OSASCO,SP,-23.50689076715323,-46.78586646309645,5.0
mc_ID_5622,"Married Male with four children, education: partial high school working as manual, Married Male with four children",10K+,"Snack Foods from Snack Foods department, Ordered Brand : Nationeel",13.9981,24.45 lbs,recyclable,"['Coffee Bar', 'Florist']",Green Light Special,mid-s1ze,11.16Ms,4.3524 Millions,,,,769.6991,SUZ4NO,Sp,-23.55554921933124,-46.29401982384838,s4o paulo,"SP
",val: -23.543135968636395,-46.62371555453289,2.0
mc_ID_5623,"Married Male with two kids, education: partial college working as professional",90k,"Snack Foods from Snack Foods department, Ordered Brand : Best Choice",measure: 12.6608,9.7536,non recyclable,"['Coffee Bar', 'Bar For Salad', 'Ready Food', 'Florist', 'Video Store']",Big Time Saving,Deluxe,2.46 Millions,0.9102 Millions,1869.59,593.93,394.31,676.6574,goiatuba,GO,measure: -18.01160236768934,-49.37530856207008,sao paulo,5P,-23.536864121011018,-46.63349313820771,2.0
mc_ID_5624,"Single Male with two children, education: bachelors degree working as management",€93K+,"Bread from Baked Goods department, Ordered Brand : Modell",17.007,12.6317,recyclable,"['Bar For Salad', 'Florist', 'Ready Food', 'Coffee Bar']",,Deluxe,2.04Ms,0.9792 Millions,2055.29,654.13,436.09,475.93,sao paulo,	sP,-23.744100100187264,-46.70674982003745,ibitinga,SP,-21.7664768468313,amount: -48.83154737836604,val: 5.0
mc_ID_5625,"Single Male with three children, education: partial High School working as skilled manual",10K+,"Candy from Snacks department, Ordered Brand : Musial",28.6358,24.275,recyclable,"['Video Store', 'Coffee Bar', 'Florist', 'Bar For Salad', 'Ready Food']",Lottery Cash Registerion,Deluxe,8.4 Millions,3.276 Millions,1734.5,503.07,,646.4803,guaira,SP,-20.32575857378295,-48.319543357640256,ibitinga,SP,-21.7664768468313,-48.83154737836604,5.0
mc_ID_5626,"Married Female with four children, education: high school degree working as manual",,"Electrical from Household department, Ordered Brand : Red Wing",14.972,12.0648,recyclable,"['Bar For Salad', 'Ready Food']",Shelf Clearing Days,supermarket,11.07 Millions,4.9815 Millions,2265.9,853.22,566.8,554.903,manaus,am,-3.055339005828373,measure: -59.96164549777829,SAO GONCALO,RJ,-22.826646152351035,-42.99987757664625,
mc_ID_5628,"Married Male with two children,education: bachelors degree working as professional",50K+,"Snack Foods from Snack Foods department, Ordered Brand : Nationeel",data: 27.4729,24.4204,recyclable,['Coffee Bar'],,SUPERMARKET,€8.2M,2.976 Millions,1237.39,440.92,293.95,698.728,sao 	paulo,SP,TBD,-46.67349915889548,tres coracoes,mg,-21.69216794221008,-45.25804903964345,4.0
mc_ID_5629,"Single Female with two children, education: high school degree working as manual",30K+,"Snack Foods from Snack Foods department, Ordered Brand : Best Choice",18.8967,14.5359,non recyclable,"['Ready Food', 'Bar For Salad']",,Supermarket,7.12Ms,3.1328 Millions,2265.9,855.22,568.65,554.903,sao paulo,5P,amount: -23.625255719401,-46.69674106647811,S4O Paulo,SP,-23.47001485567546,-46.63484579309249,amount: 4.0
mc_ID_5630,Single Male with two children / education: bachelors degree working as professional,70K+,"Dairy from Dairy department, Ordered Brand : Even Better",28.6358,val: 25.7286,non recyclable,"['Coffee Bar', 'Ready Food', 'Bar For Salad', 'Florist']",Price Winners,Deiuxe,5.08 Millions,1.6764 Millions,2053.87,654.13,434.29,494.9149,pelotas,RS,-31.77338257617298,-52.324852395089145,SAO CARLOS,$P,-22.016967296150906,-47.85171546211552,5.0
mc_ID_5633,"mARRIE mALE WITH nO CHILDREN, EDUCATION: HIGH SCHOOL DEGREE WORKING AS SKILLED MANUAL",30K+,"Bathroom Products from Health and Hygiene department, Ordered Brand : Hilltop",-23.2575,18.8967,recyclable,"['Florist', 'Bar For Salad', 'Video Store', 'Coffee Bar', 'Ready Food']",Super Savers,Daluxe,4.76 Millions,1.7136 Millions,1527.05,373.1,248.79,755.9442,curitiba,PR,-25.45385542382702,-49.286168717179294,indaiatuba,SP,-23.141554810215275,-47.23811647179686,3.0
mc_ID_5635,"Maried Male with three children , education: partial High School working as skilled manual",10K+,"Snack Foods from Snack Foods department, Ordered Brand : Nationeel",23.6936,20.641,non recyclable,"['Coffee Bar', 'Bar For Salad', 'Ready Food', 'Florist']",,Deluxe,5.24 Millions,2.3056 Millions,2055.29,,436.09,584.191,sao paulo,5p,-23.68225483596861,-46.75069807299899,rio de jane1ro,RJ_,-22.83891259127456,-43.34313234341075,5.0
mc_ID_5636,"Married Male with two kidren, education: high school degree working as management",130K+,"Beer and Wine from Alcoholic Beverages department, Ordered Brand : Top Measure",10.7275,14.04 lbs,non recyclable,"['Florist', 'Ready Food', 'Bar For Salad', 'Coffee Bar']",Price Winners,Deluxe,€5.9M,2.2176 Millions,2055.29,654.13,,amount: 494.9149,sao paulo,sp,-23.551898009694856,-46.55990651762936,GUARIBA,SP,-21.36235769739203,-48.232975701561735,4.0
mc_ID_5641,"Single Male with No children, education: bachelors degree working as professional",50k,"Hot Beverages from Beverages department, Ordered Brand : Super",27.4729,861.41 oz,non recyclable,['Florist'],Roller Savings (High) ,Supermarket,8.58 Millions,3.1746 Millions,1320.15,523.32,348.85,532.6232,martins,Rm,-6.08873643301195,amount: -37.91078475749865,sao peulo,SP,-23.62358155176294,-46.61056007369148,5.0
mc_ID_5642,"Married Female with one child, education: bachelors degree working as professional",50K+,"Pure Juice Beverages from Beverages department, Ordered Brand : Token",amount: 28.6358,25.7286,recyclable,,Weekend Discount,Supermarket,"1.56 ,000,000illions",0.6708 Millions,1508,227.8,151.9,735.1811,brasilia,DF,-15.832098000000002,data: -47.92479749999998,maringa,PR,-23.38219409935399,-51.95529780691714,val: 3.0
mc_ID_5643,"Married Female with four children, education: partial high school working as skilled manual, education: partial high school working as skilled manual",10K+,"Fruit from Canned Products department, Ordered Brand : Big City",16.8617,12.5009,recyclable,"['Video Store', 'Bar For Salad', 'Coffee Bar', 'Florist', 'Ready Food']",Save Price,Deluxe,2.28 Millions,1.1172 Millions,2038.11,483.98,321.74,284.3028,itapetininga,SP,-23.57032615450668,-48.04184261282094,sao paulo,SP,-23.646246311207523,-46.66349868836885,4.0
mc_ID_5644,"Single Female with two children, education: partial high school working as skilled manual",30K+,"Fruit from Produce department, Ordered Brand : Tri-State",11.0618,6.7011,non recyclable,"['Ready Food', 'Coffee Bar', 'Video Store', 'Bar For Salad', 'Florist']",One Day Sale,,3.92 Millions,1.4112 Millions,,,395.95,data: 360.3993,mogi das cruze5,sp,-23.5214492199589,-46.17673150042012,praia grande,SP,-24.011288218359883,-46.41873374429398,5.0
,"Married Male with one child, education: bachelors degree working as professional",$110K+,"Electrical from Household department, Ordered Brand : Cormorant",29.7987,26.8915,non recyclable,,Two for One,Supermarket,11.04 Millions,5.1888 Millions,2049.72,457.36,304.91,measure: 300.8296,matias barbosa,MG,-21.872620417493856,-43.32746392403574,itaquaquecetuba,SP,-23.48262344063541,-46.37448952833195,3.0
mc_ID_5646,"Single Male with five children, education: high school degree working as skilled manual",30K+,"Starchy Foods from Starchy Foods department, Ordered Brand : Discover",23.2575,20.3503,recyclable,,,Mid-SIzE,4.83 Millions,1.5939 Millions,2085.67,,522.46,739.4697,piquete,SP,-22.5996990166632,-45.194679096464384,sao paulo,_SP,-23.58452319555432,-46.51460627909786,5.0
mc_ID_5649,"Single Male with four childran, education: high school degree working as skilled manual",30K+,"Vegetables from Canned Foods department, Ordered Brand : Blue Label",21.8039,20.3503,non recyclable,"['Video Store', 'Bar For Salad', 'Coffee Bar', 'Florist', 'Ready Food']",Two Day Sale,Deluxe,9.16 Millions,4.3968 Millions,,481.98,321.26,495.7517,"Viamao
",Rs,-30.06527822380848,-51.10253137982866,cari@cica,ES,-20.29753657631548,val: -40.40086853731229,3.0
mc_ID_5650,"Single Male with three children, education: bachelors degree working as professional",50K+,"Canned Soup from Canned Foods department, Ordered Brand : Better",23.2575,18.8967,recyclable,['Coffee Bar'],Sale Sale Sale,Supermarket,1.89 Millions,0.8883 Millions,1236.07,442.92,293.95,473.7334,sao goncelo,RJ,-22.818640152002345,-43.02140202196094,serra negra,sp,-22.596440207291085,-46.71196868822353,5.0
mc_ID_5651,"Single Female with four children, education: partial high school working as manual",10K+,"Candles from Household department, Ordered Brand : High Quality",-14.3179,11.4107,non recyclable,"['Ready Food', 'Coffee Bar', 'Florist', 'Video Store', 'Bar For Salad']",I Cant Believe It Sale,Deluxe,$3.16 Millions,1.4536 Millions,1525.28,,248.5,535.9181,POCOS DE CALDAS,"MG
",-21.79104335195045,amount: -46.56244368105504, ribeirao preto ,5p,-21.174925033585303,-47.7686162776848,1.0
mc_ID_5652,"Married Male with two children, education: high school degree working as professional",90K+,"Electrical from Household department, Ordered Brand : Cormorant",25.4379,-1.0,recyclable,['Coffee Bar'],Super Wallet Savers,small grocery,$6.38 Millions,2.1054 Millions,1394.66,534.29,356.19,361.6545,pIRACIcaBa,sP,-22.746032877835145,-47.63636231303046,Sumare,SP,-22.828654864562257,measure: -47.267296160568925,5.0
mc_ID_5653,"Single Female with two children, education: bachelors degree working as management",Income: 50K+,"Pizza from Frozen Foods department, Ordered Brand : Big Time",19.7689,data: 16.8617,recyclable,"['Bar For Salad', 'Ready Food', 'Coffee Bar', 'Florist']",Shelf Emptiers,Gourmet,$3.1 Millions,0.992 Millions,1564.86,385.45,256.97,773.0986,brusque,sc,-27.082320621703506,-48.93028666250217,sao paulo,5P,-23.50875908021236,-46.602973042876144,10.0/10
mc_ID_5655,"Married Male with three children, education: partial high school working as manual",$10K+,"Snack Foods from Snack Foods department, Ordered Brand : Nationeel",13.9981,11.0909,recyclable,"['Ready Food', 'Video Store', 'Bar For Salad', 'Coffee Bar', 'Florist']",Price Cutters,,11.16 Millions,4.6872 Millions,1525.61,373.1,250.42,642.0871,BETIM,MG,-19.94861206494891,measure: -44.16252047002138,Sao P@Ulo,SP,-23.62358155176294,amount: -46.61056007369148,5.0
mc_ID_5658,"Single Female with No children, education: partial high school working as manual",10K+,"Vegetables from Frozen Foods department, Ordered Brand : Imagine",20.0596,15.6988,recyclable,"['Video Store', 'Ready Food', 'Coffee Bar', 'Bar For Salad', 'Florist']",Save Price,DEluxe,11.56 Millions,4.8552 Millions,1734.5,503.07,,419.9167,cotia,sp,-23.6150603215516,-46.837480828765536,francisco bel7rao_,pr,-26.003670174999968,-53.23275043899997,data: 1.0
mc_ID_5659,"Married Male with one child, education: bachelors degree working as professional",50K+,"Baking Goods from Baking Goods department, Ordered Brand : BBB Best",20786.40 grams,17.8792,recyclable,"['Florist', 'Coffee Bar', 'Ready Food', 'Bar For Salad']",Weekend Discount,Gourmet,5.34 Millions,1.869 Millions,1566.86,385.45,257.13,470.177,colatina,AS,-19.51582544534821,-40.626185049155936,Praia Grande,$P,-24.026786758814687,-46.49304889148245,4.0
mc_ID_5660,"Single Female with one child, education: high school degree working as professional",70K+,"Vegetables from Produce department, Ordered Brand : High Top",13.5184,10.6112,recyclable,"['Bar For Salad', 'Ready Food']",Super Duper Savers,Supermarket,1.71Ms,0.5301 Millions,,853.22,568.75,677.285,sao paulo,SP,-23.54354994809283,-46.55013560866177,sao jose dos campos,SP,-23.221431461827063,-45.888163895493165,1.0
mc_ID_5661,"Married Male with three children, education: partial high school working as skilled manual, education: partial high school working as skilled manual",10K+,"Canned Anchovies from Canned Foods department, Ordered Brand : Just Right",14.6813,10.3205,recyclable,,,supermarket,8.55 Millions,2.6505 Millions,2049.72,457.36,304.91,339.8977,niteroi,RJ,-22.91127038161472,-43.10515133611283,rio de janeiro,Rj,-22.93125598447676,-43.17881321481337,1.0
mc_ID_5663,"Married Male with five kidren, education: high school degree working as professional",110K+,"Paper Products from Household department, Ordered Brand : Denny",27.0368,24.1296,recyclable,['Coffee Bar'],Weekend Discount,Supermarket,17.25 Millions,6.9 Millions,1236.07,440.92,293.95,364.1649,BelaVistaDoMaranhao,MA,-3.741020455919547,-45.25141752424407,ribEiRAO preTO,SP,-21.17121748495008,-47.81941847157649,2.0
mc_ID_5664,"Single Female with four children, education: bachelors degree working as professional",$50K+,"Candy from Snacks department, Ordered Brand : Choice",val: 27.0368,24.1296,recyclable,"['Video Store', 'Ready Food', 'Florist', 'Bar For Salad', 'Coffee Bar']",,Deluxe,6.88Ms,3.3024 Millions,2038.11,481.98,321.26,416.2557, brasilia ,DF,-15.84494561197996,-47.98527498130505,SAO PAULO,sp,-23.693985995008337,-46.70188324132953,5.0
mc_ID_5665,"Married Male with two children, education: bachelors degree working as professional",50K+,"Vegetables from Canned Foods department, Ordered Brand : Bravo",23.5482,20.641,non recyclable,,Two for One,Supermarket,13.12Ms,4.1984 Millions,2049.72,457.36,,451.9766,santa cruz da conceicao,SP,measure: -22.132956055094628,data: -47.45175231332934,belo horizonte,MG,-19.840168078827364,-43.92329932223438,4.0
mc_ID_5666,"Single Male with four children, education: partial high school working as skilled manual",10K or more,"Cold Remedies from Health and Hygiene department, Ordered Brand : Hilltop",-18.7513,amount: 14.376,recyclable,,,SupeRMArkET,"2.92 ,000,000illions",0.9344 Millions,,457.36,,714.2611,santos,sp,-23.944502325841068,-46.33124278031053,IBITINGA,SP,-21.7664768468313,-48.83154737836604,3.0
mc_ID_5668,"Married Male with two children, education: partial college working as skilled manual",30K+,"Kitchen Products from Household department, Ordered Brand : Cormorant",28.3451,26.8915,non recyclable,"['Video Store', 'Florist', 'Ready Food', 'Coffee Bar', 'Bar For Salad']",,Deluxe,8.52 Millions,3.0672 Millions,1525.28,375.1,249.2,642.0871,sao paulo,SP,-23.560566359426364,-46.65761042867444,Sao Paulo,SP,-23.67774108964741,-46.66864662392521,5.0
mc_ID_5669,"Single Female with three children, education: partial high school working as manual",10K+,"Snack Foods from Snack Foods department, Ordered Brand : Fast",22.8214,19.7689,recyclable,"['Coffee Bar', 'Ready Food', 'Bar For Salad', 'Florist']",Sale : Double Down,deluxe,1.54 Millions,0.5544 Millions,2055.29,654.13,436.09,500.7202,Perdigao,MG,-19.956996833557923,-45.07394912215463,BARUERI,5P,-23.491791912543025,-46.94733309700014,1.0
mc_ID_5670,"education: high school degree working as management, Single Female with four children",130K+,"Candy from Snacks department, Ordered Brand : Choice",-31.543,30.0894,recyclable,"['Bar For Salad', 'Florist', 'Coffee Bar', 'Ready Food']",Price Winners,Deluxe,$5.3 Millions,1.908 Millions,2056.86,654.13,434.81,494.9149,sumare,$P,-22.800362898695823,-47.21833340077328,ARAGUARI,MG,val: -18.65223568071188,-48.19343213192182,5.0
mc_ID_5672,"Married Male with three children, education: graduate degree working as professional",110K+,"Bathroom Products from Health and Hygiene department, Ordered Brand : Consolidated",-23.5482,val: 20.641,non recyclable,"['Video Store', 'Florist', 'Ready Food', 'Coffee Bar', 'Bar For Salad']",Super Savers,DELUXE,$2.92 Millions,1.0512 Millions,1525.28,373.1,,755.9442,mesQuItA,RJ,-22.799803765856137,-43.43737208045015,ita7iba,5P,-22.99567770323237,-46.857106243157794,5.0
mc_ID_5673,"Single Female with two children, education: partial college working as management",30K+,"Vegetables from Produce department, Ordered Brand : High Top",28.6358,27.1822,non recyclable,"['Bar For Salad', 'Ready Food', 'Coffee Bar', 'Florist']",Saving Days,Deluxe,11.0 Millions,4.07 Millions,2055.29,654.13,436.09,352.0313,guaraciaba,MG,-20.57386059510821,-43.01219447491154,_recife,P3,-8.138173275583135,-34.9322264583223,4.0
mc_ID_5674,"Married Male with three children, education: partial high school working as skilled manual",10K+,"Kitchen Products from Household department, Ordered Brand : Sunset",14.4196,-11.5125,non recyclable,"['Coffee Bar', 'Florist', 'Video Store', 'Ready Food', 'Bar For Salad']",, deluxe,€4.5M,2.12 Millions,1525.28,373.1,247.76,507.9899,sorocaba,sp,data: -23.53401196947312,-47.46735238343239,suzano,SP,-23.54646763188849,-46.31743880609893,5.0
mc_ID_5675,"Married Female with four children, education: bachelors degree working as professional",50K+,"Breakfast Foods from Breakfast Foods department, Ordered Brand : Special",-24.7111,23.2575,recyclable,,Full Free,Supermarket_,5.48 Millions,2.3016 Millions,1505.61,227.8,149.95,660.2352,it@pe,Ba,-14.894156638394673,-39.42820313846944,carapicuiba,SP,-23.56573882697004,-46.82322005984521,5.0
mc_ID_5676,"Single Male with four children, education: partial high school working as professional",130K+,"Baking Goods from Baking Goods department, Ordered Brand : Landslide",21.9493,19.0421,recyclable,"['Florist', 'Video Store', 'Coffee Bar', 'Ready Food', 'Bar For Salad']",Bag Stuffer,Deluxe,2.46 Millions,1.1562 Millions,1734.5,503.07,335.38,432.1026,feira de santana,ba,-12.263456068378396,-38.9293114047869,	p0rto alegre,Rs,-30.03215040714993,-51.2325516998384,3.0
mc_ID_5679,"Single Female with No children, education: bachelors degree working as management",150K+ annually,"Baking Goods from Baking Goods department, Ordered Brand : Plato",-11.5561,10.0879,non recyclable,"['Bar For Salad', 'Ready Food']",Full Free,Supermarket,3.39 Millions,1.5594 Millions,2265.9,853.22,567.18,data: 736.907,jaC@ReI_,$P,-23.310016990523582,-45.96143881362631,atibaia,SP,-23.112774381969185,-46.5488845105504,5.0
mc_ID_5680,"Single Male with three kids, education: partial college working as professional",150k,"Pain Relievers from Health and Hygiene department, Ordered Brand : Consolidated",19.7689,16.8617,recyclable,['Coffee Bar'],Dimes Off,Small Grocery ,"3.66 ,000,000illions",1.6104 Millions,1423.37,398.93,265.98,531.6295,RIO DA JANEIRO,RJ,-22.878476937821056,-43.31517005147447,pe7ropolis,RJ,measure: -22.549033360244323,-43.210094724044055,amount: 5.0
mc_ID_5682,"Married Male with three children, education: partial high school working as skilled manual",10K+,"Meat from Frozen Foods department, Ordered Brand : Imagine",24.1296,-19.7689,recyclable,,Big Time Discounts,Supermarket,7.8 Millions,2.652 Millions,2049.72,457.36,304.91,310.662,salvador,Be,-12.936081256574193,-38.43500426506672,sau paulo,SP,-23.536864121011018,-46.63349313820771,5.0
mc_ID_5683,"Single Male with four kidren, education: bachelors degree working as professional",50K+,"Vegetables from Produce department, Ordered Brand : Hermanos",amount: 26.6008,25.0018,non recyclable,"['Florist', 'Coffee Bar', 'Ready Food', 'Video Store', 'Bar For Salad']",Two Day Sale,Gourmet,4.36 Millions,1.3516 Millions,1424.85,465.54,310.3,588.4796,itabira,MG,-19.63165621067063,-43.212335433135365,s4o paulo,SP,-23.53108125950717,-46.51791357132556,1.0
mc_ID_5684,"married male with two children, education: bachelors degree working as management",50K+,"Frozen Desserts from Frozen Foods department, Ordered Brand : Golden",val: 17.8792,14.972,non recyclable,"['Bar For Salad', 'Ready Food']",Savings Galore,SUPERMARKET,11.67 Millions,5.1348 Millions,2448.37,470.27,313.55,550.1437,_sao paulo,SP,-23.52352963589448,-46.459776612815325,congonhas,MG,-20.50410692238407,-43.858586415220174,amount: 3.0
mc_ID_5687,"Single Female with four childran, education: graduate degree working as professional",150K+,"Vegetables from Produce department, Ordered Brand : Hermanos",-0.1,17.5885,non recyclable,,Mystery Sale,,11.22 Millions,3.7026 Millions,1623.48,341.05,227.33,718.9681,sao pau1o ,SP,amount: -23.588898319435764,-46.68312877061568,limeira,$P,-22.599254430886607,-47.37980963550319,5.0
mc_ID_5688,"Married Male with No children, education: partial high school working as management",130k,"Snack Foods from Snack Foods department, Ordered Brand : Best Choice",29.0719,26.1647,non recyclable,"['Video Store', 'Coffee Bar', 'Ready Food', 'Bar For Salad', 'Florist']",Big Time Saving,,4.77 Millions,1.7172 Millions,1733.9,,,279.5435,barra du corda,MA,-5.508554017485669,data: -45.23964287233554,sao pau1o, Sp,measure: -23.65111484251016,-46.75521082321932,5.0
mc_ID_5690,"Single Male with three children, education: graduate degree working as professional",Income: 10K+,"Meat from Frozen Foods department, Ordered Brand : Imagine",14.4051,11.4834,recyclable,,,,2.73Ms,1.3377 Millions,1623.48,343.05,227.33,277.0331,itai,SP,-23.419413,-49.09844700000001,sao jose do r1o preto,SP,-20.80243626346376,amount: -49.39562406741489,5.0
mc_ID_5692,"Single Female with one child, education: bachelors degree working as professional",70K+,"Dairy from Dairy department, Ordered Brand : Club",9.1722,4.7969,recyclable,"['Florist', 'Coffee Bar', 'Ready Food', 'Bar For Salad']",Super Savers,DELUXE,$5.64 Millions,2.7636 Millions,2055.29,654.13,434.49,373.9973,guarulhos,Sp,-23.45496427448088,-46.46921558018531,sao paulo,SP,-23.65111484251016,-46.75521082321932,5.0
mc_ID_5693,"Single Female with one child, education: bachelors degree working as professional",30K+,"Vegetables from Produce department, Ordered Brand : High Top",15.2627,12.3555,non recyclable,"['Florist', 'Ready Food', 'Video Store', 'Bar For Salad', 'Coffee Bar']",Lottery Cash Registerion,Deluxe,6.64 Millions,2.2576 Millions,1734.5,503.07,335.38,313.0678,umuarama,PR,-23.770933593035988,-53.2903517529053,cas7ro,PR,-24.79611036875941,-49.99949570990931,4.0
mc_ID_5694,"Married Female with No children, education: graduate degree working as professional",70K+,"Baking Goods from Baking Goods department, Ordered Brand : Super",13.4312,10.5095,non recyclable,,Wallet Savers,,4.44 Millions,1.3764 Millions,1508,227.8,150.14,277.8699,sao paulo,SP,-23.621426340267785,-46.637372330976966,videira,_5C,-27.00086872288371,-51.14532022116548,5.0
mc_ID_5696,"Married Female with three children, education: high school degree working as manual",600+ monthly,"Hot Beverages from Beverages department, Ordered Brand : Plato",13.7074,10.8002,recyclable,"['Video Store', 'Coffee Bar', 'Florist', 'Bar For Salad', 'Ready Food']",Price Destroyers, Deluxe,$8.88 Millions,3.108 Millions,2035.18,481.98,320.71,777.2826,belford roxo,RJ,-22.762690324780937,-43.40500890843466,sao jose do rio preto,SP,-20.80243626346376,amount: -49.39562406741489,5.0
mc_ID_5697,"Married Male with No children, education: bachelors degree working as professional",50000,"Frozen Desserts from Frozen Foods department, Ordered Brand : Carrington",data: 16.7163,13.8091,recyclable,"['Bar For Salad', 'Coffee Bar', 'Video Store', 'Florist', 'Ready Food']",Money Savers,,7.24 Millions,2.2444 Millions,1525.28,373.1,248.79,560.656,Belo Horizonte,MG,measure: -19.938406212043407,-43.93702206884405,navagantes,Sç,-26.88690680838387,-48.66214683641898,5.0
mc_ID_5700,"Married Male with one child, education: high school degree working as manual",30K+,"Snack Foods from Snack Foods department, Ordered Brand : Nationeel",amount: 12.5445,9.6373,non recyclable,,Coupon Spectacular,Mid-Size,1.38Ms,0.552 Millions,2085.67,783.64,522.49,658.0909,lauro de freitas,Ba,measure: -12.885676557528845,-38.33909598537307,	sao caetano do sul,SP,-23.626053031363607,-46.554888478215695,4.0
mc_ID_5701,"Married Female with four children, education: high school degree working as professional",110K+,"Hygiene from Health and Hygiene department, Ordered Brand : Consolidated",-15.5534,12.6317,recyclable,"['Ready Food', 'Bar For Salad', 'Coffee Bar', 'Florist']",Super Savers,Deluxe,11.9 Millions,3.689 Millions,,654.13,434.5,373.9973,florian0polis,Sc,-27.58902112461769,measure: -48.598946219401,baruerI,SP,-23.491791912543025,-46.94733309700014,4.0
mc_ID_5704,"Single Female with five children, education: partial high school working as manual",10K+,"Bread from Baked Goods department, Ordered Brand : Fantastic",19.6235,16716.30 grams,recyclable,,Weekend Discount,Supermarket,11.96 Millions,4.5448 Millions,1508,227.8,150.14,614.002,cascavel,PR,-24.96075456010148,-53.51081196779967,jacarei,	SP,-23.29818595956356,amount: -45.974828011182304,5.0
mc_ID_5705,"Married Female with four children, education: bachelors degree working as professional",50K+,"Carbonated Beverages from Beverages department, Ordered Brand : Excellent",49.67 lbs,21.0771,non recyclable,"['Ready Food', 'Bar For Salad']",Price Slashers,,2.88 Millions,1.0656 Millions,2448.37,470.27,313.53,402.7623,rIBEIRaO PRETo,SP,-21.1774515925616,-47.79583295337295,jacarei,SP,val: -23.29818595956356,-45.974828011182304,5.0
mc_ID_5709,"Single Female with five childran, education: partial high school working as skilled manual",10K+ annually,"Bread from Baked Goods department, Ordered Brand : Sphinx",9.0995,6.1923,recyclable,"['Ready Food', 'Bar For Salad']",Green Light Special,Supermarket,7.3 Millions,3.504 Millions,2265.9,853.22,568.75,,osa5cO,SP,-23.569732058283808,-46.794309966703146,sao jose do rio preto,SP,-20.80243626346376,-49.39562406741489,5.0
mc_ID_5713,"Single Female with five children, education: bachelors degree working as management",70K+,"Vegetables from Produce department, Ordered Brand : Hermanos",-25.1472,val: 23.5482,--,,,,€6.6M,2.4704 Millions,1506.53,,151.9,623.939,CaMpo LArGo,PR,-25.4640211403478,-49.550451239912576,MAUA,Sp,data: -23.68011442853022,-46.4524537436668,4.0
mc_ID_5714,Not Available,70K+,"Bathroom Products from Health and Hygiene department, Ordered Brand : Consolidated",13.6928,-10.7857,recyclable,,Saving Days,Supermarke7,$2.88 Millions,1.2384 Millions,1508,227.8,151.06,619.0228,guarulhos,SP,-23.46957611878932,-46.53809007799066,CARAZINHO,RS,-28.28944621405989,-52.79412331824494,5.0
mc_ID_5715,"Married Male with four children, education: partial college working as clerical",$30K+,"Hardware from Household department, Ordered Brand : Cormorant",13.9981,12.5445,recyclable,"['Coffee Bar', 'Ready Food', 'Florist', 'Bar For Salad']",Two for One,Deiuxe,9.12 Millions,4.3776 Millions,2056.91,654.13,436.09,312.9109,beLo HOrIzONTe ,mg,-19.950113421576656,-43.95583838718328,curitiba,PR,-25.46921399278664,-49.29393514695028,4.0
mc_ID_5717,"Married Female with five children, education: partial high school working as manual",30 Thousand,"Bread from Baked Goods department, Ordered Brand : Sphinx",11.8613,8.9396,recyclable,['Coffee Bar'],I Cant Believe It Sale, Small Grocery ,"1.06 ,000,000illions",0.4982 Millions,1423.37,398.93,266.38,605.8955,TIMBE DO SUL,Sk,-28.83322790191655,-49.84428167808824,maringa,PR,-23.41000679702781,-51.88262571961486,5.0
mc_ID_5718,"Single Female with three children, education: graduate degree working as professional",70K+,"Pure Juice Beverages from Beverages department, Ordered Brand : Fabulous",8.7216,measure: 5.8144,recyclable,,Price Winners,Mid-Siz3,11.4 Millions,3.534 Millions,2819.7,447.7,299.75,453.9117,caxias do sul,RS,-29.18731198431491,-51.17689049812128,rio de janeiro,RJ,-22.972956517889177,-43.39706327699233,amount: 1.0
mc_ID_5719,"Married Female with four kids, education: high school degree working as manual",30K+,"Fruit from Produce department, Ordered Brand : Ebony",10.5822,9.1286,recyclable,"['Ready Food', 'Coffee Bar', 'Bar For Salad', 'Florist']",Save Price,Deluxe,6.86 Millions,3.1556 Millions,2055.29,654.13,436.09,val: 584.191,SAO PAULO,5P,-23.60623667692889,-46.6001103193202,curitiba,pR,-25.46921399278664,-49.29393514695028,4.0
mc_ID_5720,Married Female with two children; education: high school degree working as skilled manual,30000,"Meat from Frozen Foods department, Ordered Brand : Big Time",8.9977,6.0906,recyclable,"['Ready Food', 'Florist', 'Coffee Bar', 'Bar For Salad']",Sale : Double Down, Deluxa,"8.85 ,000,000illions",4.3365 Millions,2055.29,654.13,436.99,500.7202,sao paulo,SP,-23.5082400246985,-46.751957250764605, osa5co ,SP,-23.528128203061986,-46.77680754732808,4.0
mc_ID_5722,"Single Female with four children, education: graduate degree working as management",€59K+,"Specialty from Produce department, Ordered Brand : Hermanos",16.2802,13.3585,recyclable,,Full Free,Supermarket,3.52Ms,1.3024 Millions,1508,227.8,153.53,272.2738,guaira,_SP,-20.32575857378295,-48.319543357640256,bElO horIZontE,Mg,-19.878513898894187,-43.95694702879617,3.0
mc_ID_5724,"Married Male with three children, education: bachelors degree working as management",50K+,"Breakfast Foods from Breakfast Foods department, Ordered Brand : Special",-24.7111,-23.2575,recyclable,['Florist'],,Sup3Rmarket,8.22 Millions,3.4524 Millions,1318.76,523.32,348.85,532.6232,Abdon Batista,SC,-27.612545793229646,-51.02269606144874,ibiting@, SP ,-21.7664768468313,-48.83154737836604,5.0
mc_ID_5725,"Single Male with four children, education: high school degree working as manual",30K+,"Snack Foods from Snack Foods department, Ordered Brand : Horatio",val: 26.8915,23.9843,recyclable,"['Ready Food', 'Bar For Salad', 'Coffee Bar', 'Florist']",Price Winners,Gourmet,€6.5M,2.9032 Millions,1564.86,,255.82,769.7514,ananind3ua,PA,-1.4000288718497462,-48.42956675848101,coRoneL FabRiciaNO,MG,-19.50664329902649,-42.630873484496206,5.0
mc_ID_5726,Married Female with three children - education: high school degree working as skilled manual,30K+,"Dairy from Dairy department, Ordered Brand : Club",27.3275,24.275,recyclable,['Coffee Bar'],Dimes Off,Supermarket,10.83 Millions,4.1154 Millions,,440.92,,688.1634, porto aIegre ,RS,-30.03663696309648,-51.22367993104038,sao GoNcaLO, RJ ,-22.82787,-43.01969625000001,5.0
mc_ID_5728,"Married Female with five children, education: partial high school working as manual",10K+,"Beer and Wine from Alcoholic Beverages department, Ordered Brand : Portsmouth",-1.0,-25.0018,non recyclable,"['Bar For Salad', 'Ready Food']",Price Slashers,Supermarkat,7.8 Millions,3.822 Millions,,472.27,313.55,402.7623,sao caetano do sul,"SP
",-23.61776447100232,-46.574964586733216,sao paulo,SP,-23.50875908021236,-46.602973042876144,5.0
mc_ID_5729,"MaRrIeD FeMaLe wItH FoUr cHiLdReN, eDuCaTiOn: HiGh sChOoL DeGrEe wOrKiNg aS MaNuAl",Income: 30K+,"Jams and Jellies from Baking Goods department, Ordered Brand : Plato",17.4431,13.0823,recyclable,,Mystery Sale,Supermarket,4.9 Millions,1.617 Millions,1623.43,341.05,226.21,718.9681,belford roxo,Rj,data: -22.738411952850143,-43.41121454177648,sao jose do rio preto,SP,amount: -20.84380119949777,-49.36891118527178,5.0
mc_ID_5730,"Married Male with three children, education: bachelors degree working as management",€59K+,"Frozen Desserts from Frozen Foods department, Ordered Brand : PigTail",22.24 kg,19.3328,recyclable,"['Florist', 'Bar For Salad', 'Coffee Bar', 'Ready Food']",Promo Big,"Deluxe
",5.12 Millions,1.5872 Millions,2055.43,656.13,436.09,data: 267.3576,Celina,ES,-19.38809867792141,-40.06813250866018,volta redonda,SP,-22.498182754371285,amount: -44.12361371579433,5.0
mc_ID_5731,"Married Male with one child, education: partial college working as skilled manual",30K+,"Jams and Jellies from Baking Goods department, Ordered Brand : BBB Best",24.7111,20.3503,recyclable,"['Bar For Salad', 'Ready Food']",You Save Days,"Supermarket
",6.44 Millions,2.7048 Millions,2265.9,,568.75,val: 268.1421,suzano,SP,-23.518986378516367,-46.30593493772759,sao paulo, SP,-23.612709195394977,-46.75626773244273,5.0
mc_ID_5732,"Married Female with one child, education: high school degree working as manual",30K+,"Specialty from Produce department, Ordered Brand : Ebony",12.0503,-10.5822,recyclable,"['Bar For Salad', 'Florist', 'Ready Food', 'Video Store', 'Coffee Bar']",Sale Sale Sale,Delux3 ,2.85 Millions,1.2255 Millions,,373.1,248.79,722.6814,sao paulo,sp,-23.604323951151244,-46.70316316861901,sao kaetano do sul,SP,-23.626053031363607,-46.554888478215695,5.0
mc_ID_5736,"MaRrIeD FeMaLe wItH ThReE ChIlDrEn,eDuCaTiOn: PaRtIaL CoLlLeGe wOrKiNg aS PrOfEsSiOnAl",30K+,"Snack Foods from Snack Foods department, Ordered Brand : Nationeel",27.909,23.5482,non recyclable,"['Bar For Salad', 'Ready Food', 'Florist', 'Coffee Bar']",Promo Big,DELUXE,$7.56 Millions,2.3436 Millions,2055.29,654.13,434.86,267.3576,machado,_MG,-21.680839261430663,-45.923257870066,sao paulo,SP,-23.611654194010004,-46.63258761587511,5.0
mc_ID_5738,"Single Male with three children, education: high school degree working as manual",$30K+,"Bread from Baked Goods department, Ordered Brand : Great",12.3555,data: 10.9019,non recyclable,['Florist'],Price Winners,supermarket,14.96Ms,7.0312 Millions,,523.32,350.84,640.7273,"rio de janeiro
",RJ,amount: -22.9860379483813,-43.19247513503371,curitibe,PR,-25.46921399278664,-49.29393514695028,8.0/10
mc_ID_5739,"Marrie Male with one child,education: gradute degree working as professional",110K+,"Fruit from Produce department, Ordered Brand : Tell Tale",data: 20.0596,-17.1524,non recyclable,"['Video Store', 'Bar For Salad', 'Coffee Bar', 'Ready Food', 'Florist']",One Day Sale,Deluxe,5.22Ms,2.2968 Millions,1868.98,,395.95,360.3993,contagem,MG,-19.8770809513602,-44.02034784916012,colombo,Pr,-25.371132577664817,-49.18125077989034,2.0
mc_ID_5741,"Married Male with one child, education: HS degree working as skilled manual",50K+,"Beer and Wine from Alcoholic Beverages department, Ordered Brand : Top Measure",17.1524,14.2452,recyclable,['Coffee Bar'],Two for One,SMALL GROCERY,1.1 Millions,0.495 Millions,1396.94,534.29,356.19,$624.20,cataguases,MG,-21.388733126342974,-42.71196264097796,carazinho,RS,-28.28944621405989,-52.79412331824494,5.0
mc_ID_5742,"SiNgLe mAlE WiTh oNe cHiLd, EdUcAtIoN: pArTiAl hS WoRkInG As sKiLlEd mAnUaL",10K+,"Frozen Entrees from Frozen Foods department, Ordered Brand : Golden",26.6008,23.5482,recyclable,"['Ready Food', 'Video Store', 'Florist', 'Coffee Bar', 'Bar For Salad']",,_Deluxe,1.77 Millions,0.6018 Millions,2038.34,481.98,321.98,602.7575,belo horizonte,MG_,-19.926141851520523,-43.93684827200066,santana de parnaiba,SP,-23.466737282854947,-46.90460432628395,amount: 4.0
mc_ID_5743,"Single Female with two children, education: bachelors degree working as management",50K+,"Kitchen Products from Household department, Ordered Brand : Cormorant",11.8759,10.4223,recyclable,"['Florist', 'Bar For Salad', 'Video Store', 'Ready Food', 'Coffee Bar']",Super Savers,,1.56 Millions,0.5616 Millions,1525.28,373.1,,755.9442,campinas,SP,-22.918827604766623,amount: -47.09396924257028,$anto andre,SP,-23.665703457960586,-46.51808196779969,5.0
mc_ID_5744,"Single Male with two children, education: partial high school working as professional",$130K+,"Dairy from Dairy department, Ordered Brand : Booker",11.9921,-7.6314,non recyclable,"['Florist', 'Bar For Salad', 'Coffee Bar', 'Ready Food']",Three for One,Deluxe,5.76 Millions,2.5344 Millions,2055.29,654.13,436.09,data: 640.5181,Sao Vicente ,sP,-23.96130685036886,-46.3950951872383,marimga,PR,-23.41000679702781,-51.88262571961486,4.0
mc_ID_5747,"Married Female with two children, education: partial high school working as skilled manual",10K+,"Vegetables from Frozen Foods department, Ordered Brand : Carrington",25.0018,22.0946,recyclable,"['Coffee Bar', 'Florist', 'Video Store', 'Ready Food', 'Bar For Salad']",Price Slashers,Delux3,2.52 Millions,0.9576 Millions,1731.9,505.07,335.38,282.9953,gameleire_,PE,-8.589458908130187,-35.38743094640927,SAO PAULO,SP,data: -23.62358155176294,val: -46.61056007369148,5.0
mc_ID_5748,"Married Male with three children, education: partial high school working as skilled manual",10K+,"Snack Foods from Snack Foods department, Ordered Brand : Fort West",24.8564,20.4957,non recyclable,"['Bar For Salad', 'Florist', 'Ready Food', 'Coffee Bar', 'Video Store']",Green Light Special,Deluxe,12.9 Millions,5.676 Millions,1525.28,375.1,248.79,507.9899,ferraz de vasconcelos,SP,-23.56434817142456,-46.371407446343056,sao paulo,5P,amount: -23.58343069747245,-46.50203424424373,5.0
mc_ID_5752,"Single Male with three children, education: partial high school working as manual",10K or more,"Starchy Foods from Starchy Foods department, Ordered Brand : Jardon",19.9142,15.4081,recyclable,"['Bar For Salad', 'Ready Food', 'Florist', 'Video Store', 'Coffee Bar']",Discount Frenzy,Gourmet,2.16 Millions,1.0584 Millions,,465.54,310.3,555.2168,uruacu,Gu,-14.518522867646602,-49.1319174044097,Sao Jose Do Rio Preto,Sp,-20.80243626346376,-49.39562406741489,5.0
mc_ID_5753,"Married Female with three children, education: High School degree working as professional",150K+,"Electrical from Household department, Ordered Brand : Cormorant",9.1867,7.7331,recyclable,,,Mid-Size,10.2 Millions,3.468 Millions,2818.52,447.7,298.5,767.3456,MARILIA,SP,-22.223228144324537,-49.95089175437127,presidente prudente,SP,-22.11414425309672,-51.42129393535142,1.0
mc_ID_5754,"Married Female with four children, education: high school degree working as manual",30K+,"Electrical from Household department, Ordered Brand : Sunset",24.275,19.9142,recyclable,"['Ready Food', 'Bar For Salad']",Save Price,Supermarket,$3.28 Millions,1.1152 Millions,2448.37,470.27,313.55,406.4756,5ao joaquim da barra,SP,-20.58117744270148,-47.858931261277824,colombo,PR,-25.371298736141743,amount: -49.18823376385825,5.0
mc_ID_5756,"Married Female with three children, education: graduate degree working as professional",90K+,"Decongestants from Health and Hygiene department, Ordered Brand : Faux Products",24.275,-19.9142,recyclable,,GLD,suparmarket,6.96 Millions,2.9928 Millions,2049.72,457.36,,val: 697.7866,toledo,PR,-24.74179836041965,-53.753890429702814,beIo horizonte,Mg,measure: -19.91624655709342,-43.93623364096637,5.0
mc_ID_5757,"Single Male with No kids, education: partial high school working as manual",10K+,"Vegetables from Produce department, Ordered Brand : High Top",23.4028,20.4957,non recyclable,"['Video Store', 'Bar For Salad', 'Ready Food', 'Coffee Bar', 'Florist']",Bag Stuffer,DElUXE,1.86 Millions,0.7812 Millions,1735.56,503.07,335.38,662.2226,sao jose dos pinhais,PR,-25.52257554902293,-49.09714820041269,saO PaULo,5P,measure: -23.554079433810344,-46.53324185942636,4.0
mc_ID_5758,"Single Male with two children, education: high school degree working as skilled manual",360+ monthly,"Candy from Snacks department, Ordered Brand : Gulf Coast",15.8442,11.4688,recyclable,"['Coffee Bar', 'Ready Food', 'Bar For Salad', 'Florist', 'Video Store']",Save It (Sale),Deluxe,7.08 Millions,3.54 Millions,1734.98,503.07,333.61,755.1074,sao paulo,5P,-23.602707503462444,-46.64264399999999,sao paulo,SP,-23.62615314929649,-46.74691974117254,4.0
mc_ID_5759,"Single Male with three children, education: bachelors degree working as management",10K+,"Dairy from Dairy department, Ordered Brand : Booker",9.1576,7.704,recyclable,"['Video Store', 'Florist', 'Coffee Bar', 'Bar For Salad', 'Ready Food']",,gourmet,2.68 Millions,0.8308 Millions,1424.85,465.54,310.3,449.1524,artur nogueira,5P,data: -22.559120480675748,-47.16516839542564,belo horizonte,MG,amount: -19.907108245080448,amount: -43.91966546502971,1.0
mc_ID_5760,"Married Male with three kidren, education: bachelors degree working as management",Income: 90K+,"Hot Beverages from Beverages department, Ordered Brand : Plato",24.275,measure: 19.9142,non recyclable,['Coffee Bar'],Price Smashers,Supermarket,€1.9M,0.9632 Millions,1236.07,440.92,294.36,722.9429,bARuEri,SP,-23.50247657869377,-46.85563438418507,itauna,MG,-20.08212660423176,-44.5732983518722,5.0
mc_ID_5762,"Married Female with two children, education: partial high school working as professional",130K+,"Hardware from Checkout department, Ordered Brand : Queen",12.5154,8.1401,recyclable,['Coffee Bar'],Weekend Discount,Supermarket,2.67 Millions,0.9879 Millions,1236.07,442.92,293.95,698.728,sao paulo,Sp,-23.58240277990652,-46.49511096003805,	ibitinga,SP,-21.7664768468313,val: -48.83154737836604,4.0
mc_ID_5764,"Married Female with one child, education: partial college working as clerical",30K+ annually,"Plastic Products from Household department, Ordered Brand : Red Wing",29.2172,26.31,non recyclable,"['Bar For Salad', 'Coffee Bar', 'Florist', 'Ready Food', 'Video Store']",Lottery Cash Registerion,deluxe,7.77 Millions,2.9526 Millions,1734.5,503.07,335.38,290.7357,belem,Pa,-1.455169760979064,-48.48183489231919,ilicinea,_Mg,-20.944705621834668,-45.82709818233235,5.0
mc_ID_5765,"Married Female with one child, education: partial high school working as manual",10K+,"Snack Foods from Snack Foods department, Ordered Brand : Best Choice",val: 30.0894,25.7286,non recyclable,"['Ready Food', 'Bar For Salad', 'Coffee Bar', 'Florist']",GLD,gourmEt,10.84 Millions,5.0948 Millions,1564.19,385.45,,396.2248,rio de janeiro,RJ,-22.882747506780664,measure: -43.55197219900165,Santa Terezinha De Itaipu,pr,-25.43158405315624,-54.402330873588255,4.0/5.0
mc_ID_5768,"Married Male with three children, education: bachelors degree working as management",50K+ annually,"Snack Foods from Snack Foods department, Ordered Brand : Best Choice",31.2522,29.7987,recyclable,"['Florist', 'Coffee Bar', 'Bar For Salad', 'Video Store', 'Ready Food']",Sale Winners,,$8.73 Millions,4.1904 Millions,1869.72,593.93,395.52,amount: 519.7574,sao paulo,SP,-23.501587725229385,-46.46351332223437,sao paulo,SP,-23.63058688480546,-46.61784924409308,5.0
mc_ID_5774,"Married Female with two children, education: bachelors degree working as professional",50K+,"Bathroom Products from Household department, Ordered Brand : Sunset",10436.80 grams,val: 8.9687,non recyclable,,Weekend Discount,supermarkat,1.59 Millions,0.5406 Millions,1508,227.8,151.9,735.1811, porto alegre ,RS,-30.03215040714993,-51.2325516998384,loanda,PR,-22.931426544866625,-53.13375928731349,3.0
mc_ID_5776,"Married Male with two children, education: high school degree working as skilled manual",30K+,"Bathroom Products from Health and Hygiene department, Ordered Brand : Faux Products",16.8617,12.5009,recyclable,['Coffee Bar'],Price Winners,Smal1 Grocery,2.98 Millions,0.9238 Millions,1424.84,398.93,265.98,val: 362.1252,itAPeVi,SP,-23.533790389172555,-46.915877230730494,sao paulo,sp,amount: -23.749510231490447,data: -46.75972518763336,5.0
mc_ID_5777,"Single Female with five children, education: high school degree working as manual",30K+,"Candy from Snacks department, Ordered Brand : Atomic",20.2049,15.6988,non recyclable,"['Coffee Bar', 'Ready Food', 'Florist', 'Bar For Salad']",Weekend Discount,Deluxe,7.12Ms,2.848 Millions,nil,654.13,436.09,382.0515,belo hor1zonte,MG,-19.862088971151767,-44.016051412547625,echapora,SP,val: -22.42925217631197,-50.20413759688468,5.0
mc_ID_5779,"Single Female with two children, education: high school degree working as manual",30K+ annually,"Hardware from Household department, Ordered Brand : Cormorant",13.9981,12.5445,recyclable,,Full Free,,6.84 Millions,3.2148 Millions,1508,,151.9,660.2352,BELO HORIZONTE,MG,measure: -19.8824409955566,val: -43.92902237968148,coñtagem,MG,-19.973247970932068,-44.04300362581713,5.0
mc_ID_5780,"Married Female with four children, education: bachelors degree working as professional",70 Thousand,"Snack Foods from Snack Foods department, Ordered Brand : Horatio",23.4028,21.9493,non recyclable,"['Bar For Salad', 'Ready Food']",Super Savers,,3.76 Millions,1.504 Millions,2448.37,470.27,313.55,754.7413,aracatuba,5P,-21.235212722459423,val: -50.42534560228513,SALTO,SP,-23.20591698084141,-47.307845865803,1.0
mc_ID_5781,"Married Male with four children, education: partial high school working as skilled manual",10K+,"Specialty from Produce department, Ordered Brand : Ebony",measure: 28.1997,measure: 25.1472,non recyclable,"['Florist', 'Bar For Salad', 'Video Store', 'Coffee Bar', 'Ready Food']",,GOURmet,2.58 Millions,1.032 Millions,1424.85,465.54,,675.716,brasilia,dF,-16.00853120581692,data: -47.99032368458669,guarulhos,_SP,-23.50542926894224,data: -46.54869177407812,data: 2.0
mc_ID_5785,"Married Female with four children, education: high school degree working as professional",90K+,"Paper Products from Household department, Ordered Brand : High Quality",15.2627,10.9019,non recyclable,['Coffee Bar'],Weekend Discount,Supermarket,7.59 Millions,2.5047 Millions,1237.84,440.92,293.95,364.1649,R1O DE JANEIRO,RJ,-22.97823619758802,-43.2372780819727,vendas@creditparts.com.br,PR,-23.377396999935016,-51.93100618003307,5.0
mc_ID_5786,"Married Male with one child, education: bachelors degree working as professional.",110 Thousand,"Pure Juice Beverages from Beverages department, Ordered Brand : Token",11.6869,-10.2188,recyclable,"['Bar For Salad', 'Video Store', 'Coffee Bar', 'Ready Food', 'Florist']",Sale Winners, Deluxe ,5.4 Millions,1.728 Millions,1871.16,,395.95,val: 519.7574,porto alegre,RS,amount: -30.075698598389984,val: -51.24170887079466,sao paulo,SP,measure: -23.56625832001269,data: -46.51841724632121,3.0
mc_ID_5787,"Married Female with four kids, education: partial high school working as skilled manual.",10K+,"Pizza from Frozen Foods department, Ordered Brand : PigTail",14.6813,11.77 kg,recyclable,"['Video Store', 'Ready Food', 'Bar For Salad', 'Coffee Bar', 'Florist']",Go For It,DELUXE,$4.84 Millions,1.6456 Millions,2038.94,481.98,321.26,455.3761,	pedreira,sp,-22.73824150585765,-46.8958585777586,sao jose dos pinhais,PR,measure: -25.550486998908475,-49.18996687114555,measure: 3.0
mc_ID_5789,"Married Female with two kidren, education: bachelors degree working as professional",70K+,"Candy from Snacks department, Ordered Brand : Atomic",11.3235,8.4018,recyclable,"['Coffee Bar', 'Video Store', 'Bar For Salad', 'Ready Food', 'Florist']",Price Slashers,Deluxe,6.32 Millions,2.5912 Millions,,503.07,337.18,282.9953,santo andre,sp,val: -23.685925683045728,-46.530850034133564,sao jose do rio preto,SP,-20.80243626346376,-49.39562406741489,5.0
mc_ID_5790,"Single Male with one child, education: high school degree working as manual",30K+,"Vegetables from Canned Foods department, Ordered Brand : Blue Label",18.3153,15.4081,recyclable,"['Ready Food', 'Bar For Salad']",Super Duper Savers,suPeRMARket,5.34 Millions,2.5632 Millions,2265.9,853.22,570.52,677.285,RIO DE J@NEIRO,RJ,measure: -22.92531913366395,-43.25369631041029,ribeirao preto,5P,-21.174925033585303,-47.7686162776848,5.0
mc_ID_5792,"Single Male with three children, education: high school degree working as manual",€25K+,"Breakfast Foods from Frozen Foods department, Ordered Brand : Carrington",21.0771,19.6235,non recyclable,"['Ready Food', 'Coffee Bar', 'Video Store', 'Bar For Salad', 'Florist']",One Day Sale,_deluxe,7.41 Millions,3.3345 Millions,1734.5,503.07,336.2,689.0525,sumare,sp,-22.800362898695823,-47.21833340077328,sao paulo,$p,-23.59798552039933,-46.55547278711988,8.0/10
mc_ID_5793,"Married Female with four children, education: partial high school working as management",€93K+,"Vegetables from Produce department, Ordered Brand : Tell Tale",29.2172,26.31,recyclable,,Price Destroyers,_Mid-Size,"12.68 ,000,000illions",5.9596 Millions,2818.3,447.7,298.5,728.2775,cASCAvel,Pr,-24.95087035971484,-53.45032742855887,ibitinga,Sp,-21.7664768468313,-48.83154737836604,5.0
mc_ID_5794,"Married Male with two children, education: partial HS working as skilled manual",Income: 10K+,"Snack Foods from Snack Foods department, Ordered Brand : Fort West",amount: 27.6183,26.1647,recyclable,"['Coffee Bar', 'Bar For Salad', 'Video Store', 'Florist', 'Ready Food']",,,5.34 Millions,2.1894 Millions,,481.98,321.26,602.7575,nazare paulista,Sp,-23.18258370723467,-46.39602763154268,$orocaba,SP,-23.53401196947312,-47.46735238343239,
mc_ID_5795,"Single Female with No children, education: bachelors degree working as professional",50000,"Fruit from Produce department, Ordered Brand : Ebony",14.4778,measure: 11.5706,non recyclable,"['Ready Food', 'Florist', 'Coffee Bar', 'Bar For Salad']",,_Gourmat,8.88 Millions,4.0848 Millions,1564.86,387.45,257.65,486.9653,Camacari,BA,val: -12.703900871300451,-38.326472028106345,petropolis,Rj,-22.549033360244323,-43.210094724044055,5.0
mc_ID_5797,"Single Female with four children, education: batchelors degree working as professional",10K+,"Jams and Jellies from Baking Goods department, Ordered Brand : Landslide",16.4256,13.5184,non recyclable,"['Florist', 'Ready Food', 'Bar For Salad', 'Video Store', 'Coffee Bar']",Dimes Off,Deluxe ,7.95 Millions,2.9415 Millions,2038.11,483.98,321.26,602.7575,sao jose dos campos,SP,-23.15960926262757,-45.90885480860288,RIBEIRAO PRETO,SP,-21.185944576067463,-47.81498292186677,5.0
mc_ID_5798,"Single Male with three children, education: partial high school working as manual",10K+,"Snack Foods from Snack Foods department, Ordered Brand : Nationeel",13.5329,9.1722,non recyclable,,,,10.04Ms,4.9196 Millions,2085.67,783.64,520.53,531.4203,ilha solteira,SP,-20.422366149890298,val: -51.33743860294578,"guariba
",SP,-21.36235769739203,-48.232975701561735,5.0
mc_ID_5800,"Single Male with five children, education: high school degree working as manual",30k,"Paper Products from Household department, Ordered Brand : Red Wing",22.676,21.2225,recyclable,"['Bar For Salad', 'Ready Food', 'Florist', 'Coffee Bar']",Save Price,_Deluxe,€9.1M,4.3788 Millions,2055.29,654.13,437.43,602.1299,florianopolis,SC,-27.649291379133214,measure: -48.52180222785512,saopaulo,SP,-23.52399579739165,-46.51294318734492,1.0
mc_ID_5803,"sINGLE fEMALE WITH FIVE CHILDREN, EDUCATION: HIGH SCHOOL DEGREE WORKING AS SKILLED MANUAL, EDUCATION: HIGH SCHOOL DEGREE WORKING AS SKILLED MANUAL",30K+,"Carbonated Beverages from Beverages department, Ordered Brand : Fabulous",val: 25.7286,21.3678,non recyclable,,Weekend Discount,Supermarket,"9.36 ,000,000illions",2.9952 Millions,,227.8,,735.1811,macae,RJ,-22.39913877640838,-41.79264119818028,limelra,SP,-22.541719708891844,-47.427681190013296,1.0
mc_ID_5804,"Married Male with two children, education: bachelors degree working as professional",€42K+,"Decongestants from Health and Hygiene department, Ordered Brand : Bird Call",30.3801,data: 27.3275,recyclable,,Go For It,,5.64 Millions,1.692 Millions,2049.72,457.36,,509.6635,TABOAO DA SERRA,sp,-23.61030541993188,-46.78378189508913,IBITINGA,Sp,data: -21.7664768468313,val: -48.83154737836604,5.0
mc_ID_5805,"Maried Male with four children, education: batchelors degree working as professional",70K+,"Carbonated Beverages from Beverages department, Ordered Brand : Excellent",22.5307,743.47 oz,non recyclable,,,Supermarket,2.88 Millions,1.1232 Millions,1508,227.8,151.08,619.0228,brasilia ,DF,-15.83927603063552,-47.97166282005243,rio de janeiro,RJ,-22.93125598447676,-43.17881321481337,1.0
mc_ID_5806,"Married Female with four children, education: partial college working as skilled manual",30K+,"Jams and Jellies from Baking Goods department, Ordered Brand : Landslide",13.6056,-10.6839,recyclable,,Price Slashers,Supermarket,4.17 Millions,1.4595 Millions,1508,227.8,150.29,351.456,sao paulo,SP,-23.48177109714923,-46.602701847769616,florianopolis,Sç,-27.60066334139297,-48.51412134485542,5.0
mc_ID_5809,"Married Male with No children, education: high school degree working as manual",30K+,"Vegetables from Frozen Foods department, Ordered Brand : Imagine",13.6492,10.7421,recyclable,"['Ready Food', 'Bar For Salad']",Money Savers,Supermarket,6.88 Millions,3.44 Millions,2448.37,470.27,313.55,290.0035,rio de janeiro,RJ,-22.900055909515867,-43.5630434682037,alfenas,MG,-21.420179371992425,-45.959964474046224,5.0
mc_ID_5810,"Single Female with two kidren, education: bachelors degree working as professional",€59K+,"Candles from Household department, Ordered Brand : Sunset",17.7338,13.3585,recyclable,,Best Price Savers,Sup3rmarket,2.24 Millions,0.7168 Millions,1508,227.8,151.9,650.4028,belo horizonte,MG,data: -19.82037054203942,-43.98181463543774,b3lo horizonte,MG,-19.926141851520523,-43.93684827200066,5.0
mc_ID_5811,"Married Female with two children, education: partial college working as clerical",30K+,"Canned Soup from Canned Foods department, Ordered Brand : Better",12.123,376.35 oz,recyclable,['Coffee Bar'],Best Price Savers,supermarket,3.0 Millions,1.17 Millions,1236.07,440.92,293.95,349.2594,aparibe,RJ,val: -21.62189489518194,measure: -42.10129524956613,	JOINVILLE,SC,-26.270134671231133,-48.80876106346335,5.0
mc_ID_5812,"Married Female with three children, education: partial high school working as skilled manual",10K+,"Starchy Foods from Starchy Foods department, Ordered Brand : Medalist",30.5255,29.0719,recyclable,"['Bar For Salad', 'Ready Food', 'Coffee Bar', 'Video Store', 'Florist']",Bag Stuffer,Deluxe,"5.36 ,000,000illions",2.1976 Millions,,503.07,335.38,662.2226,saojoaodemeriti,RJ,-22.76858130568497,val: -43.38321290201161,cotia_,SP,-23.618364275958324,-46.94004136202083,4.0
mc_ID_5814,"Married Female wiht two children , education: bachelors degree working as professional",70K+ annually,"Snack Foods from Snack Foods department, Ordered Brand : Nationeel",amount: 27.909,23.5482,non recyclable,"['Coffee Bar', 'Video Store', 'Ready Food', 'Bar For Salad', 'Florist']",Promo Big,Deluxe,10.08 Millions,3.3264 Millions,1871.31,593.93,395.95,578.2288,sau fidelis_,RJ,-21.642286961806903,-41.73722159732909,1licinea,MG,data: -20.944705621834668,-45.82709818233235,5.0
mc_ID_5815,"Married Male with two kids, education: bachelors degree working as management",50K+,"Bathroom Products from Health and Hygiene department, Ordered Brand : Consolidated",13.6928,measure: 10.7857,recyclable,['Florist'],Price Destroyers,Supermarket,2.88 Millions,0.8928 Millions,1319.66,missing,,$710.86,tangara da serra,MT,-14.626259297036649,-57.49943277213334,Santo Andre,sp,-23.665703457960586,-46.51808196779969,4.0
mc_ID_5816,"Single Female with four children, education: high school degree working as skilled manual",$30K+,"Dairy from Dairy department, Ordered Brand : Booker",11.9921,7.6314,non recyclable,"['Video Store', 'Bar For Salad', 'Florist', 'Ready Food', 'Coffee Bar']",Lottery Cash Registerion,Deluxe,4.32Ms,1.512 Millions,1734.38,503.07,335.38,500.9294,sao paulo,SP,-23.648170917596605,-46.68519758049092,saO PaulO,SP,-23.571257720785987,-46.69633123175024,measure: 5.0
mc_ID_5817,"Single Female with four kids, education: high school degree working as manual",30K or more,"Canned Tuna from Canned Foods department, Ordered Brand : Better",31.543,28.6358,non recyclable,['Coffee Bar'],Discount Frenzy,SUpermarkET,11.08Ms,3.5456 Millions,1236.07,442.92,293.95,760.4943,joao pessoa,PB,-7.1208703938433375,-34.85064641510408,ribelrao preto ,SP,-21.116471333054424,-47.79073400291418,5.0
mc_ID_5818,"Married Female with one child, education: bachelors degree working as professional",50K+,"Meat from Deli department, Ordered Brand : American",22.9668,measure: 20.0596,recyclable,"['Ready Food', 'Bar For Salad']",Super Savers,Supermarket,"11.48 ,000,000illions",4.7068 Millions,2448.37,470.27,312.58,754.7413,rio de janeiro,RJ,data: -22.886342503904107,-43.46205222439118,mesquita,_Rj,-22.767224960596728,-43.424453496437685,amount: 1.0
mc_ID_5819,"Married Female with three children, education: Bachelors degree working as professional",70K+,"Fruit from Produce department, Ordered Brand : Ebony",31.2522,-28.3451,recyclable,"['Florist', 'Ready Food', 'Video Store', 'Coffee Bar', 'Bar For Salad']",Super Duper Savers,Deluxe,4.05 Millions,1.9845 Millions,1525.28,,247.34,318.3501,Santa Terezinha De Itaipu,PR,-25.43158405315624,-54.402330873588255,ibItImgA,Sp,-21.7664768468313,-48.83154737836604,5.0
mc_ID_5820,"Married Male with five children, education: partial college working as professional",$130K+,"Vegetables from Produce department, Ordered Brand : Ebony",15.6988,12.7916,non recyclable,"['Bar For Salad', 'Ready Food', 'Florist', 'Video Store', 'Coffee Bar']",Shelf Clearing Days,Gourmet,10.6 Millions,4.982 Millions,1424.85,,312.27,533.2508,belo horizonte,mg,-19.89912054094289,-43.9404121305903,belo horizonte,MG,measure: -19.831098006665105,-43.94652358104908,4.0
mc_ID_5824,"EDUCATION: HIGH SCHOOL DEGREE WORKING AS MANUAL, SINGLE FEMALE WITH FOUR CHILDREN",$30K+,"Dairy from Dairy department, Ordered Brand : Even Better",21.5132,18606.00 grams,recyclable,,Big Time Discounts,Supermarket,2.55 Millions,1.0455 Millions,2049.72,457.36,,310.662,ribeirao pires,SP,-23.70474058986409,-46.40960792389481,sao paulo,SP,-23.56753031883281,-46.51205478799173,5.0
mc_ID_5825,Single Female with No children - education: partial high school working as skilled manual,10K+,"Starchy Foods from Starchy Foods department, Ordered Brand : Monarch",measure: 11.9195,7.5441,recyclable,"['Video Store', 'Bar For Salad', 'Ready Food', 'Florist', 'Coffee Bar']",Bag Stuffer,Deluxe,"8.7 ,000,000illions",2.958 Millions,1734.5,503.07,335.38,662.2226,embu das artes,SP,-23.645106,-46.83806297056964,santo andre,SP,-23.665703457960586,-46.51808196779969,amount: 5.0
mc_ID_5826,"Single Female with one kid, education: partial HS working as manual",30000,"Snack Foods from Snack Foods department, Ordered Brand : Fast",28.9265,val: 25.874,non recyclable,['Florist'],You Save Days,Supermarket,15.12Ms,6.6528 Millions,1320.15,523.32,348.85,689.3663,sorocaba,SP,-23.497758429915205,-47.45587542936695,Sao Pau1O,SP,-23.63133471752179,-46.75945889273972,5.0
mc_ID_5829,"Single Male with three children, education: bachelors degree working as professional",10000,"Cleaning Supplies from Household department, Ordered Brand : High Quality",31.6883,30.0894,recyclable,-1,I Cant Believe It Sale,Deluxe,6.57 Millions,2.0367 Millions,1522.3,373.1,248.79,535.9181,rio de janeiro,RJ,-22.984848450458767,-43.20073414542106,sao carlos,SP,-22.00055438718329,-47.88585695697964,5.0
mc_ID_5830,"Married Female with five children, education: bachelors degree working as professional",70K+,"Dairy from Dairy department, Ordered Brand : Club",14.4632,11.5415,non recyclable,,Wallet Savers,Supermarket,15.8 Millions,6.636 Millions,2051.69,457.36,,418.1385,CamPINAS,SP,-22.889641421316863,-47.05668446918465,mococa,SP,-21.46569907614626,-47.00475479474461,1.0
mc_ID_5831,"Single Female with one child, education: partial high school working as skilled manual",Income: 10K+,"Frozen Entrees from Frozen Foods department, Ordered Brand : Imagine",-13.344,10.4368,non recyclable,"['Bar For Salad', 'Ready Food']",Price Slashers,Supermarket,1.72 Millions,0.8256 Millions,...,470.27,313.55,402.7623,osasco,SP,-23.54585713211952,measure: -46.80489027352986,apucarana,PR,-23.540448877849485,-51.45277360323112,5.0
mc_ID_5834,Married Female with two children and education: partial high school working as manual,10K+ annually,"Fruit from Produce department, Ordered Brand : Tri-State",26.1647,23.2575,recyclable,,One Day Sale,mid-size,7.71 Millions,2.9298 Millions,2822.33,447.7,298.5,€652.24,belohorizonte,MG,-19.994171239511868,-44.02121935873389,praia 	grande,SP,-24.011288218359883,-46.41873374429398,4.0
mc_ID_5835,"Single Male with five children, education: partial high school working as skilled manual",Income: 10K+,"Canned Soup from Canned Foods department, Ordered Brand : Better",23.2575,18.8967,recyclable,"['Ready Food', 'Florist', 'Coffee Bar', 'Video Store', 'Bar For Salad']",Two for One,deluxe,1.26 Millions,0.4788 Millions,2040.57,481.98,320.28,358.9349,auriflama,SP,-20.68604093423175,-50.55347736946949,$AO PAuLo,SP,-23.472335179294816,-46.64636526449883,measure: 5.0
mc_ID_5836,"Single Male with No children, education: bachelors degree working as professional",Income: 130K+,"Vegetables from Frozen Foods department, Ordered Brand : Golden",20.641,41.98 lbs,non recyclable,['Florist'],Save It (Sale),,8.91Ms,3.7422 Millions,1318.64,523.32,348.85,427.7617,sao paulo,SP,-23.49943950874986,-46.68377404381376,sao berñardo do campo,SP,-23.654997981877287,-46.56934699284744,4.0
mc_ID_5838,"Single Male with No children, education: high school degree working as skilled manual",30K+,"Pizza from Frozen Foods department, Ordered Brand : PigTail",8.8088,4.4335,non recyclable,,Weekend Discount,SUPERMARKET,5.04 Millions,1.512 Millions,1508,227.8,153.84,614.002,brasilia,DF,-15.910633486596884,-48.097383553696325,sao paulo,SP,-23.554079433810344,-46.53324185942636,3.0
mc_ID_5840,"Single Female with two children, education: graduate degree working as professional",70k,"Frozen Desserts from Frozen Foods department, Ordered Brand : Imagine",17.7338,13.3585,non recyclable,['Florist'],Roller Savings (High) ,Supermarket,3.52 Millions,1.056 Millions,1320.15,525.32,,532.6232,sao carlos,SP,-22.01139055955482,-47.886487092764376,jumdiai,SP,-23.211714582578274,-46.8753760355472,5.0
mc_ID_5841,"Single Female with three children, education: high school degree working as professional",90K+,"Specialty from Produce department, Ordered Brand : Tell Tale",-22.676,19.7689,recyclable,"['Coffee Bar', 'Ready Food', 'Florist', 'Bar For Salad', 'Video Store']",Lottery Cash Registerion,Deluxe ,4.89 Millions,2.1516 Millions,1732.94,505.07,,313.0678,RiO DaS OstRAS,RJ,-22.49321971715972,-41.91021028549174,SOROCABA,5P,measure: -23.49636707533955,-47.43890030979464,5.0
mc_ID_5842,"Married Male with four children, education: partial high school working as professional",130K+,"Jams and Jellies from Baking Goods department, Ordered Brand : Plato",27.6183,24.7111,recyclable,"['Coffee Bar', 'Video Store', 'Bar For Salad', 'Florist', 'Ready Food']",GLD,Delux3,4.84 Millions,2.0328 Millions,1872.05,593.93,,484.1411,senador modestino goncalves,MG,-17.95101701216431,-43.22230759844948,santa barbara d'oeste_,SP,-22.75967282783305,-47.364736674563375,5.0
mc_ID_5843,"Single Male with three children, education: high school degree working as skilled manual",30K+,"Canned Sardines from Canned Foods department, Ordered Brand : Pleasant",19.1874,16.1349,recyclable,"['Bar For Salad', 'Coffee Bar', 'Ready Food', 'Florist']",Super Duper Savers,Deluxe,5.61 Millions,2.4123 Millions,2055.29,654.13,438.08,475.93,porto velho,RO,-8.745335999999998,measure: -63.8965305,Guarulhos,SP,-23.496488565250488,-46.54671310832206,5.0
mc_ID_5844,"Single Male with two children, education: partial high school working as management",90K+,"Beer and Wine from Alcoholic Beverages department, Ordered Brand : Walrus",22.8214,val: 19.7689,non recyclable,"['Florist', 'Coffee Bar', 'Bar For Salad', 'Ready Food']",Budget Bargains,Deluxe,2.49 Millions,1.1703 Millions,2055.29,654.13,436.09,715.1502,"rIo dAS OSTraS
",RJ,-22.48719244112802,-41.92144424029182,franca,SP,To Be Determined,-47.39851931627846,1.0
mc_ID_5845,"Single Female with three children, education: partial college working as professional",30000,"Frozen Desserts from Frozen Foods department, Ordered Brand : Carrington",21.3678,18.3153,recyclable,,Best Price Savers,SUPERMARKET,3.45Ms,1.518 Millions,1508,227.8,151.9,650.4028,treS rios,RJ,-22.11609445602118,-43.20891268018211,sao paulo,$P,-23.575745041924048,-46.74085825118136,1.0
mc_ID_5848,"Single Male with one child, education: high school degree working as skilled manual",30K+,"Drinks from Beverages department, Ordered Brand : Skinner",31.6883,28.6358,non recyclable,"['Ready Food', 'Bar For Salad']",Save Price,SuPermarKEt,6.84 Millions,2.4624 Millions,2448.37,470.27,313.55,406.4756,sorocaba,SP,-23.427220495412364,-47.46811611532685,cariacica,ES,-20.29753657631548,-40.40086853731229,5.0
mc_ID_5849,"Married Male with four children, education: partial high school working as skilled manual",10K+,"Dairy from Dairy department, Ordered Brand : Club",19.7689,16.8617,non recyclable,"['Ready Food', 'Coffee Bar', 'Bar For Salad', 'Florist']",Two for One,Deluxe,1.59Ms,0.636 Millions,,654.13,436.09,312.9109,sao paulo,SP,-23.640808668692408,-46.65513298716066,SANTO ANDRE,SP,-23.665703457960586,-46.51808196779969,5.0
mc_ID_5850,"Married Male with No children, education: bachelors degree working as professional",50K+,"Vegetables from Frozen Foods department, Ordered Brand : Big Time",17.4431,13.0823,non recyclable,"['Bar For Salad', 'Florist', 'Coffee Bar', 'Ready Food']",GLD,Gourmet,$2.7 Millions,0.999 Millions,1564.4,385.45,256.97,396.2248,JANAUBA,MG,measure: -15.818348788762345,-43.30447358658913,?,5P,-22.214731808036426,-49.96619857883034,1.0
mc_ID_5853,"Single Male with four kids, education: bachelor'ss degree working as professional",50K+,"Vegetables from Canned Foods department, Ordered Brand : Blue Label",21.8039,-20.3503,non recyclable,,Roller Savings (High) ,Supermarket,4.58 Millions,2.061 Millions,1508.45,227.8,151.9,379.7503,sorocaba,SP,-23.450593895051057,measure: -47.47570043199476,sao paulo,SP,data: -23.63329280322003,val: -46.73784151540766,5.0
mc_ID_5854,"sINGLE fEMALE WITH TWO CHILDREN, EDUCATION: PARTIAL HIGH SCHOOL WORKING AS PROFESSIONAL, EDUCATION: PARTIAL HIGH SCHOOL WORKING AS PROFESSIONAL",70K+,"Snack Foods from Snack Foods department, Ordered Brand : Fast",9.5792,6.672,recyclable,"['Coffee Bar', 'Ready Food', 'Bar For Salad', 'Florist']",,deLuxa,"2.88 ,000,000illions",1.0368 Millions,,656.13,,measure: 725.9763,schroeder,SC,-26.40323432806667,-49.087597917849614,sao paulo,SP,-23.554079433810344,-46.53324185942636,val: 4.0
mc_ID_5857,"education: high school degree working as manual, Single Male with one child",30K+,"Vegetables from Produce department, Ordered Brand : Hermanos",-11.6578,8.7506,recyclable,"['Coffee Bar', 'Bar For Salad', 'Video Store', 'Florist', 'Ready Food']",Price Cutters,Gourmet_,6.69 Millions,3.2781 Millions,1424.85,,311.23,€574.36,sau jose dos campos_,SP,-23.215086943101173,-45.88965270330085,sao paulo,5P,-23.62358155176294,-46.61056007369148,4.0
mc_ID_5860,"Married Male with two children, education: high school degree working as manual",Income: 30K+,"Fruit from Canned Products department, Ordered Brand : Green Ribbon",25.4379,22.5307,recyclable,"['Bar For Salad', 'Ready Food']",Super Savers,Supermarket,$9.33 Millions,4.1985 Millions,2446.34,470.27,313.55,754.7413,sao paulo,SP,-23.49915923397195,-46.49757079961335,S@O Paulo,SP ,-23.58067325143878,data: -46.591568341608856,val: 5.0
mc_ID_5862,"Married Female with one child, education: partial high school working as skilled manual",30K+,"Eggs from Eggs department, Ordered Brand : National",24.1296,21.2225,non recyclable,"['Florist', 'Video Store', 'Ready Food', 'Coffee Bar', 'Bar For Salad']",,Gourmet,2.79 Millions,1.1439 Millions,,465.54,310.3,304.1768,sao ca3tano do sul,SP,-23.60954690025056,-46.568247078142726,5ao paulo,5P,-23.693985995008337,-46.70188324132953,5.0
mc_ID_5863,"Married Female with one child, education: partial high school working as manual",Income: 10K+,"Electrical from Household department, Ordered Brand : Red Wing",19.9142,18.3153,recyclable,"['Video Store', 'Ready Food', 'Florist', 'Bar For Salad', 'Coffee Bar']",Fantastic Discounts,Gourmet,8.01 Millions,3.6045 Millions,1425.02,465.54,310.02,718.9158,gramado,R5,-29.37923247792722,-50.88445107799066,Sao Paulo,SP,-23.512538179294825,measure: -46.50108112461768,4.0
mc_ID_5864,"Married Female with one child, education: partial college working as professional",€25K+,"Baking Goods from Baking Goods department, Ordered Brand : Landslide",23.9843,21.0771,recyclable,,Price Winners,SUPERMARKET,2.46Ms,0.8856 Millions,1623.48,341.05,227.33,586.7537,nITerOI_,RJ,-22.936561541368828,-43.01197429001808, Porto Alegre ,_RS,-30.04623721344161,-51.18559141220381,5.0
mc_ID_5868,"Single Female with one child, education: partial high school working as manual",10K+,"Hygiene from Health and Hygiene department, Ordered Brand : Bird Call",26.8915,22.5307,non recyclable,,Tip Top Savings,Mid-Size_,5.55 Millions,2.553 Millions,2819.7,447.7,297.17,416.2557,Brasilia,DF,-15.803374410496817,-47.90297513543773,sao paulo,sp,-23.611654194010004,-46.63258761587511,5.0
mc_ID_5870,"Single Male with No children, education: partial high school working as manual",10K+ annually,"Candy from Snacks department, Ordered Brand : Choice",16.8617,12.5009,non recyclable,"['Florist', 'Ready Food', 'Coffee Bar', 'Bar For Salad']",,gOUrMEt,2.24 Millions,0.9408 Millions,1564.86,385.45,257.89,val: 486.9653,Rio De Janeiro,RJ,-22.9860379483813,-43.19247513503371,sao jose dos campos_,sp,-23.221431461827063,-45.888163895493165,4.0
mc_ID_5871,"Single Female with three children, education: bachelors degree working as professional",€42K+,"Jams and Jellies from Baking Goods department, Ordered Brand : Super",9.7681,8.3,non recyclable,,Go For It,Supermarke7,10.17 Millions,4.6782 Millions,1508,227.8,151.9,623.939,cotia,SP,val: -23.618364275958324,-46.94004136202083,SAO PAULO,SP,-23.47666615958798,amount: -46.68147008895491,5.0
mc_ID_5872,"Single Female with three children, education: high school degree working as skilled manual",30K+,"Fruit from Produce department, Ordered Brand : Tell Tale",-1.0,10.6403,recyclable,"['Florist', 'Coffee Bar', 'Bar For Salad', 'Ready Food']",Bag Stuffer,Deluxe,,0.8235 Millions,2055.29,654.13,437.79,367.7736,fortaleza,ce,-3.7335671035258686,-38.49101697224308,piracicaba,SP,-22.71683928585045,-47.65736585405934,measure: 5.0
mc_ID_5873,"Single Male with four kids, education: bachelors degree working as management",50K+,"Breakfast Foods from Frozen Foods department, Ordered Brand : Big Time",23.6936,data: 20.641,recyclable,,Weekend Discount,Supermarket,16.2 Millions,6.156 Millions,1509.81,227.8,,735.1811,sao paulo,SP,measure: -23.555182505135885,-46.65226234401868,_sao jose do rio preto,Sp,-20.84380119949777,-49.36891118527178,5.0
mc_ID_5874,"Single Male with three children, education: bachelors degree working as management",$70K+,"Breakfast Foods from Breakfast Foods department, Ordered Brand : Johnson",30.8162,27.909,non recyclable,"['Ready Food', 'Bar For Salad']",,Supermarket,"7.05 ,000,000illions",2.4675 Millions,2265.86,855.22,568.75,643.3946,pocos de caldas, MG ,-21.79104335195045,-46.56244368105504,,,,,1.0
mc_ID_5876,"Single Female with two children, education: high school degree working as skilled manual",30K+,"Electrical from Household department, Ordered Brand : Red Wing",16.1349,11.7741,non recyclable,['Coffee Bar'],I Cant Believe It Sale,Smal1 Grocery,4.96 Millions,1.8352 Millions,1424.53,,265.98,605.8955,Itagiba,BA,-14.146548937637707,-39.73399436801655, Sao Paulo,SP_,-23.693985995008337,-46.70188324132953,4.0
mc_ID_5878,"Single Female with No children, education: bachelors degree working as professional",Income: 50K+,"Packaged Vegetables from Produce department, Ordered Brand : Hermanos",10.117,5.7562,recyclable,"['Bar For Salad', 'Florist', 'Coffee Bar', 'Ready Food']",,,6.51Ms,2.2134 Millions,1564.86,,257.99,773.0986,mArilIA,	SP,measure: -22.223228144324537,-49.95089175437127, LONdrIna,Pr,data: -23.309902583386343,-51.172848272548926,val: 1.0
mc_ID_5880,"Married Male with three childran, education: partial High School working as manual",10K or more,"Meat from Frozen Foods department, Ordered Brand : Carrington",13.6638,12.1956,non recyclable,"['Florist', 'Ready Food', 'Video Store', 'Bar For Salad', 'Coffee Bar']",Big Time Saving,,€4.1M,2.2264 Millions,1424.85,467.54,308.37,404.3836,santa cruz do $ul,RS,-29.704781007155663,-52.42944384718152,sao paulo,Sp,amount: -22.74098779744896,-47.60706025967849,4.0
mc_ID_5881,"Single Female with two kids, education: bachelors degree working as professional",50K+,"Canned Soup from Canned Foods department, Ordered Brand : Pleasant",20.3503,17.4431,recyclable,"['Bar For Salad', 'Ready Food']",Price Slashers,Supermarket,2.7 Millions,1.08 Millions,2447.22,472.27,313.55,402.7623,porto elegre,RS,-30.02772762392521,-51.1870826147786,caruaru,PE,-8.28465051618529,amount: -35.96975637467875,4.0
mc_ID_5882,"Married Female with one child, education: bachelors degree working as professional",50K+,"Snack Foods from Snack Foods department, Ordered Brand : Horatio",-0.1,-24.1296,recyclable,"['Ready Food', 'Bar For Salad']",Super Savers,,"3.58 ,000,000illions",1.4678 Millions,2448.37,470.27,313.55,data: 754.7413,brasilia,Df,-16.02358803561571,-48.01891409312747,santo andre,Sp,-23.665703457960586,-46.51808196779969,5.0
mc_ID_5883,"Married Female with No children, education: partial college working as professional",50K+,"Jams and Jellies from Baking Goods department, Ordered Brand : Super",23.9843,46.47 lbs,non recyclable,"['Video Store', 'Coffee Bar', 'Ready Food', 'Bar For Salad', 'Florist']",,D3luxe,15.84 Millions,5.8608 Millions,1523.18,373.1,247.87,535.9181,Sao Paulo,SP,-23.55264510214089,-46.68261304677127,goiania,GO,-16.675429623739763,-49.26004719113793,measure: 5.0
mc_ID_5885,"Married Female with four kidren, education: partial high school working as management",1560+ monthly,"Baking Goods from Baking Goods department, Ordered Brand : Landslide",23.1121,20.0596,recyclable,"['Bar For Salad', 'Ready Food', 'Video Store', 'Florist', 'Coffee Bar']",GLD,dElUXe,8.56Ms,2.7392 Millions,1871.16,593.93,395.95,484.1411,pelotas,RS,amount: -31.74406768275678,amount: -52.294588438000126,presidente prudente,SP,-22.12947979600667,-51.3915163426337,5.0
mc_ID_5887,"marrie female with four children, education: partial high school working as management",110k,"Magazines from Periodicals department, Ordered Brand : Mighty Good",26.6008,25.0018,recyclable,"['Ready Food', 'Bar For Salad', 'Coffee Bar', 'Video Store', 'Florist']",Price Slashers,Deluxe,4.92 Millions,1.968 Millions,1525.28,373.1,248.79,403.9652,cubatao,SP,-23.925988916770564,-46.40841448983772,cruzeiro,SP ,-22.57792780460501,-44.95825089647411,5.0
mc_ID_5888,"EDUCATION: HIGH SCHOOL DEGREE WORKING AS MANUAL, SINGLE MALE WITH ONE CHILD",30K+,"Jams and Jellies from Baking Goods department, Ordered Brand : Plato",28054.30 grams,data: 23.5482,recyclable,"['Ready Food', 'Bar For Salad', 'Florist', 'Coffee Bar']",Save It (Sale),_deluxe,"5.04 ,000,000illions",1.7136 Millions,,654.13,434.72,728.9051,itapira_,Sp,-22.41871528680376,-46.82798216284088,Santa  Terezinha  De  Goias,Go,-14.43468419408557,-49.70519241955994,5.0
mc_ID_5889,"Married Female with one child, education: partial high school working as manual",Income: 10K+,"Snack Foods from Snack Foods department, Ordered Brand : Fast",11.5125,-10.0589,recyclable,"['Ready Food', 'Florist', 'Bar For Salad', 'Coffee Bar']",Super Duper Savers,Deluxe,11.36 Millions,4.0896 Millions,2055.29,654.13,436.09,475.93,porto alegre,RS,amount: -30.013169904996133,-51.19853892141162,jacarei,SP,-23.29818595956356,-45.974828011182304,5.0
mc_ID_5890,"Maried Female with one child, education: bachelors degree working as professional",70K+,"Dairy from Dairy department, Ordered Brand : Carlson",16.8617,13.9545,recyclable,,Two for One,Supermarket,10.47 Millions,3.2457 Millions,2049.72,457.36,,300.8296,recife,pe,-8.07073719677996,-34.910678572162254,santo andre,Sp,-23.665703457960586,-46.51808196779969,5.0
mc_ID_5892,"Married Female with four children, education: bachelors degree working as management",70K+,"Dairy from Dairy department, Ordered Brand : Club",9.1722,4.7969,recyclable,"['Ready Food', 'Florist', 'Coffee Bar', 'Bar For Salad']",GLD,gourmet,$3.76 Millions,1.692 Millions,1564.86,385.45,257.64,396.2248,jaboatao dos guararapes,PE,-8.133390600650493,-34.97657422671821,quEIMaDOs,RJ,-22.75207045168108,-43.57632171567059,4.0
mc_ID_5893,"Married Male with No children, education: partial high school working as manual",10K+,"Snack Foods from Snack Foods department, Ordered Brand : Best Choice",23.4028,-21.9493,non recyclable,"['Video Store', 'Ready Food', 'Coffee Bar', 'Bar For Salad', 'Florist']",,Deluxe,10.52 Millions,4.6288 Millions,1871.16,593.93,395.95,688.3726,rio de janeiro,RJ,-22.814754868848173,-43.37214257948502,itaquaquecetuba,Sp,amount: -23.464295023583936,-46.32874959104104,3.0
mc_ID_5895,"Single Female with five children , education: High School degree working as professional",$130K+,"Fruit from Produce department, Ordered Brand : Tri-State",amount: 19.0421,16.1349,non recyclable,['Coffee Bar'],Two Day Sale,sup3rmarket,10.76 Millions,3.5508 Millions,,440.92,294.3,€405.79,"TeRESIna
",_PI,-5.072148382612785,-42.79174259218988,sao paulu,SP,-23.62358155176294,data: -46.61056007369148,5.0
mc_ID_5896,"Married Female with two children, education: partial college working as clerical",30K+,"Dairy from Dairy department, Ordered Brand : Club",22.5307,19.6235,non recyclable,['Coffee Bar'],Price Slashers,Supermarket,€5.9M,2.9106 Millions,1234.93,442.92,293.95,525.3012,SAO GONCALO,RJ,-22.83536936790349,-43.08464036790347,americana,SP,-22.72893170107914,-47.301322143632056,5.0
mc_ID_5897,"Married Male with three children, education: high school degree working as professional",$130K+,"Fruit from Canned Products department, Ordered Brand : Applause",-10.117,val: 5.7562,recyclable,"['Ready Food', 'Florist', 'Coffee Bar', 'Bar For Salad']",Super Duper Savers,Deluxe,€7.1M,2.604 Millions,,654.13,436.09,364.2695,sao paulo,SP,-23.63073693828196,-46.73651846084102,"santo andre
",SP,-23.665703457960586,-46.51808196779969,5.0
mc_ID_5899,"Single Female with one child, education: bachelors degree working as professional",50K+,"Vegetables from Produce department, Ordered Brand : Tell Tale",14.2016,11.2944,recyclable,"['Video Store', 'Florist', 'Ready Food', 'Bar For Salad', 'Coffee Bar']",Sale : Double Down,Deluxe,€8.8M,5.18 Millions,1525.28,373.1,248.18,measure: 278.2883,rio verde,gu,-17.791609941378447,-50.93351384538391,sao paulo,SP ,-23.54138387625104,-46.6140494458142,5.0
mc_ID_5902,"Married Male with four kids, education: partial high school working as management",130K+,"Fruit from Produce department, Ordered Brand : High Top",19.4781,14.972,recyclable,"['Ready Food', 'Bar For Salad', 'Video Store', 'Florist', 'Coffee Bar']",,,9.88 Millions,4.0508 Millions,1734.5,,335.38,313.0678,sao paulo,sp,-23.57219854010617,-46.63913109824576,PeTropOlis,Rj,amount: -22.549033360244323,-999,4.0
mc_ID_5906,"Single Female with one child, education: bachelors degree working as professional",110K+,"Snack Foods from Snack Foods department, Ordered Brand : Horatio",measure: 24.275,21.3678,recyclable,"['Ready Food', 'Florist', 'Coffee Bar', 'Bar For Salad']",Full Free,,15.12 Millions,6.048 Millions,,654.13,436.09,288.5914,sao paulo,SP,,-46.60359485356405,campo mourao,PR,-24.03529260389033,-52.37957021179355,5.0
mc_ID_5909,"Single Female with three children, education: partial college working as professional",30K+,"Snack Foods from Snack Foods department, Ordered Brand : Horatio",amount: 13.9981,11.0909,recyclable,,Two Day Sale,SUPERMaRKEt,6.84 Millions,2.3256 Millions,1623.48,341.05,227.33,383.2021,sao paulo,SP,-23.63580786663679,-46.71209825910773, poa,sp,-23.522975748542905,-46.33702048557326,1.0
mc_ID_5911,"Married Male with one child, education: high school degree working as manual",30K+,"Canned Oysters from Canned Foods department, Ordered Brand : Pleasant",12.2974,10.8438,non recyclable,['Coffee Bar'],Two Day Sale,SMALI GROCERY,$4.86 Millions,1.8468 Millions,2069.04,330.83,220.55,695.067,bir1gui,SP,-21.30207124709913,-50.34447517254305,sao jose do rio preto_,SP,-20.80243626346376,-49.39562406741489,data: 5.0
mc_ID_5914,"Single Female with No children, education: bachelors degree working as management",70K+,"Bread from Baked Goods department, Ordered Brand : Fantastic",19.6235,16.7163,recyclable,"['Ready Food', 'Florist', 'Bar For Salad', 'Coffee Bar', 'Video Store']",,Deluxe,8.97 Millions,4.1262 Millions,1869.86,595.93,397.87,360.3993,sao paulo,SP,-23.59646742221188,measure: -46.64910582015532,botucatu,5P,amount: -22.872417407209937,-48.43285474838039,5.0
mc_ID_5915,"Single Female with four children, education: high school degree working as manual",30K+,"Meat from Deli department, Ordered Brand : American",9.899,5.5237,non recyclable,"['Florist', 'Coffee Bar', 'Ready Food', 'Bar For Salad']",Dollar Days,,11.04 Millions,5.0784 Millions,2055.29,654.13,436.09,data: 725.9763,garanhuns,PE,-8.877915036686971,-36.49335884510349,curltiba,PR,-25.43585833749783,-49.22158276824976,4.0
mc_ID_5916,"Married Female with two children, education: bachelors degree working as professional",70K+ annually,To Be Determined,13.6783,9.303,recyclable,"['Video Store', 'Coffee Bar', 'Bar For Salad', 'Florist', 'Ready Food']",Tip Top Savings,,11.28 Millions,5.3016 Millions,1737.26,503.07,335.38,287.127,mogi-guacu,sp,-22.38733018521352,-46.92803985014116,mogi guacu,SP,-22.3970091627978,-46.94545202732525,5.0
mc_ID_5919,"Married Female with one child, education: bachelors degree working as professional",50000,"Candy from Snacks department, Ordered Brand : Choice",26.7461,25.1472,recyclable,['Coffee Bar'],Budget Bargains,,1.9 Millions,0.684 Millions,1394.66,534.29,356.19,414.8959,rio de janeir0,RJ,-22.92173310574757,-43.25868934445138,	franc@,SP,-20.54822779974972,-47.395897060007975,3.0
mc_ID_5920,"Single Female with two children, education: bachelors degree working as professional",50K+,"Pain Relievers from Health and Hygiene department, Ordered Brand : Hilltop",27.4729,25.874,recyclable,['Coffee Bar'],,Supermarket,5.78 Millions,2.1386 Millions,1236.07,440.92,292.24,493.8689,itAnhaEM,SP,amount: -24.149651009642906,-46.7480979001278,_criciuma,5C,data: -28.680001204874007,-49.345926043307074,5.0
mc_ID_5922,"Single Female with two children, education: partial high school working as manual",30K+,"Snack Foods from Snack Foods department, Ordered Brand : Best Choice",30.0894,25.7286,non recyclable,"['Bar For Salad', 'Ready Food']",Go For It,Supermarket,8.13 Millions,3.252 Millions,2448.37,470.27,313.12,347.1151,ecoporanga,ES,val: -18.37041924238617,-40.83332720083949,ibitinga,SP,measure: -21.7664768468313,-48.83154737836604,5.0
mc_ID_5923,"Single Male with one child, education: graduate degree working as management",Income: 90K+,"Frozen Desserts from Frozen Foods department, Ordered Brand : Carrington",20.2049,data: 18.606,recyclable,,GLD,SuPerMarKet,6.72 Millions,3.2256 Millions,1508,227.8,151.9,727.9637,sao paulo,SP,-23.634371993697386,-46.69705973760974,santos,SP,-23.944502325841068,val: -46.33124278031053,5.0
mc_ID_5924,"Single Male with three children, education: partial high school working as manual",10K+,"Frozen Desserts from Frozen Foods department, Ordered Brand : Carrington",44.54 lbs,18.606,recyclable,,Money Savers,SUPERMARKET,11.2 Millions,4.48 Millions,,227.8,153.12,277.2423,"$ete lagoas
",mg,-19.447338587123927,-44.21712257170282,franca,5P,data: -20.53193450696372,-47.399446711253766,4.0
mc_ID_5926,Single Male with two children and education: partial high school working as skilled manual,10K+,"Fruit from Produce department, Ordered Brand : Hermanos",23.5482,19.1874,non recyclable,"['Bar For Salad', 'Ready Food']",,Supermarket,2.19 Millions,0.8541 Millions,2265.9,853.22,568.86,356.4245,tRes CORACOes,MG,val: -21.69216794221008,-45.25804903964345,_sao paulo,Sp,-23.62358155176294,-46.61056007369148,1.0
mc_ID_5927,"Married Male with four children, education: high school degree working as manual",30K+,"Vegetables from Produce department, Ordered Brand : Hermanos",-25.0018,22.0946,recyclable,,,Superm4rket,11.73 Millions,3.8709 Millions,,227.8,151.64,623.939,GUARULHOS_,SP,-23.422313378296494,-46.520062240348594,RIBEIRAO PRETO,Sp,-21.17121748495008,-47.81941847157649,measure: 5.0
mc_ID_5928,"Married Male with three children, education: partial high school working as skilled manual",10K+,"Meat from Deli department, Ordered Brand : Cutting Edge",11.1491,amount: 6.7883,non recyclable,,Wallet Savers,Supermarket,3.88 Millions,1.6296 Millions,1508,229.8,150.45,277.8699,poUsO AlEGRE,MG,-22.23423662262365,-45.935242048994425,SaO PAulO,sp,-23.61411790980433,-46.60034800222169,4.0
mc_ID_5930,"Married Male with three childern, education: partial high school working as skilled manual",10k,"Snack Foods from Snack Foods department, Ordered Brand : Fort West",14.5359,-0.1,recyclable,"['Coffee Bar', 'Florist', 'Video Store', 'Ready Food', 'Bar For Salad']",,dELuXE,7.56 Millions,3.402 Millions,1734.5,503.07,335.38,689.0525,sao jose dos campos,sp,-23.199958288100813,-45.90849172981701,piracicaba,Sp,-22.71683928585045,data: -47.65736585405934,4.0
mc_ID_5931,"Single Male with No children, education: partial high school working as skilled manual",10K+,"Bread from Baked Goods department, Ordered Brand : Sphinx",27.4729,24.4204,recyclable,['Coffee Bar'],Discount Frenzy,Supermarket,€10.0M,5.86 Millions,1236.07,,292.18,745.0135,rio de janeiro,Rj,-22.91064096725142,-43.17650983181368,Ribeirao Preto,"SP
",-21.17121748495008,-47.81941847157649,1.0
mc_ID_5934,"Single Male with one child, education: partial college working as manual",30K+,"Meat from Frozen Foods department, Ordered Brand : Big Time",11.4398,8.5181,non recyclable,,Sales Days,sUPeRMaRKEt,€6.2M,2.7158 Millions,Not Specified,457.36,306.02,610.5502,CAXIAS DO SUL,Rs,-29.173247442319,-51.1670813773732,indaiatuba,SP,measure: -23.089034640573622,-47.21441923786709,1.0
mc_ID_5935,"sINGLE fEMALE WITH THREE KIDREN, EDUCATION: PARTIAL hs WORKING AS MANUAL",50K+,"Carbonated Beverages from Beverages department, Ordered Brand : Fabulous",25.7286,21.3678,non recyclable,"['Coffee Bar', 'Florist']",Save It (Sale),,"7.02 ,000,000illions",2.6676 Millions,2551.4,391.54,259.66,£225.33,saO paULO,sp,-23.51886128198398,-46.60382280391252,	SAnto aNdRE,SP,-23.665703457960586,-46.51808196779969,4.0
mc_ID_5937,"Single Female with two children, education: graduate degree working as professional",90K+,"Electrical from Household department, Ordered Brand : Cormorant",31.543,27.1822,non recyclable,"['Bar For Salad', 'Florist', 'Coffee Bar', 'Ready Food', 'Video Store']",Price Winners,Deluxe,3.74 Millions,1.122 Millions,1871.16,593.93,396.76,436.9665, itamarandiba ,MG,-17.86611815258666,-42.86902814286521,	toledo,	pr,-24.72968994426537,-53.742043512648245,4.0
mc_ID_5938,"Single Female with five children, education: partial high school working as manual",10K+,"Baking Goods from Baking Goods department, Ordered Brand : CDR",29.6533,26.6008,recyclable,"['Video Store', 'Coffee Bar', 'Bar For Salad', 'Florist', 'Ready Food']",Price Cutters,DELUXE,9.92 Millions,4.1664 Millions,,375.1,248.79,642.0871,_barueri,SP,-23.5105249691296,-46.86104614786531,guaruIhos,SP,measure: -23.44007914793122,-46.51144923980033,5.0
mc_ID_5939,"Single Female with two children, education: high school degree working as manual",50K+,"Bathroom Products from Household department, Ordered Brand : Red Wing",14.4342,11.527,non recyclable,"['Florist', 'Coffee Bar', 'Video Store', 'Bar For Salad', 'Ready Food']",Save It (Sale),Gourmet,2.49 Millions,1.1205 Millions,,465.54,310.3,427.7617,rio de janeiro,RJ,-22.88688293782105,-43.365750051474464,formlga,MG,-20.474084262411907,-45.424321458052006,1.0
mc_ID_5940,"Married Female with four children, education: high school degree working as skilled manual",30K+ annually,"Starchy Foods from Starchy Foods department, Ordered Brand : Jardon",25728.60 grams,22.8214,recyclable,,Two for One,Supermarket,2.88 Millions,1.3248 Millions,2049.72,457.36,304.91,300.8296,SA0 PAULO,SP,-23.52811869885744,-46.65645154579032,Sao Paulo,sp,-23.680178204541587,-46.69191023495291,5.0
mc_ID_5941,"Single Male w/ four children, education: partial collge working as clerical",30K+,"Vegetables from Produce department, Ordered Brand : Ebony",25.2925,22.24,recyclable,['Florist'],Budget Bargains,supermarket,11.88 Millions,5.346 Millions,1321.33,,348.85,738.7898,BOm coNSElho, PE,-9.171474107786908,-36.68549070545152,s@lvador,BA,-12.98158709241737,-38.45526521634257,4.0
mc_ID_5942,"Single Male with one child, education: bachelors degree working as management",50k,"Snack Foods from Snack Foods department, Ordered Brand : Nationeel",20.9317,17.8792,recyclable,"['Florist', 'Bar For Salad', 'Ready Food', 'Coffee Bar']",GLD,GOURMET,7.16 Millions,3.0072 Millions,1566.41,385.45,256.97,396.2248,curitiba,PR,-25.51123247821568,-49.30311141618097,concordia,5C,-27.211807695727405,-52.0209908478637,5.0
mc_ID_5944,"Married Male with one child, education: graduate degree working as professional",70K+,"Bread from Baked Goods department, Ordered Brand : Modell",-17.007,-1.0,recyclable,['Florist'],Sale Sale Sale,_Supermarket,2.04 Millions,0.6324 Millions,1320.15,523.32,348.85,amount: 304.1768,recife,PE,-8.116494450118761,-34.95206804869356,jacarei,Sp,-23.29818595956356,-45.974828011182304,data: 5.0
mc_ID_5945,"Married Female with one child, education: partial college working as professional",30K+,"Vegetables from Frozen Foods department, Ordered Brand : Imagine",amount: 20.0596,-15.6988,recyclable,"['Florist', 'Bar For Salad', 'Ready Food', 'Coffee Bar', 'Video Store']",Tip Top Savings,DELUXE,8.67 Millions,3.9882 Millions,2038.11,481.98,321.26,416.2557,Porto alEgRe,RS,-30.01890821065843,-51.13541895461369,sao paulo,SP,-23.58090519677997,-46.56317152651616,5.0
mc_ID_5946,"Single Female with four children, education: partial high school working as skilled manual",10k,"Decongestants from Health and Hygiene department, Ordered Brand : Steady",28.9265,25.874,non recyclable,,Weekend Discount,Supermarket,7.88 Millions,3.546 Millions,1508,229.8,150.77,735.1811,flOrIANOpolIs,Sc,-27.59598577448037,-48.54618547457063,jacarei,Sp,-23.29818595956356,-45.974828011182304,5.0
mc_ID_5947,"Single Male with No children, education: high school degree working as skilled manual",50K+,"Vegetables from Frozen Foods department, Ordered Brand : PigTail",data: 10.9601,9.492,recyclable,"['Coffee Bar', 'Bar For Salad', 'Video Store', 'Ready Food', 'Florist']",Pick Your Savings,Deluxe,15.8 Millions,7.9 Millions,1871.94,593.93,395.95,295.4427,chapade gaucha,MG,-15.298975124911456,-45.625979416474536,curitiba,pr,-25.45385542382702,-49.286168717179294,1.0
mc_ID_5948,"Single Female with two children, education: partial high school working as professional",70K+,To Be Determined,24.7111,21.8039,recyclable,"['Bar For Salad', 'Coffee Bar', 'Ready Food', 'Florist']",Dollar Days,Deluxe,2.84 Millions,0.9656 Millions,2055.29,654.13,435.18,725.9763,sao bento do sul,sc,-26.277191525239708,-49.38302629297094,osasco,5P_,-23.559508137402258,-46.77587275540442,5.0
mc_ID_5949,"Single Female with three kids, education: HS degree working as manual",30K+ annually,"Electrical from Household department, Ordered Brand : Denny",25.2925,22.24,non recyclable,"['Ready Food', 'Bar For Salad', 'Coffee Bar', 'Video Store', 'Florist']",Sale : Double Down,D3luxe,11.61 Millions,4.9923 Millions,1525.28,373.1,248.79,746.3733,rio de janeiro,RJ,-23.01333894087947,-43.30183519386577,rio do sul,SC,-27.20981137280685,-49.63292048422235,5.0/5.0
mc_ID_5950,"Maried Female with five children, education: partial high school working as skilled manual",50K or more,"Kitchen Products from Household department, Ordered Brand : High Quality",13.0969,11.6433,non recyclable,['Florist'],You Save Days,Supermarket,6.45 Millions,2.451 Millions,1320.15,525.32,348.85,689.3663,TABOAO DA SERRA,To Be Determined,-23.612294462020333,-46.76578686529368,maringa,PR,amount: -23.41848622413047,data: -51.92625934548862,1.0
mc_ID_5951,"Married Male with two children, education: high school degree working as management",130k,"Snack Foods from Snack Foods department, Ordered Brand : Fast",measure: 27.0368,24.1296,?,"['Bar For Salad', 'Ready Food', 'Florist', 'Coffee Bar']",Dollar Days,Deluxe,2.2 Millions,0.66 Millions,2055.29,654.13,436.09,725.9763,valenca,BA,-13.37094734588704,amount: -39.07229361087708,sAo PauLo, Sp,-23.693985995008337,-46.70188324132953,Rating: 5.0
mc_ID_5953,"Married Male with one child, education: partial high school working as skilled manual",30000,"Meat from Deli department, Ordered Brand : Lake",24.5657,22.9668,recyclable,,Two for One,Supermarket,"7.47 ,000,000illions",3.3615 Millions,,457.36,,300.8296,canarana,BA,-11.689538393362112,data: -41.77150624401155,ribeirao pires,SP,-23.73407261059953,data: -46.44241000920845,4.0
mc_ID_5954,"Married Female with two kids, education: partial HS working as manual",30K+,"Breakfast Foods from Breakfast Foods department, Ordered Brand : Best",27.7636,26.31,recyclable,"['Ready Food', 'Video Store', 'Coffee Bar', 'Bar For Salad', 'Florist']",One Day Sale,Deluxe_,"6.04 ,000,000illions",2.114 Millions,1871.16,593.93,395.95,360.3993,saO pAULO,SP,-23.57226677617729,-46.74167015632205,vicente de carvalho ,SP,-23.939318620030072,-46.30539278864907,5.0
mc_ID_5956,"Married_Female_with_three_children,_education:_partial_college_working_as_skilled_manual,_education:_partial_college_working_as_skilled_manual",30K+,"Meat from Deli department, Ordered Brand : Lake",54.48 lbs,Data Missing,recyclable,"['Coffee Bar', 'Ready Food', 'Video Store', 'Florist', 'Bar For Salad']",Dimes Off,"DELUXE
",2.84 Millions,1.278 Millions,2038.11,481.98,320.92,amount: 550.6144,JUNDIAI,Sp,amount: -23.148804478137823,-46.92948882832884,ITAUNA,MG,-20.08212660423176,-44.5732983518722,4.0
mc_ID_5957,"Single Female with one child, education: partial college working as skilled manual",50K+,"Vegetables from Produce department, Ordered Brand : Ebony",amount: 22.676,measure: 21.2225,non recyclable,,Weekend Discount,,€3.7M,1.953 Millions,1508,,152.13,735.1811,leme,SP,-22.188010549332656,amount: -47.38890953944135,rio claro,SP,-22.392256145058425,-47.55944968375016,measure: 1.0
mc_ID_5959,"Married Male with one child, education: bachelors degree working as professional",70K+,"Snack Foods from Snack Foods department, Ordered Brand : Fort West",-20.0596,18.606,recyclable,"['Bar For Salad', 'Ready Food', 'Coffee Bar', 'Florist']",Super Duper Savers,,1.9 Millions,0.855 Millions,2056.85,654.13,436.09,475.93,sao paulo,SP,-23.53253894532287,-46.42331708021234,Guarulhos,SP,-23.43410150291419,-46.55347243450285,5.0
mc_ID_5960,"Single Female with two children, education: bachelors degree working as professional",90K+,"Pizza from Frozen Foods department, Ordered Brand : Carrington",27.3275,-25.7286,recyclable,"['Ready Food', 'Coffee Bar', 'Florist', 'Video Store', 'Bar For Salad']",Bag Stuffer,Deluxe,10.17 Millions,4.4748 Millions,1732.5,503.07,335.38,662.2226,rio de janeiro,RJ,-22.90852761281669,-43.22049454010619,sao paulo,SP,-23.59272363197529,-46.6315844403312,measure: 5.0
mc_ID_5961,"Single Male with four kids, education: bachelors degree working as professional",50K or more,"Canned Soup from Canned Foods department, Ordered Brand : Bravo",25.0018,-20.641,non recyclable,"['Florist', 'Ready Food', 'Video Store', 'Bar For Salad', 'Coffee Bar']",,,€6.5M,2.448 Millions,1424.85,465.54,310.3,amount: 588.4796,sao paulo,SP,-23.635701,-46.46231774999998,sao paulo,$p,-23.48029674271453,-46.71122495337295,5.0
mc_ID_5962,"Single Female with two children, education: bachelors degree working as professional",50K+,"Bread from Baked Goods department, Ordered Brand : Fantastic",11.5415,7.1807,recyclable,['Coffee Bar'],Double Your Savings,,3.0 Millions,1.41 Millions,1236.07,440.92,293.95,493.8689,marilia,$P ,-22.19452752178432,-49.96433249999998,Sao 	Paulo,SP,-23.51674732944774,measure: -46.54818243075192,5.0
mc_ID_5963,"Single Male with No kids, education: partial college working as professional",50K+,"Carbonated Beverages from Beverages department, Ordered Brand : Fabulous",-17.8792,-13.5184,non recyclable,"['Bar For Salad', 'Ready Food']",Save Price,Supermarket,"6.84 ,000,000illions",2.3256 Millions,2446.35,472.27,313.55,406.4756, fartura,SP,-23.38718762896144,-49.513805620288,sao paulo,Sp,-23.65111484251016,-46.75521082321932,3.0
mc_ID_5966,"Single Female with two children, education: high school degree working as professional",130K+,"Snack Foods from Snack Foods department, Ordered Brand : Fort West",12.0939,9.1722,non recyclable,['Coffee Bar'],Weekend Discount,,6.9 Millions,3.174 Millions,1236.07,440.92,293.95,698.728,ribeirao preto,$P,-21.194323097917405,-47.74678872433223,saito,_SP,-23.19024365306712,-47.291570633360266,measure: 3.0
mc_ID_5967,"Married Male with two children, education: partial high school working as skilled manual",€8K+,"Vegetables from Canned Foods department, Ordered Brand : Better",-16.8617,15.4081,recyclable,"['Ready Food', 'Video Store', 'Coffee Bar', 'Florist', 'Bar For Salad']",One Day Sale,_Deluxe,€3.2M,1.89 Millions,2039.97,481.98,321.65,767.3456,bom repouso,MG,-22.469555435520803,-46.147499622809576,ibitinga,SP,-21.7664768468313,-48.83154737836604,5.0
mc_ID_5968,"Married Female with four children, education: partial High School working as skilled manual",10K+,"Drinks from Beverages department, Ordered Brand : Token",20.0596,15.6988,recyclable,['Coffee Bar'],Dimes Off,SMALL GROCERY,$3.22 Millions,1.2236 Millions,1420.66,400.93,,£388.09,salvador,BA,-12.929672913250002,measure: -38.44511436823591,belo horizonte,MG,-19.926141851520523,data: -43.93684827200066,measure: 4.0
mc_ID_5969,"Single Male with two children, education: partial high school working as manual",30k,"Paper Products from Household department, Ordered Brand : Denny",30.6708,27.7636,non recyclable,"['Florist', 'Bar For Salad', 'Ready Food', 'Coffee Bar']",Roller Savings (High) ,Gourmet,7.16 Millions,3.0072 Millions,1564.86,385.45,256.97,637.6939,_rio de janeiro,RJ,-23.00927096142304,-43.42940927644404,bELO HORIZoNTE,MG,-19.907108245080448,-43.91966546502971,5.0
mc_ID_5970,"Single Female with four children, education: high school degree working as professional",150K+,"Vegetables from Produce department, Ordered Brand : Ebony",9.1431,7.675,recyclable,['Coffee Bar'],Two Day Sale,Small Grocery,2.64 Millions,1.1088 Millions,2069.04,330.83,220.55,389.635,rio de janeiro,RJ,-22.923126168734587,-43.26075217874656,praia grande,sp,-24.011288218359883,-46.41873374429398,5.0
mc_ID_5971,"Single Male with one child, education: partial high school working as manual",10K+,"Kitchen Products from Household department, Ordered Brand : Cormorant",25.7286,22.8214,recyclable,,Price Destroyers,5upermarket,14.88 Millions,5.6544 Millions,2050.25,457.36,306.16,325.6198,rio de janeiro,rJ,-22.97938068457905,-43.3327651254376,cascavel,"PR
",-24.9409988170985,-53.4931867821282,1.0
mc_ID_5974,"SINGLE MALE WITH TWO KIDS, EDUCATION: HIGH SCHOOL DEGREE WORKING AS MANUAL",30K+,"Fruit from Produce department, Ordered Brand : Hermanos",23.5482,19.1874,non recyclable,,Budget Bargains,Mid-Size,2.92 Millions,0.9052 Millions,2083.09,783.64,522.49,546.0643,penha,SC,measure: -26.773764104374084,-48.63953711236351,santo andre,SP,measure: -23.665703457960586,-46.51808196779969,5.0
mc_ID_5975,"Single Female with three children, education: high school degree working as management",150000,"Kitchen Products from Household department, Ordered Brand : Sunset",25.2925,-0.1,recyclable,['Florist'],Weekend Discount,Sup3rmarket,3.8 Millions,1.444 Millions,1320.15,523.32,347.43,val: 279.1251,sao paulo,5P,-23.5623275209476,-46.6503277425703, SAO PAUL0 , SP,measure: -23.56625832001269,-46.51841724632121,5.0
mc_ID_5976,"EdUcAtIoN: pArTiAl hIgH ScHoOl wOrKiNg aS SkIlLeD MaNuAl, SiNgLe fEmAlE WiTh oNe cHiLd",50000,"Pain Relievers from Health and Hygiene department, Ordered Brand : Bird Call",29.7987,25.4379,recyclable,"['Ready Food', 'Bar For Salad']",Big Time Discounts,Supermarket,9.54 Millions,4.1022 Millions,2448.37,470.27,313.55,$501.98,sao jose dos campus,SP,-23.243634071378583,-45.91101044314284,guariba,SP,-21.36235769739203,-48.232975701561735,5.0
mc_ID_5977,"Married Male with four children, education: high school degree working as management",70K+,"Paper Products from Household department, Ordered Brand : High Quality",10.5531,7.6459,non recyclable,"['Video Store', 'Ready Food', 'Bar For Salad', 'Florist', 'Coffee Bar']",Lottery Cash Registerion,Deluxe,4.98 Millions,2.0916 Millions,1734.5,,336.74,313.0678,piracicaba,SP,-22.715110444918835,amount: -47.645625352213,sao paulo,SP,-23.693985995008337,-46.70188324132953,5.0
mc_ID_5980,"sINGLE fEMALE W/ THREE CHILDREN, EDUCATION: PARTIAL hIGH sCHOOL WORKING AS SKILLED MANUAL",10K+,"Electrical from Household department, Ordered Brand : High Quality",-10.0007,7.0935,non recyclable,"['Bar For Salad', 'Florist', 'Coffee Bar', 'Ready Food']",,Deluxe,8.96Ms,4.032 Millions,2055.29,654.13,435.88,267.3576,Porto AlEgRE,,-30.025506635033704,amount: -51.203962949477805,sao paulu ,"$P
",-23.53056214071786,amount: -46.50599515084539,1.0
mc_ID_5981,"Married Female with two children, education: bachelors degree working as professional",50K+,"Snack Foods from Snack Foods department, Ordered Brand : Nationeel",27.4729,24.4204,recyclable,"['Video Store', 'Ready Food', 'Coffee Bar', 'Bar For Salad', 'Florist']",Save Price,Deluxe,9.6 Millions,4.608 Millions,1734.5,,335.38,419.9167,itajuba,mg,-22.421567268526,-45.45439654895746,Pedregulho,sp,-20.25024327597232,data: -47.47871792916746,5.0
mc_ID_5982,"Single Female with one child, education: high school degree working as skilled manual",30K+,"Starchy Foods from Starchy Foods department, Ordered Brand : Monarch",12.2683,9.3466,non recyclable,"['Coffee Bar', 'Bar For Salad', 'Florist', 'Ready Food']",Shelf Emptiers,Gourmet,9.33 Millions,,1564.86,385.45,257.61,773.0986,sao paulo,$P,-23.57900896225975,val: -46.57815220038666,Penapolis,sp,-21.426570046543283,-50.06791761043272,val: 4.0
mc_ID_5983,"Single Female with No children, education: high school degree working as manual",30k,"Snack Foods from Snack Foods department, Ordered Brand : Horatio",16.1349,11.7741,non recyclable,['Coffee Bar'],Coupon Spectacular,Small Grocery,"5.68 ,000,000illions",2.272 Millions,,,,473.7334,Tatui,SP,-23.351354573361085,-47.85525165880219,IBITINGA,sp,-21.7664768468313,-48.83154737836604,data: 5.0
mc_ID_5984,"Married Female with four kids, education: partial HS working as manual",10K+,"Vegetables from Produce department, Ordered Brand : High Top",27.1822,25.7286,recyclable,"['Coffee Bar', 'Ready Food', 'Bar For Salad', 'Florist', 'Video Store']",Price Smashers,Deluxe,11.22 Millions,4.8246 Millions,1525.28,375.1,250.11,R$2745.62,sao paulu, Sp ,-23.678985771856432,val: -46.678985470858095,sao paulo,5P,-23.541941545934563,-46.49095488842404,100%
mc_ID_5986,"Married_Male_with_four_children,_education:_bachelors_degree_working_as_professional",70 Thousand,"Canned Soup from Canned Foods department, Ordered Brand : Just Right",val: 17.8792,16.4256,recyclable,"['Bar For Salad', 'Ready Food', 'Video Store', 'Florist', 'Coffee Bar']",Discount Frenzy,G0urmet,1.83 Millions,0.915 Millions,1424.85,465.54,310.3,504.9565,curvelo,MG,-18.744756956577486,data: -44.45041862816433, meringa ,PR,-23.437975269077903,-51.91385959802448,4.0
mc_ID_5987,"Married Female with two children, education: partial college working as professional",150K+,"Baking Goods from Baking Goods department, Ordered Brand : CDR",12.6463,11.1781,non recyclable,['Florist'],Save It (Sale),Supermarket,2.78 Millions,0.973 Millions,,523.32,346.97,427.7617,resende,RJ,val: -22.46603692339433,amount: -44.44581378475393,jau,SP,-22.27568678711987,-48.542599749927895,val: 5.0
mc_ID_5988,"Married Female with four children, education: bachelors degree working as management",70K+,"Cleaning Supplies from Household department, Ordered Brand : High Quality",31.6883,data: 30.0894,recyclable,"['Florist', 'Ready Food', 'Bar For Salad', 'Coffee Bar']",,Gourmet,8.76 Millions,2.7156 Millions,1564.86,385.45,,396.2248,5Ao Paulo ,5P,-23.61553127699231,-46.67808225437128,mineiros 	do 	tiete,SP,-22.40983742501461,-48.45042421567509,5.0
mc_ID_5990,"Married Male with No children, education: partial high school working as skilled manual",Income: 10K+,"Beer and Wine from Alcoholic Beverages department, Ordered Brand : Pearl",23.5482,22.0946,non recyclable,"['Bar For Salad', 'Ready Food']",Super Savers,Supermarket,$1.3 Millions,0.507 Millions,2448.37,470.27,313.55,754.7413,BU7IA,RS,-30.12217326809831,-51.973542833120696,sao gonkalo,RJ,-22.82732701725956,-43.05044041062229,5.0
mc_ID_5992,"Single Female with four kidren, education: partial HS working as skilled manual",50K+,"Vegetables from Produce department, Ordered Brand : Tell Tale",13.4021,9.0413,recyclable,"['Bar For Salad', 'Florist', 'Ready Food', 'Coffee Bar']",Shelf Emptiers,,2.34 Millions,0.7956 Millions,1562.65,385.45,256.97,773.0986,indaial,SC,data: -26.90235592773759,-49.24262073142463,GARÇA,SP,data: -22.218988944556266,-49.64362334020589,amount: 5.0
mc_ID_5995,"MaRrIeD FeMaLe wItH FiVe cHiLdReN, eDuCaTiOn: PaRtIaL HiGh sChOoL WoRkInG As mAnUaL",10K+,"Vegetables from Canned Foods department, Ordered Brand : Pleasant",14.1144,11.2072,recyclable,"['Ready Food', 'Coffee Bar', 'Florist', 'Bar For Salad', 'Video Store']",Save It (Sale),Gourme7,2.88 Millions,0.8928 Millions,1424.85,465.54,,427.7617,diadema,Sp,-23.723594580904845,-46.61175295224778,Not Specified,SP,-23.600486945034405,-46.6846314923826,5.0
mc_ID_5996,"Single Female with No children, education: partial high school working as manual",30k,"Vegetables from Produce department, Ordered Brand : Ebony",10.5531,9.0995,non recyclable,,Full Free,supermarket,4.8 Millions,1.632 Millions,1508,227.8,150.37,660.2352,guaruja, SP,data: -23.9868178398992,measure: -46.2684461778621,guarulhos,SP,amount: -23.46530411469876,-46.51148732089968,5.0
mc_ID_5997,"Single Male with five children, education: high school degree working as manual",30000,"Canned Soup from Canned Foods department, Ordered Brand : Better",13.0823,data: 11.6287,recyclable,"['Coffee Bar', 'Bar For Salad', 'Florist', 'Ready Food', 'Video Store']",Shelf Clearing Days,,$1.56 Millions,0.6084 Millions,1424.85,465.54,310.3,533.2508, imigrante ,_RS,-29.35673031855486,-51.776912825441656,TORREs,R5,-29.333594390939208,val: -49.73818879957859,5.0
mc_ID_5998,"Single Male with five children, education: bachelors degree working as professional",50K+,"Side Dishes from Deli department, Ordered Brand : Lake",measure: 19.6235,16.7163,non recyclable,,Go For It,Supermarket,13.24 Millions,4.634 Millions,1507.55,227.8,151.19,350.4623,sau paulo,SP,data: -23.476243640313832,-46.65895442102839,	guarulhos,SP,-23.46530411469876,-46.51148732089968,4.0
mc_ID_5999,"Married Male with two children, education: partial high school working as manual",30K+,"Pizza from Frozen Foods department, Ordered Brand : Big Time",measure: 22.5307,18.1699,recyclable,,Saving Days,Supermerket,1.6 Millions,0.624 Millions,1508,227.8,,619.0228,Porto Alegre,RS,-30.04841850983909,-51.20840841355522,sao paulo,SP,-23.54052887362136,-46.44848419206763,1.0
mc_ID_6000,"Married Female with four kidren, education: high school degree working as professional",70K or more,"Bread from Baked Goods department, Ordered Brand : Sphinx",11.8613,8.9396,recyclable,"['Coffee Bar', 'Bar For Salad', 'Florist', 'Ready Food']",GLD,GOURMET,2.12 Millions,0.9752 Millions,1565.17,385.45,256.97,396.2248,mañtena,MG,-18.770099240376577,-41.003344327705264,Sao Bernardo Do Campo,SP,-23.724134173502662,-46.57554561519289,5.0
mc_ID_6001,"Single Female with two children, education: partial High School working as skilled manual",30K+,"Cold Remedies from Health and Hygiene department, Ordered Brand : Faux Products",21.0771,18.1699,non recyclable,"['Ready Food', 'Florist', 'Coffee Bar', 'Bar For Salad']",Saving Days,Deluxe,1.59 Millions,0.4929 Millions,2055.29,654.13,436.09,R$1936.17,bandeirantes d'oeste,5P,-23.106241494540207,-50.377957047095386,betim,MG,-19.95866259017359,-44.19878943272789,5.0
mc_ID_6005,"Married Female with four children, education: partial high school working as skilled manual",10K+,"Decongestants from Health and Hygiene department, Ordered Brand : Bird Call",30.3801,-27.3275,recyclable,"['Bar For Salad', 'Ready Food', 'Florist', 'Coffee Bar', 'Video Store']",I Cant Believe It Sale,Deluxe,5.64 Millions,2.7636 Millions,1734.5,503.07,336.95,363.3281,guarulhos,SP,-23.44020126089216,-46.42148489425242,nil,SP_,-23.65111484251016,data: -46.75521082321932,5.0
mc_ID_6006,"Single Male with four children, education: high school degree working as professional",130K+,"Starchy Foods from Starchy Foods department, Ordered Brand : Colossal",20.7864,16.4256,recyclable,"['Bar For Salad', 'Ready Food', 'Coffee Bar', 'Video Store', 'Florist']",,Deluxe,7.88 Millions,3.8612 Millions,1733.23,505.07,335.38,313.0678,taquaritinga,sp,-21.40988100649633,-48.49689418444743,campinas,SP,-22.85275770752771,-47.05510214136723,5.0
mc_ID_6007,"Marrie Female with two children, education: High School degree working as manual",$50K+,"Meat from Deli department, Ordered Brand : Cutting Edge",22.676,21.2225,non recyclable,,Coupon Spectacular,Mid-Size,7.96 Millions,2.388 Millions,2085.67,785.64,522.65,658.0909,campinas,SP,-22.8475181626464,-47.03552279669915,	morrinhos,GO,-17.729883908082964,-49.12801264983615,2.0
mc_ID_6008,"EDUCATION: BACHELORS DEGREE WORKING AS MANAGEMENT, mARRIED mALE WITH TWO CHILDREN.",$50K+,"Vegetables from Produce department, Ordered Brand : Tri-State",11.1345,8.2128,recyclable,['Florist'],Price Winners,SUPERMARKET,9.51 Millions,4.3746 Millions,1322.71,523.32,348.85,640.7273,santa monica,PR,-23.17392411959137,data: -53.09507731317501,p0rto alegre,Rs,amount: -30.04023920511851,amount: -51.16414789716661,2.0
mc_ID_6010,"Single Male with four children, education: high school degree working as skilled manual",Income: 30K+,"Jams and Jellies from Baking Goods department, Ordered Brand : BBB Best",19.1874,14.6813,non recyclable,"['Ready Food', 'Coffee Bar', 'Florist', 'Video Store', 'Bar For Salad']",Super Savers,Deluxe,7.77 Millions,3.4188 Millions,1523.25,373.1,248.79,755.9442,aruja,SP,-23.40112949486411,-46.34138851387846,sao paulo,SP,-23.50271592062436,val: -46.48299647362806,5.0
mc_ID_6011,"Married Male with two children, education: high school degree working as skilled manual",30K+,"Frozen Desserts from Frozen Foods department, Ordered Brand : PigTail",22.24,19.3328,recyclable,"['Coffee Bar', 'Florist', 'Video Store', 'Bar For Salad', 'Ready Food']",Tip Top Savings,Deluxe_,3.84 Millions,1.728 Millions,1734.5,503.07,336.29,287.127,SOROCABA,SP,-23.492031736886148,-47.47300904079867,BELO HORIZONTE,MG,data: -19.843708202868147,-43.95899630890419,3.0
mc_ID_6014,Single Female with one child / education: graduate degree working as professional,70K+,"Bread from Baked Goods department, Ordered Brand : Modell",20.2049,18.606,recyclable,,Save Price,Supermarket,6.54 Millions,2.616 Millions,1508,,153.42,428.0755,sao paulo,SP,-23.54310790980433,-46.62647566250217,riBEIrAo preto,_Sp,-21.197994153181128,-47.779317275572765,5.0
mc_ID_6015,"Married Male with four children, education: partial high school working as skilled manual",10K+,"Vegetables from Produce department, Ordered Brand : Tri-State",26.0193,21.5132,recyclable,['Florist'],Saving Days,Supermarket,€2.7M,1.3416 Millions,1322.95,,347.87,£317.88,Xangri-La,rS,-29.7990588315344,-50.0393816538598,ibitinga,SP,-21.7664768468313,-48.83154737836604,amount: 4.0
mc_ID_6017,"Single Male with three children, education: high school degree working as skilled manual",30K+,"Meat from Deli department, Ordered Brand : Moms",26.1647,24.7111,non recyclable,"['Florist', 'Bar For Salad', 'Video Store', 'Coffee Bar', 'Ready Food']",,D3luxe,6.3 Millions,3.15 Millions,1525.28,373.1,248.79,755.9442,belo horizonte,MG,-19.95455748237063,-43.93409969455826,,SP,-23.72033746105922,-46.85362208015704,5.0
mc_ID_6018,Single Female with one child + education: high school degree working as skilled manual,30K+,"Drinks from Beverages department, Ordered Brand : Fabulous",26.6008,-23.5482,non recyclable,"['Bar For Salad', 'Florist', 'Ready Food', 'Coffee Bar', 'Video Store']",Two Day Sale, Deluxe,11.85 Millions,5.8065 Millions,2038.11,483.98,321.26,495.7517,brasilia,DF,-15.772178715946303,-47.88450686234893,	riO DE JaNEIRO,Rj,-22.87471779793991,-43.348188021524514,4.0
mc_ID_6019,"Married Male with one child, education: partial high school working as manual",10 Thousand,"Dairy from Dairy department, Ordered Brand : Booker",21.5132,20.0596,recyclable,,Sales Days,Supermarket,5.55 Millions,1.9425 Millions,,341.05,227.33,743.1307,"redencao
",Pe,-8.040438600726754,-50.04727291199144,sao paulo,SP,-23.554079433810344,-46.53324185942636,5.0
mc_ID_6020,"Single Male with No kids, education: high school degree working as management",110K+,"Hygiene from Health and Hygiene department, Ordered Brand : Hilltop",-8.9832,6.0615,recyclable,"['Coffee Bar', 'Ready Food', 'Bar For Salad', 'Florist']",Full Free,Deluxe,2.12Ms,0.7844 Millions,2053.24,654.13,436.09,288.5914,sAntO anDRe,5P,-23.63888466388715,measure: -46.49858921994927,campinas,SP,-22.85275770752771,-47.05510214136723,5.0
mc_ID_6022,"Single  Female  with  two  children,  education:  partial  high  school  working  as  manual",10000,"Fruit from Canned Products department, Ordered Brand : Toucan",24.4204,22.8214,non recyclable,"['Ready Food', 'Bar For Salad', 'Florist', 'Coffee Bar', 'Video Store']",Sale Sale Sale,Deluxe,€2.3M,1.0212 Millions,1525.88,373.1,248.79,722.6814,esteio,RS,-29.843090570257583,-51.18132555183935,sao jose do rio preto,SP,-20.80243626346376,-49.39562406741489,5.0
mc_ID_6024,"Single Female with three children, education: partial high school working as manual",10K+,"Meat from Deli department, Ordered Brand : Lake",17.8792,579.40 oz,non recyclable,,missing,Supermarket,6.12 Millions,2.0808 Millions,1508,227.8,151.9,735.1811,BARUERI,SP,-23.50300164920803,-46.88036874575939,guariba,Sp,-21.36235769739203,-48.232975701561735,5.0
mc_ID_6025,"Single Male with one child, education: graduate degree working as professional",Income: 70K+,"Canned Soup from Canned Foods department, Ordered Brand : Blue Label",574.27 oz,11.9049,non recyclable,"['Florist', 'Coffee Bar', 'Bar For Salad', 'Ready Food']",GLD,Gourmet,7.95Ms,3.339 Millions,1564.86,385.45,256.97,val: 396.2248,nazario,GO,-16.57708557028883,-49.88323442971115,SaoPaulo,$p,-23.693985995008337,data: -46.70188324132953,5.0
mc_ID_6026,"Married Female with one child, education: partial college working as clerical",30000,"Snack Foods from Snack Foods department, Ordered Brand : Best Choice",13.8237,amount: 10.9165,non recyclable,"['Coffee Bar', 'Bar For Salad', 'Ready Food', 'Florist', 'Video Store']",Lottery Cash Registerion,Deluxe,7.77 Millions,3.1857 Millions,1734.5,503.07,336.05,290.7357,rIO DE jaNeirO,RJ,-22.83452027918724,-43.30055459281813,campo limpo paulista,_5P,-23.20706431353269,-46.760735214610754,5.0
mc_ID_6029,"Married Male with one child, education: high school degree working as skilled manual",30000,"Snack Foods from Snack Foods department, Ordered Brand : Fast",12.2393,9.3321,recyclable,,Budget Bargains,Supermarket,11.22 Millions,4.0392 Millions,1623.48,,225.43,623.7298,itapevi,SP,-23.533790389172555,-46.915877230730494,sao paulo, SP ,-23.53174394892955,-46.61395302123605,5.0
mc_ID_6030,"Married Female with four kids, education: bachelors degree working as professional",50K+,"Bathroom Products from Health and Hygiene department, Ordered Brand : Consolidated",9.4629,-6.5557,non recyclable,"['Bar For Salad', 'Ready Food']",Super Savers,,2.94 Millions,1.0584 Millions,2449.68,470.27,311.67,val: 754.7413,_brasilia,Df,-15.842186999999996,-48.03074439549317,coIombo,PR,-25.371298736141743,-49.18823376385825,3.0
mc_ID_6031,"Married Female with four children, education: partial high school working as skilled manual",50K+,"Plastic Products from Household department, Ordered Brand : High Quality",11.4252,8.5181,recyclable,"['Ready Food', 'Bar For Salad']",Money Savers,SUPERMARKET,13.8 Millions,6.348 Millions,2265.9,853.22,567.36,432.0503,CARMO DO CAJURU,MG,-20.18523031987543,-44.773348626815135,sinop,MT,-11.829317247041294,-55.49644289081176,5.0
mc_ID_6032,"Married Male with two children, education: partial high school working as skilled manual",10K+,"Specialty from Produce department, Ordered Brand : Ebony",12.0503,10.5822,recyclable,"['Florist', 'Coffee Bar', 'Ready Food', 'Bar For Salad', 'Video Store']",One Day Sale,,$2.85 Millions,0.969 Millions,2038.11,,320.48,measure: 767.3456,nova andradina,MS,-22.253654157400224,-53.345424359889925,sao jose dos pinhais,pr,-25.550486998908475,-49.18996687114555,5.0
mc_ID_6033,"Single Male with five children, education: high school degree working as skilled manual",30K+,"Bathroom Products from Health and Hygiene department, Ordered Brand : Faux Products",28.6358,measure: 25.7286,recyclable,"['Ready Food', 'Bar For Salad', 'Coffee Bar', 'Video Store', 'Florist']",GLD,Deluxe,6.87 Millions,3.2976 Millions,,503.07,335.38,346.5921,porto velho, RO ,-8.79184526961672,-63.87399855890545,Penapolis,SP,-21.426570046543283,-50.06791761043272,5.0
mc_ID_6035,"Married Male with four kidren, education: partial college working as skilled manual",30k,"Dairy from Dairy department, Ordered Brand : Even Better",11.6578,8.7506,non recyclable,"['Bar For Salad', 'Ready Food']",Price Slashers,Supermarket,3.75 Millions,1.3875 Millions,,,313.8,402.7623,sao carlos,SP,-22.00000224424374,data: -47.87647347792721,ibitinga,"sp
",-21.7664768468313,data: -48.83154737836604,5.0
mc_ID_6037,"SiNgLe fEmAlE WiTh fOuR ChIlDrEn, EdUcAtIoN: bAcHeLoRs dEgReE WoRkInG As pRoFeSsIoNaL",€42K+,"Pure Juice Beverages from Beverages department, Ordered Brand : Token",val: 28.6358,25.7286,recyclable,,Budget Bargains,Supermarket,€2.0M,1.17 Millions,1623.48,341.05,227.33,623.7298,SAO Paulo,Sp,-23.53695241326677,-46.57554393839796,criciuma,_Sç,val: -28.673779235468725,-49.37314563727728,5.0
mc_ID_6038,"Single Female with three kids, education: high school degree working as management",150K+,-1,29.5079,26.4554,recyclable,['Florist'],Price Destroyers,Supermarket,$5.9 Millions,2.419 Millions,1319.37,,,710.8616,salvador,Ba,-12.99286035292836,-38.45139313957492,rio de janairo,Rj,-22.920104850395337,-43.22138202997862,3.0
mc_ID_6040,"Single Male with one kid, education: partial high school working as skilled manual",10K+,"Candy from Snacks department, Ordered Brand : Musial",-28.4904,25.5832,non recyclable,['Coffee Bar'],,,€4.8M,2.0232 Millions,1236.07,440.92,293.45,349.2594,niteroi, RJ ,-22.90581654870452,-43.106988856771984,riberao preto,SP,-21.16850440882337,measure: -47.79370519233655,4.0
mc_ID_6042,"Married Female with No children, education: partial high school working as management",110K+,"Bread from Baked Goods department, Ordered Brand : Fantastic",-14.2452,12.7916,recyclable,"['Ready Food', 'Bar For Salad', 'Coffee Bar', 'Florist', 'Video Store']",I Cant Believe It Sale,Deluxe,"3.88 ,000,000illions",1.3968 Millions,1736.51,503.07,335.38,measure: 363.3281,nitaroi, rj,-22.90581654870452,-43.106988856771984,laRaNjal pAUliSta,SP,-23.03582473318652,-47.8363026594829,1.0
mc_ID_6046,"Married Female with No children, education: partial high school working as skilled manual",30k,"Dairy from Dairy department, Ordered Brand : Club",amount: 20.7864,17.8792,recyclable,,Save Price,Supermarket,10.5 Millions,3.99 Millions,1509.57,227.8,151.9,325.6721,sao paulo,SP,-23.49719557430815,-46.69127457027672,"RIO DE JAneIRo
",rj ,-22.842290284753936,-43.29762071175495,5.0
mc_ID_6048,"education: high school degree working as manual, Single Male with two children",30000,"Vegetables from Produce department, Ordered Brand : High Top",21.3678,-16.8617,recyclable,['Coffee Bar'],Savings Galore, Supermarket ,5.16 Millions,1.8576 Millions,1236.07,440.92,,724.5119,OSA5CO,SP,data: -23.552978667782284,-46.78876388882808,ribeirao preto,SP,-21.17121748495008,-47.81941847157649,1.0
mc_ID_6049,"Single Female with three children, education: partial high school working as manual",10K+,"Vegetables from Produce department, Ordered Brand : Ebony",30.38 kg,amount: 27.3275,recyclable,,Price Slashers,Supermarket,10.02 Millions,4.4088 Millions,1508,227.8,153.78,val: 351.456,SAo  pAulo,SP,-23.56613158673322,-46.40933117430316,sao paulo,SP,val: -23.605673521784304,-46.618990239800326,5.0
mc_ID_6051,"Married Female with three children, education: graduate degree working as management",130K+,"Snack Foods from Snack Foods department, Ordered Brand : Fort West",26600.80 grams,23.5482,recyclable,"['Bar For Salad', 'Ready Food']",Go For It,_Supermarket,5.84 Millions,2.8616 Millions,,470.27,313.55,347.1151,rio de janeiro,RJ,-22.90545140437997,-43.20561545490215, rolandia,PR,-23.31259824896755,val: -51.36894941889966,measure: 1.0
mc_ID_6052,"Single Male with two kidren, education: high school degree working as skilled manual",30K+,"Beer and Wine from Alcoholic Beverages department, Ordered Brand : Pearl",22.3853,-17.8792,non recyclable,,Price Cutters,,5.22 Millions,1.9314 Millions,2085.67,783.64,523.2,324.7307,abreu e lima,PE,-7.917011030905907,-34.93042406634145,sao jose dos campos,SP,data: -23.263785424892976,-45.91583795162459,3.0
mc_ID_6054,"Married Male with three children, education: bachelors degree working as professional",110K+,"Dairy from Dairy department, Ordered Brand : Booker",25.1472,22.0946,recyclable,,Sale : Double Down,Supermarket,$4.35 Millions,1.566 Millions,2049.72,457.36,304.01,327.7641,foz do iguaku,PR,-25.547820027528623,-54.55713292529019,sao paulo,SP,-23.57203616319466,-46.61521226741304,5.0
mc_ID_6057,"Married Male with two children, education: partial college working as professional",90 Thousand,"Vegetables from Canned Foods department, Ordered Brand : Blue Label",30.9615,val: 27.909,non recyclable,"['Coffee Bar', 'Florist', 'Ready Food', 'Video Store', 'Bar For Salad']",Shelf Clearing Days,Deluxe,€4.7M,2.224 Millions,1871.16,593.93,396.96,516.7763,	b3lem,Pa,amount: -1.456082274898832,-48.499975186829225,vargem grande do sul,SP,-21.83948265963376,-46.88952885213608,val: 2.0
mc_ID_6059,"SiNgLe mAlE WiTh tHrEe cHiLdReN, eDuCaTiOn: GrAdUaTe dEgReE WoRkInG As pRoFeSsIoNaL",70K+,"Paper Products from Household department, Ordered Brand : Cormorant",31.6883,27.1822,non recyclable,,,,7.4 Millions,2.368 Millions,2085.67,785.64,522.49,658.0909,cruz  das  almas,BA,-12.655868277332464,-39.10044839031422,IBiTingA,SP,-21.7664768468313,-48.83154737836604,5.0
mc_ID_6060,"Single Female with two children, education: graduate degree working as professional",30K+,"Baking Goods from Baking Goods department, Ordered Brand : Landslide",30.6708,29.2172,recyclable,,Savings Galore,,7.28 Millions,3.276 Millions,2049.72,457.36,304.74,714.2611,guaranesia,MG,amount: -21.301371432971965,-46.798887440229024,ib1tinga,sP,-21.7664768468313,-48.83154737836604,val: 2.0
mc_ID_6061,"Single Male with two children, education: graduate degree working as professional",70K+,"Pain Relievers from Health and Hygiene department, Ordered Brand : Steady",17.1524,-999.0,recyclable,"['Ready Food', 'Video Store', 'Florist', 'Bar For Salad', 'Coffee Bar']",GLD,Deluxe,"8.49 ,000,000illions",3.9903 Millions,1734.5,503.07,335.38,346.5921,orleañs,SC,-28.34801232903316,-49.30055430967754,rio de janeiro,RJ,-22.93125598447676,-43.17881321481337,5.0
mc_ID_6063,"Married Female with one child, education: bachelors degree working as professional",50K+,"Snack Foods from Snack Foods department, Ordered Brand : Fast",28.9265,25.874,non recyclable,?,Price Slashers,Deluxe,7.56 Millions,2.7216 Millions,1734.5,503.07,335.38,282.9953,bady  bassit7,SP,data: -20.9245222402303,-49.45780155372428,pedraira,SP,-22.73824150585765,-46.8958585777586,3.0
mc_ID_6066,"Married Male with five children, education: partial high school working as manual",10K+,"Meat from Frozen Foods department, Ordered Brand : Imagine",measure: 15.9895,11.6287,non recyclable,['Coffee Bar'],Price Winners,Small Grocery,3.46 Millions,1.6954 Millions,1425.4,,,672.9441,campinas,SP,-22.89082402420255,data: -46.9816531677612,s@o paulo,SP,-23.63329280322003,-46.73784151540766,amount: 3.0
mc_ID_6067,"Single Female with three children, education: partial high school working as skilled manual",10K+,"Jams and Jellies from Baking Goods department, Ordered Brand : Super",53.20 lbs,-21.2225,non recyclable,"['Bar For Salad', 'Ready Food']",Super Savers,Supermarket,$5.04 Millions,1.764 Millions,2448.37,472.27,313.55,754.7413,satubinha,MA,-4.036665996831414,-45.2378096943822,santo andre,sp,-23.665703457960586,-46.51808196779969,4.0
mc_ID_6068,"married female with three children,education: partial high school working as skilled manual",10K or more,"Pizza from Frozen Foods department, Ordered Brand : Big Time",22.5307,18.1699,recyclable,"['Ready Food', 'Florist', 'Coffee Bar', 'Bar For Salad']",Weekend Discount,_D3luxe,3.2 Millions,1.12 Millions,2056.4,654.13,436.09,382.0515,niteroi,RJ,-22.91127038161472,-43.10515133611283,ItAtIba,5p,-22.99567770323237,-46.857106243157794,3.0
mc_ID_6070,"Single Female with two children, education: graduate degree working as professional",30K+,"Bread from Baked Goods department, Ordered Brand : Fantastic",27.0368,24.1296,recyclable,,Super Savers,Supermarket,2.76Ms,0.8832 Millions,,,304.91,339.8977,Ferraz  De  Vasconcel0S,SP,-23.55478484984708,amount: -46.37377120038665,Mogi Das Cruzes,Sp,-23.551706513599484,-46.260979398542325,5.0
mc_ID_6071,"Single Male with two children, education: partial high school working as skilled manual",€8K+,"Hot Beverages from Beverages department, Ordered Brand : BBB Best",23.5482,-20.641,non recyclable,"['Coffee Bar', 'Ready Food', 'Bar For Salad', 'Video Store', 'Florist']",Discount Frenzy,Gourm3t,4.32 Millions,1.8144 Millions,1425.71,,309.58,555.2168,porto alegre,RS,data: -30.07883928365742,-51.208637249783656,sao paulo,SP,-23.65111484251016,-46.75521082321932,4.0
mc_ID_6072,"Single Male with one child, education: bachelors degree working as professional",130K or more,"Carbonated Beverages from Beverages department, Ordered Brand : Fabulous",27.0368,24.1296,recyclable,,Two Day Sale,Mid-Size,€8.4M,4.3472 Millions,2085.67,785.64,522.49,509.0882,brusque,SC,-27.10573505374388,-48.920455830982895,salto,sp,-23.20591698084141,-47.307845865803,4.0
mc_ID_6074,Single Female with four children + education: partial high school working as professional,$70K+,"Electrical from Household department, Ordered Brand : Red Wing",29.944,data: 27.0368,recyclable,['Coffee Bar'],Go For It,Small Grocery,2.66 Millions,1.197 Millions,2070.94,330.83,220.93,381.8946,campina5_,SP,-22.895876357204664,-47.0791850342778, videira,SC,-27.00086872288371,amount: -51.14532022116548,5.0
mc_ID_6075,"Single Male with one child, education: partial high school working as skilled manual",$50K+,"Starchy Foods from Starchy Foods department, Ordered Brand : Jardon",25.2925,20.7864,non recyclable,"['Bar For Salad', 'Coffee Bar', 'Ready Food', 'Florist']",Weekend Discount, Daluxe,1.74 Millions,0.7308 Millions,2055.29,654.13,437.14,382.0515,brasilia,Df,-15.86679943242206,-48.08060995224143,borda da mata,Mg,-22.264093569966427,val: -46.15856420525942,5.0
mc_ID_6079,"Married Female with one child, education: partial college working as management",50k,"Vegetables from Produce department, Ordered Brand : Ebony",16.7163,13.8091,recyclable,"['Bar For Salad', 'Ready Food']",Save It (Sale),Supermarket,$9.78 Millions,3.0318 Millions,2265.6,853.22,569.61,339.1132,salvador,Ba,-12.937108759223412,val: -38.35606547385594,SAO PAULO,SP,-23.57714001165677,-46.48276229003407,5.0
mc_ID_6081,"Single Male with five children, education: high school degree working as skilled manual",30K or more,"Jams and Jellies from Baking Goods department, Ordered Brand : Landslide",20.2049,15.6988,recyclable,"['Video Store', 'Florist', 'Coffee Bar', 'Ready Food', 'Bar For Salad']",Price Winners,dELUxe,$4.64 Millions,1.9952 Millions,2036.69,481.98,321.26,478.9634,ellsio medrado,Ba,-12.946367024042791,-39.52282824415811,riberao preto,unknown,data: -21.16850440882337,-47.79370519233655,5.0
mc_ID_6085,"Married Male with four children, education: partial high school working as manual",€42K+,"Kitchen Products from Household department, Ordered Brand : Red Wing",12.7771,18.52 lbs,non recyclable,"['Coffee Bar', 'Florist', 'Bar For Salad', 'Video Store', 'Ready Food']",,gourmet,$5.26 Millions,1.7358 Millions,1421.88,465.54,310.3,val: 360.0332,7aboao da serra,SP,val: -23.60638684095836,-46.76874080680691,praia grand3,SP,-24.011288218359883,-46.41873374429398,5.0
mc_ID_6086,"Married Female with four children, education: bachelors degree working as management",70K+,"Hygiene from Health and Hygiene department, Ordered Brand : Steady",13344.00 grams,8.9832,non recyclable,,,Mid-Size,5.12 Millions,2.3552 Millions,2819.7,447.7,298.5,328.1302,Lencois 	Paulista,Sp,-22.60405058635247,measure: -48.795055606488425,mOgi dAs crUzEs,Sp,-23.51937483109403,-46.19269037743349,5.0
mc_ID_6087,"Married Female with two children, education: partial high school working as skilled manual",10K+ annually,"Hardware from Household department, Ordered Brand : Cormorant",18.3153,-16.8617,recyclable,"['Video Store', 'Coffee Bar', 'Ready Food', 'Florist', 'Bar For Salad']",Roller Savings (High) ,Deluxe,"12.35 ,000,000illions",3.952 Millions,1734.5,503.07,335.38,440.1568,osasco,SP,-23.567394946361183,-46.79295747990047,sao paulo,SP,-23.49997012461769,data: -46.42365639286743,4.0
mc_ID_6088,"Single Female with five children, education: partial collge working as professional",130K+ annually,"Bread from Baked Goods department, Ordered Brand : Fantastic",11.5415,7.1807,recyclable,"['Bar For Salad', 'Video Store', 'Ready Food', 'Florist', 'Coffee Bar']",,GOURMET,$6.0 Millions,2.76 Millions,1423.53,465.54,310.3,612.1192,valinhos,SP,-23.00828704369726,-47.00919837209965,LIMEIRA,SP,-22.599254430886607,-47.37980963550319,5.0
mc_ID_6089,"Married Female with two children, education: partial high school working as manual",30K+,"Vegetables from Frozen Foods department, Ordered Brand : Golden",29.7987,25.4379,non recyclable,"['Ready Food', 'Florist', 'Coffee Bar', 'Video Store', 'Bar For Salad']",Two Day Sale,Deluxe,€4.1M,1.8603 Millions,1871.16,593.93,396.6,amount: 402.0824,saLiNAs,MG,-16.172478702331222,-42.28912455349682,itauna,mg,-20.08212660423176,-44.5732983518722,val: 1.0
mc_ID_6090,"Single Female with two children, education: partial high school working as manual",30K+,"Frozen Desserts from Frozen Foods department, Ordered Brand : Big Time",28.9265,24.4204,recyclable,"['Ready Food', 'Bar For Salad']",,SUPERMARKET,"8.31 ,000,000illions",3.4902 Millions,2445.75,470.27,313.55,347.1151,VALINHOS ,SP,-22.94509412337182,-46.99793671529901,curitiba,PR,data: -25.432110597005,-49.25976793963871,4.0
mc_ID_6091,"Married Female with two children, education: partial high school working as skilled manual",10000,"Dairy from Dairy department, Ordered Brand : Club",measure: 27.3275,24.275,recyclable,"['Florist', 'Ready Food', 'Coffee Bar', 'Bar For Salad']",Tip Top Savings,Deluxe,10.83 Millions,5.0901 Millions,2055.29,654.13,434.1,745.6934,maracanau,kE,-3.850580999999945,-38.61283399999997,caucaia,CE,-3.769922999999945,-38.65279399999997,5.0
mc_ID_6095,"Married Male with four children, education: bachelors degree working as professional",70K+,"Vegetables from Produce department, Ordered Brand : Hermanos",22.0946,17.5885,non recyclable,['Florist'],Super Savers,,5.19 Millions,1.7646 Millions,,523.32,350.06,338.6948,itapevi,5P,-23.538289102900915,-46.9265911416677,blumenau,5C,-26.91141069525076,-49.11143612738765,4.0
mc_ID_6096,"Single Male with five children, education: partial high school working as skilled manual",10K+,"Fruit from Produce department, Ordered Brand : High Top",27.909,26.4554,recyclable,,,MId-SizE,6.68 Millions,2.672 Millions,2818.51,447.7,298.5,328.1302,maua,Sp,-23.67517847547439,val: -46.44983266763805,jacarei,$p,-23.29818595956356,amount: -45.974828011182304,5.0
mc_ID_6097,"Single Female with four children, education: high school degree working as manual",30K+,"Breakfast Foods from Frozen Foods department, Ordered Brand : Carrington",data: 15.1174,12.1956,recyclable,"['Bar For Salad', 'Ready Food']",Sales Days,SUPERMARKET,6.55 Millions,2.9475 Millions,2265.9,853.22,568.75,327.9733,RIO DE JANEIRO,RJ,-22.881031646375625,-43.33742185657273,Videira,SC,-27.00086872288371,amount: -51.14532022116548,5.0
mc_ID_6098,"Single Female with one child, education: partial high school working as skilled manual",10K+,"Vegetables from Canned Foods department, Ordered Brand : Pleasant",28.9265,25.874,recyclable,"['Ready Food', 'Coffee Bar', 'Florist', 'Bar For Salad']",Two Day Sale,Deluxe ,"7.62 ,000,000illions",3.429 Millions,2054.68,,435.33,542.0895,SANTANA DE PARNAIBA,Sp,-23.463669949766263,-46.867870523601965,sao paulo,SP,-23.54029947071385,-46.66278360519932,5.0
mc_ID_6099,"Single Female with five children, education: bachelors degree working as professional",50K+,"Snack Foods from Snack Foods department, Ordered Brand : Horatio",18.3153,13.9545,non recyclable,"['Ready Food', 'Coffee Bar', 'Bar For Salad', 'Florist', 'Video Store']",Sales Days,Deluxe,$10.52 Millions,3.3664 Millions,1871.16,593.93,,608.772,ibItInGa,SP,-21.7664768468313,-48.83154737836604,luiz alves,"SC
",-26.22944293948424,-49.4052167110414,5.0
mc_ID_6100,"Married Female with five children, education: high school degree working as professional",70K+,"Paper Products from Household department, Ordered Brand : Red Wing",22.676,21.2225,recyclable,"['Coffee Bar', 'Florist', 'Bar For Salad', 'Ready Food', 'Video Store']",Save It (Sale),,10.68 Millions,4.1652 Millions,1525.28,373.1,,393.4006,Sao Paulo,SP,-23.54387863113857,-46.70758622898028,hortolendia,SP,-22.887514996879027,-47.19573904628551,3.0
mc_ID_6101,"Married Male with five kids, education: high school degree working as skilled manual.",10K+,"Magazines from Periodicals department, Ordered Brand : Excel",28.6358,27.1822,recyclable,['Coffee Bar'],Best Price Savers,,14.48 Millions,6.0816 Millions,1234.61,440.92,293.95,349.2594,Ribeirao Pre7O,SP,-21.18665775437128,-47.80976500582838,Sao Jose Do Rio Preto,SP,-20.80243626346376,-49.39562406741489,amount: 5.0
mc_ID_6102,"Single Male with three children, education: partial high school working as manual",10K+,"Miscellaneous from Checkout department, Ordered Brand : Black Tie",12.7625,11.2944,recyclable,"['Coffee Bar', 'Ready Food', 'Bar For Salad', 'Florist']",Super Duper Savers,DeLUXE,€5.3M,2.0096 Millions,2053.37,654.13,436.09,364.2695,belo horizonte,MG,-19.939705074785014,-43.90862671564922,saltu,Sp,-23.20591698084141,-47.307845865803,5.0
mc_ID_6103,"Single Male with one child, education: partial high school working as professional",70K+,"Electrical from Household department, Ordered Brand : High Quality",28.0543,26.4554,recyclable,"['Ready Food', 'Bar For Salad', 'Florist', 'Video Store', 'Coffee Bar']",Fantastic Discounts,Gourmet,9.39 Millions,4.2255 Millions,1423.03,465.54,308.74,718.9158,santo andre,sP,-23.63501354177962,-46.50399501887012,sao paulo,SP,-23.62358155176294,-46.61056007369148,5.0
mc_ID_6104,"Married Female with three children, education: high school degree working as professional",70K+,"Bathroom Products from Household department, Ordered Brand : High Quality",31.543,27.1822,recyclable,"['Coffee Bar', 'Florist', 'Ready Food', 'Bar For Salad']",,Gourmet,5.56 Millions,2.5576 Millions,1564.86,387.45,256.97,396.2248,APARECIDA DE GOIANIA,GO,data: -16.837912698028973,measure: -49.24989205426351,salvador,BA,-12.98158709241737,-38.45526521634257,4.0
mc_ID_6108,"Married Male with five children, education: high school degree working as skilled manual",30K+ annually,"Paper Products from Household department, Ordered Brand : Cormorant",30.0894,28.6358,recyclable,,Price Winners,Mid-Size,$3.8 Millions,1.444 Millions,2819.7,447.7,298.5,453.9117,LORENA,SP,-22.74237139800176,-45.11479219667662,sao paulo,"SP
",-23.554597380692613,amount: -46.57370400298258,4.0
mc_ID_6109,"Single Male with one child, education: partial high school working as manual",120+ monthly,"Pizza from Frozen Foods department, Ordered Brand : Big Time",13.3149,measure: 10.3932,recyclable,"['Bar For Salad', 'Ready Food', 'Florist', 'Coffee Bar']",Super Duper Savers,"Deluxe
",2.26Ms,0.7006 Millions,2055.29,654.13,436.09,measure: 364.2695,RIO DE JANEIRO,RJ,-22.984241961423034,-43.19056825090884,ibitinga,SP,-21.7664768468313,-48.83154737836604,1.0
mc_ID_6110,"Single Female with one child, education: partial high school working as manual",10K+,"Paper Products from Household department, Ordered Brand : Red Wing",12.0357,7.6604,recyclable,,Sales Days,$upermarket,3.75 Millions,1.7625 Millions,2049.72,,304.91,610.5502,	jundiai,SP,-23.211714582578274,data: -46.8753760355472,brasilia,DF_,val: -15.812658217593002,measure: -47.89365639297883,5.0
mc_ID_6112,"Single Male with five kids, education: partial high school working as manual",10K+,"Specialty from Produce department, Ordered Brand : Tell Tale",16.7163,12.3555,recyclable,['Coffee Bar'],,Suparmarket,14.72 Millions,5.2992 Millions,1236.07,440.92,294.11,val: 364.1649,rio de janeiro,RJ,-22.90624766887881,-43.27548982015692,sao bento do sul,SC,-26.227777499999995,-49.41558674999999,1.0
mc_ID_6114,"Single Female with one child, education: high school degree working as manual",30K+,"Meat from Deli department, Ordered Brand : Red Spade",14.972,13.5184,non recyclable,,Saving Days,Supermarket,$11.28 Millions,4.0608 Millions,1508,227.8,150.15,619.0228,belo horizonte,MG,-19.944623503750908,data: -43.945072637803655,PIRACICABA,SP,-22.71683928585045,-47.65736585405934,4.0
mc_ID_6115,"Married Male with one child, education: bachelors degree working as management",90K+,"Dairy from Dairy department, Ordered Brand : Club",22.5307,19.6235,non recyclable,"['Ready Food', 'Bar For Salad']",,Supermarket,6.93 Millions,2.4948 Millions,2264.21,853.22,567.71,450.8783,brumadinho,mg,data: -20.198222315762948,-44.00961734339785,sao jose dos campos,$P,amount: -23.20178111878932,-45.89567007799064,amount: 1.0
mc_ID_6116,"SiNgLe mAlE WiTh fOuR ChIlDrEn, EdUcAtIoN: hIgH ScHoOl dEgReE WoRkInG As mAnUaL",30K+ annually,"Dairy from Dairy department, Ordered Brand : Even Better",31.543,28.6358,non recyclable,"['Ready Food', 'Coffee Bar', 'Florist', 'Bar For Salad']",Price Destroyers,Gourmet,"2.3 ,000,000illions",1.104 Millions,,385.45,257.55,343.5064,sao joao del rei,mg,-21.14016029728452,-44.26710632722613,jacarel ,SP,-23.29818595956356,-45.974828011182304,1.0
mc_ID_6119,"Married Female with four children, education: high school degree working as professional",150K+,"Snack Foods from Snack Foods department, Ordered Brand : Horatio",8.9832,amount: 6.0615,recyclable,,Two for One,SUPERMARKET,€2.7M,1.1448 Millions,2049.72,459.36,,data: 300.8296, santo andre ,SP,-23.687604648912163,data: -46.526392163742905,sao paulo,SP ,-23.54387085706044,-46.55735807729814,2.0
mc_ID_6120,"Married Female with two children, education: partial high school working as skilled manual",$10K+,"Fruit from Canned Products department, Ordered Brand : Toucan",24.4204,22.8214,non recyclable,"['Ready Food', 'Bar For Salad', 'Florist', 'Video Store', 'Coffee Bar']",One Day Sale,Deluxe,€4.7M,2.4288 Millions,2038.11,,,767.3456,sao $ebastiao,sp,-23.76127039033773,-45.76634466016269,MOgi das cRuzes,SP,-23.551706513599484,data: -46.260979398542325,5.0
mc_ID_6121,"Single Female with four children, education: graduate degree working as professional",130 Thousand,"Breakfast Foods from Breakfast Foods department, Ordered Brand : Best",-27.7636,26.31,recyclable,,Full Free,Supermarket,3.02 Millions,1.1778 Millions,,,151.9,272.2738,SAO PAULO,sp,-23.49561368443072,-46.46853447890816,padreira,SP,-22.73824150585765,-46.8958585777586,4.0
mc_ID_6122,"Single Male with three children, education: high school degree working as professional",70K+,"Hot Beverages from Beverages department, Ordered Brand : Landslide",21.6585,18.606,non recyclable,['Coffee Bar'],Double Your Savings,Supermarket,"6.39 ,000,000illions",3.195 Millions,1236.07,,293.95,493.8689,beIo horizonte,MG,-19.917625059698125,-43.91323566831868,diadema,SP,-23.69007059755325,-46.59995236023442,3.0
mc_ID_6124,"Maried  Male  with  four  children,  education:  partial  high  school  working  as  manual.",Income: 10K+,"Drinks from Beverages department, Ordered Brand : Skinner",amount: 10.335,7.4279,non recyclable,"['Bar For Salad', 'Ready Food', 'Coffee Bar', 'Florist']",Full Free,Deluxe,$2.01 Millions,0.6432 Millions,2055.29,,437.54,288.5914,JUIZ DE FORA,MG,amount: -21.776064097697496,-43.345038341941226,curitiba,PR,-25.397971942264448,-49.24103753690352,5.0
mc_ID_6125,"single male with two children, education: high school degree working as professional",130K+ annually,"Bread from Baked Goods department, Ordered Brand : Colony",8.9251,4.5497,non recyclable,"['Ready Food', 'Bar For Salad']",Best Savings,supeRMaRkEt,5.79 Millions,1.9686 Millions,2448.37,,312.5,amount: 576.1891,salvador,"BA
",-12.931732497886696,-38.47483024883027,Barra Mansa,RJ,-22.54303759117662,-44.17532044976627,5.0
mc_ID_6126,"Single Male with four kids, education: high school degree working as manual",30K+,"Snack Foods from Snack Foods department, Ordered Brand : Fort West",16.2802,amount: 13.3585,recyclable,['Florist'],Best Savings,SUPErMARkEt,1.98 Millions,0.7128 Millions,1320.15,523.32,348.85,281.4786,chu1,rs,-33.69142291584818,-53.48016130071187,campinas,SP,-22.926904742714527,amount: -47.067241683593984,4.0
mc_ID_6128,"Married Male with four children, education: partial high school working as manual",10K or more,"Snack Foods from Snack Foods department, Ordered Brand : Fast",11.5125,10.0589,recyclable,['Coffee Bar'],Best Price Savers,Supermarke7,5.68 Millions,1.8744 Millions,,440.92,293.59,349.2594,aracruz,es,data: -19.82228603052011,amount: -40.27288050538765,Ibitinga,SP,amount: -21.7664768468313,-48.83154737836604,1.0
mc_ID_6130,"Married Female with four children, education: partial college working as professional",70K+ annually,"Frozen Desserts from Frozen Foods department, Ordered Brand : Big Time",data: 26.7461,25.1472,recyclable,"['Florist', 'Coffee Bar', 'Bar For Salad', 'Ready Food']",Three for One, Deluxe,4.5 Millions,1.485 Millions,2055.29,654.13,434.18,640.5181,rio de janeiro,RJ,-22.94765411102769,-43.33860615583707,belo horizonte,Mg,-19.878513898894187,-43.95694702879617,data: 5.0
mc_ID_6131,"Married Male with four children, education: partial high school working as skilled manual",10K+,"Vegetables from Produce department, Ordered Brand : Hermanos",val: 16.4256,12.0648,non recyclable,TBD,,Gourmet,6.96 Millions,2.6448 Millions,1424.85,465.54,,675.716,Santos,SP,-23.9678895545329,-46.34412123980033,icara,sc,-28.7629920668113,-49.27499226831797,measure: 3.0
mc_ID_6132,"Married__Female__with__one__child,__education:__bachelors__degree__working__as__professional",70K+,"Pain Relievers from Health and Hygiene department, Ordered Brand : Consolidated",val: 14.5359,11.6287,recyclable,,Super Duper Savers,5upermarket,11.94 Millions,3.7014 Millions,2049.72,,306.85,527.7593,cocal, P1,data: -3.4733519871885465,-41.552137731754726,JACAREI,SP,amount: -23.29818595956356,-45.974828011182304,4.0
mc_ID_6133,"Married Female with four children, education: partial high school working as manual",Income: 30K+,"Frozen Desserts from Frozen Foods department, Ordered Brand : Imagine",12.3119,-9.4047,non recyclable,['Coffee Bar'],Sale Winners,Small Grocery,"3.21 ,000,000illions",1.4445 Millions,2069.04,330.83,,564.9446,sao paulo,SP,data: -23.657250175378767,-46.61075944811122,Laranjal Paulista,SP,-23.03582473318652,-47.8363026594829,5.0
mc_ID_6136,"Married Female with No children, education: bachelors degree working as professional",$50K+,"Paper Products from Household department, Ordered Brand : Cormorant",26.31,-999.0,non recyclable,"['Coffee Bar', 'Bar For Salad', 'Video Store', 'Florist', 'Ready Food']",Fantastic Discounts,Gourmet,3.4 Millions,1.02 Millions,1426.01,465.54,,718.9158,sao paulo,SP,-23.606332072162274,-46.488808985429046,ibitinga,SP,-21.7664768468313,-48.83154737836604,1.0
mc_ID_6138,"SINGLE MALE WITH ONE CHILD, EDUCATION: HIGH SCHOOL DEGREE WORKING AS MANUAL",30K+,"Cleaning Supplies from Household department, Ordered Brand : Cormorant",9.0268,6.1196,recyclable,"['Coffee Bar', 'Video Store', 'Florist', 'Ready Food', 'Bar For Salad']",,deluxe,11.67Ms,5.0181 Millions,1525.28,375.1,248.79,403.9652,rio de janeiro,rJ,-22.877869452680468,val: -43.48459215889548,sao paulo,SP,-23.49517247515727,-46.50119464071786,1.0
mc_ID_6139,"Married Female with one child, education: high school degree working as manual",30K+,"Hygiene from Health and Hygiene department, Ordered Brand : Steady",16.7163,15.2627,non recyclable,['Florist'],Saving Days,Supermarket,"1.8 ,000,000illions",0.684 Millions,1320.15,523.32,347.83,435.4498,SANTO ANDRE,SP,-23.66875959201334,data: -46.53653409354255,pedreira,SP,-22.73824150585765,-46.8958585777586,4.0
mc_ID_6141,"Single Male with one child, education: high school degree working as manual",30K+ annually,"Eggs from Eggs department, Ordered Brand : National",26.1647,24.7111,recyclable,"['Coffee Bar', 'Florist', 'Bar For Salad', 'Ready Food', 'Video Store']",Sale : Double Down,De1Uxe,8.76 Millions,4.2924 Millions,1525.85,373.1,247.49,746.3733,c@ieiras,SP,-23.34919431729901,-46.758603833385294,sao paulo,$P,measure: -23.539824031911863,-46.434679443937874,1.0
mc_ID_6145,"Married Female wiht four children, education: high school degree working as skilled manual",Income: 30K+,"Baking Goods from Baking Goods department, Ordered Brand : Super",17.007,data: 15.4081,recyclable,['Coffee Bar'],Weekend Discount,Supermarket,"4.68 ,000,000illions",2.34 Millions,1238.13,440.92,292.93,364.1649,almirante 	tamandare,Pr,-25.37338500000001,-49.29875325,sao paulo,SP,val: -23.56168119891244,-46.50627110555333,5.0
mc_ID_6146,"Single Male with five children, education: partial high school working as skilled manual",10K+ annually,"Snack Foods from Snack Foods department, Ordered Brand : Best Choice",-23.4028,21.9493,non recyclable,"['Florist', 'Ready Food', 'Coffee Bar', 'Bar For Salad']",Best Price Savers,gOURmeT,7.89 Millions,2.367 Millions,1564.86,385.45,258,$558.20,sao paulo,$P,-23.573623473772287,val: -46.717553378296486,cuiaba,MT,-15.672887529119013,-56.06797233297959,4.0
mc_ID_6148,"Single Male with four children, education: bachelors degree working as management",50K+,"Specialty from Produce department, Ordered Brand : Ebony",-1.0,25.1472,non recyclable,"['Bar For Salad', 'Ready Food']",,,€3.3M,1.2771 Millions,2265.9,853.22,568.75,val: 618.4475,sao paulo,$P,-23.61118969331752,-46.44720347362805,Santa Barbara D'Oeste,5p,-22.75967282783305,-47.364736674563375,5.0
mc_ID_6149,"Single Male with two children, education: partial high school working as manual",€8K+,"Pain Relievers from Health and Hygiene department, Ordered Brand : Consolidated",18.8967,amount: 15.9895,recyclable,['Coffee Bar'],,Small Grocery ,"7.82 ,000,000illions",3.6754 Millions,,330.83,220.55,274.1566,SAO PAULO,SP,-23.546688516792653,-46.51776104232789,sao paulo,SP,-23.537511255832708,-46.63705730743676,5.0
mc_ID_6151,"Single Male with three children, education: high school degree working as skilled manual",30K+,"Snack Foods from Snack Foods department, Ordered Brand : Fast",19.0421,17.5885,recyclable,"['Coffee Bar', 'Video Store', 'Bar For Salad', 'Florist', 'Ready Food']",I Cant Believe It Sale,DELUXE,€10.7M,5.7776 Millions,1525.28,373.1,247.17,data: 535.9181,itabira,MG,-19.63165621067063,-43.212335433135365,SAO JOSE DO RIO PRETO,SP,-20.8186365094994,measure: -49.36992583875571,5.0
mc_ID_6152,"Single Male with five children, education: partial college working as skilled manual",50000,"Beer and Wine from Alcoholic Beverages department, Ordered Brand : Pearl",28.9265,25.874,non recyclable,"['Video Store', 'Bar For Salad', 'Coffee Bar', 'Ready Food', 'Florist']",,Deluxe,5.76 Millions,2.304 Millions,1733.65,503.07,334.97,amount: 313.0678,santa adelia,SP,-21.24607941923738,-48.80412605259864,uberaba,MG,-19.762886766028046,-47.93858631709849,5.0
mc_ID_6153,"Married Female with five children, education: high school degree working as professional",70K+ annually,"Fruit from Canned Products department, Ordered Brand : Big City",25.874,24.275,recyclable,,Budget Bargains,,5.85 Millions,2.2815 Millions,2821.3,447.7,297.89,654.273,florianopolis ,$C,-27.57865911904912,-48.50709600207745,jau,SP,-22.27568678711987,-48.542599749927895,4.0
mc_ID_6155,"Single Female with one child, education: high school degree working as manual",30K+,"Frozen Desserts from Frozen Foods department, Ordered Brand : PigTail",22.24,val: 19.3328,recyclable,"['Video Store', 'Coffee Bar', 'Bar For Salad', 'Florist', 'Ready Food']",Price Cutters,Deluxe,2.56 Millions,0.9472 Millions,1528.02,373.1,248.68,642.0871,IPATINGA, Mg,-19.50523742384614,-42.57176378313765,ibitinga,SP,-21.7664768468313,-48.83154737836604,
mc_ID_6156,"Single Female with one kid, education: partial high school working as manual",10K+,"Candy from Snacks department, Ordered Brand : Gulf Coast",10.335,8.8815,recyclable,,Budget Bargains,"Mid-Size
",5.62 Millions,2.3042 Millions,,447.7,298.5,654.273,mog1 das cruzes,SP,-23.551706513599484,-46.260979398542325,ITaJ@I,SP,-26.91626999999994,-48.65245999999996,4.0
mc_ID_6157,"Married Male with two kidren, education: bachelors degree working as professional",840+ monthly,"Vegetables from Produce department, Ordered Brand : Tell Tale",data: 20.2049,17.1524,recyclable,['Florist'],Weekend Discount,,€7.5M,3.7296 Millions,1322.02,523.32,348.85,279.1251,Nova Era, MG ,-19.770824131113795,-43.02637346071022,salvador,BA,-12.98158709241737,-38.45526521634257,measure: 5.0
mc_ID_6158,"Single Male with five children, education: partial high school working as professional",90K+,"Meat from Deli department, Ordered Brand : Lake",9.6809,8.2128,non recyclable,"['Florist', 'Ready Food', 'Bar For Salad', 'Video Store', 'Coffee Bar']",One Day Sale,deluxe,9.6 Millions,3.264 Millions,1734.5,,335.38,689.0525,rio de janeiro,Rj,measure: -22.8828599572681,-43.66376400776161,sao paulo,"SP
",-23.543135968636395,amount: -46.62371555453289,1.0
mc_ID_6159,"Married Male with four childern, education: partial High School working as skilled manual",10K+,"Snack Foods from Snack Foods department, Ordered Brand : Fort West",10.4368,8.9687,non recyclable,,Super Wallet Savers,Supermarket,5.56 Millions,2.1128 Millions,1508,227.8,149.96,733.1937,guarulhos,$P,-23.453200132516344,-46.484469408993874,JACAREI_,$P,-23.29818595956356,-45.974828011182304,4.0
mc_ID_6161,"Married Female with four children, education: partial high school working as skilled manual",120+ monthly,"Meat from Frozen Foods department, Ordered Brand : PigTail",12.1375,7.7767,non recyclable,,Weekend Discount,Supermarket,11.79 Millions,3.7728 Millions,1508,227.8,151.9,735.1811,sao paulo,5P,-23.572060847625384,-46.636136837497816,franca,SP,-20.54822779974972,-47.395897060007975,val: 5.0
mc_ID_6162,"Single Female with three children, education: bachelors degree working as professional",50k,"Hygiene from Health and Hygiene department, Ordered Brand : Steady",amount: 12.2538,10.8002,non recyclable,"['Florist', 'Video Store', 'Coffee Bar', 'Bar For Salad', 'Ready Food']",Sale : Double Down,Deluxe,2.01 Millions,0.9849 Millions,1525.28,375.1,248.79,278.2883,bom despacho,MG_,-19.74074058834445,-45.25452490731858,_Formiga,MG,-20.474084262411907,data: -45.424321458052006,4.0
mc_ID_6163,"Single Male with one child, education: bachelors degree working as management",50K+,"Baking Goods from Baking Goods department, Ordered Brand : CDR",31.1069,val: 28.0543,recyclable,['Florist'],Save It (Sale),supermarket,"14.08 ,000,000illions",4.7872 Millions,1317.78,523.32,,427.7617,rio de janeiro,rj,-22.83452027918724,data: -43.30055459281813,jundiai,SP,-23.211714582578274,-46.8753760355472,measure: 5.0
mc_ID_6164,"Married Male with three kidren, education: partial high school working as manual",10k,"Frozen Desserts from Frozen Foods department, Ordered Brand : Big Time",measure: 25.2925,23.6936,recyclable,['Coffee Bar'],Weekend Discount,Supermarket,8.73Ms,2.619 Millions,1236.07,440.92,,364.1649,RIO DE JANEIRO,RJ,-22.972956517889177,data: -43.39706327699233,ribeirao pret0,5P,-21.116471333054424,-47.79073400291418,5.0
mc_ID_6165,"sINGLE fEMALE WITH FIVE CHILDREN, EDUCATION: BACHELORS DEGREE WORKING AS PROFESSIONAL",70K+,"Beer and Wine from Alcoholic Beverages department, Ordered Brand : Pearl",-14.972,12.0648,non recyclable,"['Bar For Salad', 'Ready Food', 'Coffee Bar', 'Florist']",Weekend Discount,Deluxe,7.44Ms,2.4552 Millions,2057.31,654.13,436.09,382.0515,teboao da serra_,SP ,measure: -23.638223126839392,-46.801967395781645,ibitinga,SP,-21.7664768468313,-48.83154737836604,3.0
mc_ID_6166,"Married Male wiht two children, education: partial High School working as manual",10k,"Canned Shrimp from Canned Foods department, Ordered Brand : Pleasant",23.2575,-20.3503,non recyclable,"['Ready Food', 'Bar For Salad']",Shelf Clearing Days,,11.08 Millions,4.2104 Millions,2448.37,470.27,313.55,363.6942, curitiba,PR,-25.4389681470945,-49.27448441188181,PoRtO alEGRe,RS,-30.110020899532547,-51.23162798932419,5.0
mc_ID_6167,"SINGLE MALE WITH FOUR KIDREN, EDUCATION: PARTIAL HS WORKING AS MANUAL",$10K+,"Candy from Snacks department, Ordered Brand : Atomic",25.4379,22.5307,non recyclable,"['Coffee Bar', 'Florist', 'Bar For Salad', 'Ready Food', 'Video Store']",,Deluxe,10.8Ms,3.348 Millions,1525.28,373.1,248.51,755.9442,piracicaba,SP,-22.726257875353635,-47.63781138952056,sao bernardo do campo,SP,-23.71457923606073,-46.54581156219319,data: 1.0
mc_ID_6168,"Single Female with four children,education: High School degree working as manual",30k,"Beer and Wine from Alcoholic Beverages department, Ordered Brand : Good",13.5911,9.2303,non recyclable,"['Coffee Bar', 'Bar For Salad', 'Ready Food', 'Florist']",Price Cutters,GOURME7,4.36 Millions,1.7004 Millions,1564.86,385.45,256.97,729.2712,vila velha,ES,-20.33161263550869,-40.27958609200332,saO GONcALO,RJ,-22.82732701725956,-43.05044041062229,1.0
mc_ID_6170,"Married Female with two children, education: bachelors degree working as management",50K+,"Vegetables from Produce department, Ordered Brand : Ebony",31.1069,28.0543,non recyclable,"['Florist', 'Bar For Salad', 'Coffee Bar', 'Ready Food', 'Video Store']",Save It (Sale),Gourmet,10.53 Millions,3.4749 Millions,1424.85,,309.47,427.7617, maracanau ,CE,measure: -3.881840993720744,-38.63293110246262,c@jamar,5P,-23.406238298215783,-46.84102497498486,80%
mc_ID_6171,"Single Male with five children, education: graduate degree working as professional",50K+,"Vegetables from Produce department, Ordered Brand : Tri-State",11.1345,-8.2128,recyclable,"['Bar For Salad', 'Video Store', 'Florist', 'Coffee Bar', 'Ready Food']",, dELuXe,9.51 Millions,,1734.5,503.07,335.97,313.0678,sao paulo,SP,-23.625590333054426,data: -46.73905080544173,,,,,1.0
mc_ID_6172,"single male with one kid, education: partial high school working as manual",10K+,"Specialty from Produce department, Ordered Brand : High Top",-12.6753,9.7681,non recyclable,"['Ready Food', 'Coffee Bar', 'Bar For Salad', 'Florist', 'Video Store']",,Deluxe,3.54 Millions,1.416 Millions,1734.5,503.07,335.73,440.1568,FOrMOSA,	GO,-15.541663809048414,-47.34169173258697,guarulhos,5P,measure: -23.40802531933689,-46.47133305879546,1.0
mc_ID_6173,"Single Female with five children, education: partial high school working as manual",€25K+,"Electrical from Household department, Ordered Brand : Red Wing",29.944,data: 27.0368,recyclable,,Price Winners,,3.99 Millions,1.3965 Millions,1623.48,341.05,227.33,amount: 543.397,santa maria,RS,-29.69573056287144,val: -53.76793581141435,Curitiba,PR,-25.41420518595992,-49.259492785590666,2.0
mc_ID_6174,"Married Female with four children, education: high school degree working as manual",30K+,"Canned Soup from Canned Foods department, Ordered Brand : Better",671.69 oz,16.1349,recyclable,,Budget Bargains,Mid-Slze,2.3 Millions,0.828 Millions,2085.67,783.64,524,546.0643,peritiba,SC,-27.370514774407,-51.90160130155491, sao paulo ,SP,-23.693985995008337,-46.70188324132953,3.0
mc_ID_6176,"Married Female with one child, education: high school degree working as manual",30K+,"Vegetables from Produce department, Ordered Brand : Ebony",-21.2225,16.8617,non recyclable,"['Video Store', 'Bar For Salad', 'Ready Food', 'Coffee Bar', 'Florist']",One Day Sale,Gourmet,8.13 Millions,3.7398 Millions,,465.54,310.03,449.1524,goiania,Go,-16.711414860017403,-49.26711541248844,sao paulo,SP,-23.59798552039933,-46.55547278711988,4.0
mc_ID_6178,"Married Female with two childran , education: bachelors degree working as professional",50K+,"Meat from Deli department, Ordered Brand : Red Spade",27.7636,23.4028,non recyclable,"['Florist', 'Coffee Bar', 'Bar For Salad', 'Video Store', 'Ready Food']",I Cant Believe It Sale,deluxe,6.99 Millions,3.0057 Millions,1734.75,503.07,335.75,363.3281,cabo de sant0 agostinho,PE ,-8.29248453599996,-35.01945999999998,Sao Paulo,SP,-23.537511255832708,-46.63705730743676,4.0
mc_ID_6179,"Married Male with one child, education: partial high school working as skilled manual",30K+,"Drinks from Beverages department, Ordered Brand : Fabulous",-26.6008,23.5482,non recyclable,"['Coffee Bar', 'Bar For Salad', 'Video Store', 'Ready Food', 'Florist']",Price Cutters,Deluxe,11.85 Millions,5.0955 Millions,1527.64,373.1,248.79,642.0871,jacobina,Ba,-11.1853901569017,-40.52296210476496,_belo horizonte,Mg,-19.840168078827364,-43.92329932223438,5.0
mc_ID_6180,Single Female with two children and education: partial high school working as skilled manual,$30K+,"Frozen Desserts from Frozen Foods department, Ordered Brand : Imagine",10.6548,7.7331,non recyclable,"['Video Store', 'Ready Food', 'Coffee Bar', 'Bar For Salad', 'Florist']",,Deluxe,4.47 Millions,1.5198 Millions,1871.16,593.93,395.95,484.1411,pien,pr,val: -26.09951042219324,-49.43039517089023,videira,SC,-27.00086872288371,-51.14532022116548,5.0
mc_ID_6181,"Married Male with four children, education: partial high school working as professional, education: partial high school working as professional",130K+,"Carbonated Beverages from Beverages department, Ordered Brand : Washington",9.6809,data: 6.7592,recyclable,"['Video Store', 'Ready Food', 'Coffee Bar', 'Florist', 'Bar For Salad']",Bag Stuffer,Deluxe ,4.38 Millions,1.4454 Millions,1732.65,503.07,335.38,432.1026,pelotas,RS,-31.700616047010367,-52.32082066955027,sao PaulO,SP ,-23.611654194010004,-46.63258761587511,4.0
mc_ID_6182,"Married Female with three childran, education: partial high school working as professional",90K+,"Eggs from Eggs department, Ordered Brand : Blue Medal",18.0246,14.972,non recyclable,"['Video Store', 'Bar For Salad', 'Florist', 'Coffee Bar', 'Ready Food']",Lottery Cash Registerion,deluxe,"3.96 ,000,000illions",1.6236 Millions,1734.5,503.07,335.38,313.0678,francisco beltrao,Pr,measure: -26.06368480687816,-53.05414926085676,CAXLAS DO SUL,RS,-29.17682210847989,-51.15690685509721,4.0
mc_ID_6183,"education: high school degree working as manual, Married Male with No children",30K+,"Pain Relievers from Health and Hygiene department, Ordered Brand : Steady",17.1524,-999.0,recyclable,,Super Savers,Mid-Size,€7.2M,3.4809 Millions,2085.67,783.64,,amount: 531.4203,itabirito,MG_,-20.25779584611288,-43.81183983084434,campo limpo paulista,SP,amount: -23.20706431353269,-46.760735214610754,5.0
mc_ID_6184,"Married Male with one child , education: partial High School working as manual",10K+,"Vegetables from Produce department, Ordered Brand : Hermanos",19.0421,17.5885,non recyclable,,GLD,Supermarket,$11.22 Millions,5.61 Millions,2049.72,457.36,304.91,697.7866,anchieta,ES ,-20.804829673444225,-40.649292,claudio,MG,-20.43773362250285,-44.75914024487753,5.0
mc_ID_6186,Single Female with three children - education: bachelors degree working as professional,50K+,"Beer and Wine from Alcoholic Beverages department, Ordered Brand : Good",13.5911,9.2303,non recyclable,"['Ready Food', 'Bar For Salad']",Three for One,Supermarket,€7.4M,3.8368 Millions,2450.88,470.27,313.55,656.2604,ribeirao preto,$P,-21.21227916180968,-47.78815176242136,CURITIBA,PR,-25.453155877315545,-49.2850395992267,5.0
mc_ID_6187,"Married Female with No children, education: bachelors degree working as professional",50K+,"Drinks from Beverages department, Ordered Brand : Token",-22.676,19.7689,recyclable,"['Ready Food', 'Bar For Salad', 'Coffee Bar', 'Florist']",,Deluxe,"2.96 ,000,000illions",1.036 Millions,2052.33,654.13,436.09,367.7736,c@mpinas,"SP
",-22.943830511384977,amount: -47.11233196480047,serra negra,SP,-22.596440207291085,-46.71196868822353,1.0
mc_ID_6188,"SiNgLe fEmAlE W/ tHrEe cHiLdReN, eDuCaTiOn: HiGh sChOoL DeGrEe wOrKiNg aS MaNuAl",30K+,"Meat from Deli department, Ordered Brand : Red Spade",14.972,13.5184,non recyclable,['Coffee Bar'],Weekend Discount,Supermarket,7.52 Millions,3.4592 Millions,1236.07,440.92,293.95,364.1649,pinhais,PR,-25.45520782540837,-49.18886071388973,maringa,	PR,-23.437975269077903,val: -51.91385959802448,4.0
mc_ID_6189,"Married Female with two children, education: HS degree working as skilled manual",30K+ annually,"Vegetables from Canned Foods department, Ordered Brand : Bravo",13.9981,11.0909,non recyclable,"['Bar For Salad', 'Ready Food']",Full Free,,$7.77 Millions,2.9526 Millions,2263.51,853.22,567.41,736.907,aracaju,SE,-10.94018353173898,-37.07085024271453,sao paulo,SP,-23.52697217736158,-46.610979191240034,data: 4.0
mc_ID_6190,"Married Female with two kids, education: partial HS working as skilled manual",10K+,"Fruit from Canned Products department, Ordered Brand : Toucan",26.0193,22.9668,recyclable,"['Coffee Bar', 'Bar For Salad', 'Florist', 'Ready Food']",Shelf Emptiers, Gourmet ,4.2 Millions,1.89 Millions,1564.86,385.45,256.97,amount: 773.0986,jacareacanga,PA,-6.220778899630579,-57.76445312607956,saO paULo, SP ,-23.65111484251016,-46.75521082321932,1.0
mc_ID_6191,"Single Female with two children, education: high school degree working as skilled manual",30K+,"Snack Foods from Snack Foods department, Ordered Brand : Nationeel",-15.1174,23.68 lbs,recyclable,"['Bar For Salad', 'Ready Food', 'Video Store', 'Florist', 'Coffee Bar']",Lottery Cash Registerion,dELUxe,5.55 Millions,2.3865 Millions,1734.95,503.07,335.38,313.0678,sAo paulO,SP,val: -23.608349214265107,-46.73536441534424,sao paulo,$p,-23.65111484251016,-46.75521082321932,5.0
mc_ID_6194,"Single Male with one child, education: High School degree working as manual.",10 Thousand,"Dairy from Dairy department, Ordered Brand : Booker",30.3801,27.3275,non recyclable,"['Bar For Salad', 'Ready Food', 'Video Store', 'Coffee Bar', 'Florist']",I Cant Believe It Sale,Deluxe,11.94 Millions,5.373 Millions,,503.07,335.38,data: 363.3281,rio de janeiro,RJ,amount: -22.954859287264107,-43.18091709714924,Maua,SP,-23.656676689970634,-46.44420755410021,10.0/10
mc_ID_6195,"Married Male with one child, education: high school degree working as management",130K+,"Magazines from Periodicals department, Ordered Brand : Gauss",-22.8214,19.7689,recyclable,"['Bar For Salad', 'Florist', 'Coffee Bar', 'Ready Food']",Two Day Sale,deluxe,1.66 Millions,0.498 Millions,2055.29,654.13,435.31,542.0895,rio de janeiro ,RJ,-23.00927096142304,-43.42940927644404,jaragua do sul,$C,-26.46850294670808,-49.109883098307336,5.0
mc_ID_6196,"Single Male with four children, education: bachelors degree working as professional",$50K+,"Drinks from Beverages department, Ordered Brand : Fabulous",21.0771,18.1699,non recyclable,"['Bar For Salad', 'Florist', 'Ready Food', 'Coffee Bar', 'Video Store']",Saving Days,,11.36 Millions,4.4304 Millions,1424.95,467.54,310.54,amount: 350.9853,barueri,SP ,-23.483826206996675,-46.8044683128608,americana,SP,-22.722145470713865,data: -47.33535052553523,amount: 4.0
mc_ID_6199,"Single Female with four children, education: bachelors degree working as management",70K+,"Bread from Baked Goods department, Ordered Brand : Great",measure: 19.7689,16.86 kg,recyclable,['Florist'],, sUPERmarKet,2.79 Millions,1.3671 Millions,1320.15,523.32,350.35,765.7243,"itaquaquecetuba
",	SP,-23.462597421592825,data: -46.3353165488443,sAo PaUlo,SP,val: -23.53877907744238,-46.53648566833056,amount: 4.0
mc_ID_6203,"Married Female with three children, education: High School degree working as manual",30K+,"Baking Goods from Baking Goods department, Ordered Brand : CDR",11.9485,9.0413,recyclable,"['Bar For Salad', 'Coffee Bar', 'Florist', 'Ready Food']",,,"2.85 ,000,000illions",1.3965 Millions,1564.86,387.45,256.97,558.1979,RIo DE jaNEiRO,RJ,-22.965370753534568,-43.696040961423016,guara,$p,-20.43399042630061,-47.81416224047547,1.0
mc_ID_6205,"Single Male with four children, education: partial high school working as skilled manual",10K+,"Electrical from Household department, Ordered Brand : High Quality",30.2347,27.1822,non recyclable,"['Florist', 'Coffee Bar', 'Video Store', 'Ready Food', 'Bar For Salad']",Two Day Sale,Gourmet,€3.9M,2.2638 Millions,1424.85,465.54,310.3,663.5824,SAO DOMINGOS DO PRATA,MG ,-19.87136871271049,-42.96085917381833,Belo Horizonte,MG,-19.921126734952896,-43.94119674937962,5.0
mc_ID_6206,"Married Male with five children, education: high school degree working as skilled manual",30K+,"Breakfast Foods from Breakfast Foods department, Ordered Brand : Best",22.3853,17.8792,non recyclable,"['Bar For Salad', 'Ready Food', 'Video Store', 'Florist', 'Coffee Bar']",I Cant Believe It Sale,,€11.9M,5.74 Millions,1734.5,503.07,335.38,363.3281,LIMEIRA,SP,-22.57487785152052,-47.416177053147926,londrina,"Pr
",-23.280367482796247,amount: -51.188884291727966,5.0
mc_ID_6208,"Married Female with No childern, education: graduate degree working as professional",€110K+,"Jams and Jellies from Baking Goods department, Ordered Brand : Super",19.7689,-16.8617,recyclable,"['Bar For Salad', 'Ready Food']",Super Savers, Supermarket ,7.74Ms,3.5604 Millions,2448.37,470.27,313.55,Not Available,LIVrAmEnTO DE noSSa SanHoRa,BA,-13.649606510639636,-41.84169289659037,SAO JOSE DO RIO PRETO,SP,-20.80243626346376,data: -49.39562406741489,3.0 stars
mc_ID_6209,"Single Male with one child, education: partial high school working as skilled manual",50K+,"Canned Shrimp from Canned Foods department, Ordered Brand : Better",12.4282,9.521,non recyclable,"['Florist', 'Coffee Bar', 'Bar For Salad', 'Ready Food']",Sale : Double Down,Deluxe,€5.9M,3.312 Millions,,654.13,436.09,data: 500.7202,fortaleza,CE,-3.807448059505409,-38.53934812638211,sao paulo,5P,data: -23.554133203993324,-46.53048959908248,5.0
mc_ID_6210,"Married Female with one child, education: bachelor'ss degree working as management",50K+,"Canned Tuna from Canned Foods department, Ordered Brand : Better",31.543,28635.80 grams,non recyclable,"['Bar For Salad', 'Ready Food', 'Florist', 'Coffee Bar']",Saving Days,goUrmEt,€4.7M,2.216 Millions,1565.36,385.45,256.97,474.0995,sete lagoas,MG,-19.42971029829401,-44.22506352397885,dRAceNa,sp,measure: -21.4988715,-51.53786099999999,4.0
mc_ID_6211,"SiNgLe mAlE WiTh tWo cHiLdReN, eDuCaTiOn: GrAdUaTe dEgReE WoRkInG As pRoFeSsIoNaL",30K+,"Candy from Snacks department, Ordered Brand : Atomic",-15.1174,-12.1956,non recyclable,['Coffee Bar'],Price Winners,Small Grocery,1.25 Millions,0.6 Millions,1424.92,398.93,265.98,measure: 362.1252,campimas,SP,amount: -22.98752993345535,-47.11656504772553,_sao paulo,SP,-23.59798552039933,-46.55547278711988,5.0
mc_ID_6212,"Single Female with four children, education: high school degree working as skilled manual",30K+ annually,"Snack Foods from Snack Foods department, Ordered Brand : Fast",28.9265,measure: 25.874,non recyclable,"['Video Store', 'Coffee Bar', 'Florist', 'Ready Food', 'Bar For Salad']",Lottery Cash Registerion,Deluxe,$15.12 Millions,5.5944 Millions,1734.5,503.07,335.38,313.0678,cacapava,SP,amount: -23.10054999999994,val: -45.706009999999935,SAO PAULO,SP,-21.18002440882337,-47.81386413405276,5.0
mc_ID_6214,"Married Female with three children, education: bachelors degree working as professional",70K+,"Cleaning Supplies from Household department, Ordered Brand : Red Wing",20.3503,17.4431,non recyclable,"['Video Store', 'Coffee Bar', 'Florist', 'Bar For Salad', 'Ready Food']",Shelf Emptiers,G0urmet,2.79 Millions,1.3671 Millions,1424.85,465.54,310.3,564.2647,sao paulo,Sp,measure: -23.46904313849616,-46.72212261226844,_belo horizonte,MG,-19.875867454065443,-43.98278199806675,val: 5.0
mc_ID_6216,"Single Female with two children, education: partial high school working as skilled manual",10K+,"Snack Foods from Snack Foods department, Ordered Brand : Best Choice",29.944,27.0368,recyclable,"['Coffee Bar', 'Florist']",,mid-size,"10.08 ,000,000illions",5.04 Millions,2551.4,389.54,259.66,769.6991,rio de janeiro,RJ,data: -22.919623722170964,-43.37064603497029,SaO joSE DO rIo preTO,SP,-20.80243626346376,-49.39562406741489,1.0
mc_ID_6217,"Single Male with two children, education: partial high school working as manual",10K+,"Side Dishes from Deli department, Ordered Brand : Red Spade",12.8352,9.9135,non recyclable,,Go For It,SUPERMERKET,$2.91 Millions,1.3095 Millions,1508,227.8,151.9,623.939,birigui,SP,-21.301705697260985,-50.33198634467411,guarulhos,SP,data: -23.44007914793122,data: -46.51144923980033,5.0
mc_ID_6219,"Single Female with one child, education: bachelors degree working as professional",$50K+,"Paper Products from Household department, Ordered Brand : Sunset",19.7689,16.8617,recyclable,"['Bar For Salad', 'Ready Food', 'Coffee Bar', 'Video Store', 'Florist']",You Save Days,Gourmet,5.26 Millions,2.2618 Millions,1424.72,465.54,310.3,689.3663,sa0 paulo,Sp,-23.57048818454374,-46.56174059236515,capivari,SP,amount: -23.0122137105142,-47.52203973160603,5.0
mc_ID_6221,"Single Female with five children, education: partial high school working as manual",30000,"Beer and Wine from Alcoholic Beverages department, Ordered Brand : Portsmouth",23.5482,19.1874,recyclable,,Money Savers,Supermarket,8.64 Millions,3.888 Millions,1508,227.8,151.9,277.2423,sao paulo,SP,-23.4779980335853,-46.650682027468456,congonhal,MG,-22.15937587770692,-46.04402732344177,4.0
mc_ID_6222,"Single Male with three children, education: high school degree working as manual",10K+,"Snack Foods from Snack Foods department, Ordered Brand : Fast",22.8214,19.7689,recyclable,"['Bar For Salad', 'Florist', 'Coffee Bar', 'Ready Food']",,Deluxe,2.31 Millions,0.7161 Millions,2055.29,654.13,438.04,745.6934,santana do paraiso,MG_,-19.45515459535982,-42.53231121006311,bauru,$P,-22.353122459390228,-49.0981396206503,5.0
mc_ID_6223,"Married Female with three children, education: bachelors degree working as professional",50K+ annually,"Canned Soup from Canned Foods department, Ordered Brand : Bravo",21.8039,18.8967,non recyclable,"['Ready Food', 'Bar For Salad', 'Coffee Bar', 'Florist', 'Video Store']",Save Price,Deluxe,$2.4 Millions,0.768 Millions,2038.11,481.98,321.26,284.3028,Ribeirao Das Neves,MG,-19.779029422913744,-44.0229254812176,rio de janeiro,RJ,val: -22.93125598447676,-43.17881321481337,5.0
mc_ID_6226,"Married Female with four children, education: bachelors degree working as professional",30K+,"Pure Juice Beverages from Beverages department, Ordered Brand : Fabulous",8.7216,-5.8144,recyclable,"['Coffee Bar', 'Ready Food', 'Bar For Salad', 'Florist']",Super Duper Savers,,11.4Ms,5.586 Millions,2053.68,654.13,434.74,364.2695,barueri,SP,-23.53994293192069,-46.88676604933411,InDaIATuba,5p,-23.141554810215275,-47.23811647179686,5.0
mc_ID_6229,"Single Male with one child, education: high school degree working as professional",90K or more,"Electrical from Household department, Ordered Brand : Sunset",21.9493,17.5885,non recyclable,"['Florist', 'Bar For Salad', 'Coffee Bar', 'Ready Food']",Sale : Double Down,de1uxe,"7.95 ,000,000illions",3.2595 Millions,2055.29,654.13,436.09,500.7202,rio de janeiro,Rj,-22.93276021149516,-43.19785123743439,cur1tiba,	SP,-25.491606559524563,-49.28283748666978,4.0
mc_ID_6230,"Single Female with four children, education: partial high school working as manual",30K+,"Dairy from Dairy department, Ordered Brand : Gorilla",30.6708,29.2172,recyclable,"['Coffee Bar', 'Bar For Salad', 'Florist', 'Ready Food']",Promo Big,deluxe,12.72Ms,6.2328 Millions,2055.29,654.13,436.09,267.3576,_ValparaiSO dE GoiaS,GO,-16.054549899999927,-47.97426549999994,colombo,PR,-25.371298736141743,-49.18823376385825,amount: 4.0
mc_ID_6231,"Maried Female with two children , education: Bachelors degree working as professional",10K or more,"Cleaning Supplies from Household department, Ordered Brand : High Quality",31.8337,27.33 kg,recyclable,,Budget Bargains,Supermarket,5.73Ms,2.865 Millions,1236.07,440.92,293.95,687.5358,rio 	de 	janeiro,RJ,-22.91064096725142,val: -43.17650983181368,guarulhos,"SP
",-23.50542926894224,-46.54869177407812,4.0
mc_ID_6232,"Single Male with two children, education: bachelors degree working as professional",50K+,"Vegetables from Frozen Foods department, Ordered Brand : Big Time",13.9109,-999.0,recyclable,"['Ready Food', 'Bar For Salad', 'Coffee Bar', 'Florist', 'Video Store']",Money Savers,Deluxe,€4.9M,2.574 Millions,1525.28,373.1,249.18,560.656,guaicara,SP,-21.619351760298564,val: -49.79754957760015,sAo pAuLO,Sp,-23.50739523980033,-46.74054093839796,TBD
mc_ID_6234,"Single Female w/ one child, education: partial high school working as skilled manual",10K or more,"Eggs from Eggs department, Ordered Brand : Urban",13.3876,-999.0,non recyclable,"['Ready Food', 'Florist', 'Bar For Salad', 'Video Store', 'Coffee Bar']",I Cant Believe It Sale,Deluxe,5.24 Millions,2.096 Millions,1734.5,,335.38,363.3281,entRE riOS do OEStE,pR,val: -24.706488745846823,-54.2435539144552,sau paulo,5P,-23.62358155176294,-46.61056007369148,5.0
mc_ID_6235,"Married Male with three children, education: bachelors degree working as professional",110K+,"Magazines from Periodicals department, Ordered Brand : Gauss",amount: 22.676,-19.7689,non recyclable,"['Ready Food', 'Coffee Bar', 'Florist', 'Bar For Salad']",Saving Days,Deluxe,14.44 Millions,7.22 Millions,2055.29,654.13,436.09,352.0313,sao paulo,sp,-23.532255303364263,-46.662756071469765,apUCARanA,PR,-23.552512530494816,-51.46349357996916,5.0
mc_ID_6236,"Single Female with four children, education: bachelors degree working as professional",110K or more,"Bread from Baked Goods department, Ordered Brand : Fantastic",data: 29.7987,26.8915,non recyclable,,Wallet Savers,Supermarket,$9.32 Millions,4.66 Millions,1505.93,227.8,151.9,277.8699,resende,RJ,-22.48864507899998,-44.44481849999994,Sao LuLs,MA,amount: -2.546079233971952,-44.3089863702464,5.0
mc_ID_6237,"Married Female with No children, education: high school degree working as skilled manual",30K+,"Magazines from Periodicals department, Ordered Brand : Robust",16.2802,14.6813,recyclable,"['Video Store', 'Bar For Salad', 'Coffee Bar', 'Florist', 'Ready Food']",Price Winners, DelUXE,$4.94 Millions,1.6302 Millions,1871.16,593.93,395.95,436.9665,SAO louRenco DO oeSTE,_SC,-26.35258941159333,-52.85306467361068,patos de minas,MG,-18.60497691187199,-46.52154885505743,measure: 5.0
mc_ID_6238,"Single Male with five children, education: High School degree working as skilled manual.",30K+,"Snack Foods from Snack Foods department, Ordered Brand : Nationeel",24.8564,20.4957,recyclable,,Weekend Discount,,€8.4M,4.4685 Millions,1508,227.8,,735.1811,SANTO ANDRE,SP,-23.726298153211346,-46.48453208436728,londrina,PR ,-23.331043778111702,-51.17743350000001,3.0
mc_ID_6239,"Married Female with three children, education: partial high school working as manual",10K+,"Snack Foods from Snack Foods department, Ordered Brand : Nationeel",10.4223,8.9687,non recyclable,['Coffee Bar'],One Day Sale,Small Grocery,3.99 Millions,1.3965 Millions,,398.93,265.98,625.6126,Uberlandia,MG,-18.94753979156328,amount: -48.29208537829649,"itaja1
",SC,-26.912428672061186,val: -48.6773810666573,1.0
mc_ID_6240,"Single Female with five children, education: partial high school working as manual",10K+,"Dairy from Dairy department, Ordered Brand : Club",29.2172,26.31,non recyclable,,Price Slashers, Supermarket,1.83 Millions,0.7137 Millions,1623.48,,225.68,277.0331,sAO MaRCos,RS,data: -28.9654729747681,-51.04802612381615,Massaranduba,sc,amount: -26.59892353667944,data: -48.99279267408672,4.0
mc_ID_6241,"Single Male with three children, education: bachelors degree working as management",10K+,"Fruit from Produce department, Ordered Brand : Hermanos",31.3976,27.0368,recyclable,"['Bar For Salad', 'Video Store', 'Ready Food', 'Florist', 'Coffee Bar']",One Day Sale,Gourmet,5.8 Millions,2.32 Millions,1424.85,465.54,310.3,measure: 449.1524,osasco, SP,-23.54585713211952,-46.80489027352986,_jales,SP,-20.27939929861524,data: -50.5535315563023,5.0
mc_ID_6242,"Married Female with four children, education: high school degree working as skilled manual",30K+,"Fruit from Produce department, Ordered Brand : Ebony",28.0543,23.5482,recyclable,"['Florist', 'Video Store', 'Coffee Bar', 'Bar For Salad', 'Ready Food']",Save Price,Deluxe,$6.33 Millions,2.3421 Millions,1732.68,503.07,334.19,419.9167,sao paulo,SP,-23.491264766864763,val: -46.63785217623639,sao jose dos campos,SP,-23.221431461827063,-45.888163895493165,4.0
mc_ID_6244,"Married Female with two children, education: partial high school working as manual",30K or more,"Dairy from Dairy department, Ordered Brand : Booker",20.0596,17.1524,recyclable,"['Florist', 'Bar For Salad', 'Coffee Bar', 'Ready Food']",Sale : Double Down,Deluxe,€4.7M,1.932 Millions,,654.13,436.09,measure: 500.7202,"meraba
",Pa,-5.368316562823011,-49.1067542993694,monte siao,MG,-22.42880507067007,-46.569550269431765,measure: 4.0
mc_ID_6245,"Married Female with three children, education: partial colllege working as clerical",30K+,"Frozen Desserts from Frozen Foods department, Ordered Brand : PigTail",14.5359,measure: 11.6287,recyclable,"['Ready Food', 'Bar For Salad']",Super Savers,Supermarket,12.92 Millions,4.1344 Millions,2448.37,470.27,313.69,754.7413,Presidente Tancredo Neves,BA,-13.456558874119256,-39.424414014420016,sao paulo,SP,-23.62358155176294,val: -46.61056007369148,5.0
mc_ID_6246,"Single Male with two children, education: partial high school working as manual",30K+ annually,"Fruit from Produce department, Ordered Brand : Hermanos",25.2925,23.6936,recyclable,,, Supermarket,5.54 Millions,2.7146 Millions,2051.03,457.36,304.91,610.5502,RIO DE JANEIRO,RJ,-22.88801518789316,-43.42435917762139,santos,SP,-23.93465945090488,-46.331065142884974,5.0
mc_ID_6248,"education: partial high school working as skilled manual, Married Male with three children",120+ monthly,"Meat from Deli department, Ordered Brand : Red Spade",23.2575,20.3503,recyclable,,, Mid-Size,7.12 Millions,3.204 Millions,2085.67,783.64,521.88,658.0909,nOvu hoRiZOnTE, SP ,-21.46284342229134,-49.21918836311204,guarulhos,Sp,-23.48378507576896,amount: -46.54155402025511,4.0
mc_ID_6249,"Single Male with five children, education: high school degree working as skilled manual",$30K+,"Fruit from Produce department, Ordered Brand : Tri-State",data: 26.1647,23.2575,recyclable,"['Coffee Bar', 'Bar For Salad', 'Ready Food', 'Florist']",Dollar Days,Deluxe,5.14 Millions,2.4158 Millions,,654.13,434.2,725.9763,sao paulo,	SP,-23.5944875783294,-46.679788357589,hortolandia,SP,-22.887514996879027,-47.19573904628551,5.0
mc_ID_6251,"Married Male with No children, education: HS degree working as manual",10K+,"Drinks from Beverages department, Ordered Brand : Token",20.0596,-15.6988,recyclable,"['Florist', 'Coffee Bar']",Double Your Savings,Mid-Slze,6.44 Millions,2.4472 Millions,2551.4,389.54,,val: 599.9856,rolante,RS,-29.65510565471189,-50.577744262161566,sao paulo,SP,-23.61411790980433,-46.60034800222169,5.0
mc_ID_6252,Married Male with three children; education: bachelors degree working as professional,50K+,"Beer and Wine from Alcoholic Beverages department, Ordered Brand : Walrus",25.5832,22.676,non recyclable,"['Florist', 'Coffee Bar', 'Bar For Salad', 'Video Store', 'Ready Food']",Price Slashers,Deluxe,5.18 Millions,2.072 Millions,1734.5,,,282.9953,rio de janeiro,Rj,-23.01133469499096,-43.45025641534424,curitiba,pr,-25.464029318048183,-49.30472794690424,1.0
mc_ID_6253,"mARRIED mALE WITH TWO CHILDERN, EDUCATION: PARTIAL COLLEGE WORKING AS PROFESSIONAL",$90K+,"Snack Foods from Snack Foods department, Ordered Brand : Fort West",28.0543,25.0018,non recyclable,"['Video Store', 'Coffee Bar', 'Bar For Salad', 'Florist', 'Ready Food']",Shelf Clearing Days,Deluxe,6.39 Millions,1.917 Millions,1871.16,593.93,396.21,516.7763,campo grande,MS,data: -20.44412476048813,data: -54.62093080766344,ub@,MG,-21.12574332854103,-42.92260482854105,5.0
mc_ID_6254,"Married Female with four children, education: high school degree working as skilled manual",30 Thousand,"Vegetables from Produce department, Ordered Brand : Hermanos",10.2624,7.3406,recyclable,['Coffee Bar'],Weekend Discount,,9.6 Millions,4.512 Millions,1236.07,442.92,,364.1649,sAo ViCENtE,SP,measure: -23.96707671547605,-46.3914737492793,joinville,SC,measure: -26.28314924562872,-48.85128463059032,5.0
mc_ID_6255,"Married Female with one child, education: partial high school working as manual",10K+,"Meat from Deli department, Ordered Brand : Lake",15.2627,12.3555,recyclable,"['Bar For Salad', 'Florist', 'Coffee Bar', 'Ready Food']",Shelf Emptiers,Gourmet,8.82 Millions,2.9988 Millions,1561.93,385.45,255.48,773.0986,Arar@Quara,SP,-21.80811877629983,amount: -48.17662302746847,	maringa,PR,-23.377396999935016,-51.93100618003307,4.0
mc_ID_6256,"Married Female with five children, education: graduate degree working as management",70K+,"Jams and Jellies from Baking Goods department, Ordered Brand : Landslide",10.3787,7.4569,recyclable,"['Coffee Bar', 'Florist', 'Bar For Salad', 'Ready Food', 'Video Store']",One Day Sale,Deluxe_,"9.08 ,000,000illions",2.9964 Millions,,481.98,322.95,767.3456,sao bernardo do campo,$P,-23.70734747994644,measure: -46.56687389064575,praia grande,$P,val: -24.011288218359883,-46.41873374429398,5.0
mc_ID_6257,"SiNgLe fEmAlE WiTh nO ChIlDrEn, EdUcAtIoN: hIgH ScHoOl dEgReE WoRkInG As mAnUaL, eDuCaTiOn: HiGh sChOoL DeGrEe wOrKiNg aS MaNuAl",30K+,"Baking Goods from Baking Goods department, Ordered Brand : Landslide",21.9493,19.0421,recyclable,['Coffee Bar'],Best Savings,SUPERMARK3T,2.46 Millions,1.0824 Millions,1234.21,440.92,293.95,596.2723,montes claros,MG,-16.74508472799934,-43.88799563794789,laranjal paulista,SP,-23.03582473318652,-47.8363026594829,measure: 5.0
mc_ID_6258,"Married Female with No children, education: bachelors degree working as professional",$130K+,"Snack Foods from Snack Foods department, Ordered Brand : Fast",9.9426,5.5818,non recyclable,"['Video Store', 'Coffee Bar', 'Bar For Salad', 'Ready Food', 'Florist']",Pick Your Savings,Gourmet,€5.1M,2.416 Millions,1424.85,465.54,310.3,351.7175,indaiatuba, SP ,-23.089692080212355,val: -47.19608228864908,sao pAULo,SP ,-23.55156260866176,-46.64021297307979,1.0
mc_ID_6259,"Married Female with four children, education: partial high school working as skilled manual",10K+,"Vegetables from Frozen Foods department, Ordered Brand : Big Time",20.641,17.5885,recyclable,"['Coffee Bar', 'Video Store', 'Bar For Salad', 'Ready Food', 'Florist']",Lottery Cash Registerion,Deluxe,10.88 Millions,3.3728 Millions,1734.5,503.07,335.38,646.4803,rio de janeiro,Rj,amount: -22.99280667740874,-43.44828652055829,marilla,SP,-22.217405964096468,-49.95110711067839,3.0
mc_ID_6261,"Single Female with No children, education: partial high school working as manual",10K+,"Baking Goods from Baking Goods department, Ordered Brand : Super",13.4312,10.5095,non recyclable,,Full Free,Supermarket,"6.66 ,000,000illions",2.5974 Millions,1508,227.8,150.97,660.2352,sao paulo,SP,-23.583435663338896,-46.68646270038665,seo paulo,sp,-23.65111484251016,-46.75521082321932,1.0
mc_ID_6262,"Married Male with five children, education: high school degree working as skilled manual",Income: 30K+,"Hygiene from Health and Hygiene department, Ordered Brand : Hilltop",12.3555,-0.1,non recyclable,"['Ready Food', 'Bar For Salad']",,SuperMARKet,€6.8M,2.9526 Millions,2450.93,470.27,313.55,347.1151,batatais, SP,-20.886174694700312,-47.59434113509063,Franca,SP,-20.530671079410943,-47.39851931627846,1.0
mc_ID_6263,"Single Male with one child, education: bachelors degree working as professional",70K+,"Bread from Baked Goods department, Ordered Brand : Fantastic",amount: 15.4081,-12.5009,non recyclable,"['Coffee Bar', 'Florist', 'Ready Food', 'Bar For Salad', 'Video Store']",,Deluxe,6.2 Millions,1.922 Millions,1871.16,593.93,395.53,578.2288,Cotia,SP,val: -23.665930600578445,-47.02993636190237,,,val: nan,,data: 1.0
mc_ID_6264,"Married Male with two children, education: partial college working as professional",90K+,"Vegetables from Produce department, Ordered Brand : High Top",-15.5534,11.1781,non recyclable,"['Florist', 'Video Store', 'Ready Food', 'Bar For Salad', 'Coffee Bar']",One Day Sale,Deluxe,4.56 Millions,1.9152 Millions,1871.16,593.93,396.23,360.3993,ribeirao preto,SP,-21.18665775437128,-47.80976500582838,FraNC@,SP,-20.530671079410943,-47.39851931627846,5.0
mc_ID_6265,"mARRIED mALE WITH FOUR CHILDREN, EDUCATION: HIGH SCHOOL DEGREE WORKING AS SKILLED MANUAL",30K+,"Frozen Entrees from Frozen Foods department, Ordered Brand : Big Time",9.2303,7.7622,non recyclable,"['Bar For Salad', 'Ready Food', 'Florist', 'Video Store', 'Coffee Bar']",Price Slashers,Deluxe,12.84 Millions,3.9804 Millions,1525.28,,248.2,,catende,PE,-8.670113637362366,-35.724458127981634,_penapolis,SP,-21.426570046543283,-50.06791761043272,data: 5.0
mc_ID_6266,"Single  Female  wiht  three  childern,  education:  bachelors  degree  working  as  professional",70K+,"Starchy Foods from Starchy Foods department, Ordered Brand : Monarch",19.1874,16.1349,non recyclable,,,supermarket,7.2Ms,3.24 Millions,1508,227.8,153.37,565.9906,maue, 5P ,-23.67156097030984,amount: -46.46933216922553,sao paulo,	Sp,-23.693985995008337,-46.70188324132953,val: 5.0
mc_ID_6267,"Married Male with No children, education: partial high school working as manual",10K+,"Vegetables from Produce department, Ordered Brand : High Top",17.5885,14.6813,recyclable,['Coffee Bar'],Weekend Discount,,4.54Ms,1.4982 Millions,1236.07,440.92,294.87,698.728, PARAGUACU ,MG,data: -21.54470587015242,-45.73121311833969,cruzeiro,sp,-22.57792780460501,-44.95825089647411,5.0
mc_ID_6268,"Married Male with four children, education: high school degree working as manual",30K+,"Eggs from Eggs department, Ordered Brand : National",24.7111,21.8039,non recyclable,"['Bar For Salad', 'Coffee Bar', 'Florist', 'Ready Food']",Three for One,,3.51 Millions,1.5444 Millions,2055.62,654.13,436.09,640.5181,sAo caRlOS,Sp,-22.03342996672426,-47.91371971353119,santo andre,SP,-23.665703457960586,-46.51808196779969,4.0
mc_ID_6269,"Single Male with one child, education: graduate degree working as professional",70K+,"Paper Products from Household department, Ordered Brand : High Quality",measure: 10.6984,7.7913,recyclable,"['Florist', 'Bar For Salad', 'Video Store', 'Coffee Bar', 'Ready Food']",,Deluxe,7.41 Millions,2.2971 Millions,1734.5,503.07,335.38,662.2226,nova iguacu,RJ,measure: -22.72037161940292,-43.53075551192455,_saquarema,Rj,-22.91119567907111,-42.47940224673698,1.0
mc_ID_6270,"Married Female with two children, education: graduate degree working as professional",70K+,"Starchy Foods from Starchy Foods department, Ordered Brand : Medalist",15.5534,14.0853,recyclable,"['Ready Food', 'Bar For Salad', 'Video Store', 'Coffee Bar', 'Florist']",Roller Savings (High) , GOURMET,$7.22 Millions,2.3104 Millions,1425.39,465.54,310.3,532.6232,santa maria,Rs,-29.71767393533955,-53.81885346932888,marilia,###,amount: -22.214731808036426,-49.96619857883034,3.0
mc_ID_6274,"Single Female with four children, education: high school degree working as skilled manual",360+ monthly,"Electrical from Household department, Ordered Brand : Red Wing",16.1349,-11.7741,non recyclable,"['Bar For Salad', 'Ready Food', 'Coffee Bar', 'Florist', 'Video Store']",,Deluxe,9.92 Millions,4.2656 Millions,1734.5,503.07,334.81,313.0678,CAMpo  GRAnDe,Ms,-20.53345349180569,amount: -54.6217912672688,itatiba,SP,-22.993820438600167,-46.81014454759541,5.0
mc_ID_6276,education: partial high school working as skilled manual; Married Male with one child,10K+,"Carbonated Beverages from Beverages department, Ordered Brand : Fabulous",17.8792,13.5184,non recyclable,"['Video Store', 'Ready Food', 'Florist', 'Coffee Bar', 'Bar For Salad']",Lottery Cash Registerion,Deluxe,$9.12 Millions,3.9216 Millions,1734.5,503.07,,313.0678,sao goncalo, RJ,-22.80945748522964,-43.0430013661409,RIO DE JANEIRO,RJ,-22.93781597002137,val: -43.17619884430715,3.0
mc_ID_6277,"Married Male with four children, education: partial High School working as manual",50K+,"Meat from Meat department, Ordered Brand : Ship Shape",data: 19.4781,16.4256,recyclable,['Coffee Bar'],Dimes Off,Supermarket,8.91 Millions,3.0294 Millions,1236.2,440.92,,688.1634,	campinas,SP,-22.895876357204664,-47.0791850342778,blumenau,SC_,val: -26.91141069525076,-49.11143612738765,1.0
mc_ID_6278,"Single_Female_with_five_kids,_education:_partial_high_school_working_as_manual",10K+,"Vegetables from Produce department, Ordered Brand : High Top",17.5885,14.6813,recyclable,"['Video Store', 'Coffee Bar', 'Ready Food', 'Florist', 'Bar For Salad']",Sale Sale Sale,,4.54 Millions,1.4074 Millions,1524.98,373.1,247.89,722.6814,SAO PAULO,SP,amount: -23.57161809769749,-46.75061129003405,praia grende,sp,-24.026786758814687,val: -46.49304889148245,5.0
mc_ID_6279,"Married Male with one child, education: partial college working as professional",110K+,"Eggs from Eggs department, Ordered Brand : National",30.9615,27.909,non recyclable,,Super Savers,Mid-S1ze,$5.78 Millions,2.1964 Millions,2085.67,783.64,522.49,measure: 531.4203,natal ,Rñ,-5.832762883432376,-35.206586172629706,teixeira soares,PR,-25.372899,measure: -50.46185700000001,3.0
mc_ID_6281,"Married Male with four children, education: high school degree working as skilled manual",$30K+,"Candy from Snacks department, Ordered Brand : Gulf Coast",val: 31.8337,28.7811,recyclable,,Go For It,supermarket,5.88 Millions,1.8816 Millions,2046.82,457.36,304.38,509.6635,belford roxo,Rj,-22.748620638829685,-43.3925832985371,diadema,sp,data: -23.69007059755325,-46.59995236023442,3.0
mc_ID_6282,"Married Male with three children, education: bachelors degree working as professional",Income: 70K+,"Snack Foods from Snack Foods department, Ordered Brand : Best Choice",21.8039,17.4431,non recyclable,['Florist'],Price Destroyers,Supermarket,11.85 Millions,4.3845 Millions,1318.05,523.32,348.85,measure: 710.8616,CURITIBA,PR,-25.459127696635733,-49.23715637356463,sao jose do rio preto,Sp,data: -20.80243626346376,-49.39562406741489,val: 5.0
mc_ID_6284,"Single Female with five children, education: bachelors degree working as professional",70K+,"Dairy from Dairy department, Ordered Brand : Booker",measure: 19.0421,16.1349,non recyclable,['Coffee Bar'],Price Slashers,SUPERMARKET,7.41 Millions,2.2971 Millions,1236.07,440.92,293.95,402.6054,cabo verde,mg,-21.471604320933167,-46.39765503287726,Sao PaULO,SP,-23.56625832001269,-46.51841724632121,5.0
mc_ID_6286,"Single Female with five children, education: partial high school working as manual",10K+,"Kitchen Products from Household department, Ordered Brand : Cormorant",28.3451,26.8915,non recyclable,,Savings Galore,supermarket,"5.68 ,000,000illions",2.1016 Millions,2049.72,457.36,,714.2611,nova europa,SP,-21.786966769171173,measure: -48.5706038058013,belo horizonte, mg ,-19.907108245080448,-43.91966546502971,4.0
mc_ID_6287,"MaRrIeD MaLe wItH No cHiLdReN, eDuCaTiOn: PaRtIaL CoLlEgE WoRkInG As mAnAgEmEnT",30K+,"Jams and Jellies from Baking Goods department, Ordered Brand : Landslide",-16.8617,15.4081,recyclable,"['Florist', 'Ready Food', 'Coffee Bar', 'Bar For Salad', 'Video Store']",Green Light Special,Deluxe,4.76 Millions,1.904 Millions,1525.67,,247.26,507.9899,rio das ostras,RJ,-22.53509158795916,-41.984537523608566,tres coracoes,MG_,-21.69216794221008,-45.25804903964345,val: 4.0
mc_ID_6288,"Married Female with one child, education: high school degree working as professional",110K+,"Meat from Deli department, Ordered Brand : Red Spade",27763.60 grams,23.4028,non recyclable,['Florist'],Two for One,,€4.0M,1.5378 Millions,1320.15,523.32,348.85,360.7131,chapecu,Sk,-27.106398057114777,-52.611720735721306,GUARULHO$,SP,-23.422313378296494,-46.520062240348594,4.0
mc_ID_6289,"Married Female with No children, education: bachelors degree working as professional",70k,"Plastic Products from Household department, Ordered Brand : Sunset",-999.0,28.6358,recyclable,['Coffee Bar'],Price Winners,Small Grocery,2.26 Millions,0.8362 Millions,1423.89,400.93,,data: 672.9441,sao paulo,SP,-23.555182505135885,data: -46.65226234401868,S4O PAULO,SP,-23.571257720785987,-46.69633123175024,3.0
mc_ID_6290,"Single Male with two children, education: partial high school working as manual",30K+,"Candy from Snacks department, Ordered Brand : Musial",12.341,9.4193,recyclable,"['Florist', 'Coffee Bar', 'Video Store', 'Ready Food', 'Bar For Salad']",,DeIuxe,4.98Ms,1.494 Millions,1525.28,373.1,250.49,746.3733,espirito santo do pinhal,SP,-22.18081673466526,-46.75045932004407,praia grande,SP,-24.026786758814687,val: -46.49304889148245,5.0
mc_ID_6292,"Married Female with two children, education: partial HS working as manual",10K+,"Jams and Jellies from Baking Goods department, Ordered Brand : CDR",16.4256,14.972,non recyclable,"['Ready Food', 'Bar For Salad']",,Supermarket,1.83 Millions,0.7503 Millions,2448.09,470.27,312.35,656.2604,guaratingueta,Sp,-22.81207939224496,-45.18265771921641,sao paulo,SP,-23.606332072162274,-46.488808985429046,5.0
mc_ID_6293,"Single Female with five children, education: high school degree working as manual",30K+,"Meat from Deli department, Ordered Brand : Cutting Edge",16.2802,13.3585,non recyclable,"['Florist', 'Bar For Salad', 'Ready Food', 'Video Store', 'Coffee Bar']",,DE1UXE,8.85 Millions,2.655 Millions,1871.16,595.93,395.95,val: 516.7763,rio de janeiro,RJ,-22.87459850346245,-43.477731000000006,brasILia,Df,-15.84494561197996,-47.98527498130505,4.0
mc_ID_6294,"Married Male with three children, education: High School degree working as management",$130K+,"Snack Foods from Snack Foods department, Ordered Brand : Best Choice",21.3678,18.3153,recyclable,"['Florist', 'Video Store', 'Coffee Bar', 'Bar For Salad', 'Ready Food']",Dimes Off,Deluxe,"3.57 ,000,000illions",1.5351 Millions,2038.11,481.98,322.29,data: 550.6144,brasilia,DF,-15.865248326657143,measure: -48.02412895649243,cO7ia_,SP_,val: -23.615928708516527,-46.84997839900814,1.0
mc_ID_6297,"education: partial high school working as professional, Single Female with two children",70K+,"Hardware from Checkout department, Ordered Brand : Queen",12.5154,8.1401,recyclable,"['Florist', 'Bar For Salad', 'Ready Food', 'Coffee Bar']",Bag Stuffer,Deluxe,2.67Ms,1.2015 Millions,2055.29,,436.09,367.7736,vitoria,ES,-20.300412174851424,-40.30638214640201,sao paUlO,Sp,-23.532447184574945,-46.61401961463438,1.0
mc_ID_6298,"MARRIED FEMALE WITH TWO KIDREN, EDUCATION: HS DEGREE WORKING AS SKILLED MANUAL",30K+,"Beer and Wine from Alcoholic Beverages department, Ordered Brand : Walrus",8.8815,4.5207,recyclable,"['Coffee Bar', 'Video Store', 'Ready Food', 'Florist', 'Bar For Salad']",Promo Big,_Gourmet,7.86Ms,3.3798 Millions,1424.85,465.54,310.3,612.1192,Sao Paulo,SP,-23.576252951151247,-46.62235967583239,sao paulo,SP,amount: -23.746252526227707,data: -46.677001782820696,5.0
mc_ID_6299,"Married Male with four children, education: high school degree working as manual",30K+,"Meat from Deli department, Ordered Brand : Red Spade",-23.2575,20.3503,recyclable,"['Coffee Bar', 'Ready Food', 'Florist', 'Bar For Salad']",Three for One,,$17.8 Millions,6.052 Millions,2055.29,656.13,,640.5181,goiania,Gu,-16.693725048085238,-49.277800778857326,SAO PAULO,SP,-23.667843855675457,measure: -46.66038973120199,5.0
mc_ID_6300,"Single Male with three children, education: high school degree working as skilled manual",30 Thousand,"Decongestants from Health and Hygiene department, Ordered Brand : Hilltop",30.6708,27.7636,recyclable,,One Day Sale,Supermarket,10.65Ms,4.7925 Millions,2049.72,,305.02,486.7561,_SAO paulo,SP,-23.58506054593456,-46.60763074132955,curitiba,PR,val: -25.41810890007532,-49.2549331354036,5.0
mc_ID_6301,"Single Male with four children,education: Bachelors degree working as professional",70 Thousand,"Paper Products from Household department, Ordered Brand : Red Wing",19.9142,16.8617,recyclable,"['Florist', 'Video Store', 'Coffee Bar', 'Bar For Salad', 'Ready Food']",,Deluxe,€5.5M,2.3828 Millions,1734.5,503.07,336.2,313.0678,serra,ES,data: -20.21682736389826,-40.24697369558151,bELo horIZonTe,MG,-19.907108245080448,-43.91966546502971,5.0
mc_ID_6302,"Single Female with four children, education: HS degree working as skilled manual",30k,"Side Dishes from Deli department, Ordered Brand : American",val: 10.5531,7.6459,non recyclable,"['Coffee Bar', 'Video Store', 'Bar For Salad', 'Ready Food', 'Florist']",Promo Big,De1uxe,"9.08 ,000,000illions",4.4492 Millions,1871.16,593.93,395.95,578.2288,ibiruba,RS,-28.628697110459715,-53.09667830334719,curitiba,PR,data: -25.5347523805182,measure: -49.236641559813016,5.0
mc_ID_6304,"Single Female with five childran, education: high school degree working as manual",30 Thousand,"Canned Soup from Canned Foods department, Ordered Brand : Better",13.0823,11.6287,recyclable,"['Ready Food', 'Video Store', 'Coffee Bar', 'Bar For Salad', 'Florist']",GLD,Deluxe,3.12 Millions,1.248 Millions,1871.16,593.93,395.95,484.1411,Sao Paulo,SP,-23.555476749379626,measure: -46.67548530850014,5ao paulo,SP,-23.553644898695826,-46.63261889578163,5.0
Not Available,"Married Male with two children, education: bachelors degree working as professional",50K or more,"Meat from Deli department, Ordered Brand : Moms",-0.1,11.9049,recyclable,,Sales Days,suPeRMarKET,4.86 Millions,2.3328 Millions,2050.78,457.36,304.91,610.5502,pindamonhangaba,SP,-22.930835789732065,-45.45541469052191,uMUARaM@,PR,-23.757178599774967,-53.29107393545511,5.0
mc_ID_6308,"Married Male with four children, education: partial college working as professional",30K+,"Fruit from Produce department, Ordered Brand : Tell Tale",30.0894,28.6358,non recyclable,"['Bar For Salad', 'Coffee Bar', 'Ready Food', 'Video Store', 'Florist']",Save It (Sale),dELuxe_,5.73 Millions,2.0628 Millions,1734.5,503.07,335.38,measure: 755.1074,Sao Paulo,Sp,-23.56521929669917,-46.6451517253736,sao paulo,SP,-23.545478675515763,-46.58524120407659,4.0
mc_ID_6310,"SiNgLe mAlE WiTh nO ChIlDeRn, EdUcAtIoN: gRaDuAtE DeGrEe wOrKiNg aS PrOfEsSiOnAl",Income: 70K+,"Dairy from Dairy department, Ordered Brand : Carlson",17.2978,14.376,recyclable,,Roller Savings (High) ,supermarket,15.84 Millions,5.544 Millions,1508,227.8,,379.7503,porto alegre,Rs,-30.04841850983909,-51.20840841355522,saO joSe DoS CAmPoS,SP,-23.20178111878932,-45.89567007799064,2.0
mc_ID_6312,"Married Male with one child, education: partial high school working as skilled manual",10K+,"Snack Foods from Snack Foods department, Ordered Brand : Best Choice",28.7811,53.52 lbs,non recyclable,"['Coffee Bar', 'Florist', 'Video Store', 'Ready Food', 'Bar For Salad']",,Deluxe,11.67 Millions,4.5513 Millions,1526.77,373.1,248.79,403.9652,timbur1,###,measure: -23.20378453167445,-49.6022041071263,GUARIBA,SP,-21.36235769739203,,amount: 5.0
mc_ID_6314,"Single Female with one child, education: high school degree working as manual",30K+,"Dairy from Dairy department, Ordered Brand : Booker",30.3801,27.3275,non recyclable,"['Ready Food', 'Coffee Bar', 'Florist', 'Bar For Salad']",GLD,Gourmet,11.94 Millions,5.7312 Millions,1563.13,385.45,,396.2248,belu horizonte,MG,-19.85054756671417,-43.90399965691794,ibitinga,5P,-21.7664768468313,-48.83154737836604,5.0
mc_ID_6315,"Married Female with two children, education: partial college working as professional",30K+,"Dairy from Dairy department, Ordered Brand : Carlson",21.5132,18.606,non recyclable,"['Bar For Salad', 'Ready Food', 'Coffee Bar', 'Florist']",Two Day Sale,Deluxe,€13.5M,6.8456 Millions,2055.29,654.13,435.61,542.0895,socorro,SP,-22.59496246184797,-46.521509282521215,mogI MIRiM,Data Missing,-22.438121280598992,-46.973524736049406,5.0
mc_ID_6316,"SiNgLe mAlE WiTh oNe cHiLd , eDuCaTiOn: PaRtIaL CoLlEgE WoRkInG As mAnAgEmEnT",840+ monthly,"Meat from Deli department, Ordered Brand : Red Spade",27.7636,23.4028,non recyclable,"['Ready Food', 'Bar For Salad', 'Florist', 'Coffee Bar', 'Video Store']",GLD,,6.99 Millions,2.6562 Millions,1871.16,593.93,397.13,484.1411,salvador,BA,-12.929672913250002,-38.44511436823591,Sao Paulo,SP,data: -23.50869470774424,-46.48672956633388,5.0
mc_ID_6317,"Single Male with four children, education: high school degree working as skilled manual",30K+,"Fruit from Canned Products department, Ordered Brand : Toucan",26.0193,22.9668,recyclable,"['Video Store', 'Bar For Salad', 'Ready Food', 'Coffee Bar', 'Florist']",Price Winners,Deluxe,4.2 Millions,1.554 Millions,1871.33,593.93,395.95,436.9665,alagoinhas,BA,-12.13335902462911,-38.41485752462909,sao p4ulo,SP,val: -23.65111484251016,-46.75521082321932,4.0
mc_ID_6318,"Single Male with five children, education: partial high school working as skilled manual",10K+,"Jams and Jellies from Baking Goods department, Ordered Brand : Landslide",10.3787,7.4569,recyclable,"['Florist', 'Ready Food', 'Video Store', 'Coffee Bar', 'Bar For Salad']",Price Destroyers,Deluxe,9.08 Millions,4.54 Millions,2038.11,481.98,323.11,777.2826,rio de janeiro,RJ,-22.904585350539566,-43.27965950805009,Rio Do Sul,SC,-27.20981137280685,-49.63292048422235,1.0
mc_ID_6319,"Single Male with one child, education: partial high school working as skilled manual",10K+,"Jams and Jellies from Baking Goods department, Ordered Brand : Super",24.1296,21.2225,non recyclable,"['Coffee Bar', 'Bar For Salad', 'Video Store', 'Florist', 'Ready Food']",, Deluxe ,3.36 Millions,1.4448 Millions,2035.2,,,777.2826,campinas,SP,-22.90124134639356,-47.05512845102415,Sao Paulo,SP,-23.51674732944774,-46.54818243075192,5.0
mc_ID_6320,"Married Female with two children, education: high school degree working as skilled manual",30K+,"Hot Beverages from Beverages department, Ordered Brand : Plato",13.7074,10.8002,recyclable,"['Coffee Bar', 'Bar For Salad', 'Ready Food', 'Florist', 'Video Store']",Shelf Clearing Days, Deluxe,€7.5M,3.3744 Millions,1871.16,593.93,394.81,val: 516.7763,vespasiano,MG,-19.755283922647653,-43.94895032392866,belo horizomte,MG,-19.892338512349244,-43.9326199797449,5.0
mc_ID_6321,"Single Female with No kids, education: HS degree working as management",130K+,"Dairy from Dairy department, Ordered Brand : Even Better",21.2225,18.3153,non recyclable,,Two for One, Supermarket ,14.0 Millions,4.76 Millions,2049.72,457.36,304.91,300.8296,sao luis,M4,-2.576632840960272,-44.2395996386404,sao goncalo,RJ,-22.82732701725956,-43.05044041062229,2.0
mc_ID_6322,"Married Female with one child, education: bachelors degree working as professional",70K+,"Vegetables from Produce department, Ordered Brand : High Top",19.4781,16.4256,recyclable,,Two for One,Supermarket,€4.4M,2.0007 Millions,2049.08,457.36,304.45,300.8296,osasko,5P,-23.53538565178984,-46.76092361691542,sao paulo,SP,-23.65111484251016,-46.75521082321932,4.0
mc_ID_6323,"Single Female with three children, education: bachelors degree working as management",50000,"Canned Tuna from Canned Foods department, Ordered Brand : Better",20.641,19.0421,recyclable,['Coffee Bar'],Sale Sale Sale,Supermarket,4.5Ms,1.8 Millions,1236.07,440.92,293.95,473.7334,brumadinho, mG ,-20.198222315762948,-44.00961734339785,belo horizonte,mg,-19.92214631334759,-43.92783530223908,5.0
mc_ID_6324,"Married Female with three children, education: bachelors degree working as professional",50 Thousand,"Baking Goods from Baking Goods department, Ordered Brand : Plato",16.571,13.6492,non recyclable,"['Florist', 'Video Store', 'Ready Food', 'Bar For Salad', 'Coffee Bar']",Dimes Off,Deluxe,5.16 Millions,2.0124 Millions,2037.48,481.98,321.26,602.7575,sao pau1o,SP,-23.62635880045008,-46.693214250216336,bady bassitt,SP,-20.9245222402303,-49.45780155372428,1.0
mc_ID_6325,"Single Female with four children, education: high school degree working as skilled manual",30k,"Fruit from Canned Products department, Ordered Brand : Green Ribbon",25.4379,22.5307,recyclable,"['Ready Food', 'Bar For Salad']",Go For It,Supermarket,9.33 Millions,4.0119 Millions,2448.37,,313.55,347.1151,sao paulo ,SP,-23.56079380099833,amount: -46.49873888718328,belo horizonte,MG,-19.809042328611024,-43.99006964195861,amount: 5.0
mc_ID_6327,"Single Female with one child, education: partial high school working as professional",90 Thousand,"Snack Foods from Snack Foods department, Ordered Brand : Fort West",15.2627,13.8091,recyclable,['Coffee Bar'],Sale Sale Sale,Supermarket,5.79 Millions,2.4897 Millions,,440.92,293.95,473.7334,sao bernardo do campo,"Sp
",-23.669731383288145,-46.58979967666909,Rio De Janeiro_,RJ,-22.86881073397188,-43.2496625858511,5.0
mc_ID_6329,"Single Female with two children, education: partial college working as manual",30K+,"Snack Foods from Snack Foods department, Ordered Brand : Horatio",24.275,measure: 21.3678,recyclable,"['Florist', 'Video Store', 'Bar For Salad', 'Coffee Bar', 'Ready Food']",Two Day Sale,Gourmet,11.34 Millions,3.5154 Millions,1427.26,465.54,310.3,588.4796,sao paulo,SP,-23.501135482110826,-46.47243161518264,mairinque,SP,measure: -23.532772472991248,-47.16937115902071,5.0
mc_ID_6330,"Single Male with two children, education: partial high school working as professional",70K+,"Snack Foods from Snack Foods department, Ordered Brand : Horatio",27.0368,24.1296,recyclable,"['Coffee Bar', 'Ready Food', 'Bar For Salad', 'Florist', 'Video Store']",Sale Sale Sale,deluxe,3.58 Millions,1.7184 Millions,1525.28,373.1,,722.6814,jacarei,SP,-23.31311508964741,-46.0026232857349,presidente prudente,SP,-22.09785593377639,amount: -51.40156940368525,5.0
mc_ID_6333,"education: high school degree working as manual, Married Female with one child",30K+,"Dairy from Dairy department, Ordered Brand : Booker",9.1576,7.704,recyclable,"['Coffee Bar', 'Florist', 'Bar For Salad', 'Video Store', 'Ready Food']",Save Price,Deluxe,"5.36 ,000,000illions",2.5728 Millions,,503.07,335.38,419.9167,NOVA IGUACU,RJ,-22.763825251207155,-43.436790830412576,presideñte prudente,5P,-22.13392715785725,-51.36875322173029,5.0
mc_ID_6334,"Married_Male_with_three_children,_education:_bachelors_degree_working_as_management",50K+,"Canned Soup from Canned Foods department, Ordered Brand : Better",10.8583,7.9366,non recyclable,,Full Free,Supermarket,"11.94 ,000,000illions",4.5372 Millions,1508,227.8,151.9,660.2352,suzan0,sp,-23.507984999999948,-46.29217849999995,sao bernardo do campo,Sp,-23.71688471949829,-46.54199108267673,5.0
nil,"Married Female with five children, education: partial high school working as skilled manual",50K+,"Vegetables from Produce department, Ordered Brand : Tell Tale",17.2978,15.6988,recyclable,['Florist'],Dollar Days,,5.1 Millions,1.989 Millions,1320.15,523.32,348.85,748.0992,londr1na,	PR,-23.30857924701369,-51.196409511945205,campo limpo p@ulista,Sp_,val: -23.20706431353269,-46.760735214610754,4.0
mc_ID_6336,"Single Female with two children, education: partial high school working as skilled manual",50000,"Dairy from Dairy department, Ordered Brand : Gorilla",12.4718,8.0965,recyclable,['Florist'],,Supermarket,6.48 Millions,2.6568 Millions,1318.23,523.32,348.85,427.7617,sao paulo,5P,-23.520054017485137,-46.72500947974488,barueri,Sp,-23.5105249691296,-46.86104614786531,5.0
mc_ID_6339,"Married Female with two kids, education: high school degree working as skilled manual",50K+,"Canned Soup from Canned Foods department, Ordered Brand : Better",13.0823,11.6287,recyclable,"['Ready Food', 'Bar For Salad', 'Video Store', 'Florist', 'Coffee Bar']",Save Price,,1.56Ms,0.7488 Millions,,481.98,323.09,$284.30,SA0 PAULO,SP,-23.66000771579432,-46.63944241479597,sando andre,SP,-23.66875959201334,-46.53653409354255,5.0
mc_ID_6340,"Married Female with one child, education: bachelors degree working as management",50K+,"Cleaning Supplies from Household department, Ordered Brand : Red Wing",28.1997,26.6008,recyclable,"['Bar For Salad', 'Florist', 'Coffee Bar', 'Video Store', 'Ready Food']",Dimes Off,Deluxe,8.76 Millions,4.2924 Millions,2037.72,481.98,,602.7575,curitiba, PR,-25.48015350874257,-49.29687243020366,	ibitimga,SP,-21.7664768468313,measure: -48.83154737836604,3.0
mc_ID_6341,"Married Male with three kidren, education: HS degree working as skilled manual",Income: 30K+,"Paper Products from Household department, Ordered Brand : Cormorant",val: 8.8815,-0.1,recyclable,,Full Free,,7.35 Millions,3.6015 Millions,1508,227.8,151.9,272.2738,sao paULo,sp,data: -23.528595017485145,-46.68529559700499,IBITIÑGA,sp,val: -21.7664768468313,-48.83154737836604,3.0
mc_ID_6342,"Single Male with one child, education: bachelors degree working as professional",50K+,"Bread from Baked Goods department, Ordered Brand : Modell",22.5307,19.6235,recyclable,"['Bar For Salad', 'Coffee Bar', 'Florist', 'Ready Food']",Weekend Discount,Deluxe,"15.72 ,000,000illions",5.3448 Millions,2055.29,654.13,434.42,382.0515,IBIRITE,MG,-19.97955720578404,-44.06441265483941,sao paulo,SP,-23.59272363197529,-46.6315844403312,5.0
mc_ID_6343,"Single Male with four children, education: bachelors degree working as management",50 Thousand,"Canned Soup from Canned Foods department, Ordered Brand : Just Right",val: 25.1472,23.5482,non recyclable,"['Ready Food', 'Video Store', 'Bar For Salad', 'Florist', 'Coffee Bar']",You Save Days,Gourmet,4.59 Millions,1.7901 Millions,1424.85,465.54,,689.3663,m@cae,RJ_,-22.31094319646468,val: -41.72187679346239,limeira,SP,-22.56835042131686,-47.44743947974489,val: nan
mc_ID_6345,"Single Male with No children, education: partial high school working as manual",30K+,"Snack Foods from Snack Foods department, Ordered Brand : Horatio",15.4081,12.5009,recyclable,"['Florist', 'Bar For Salad', 'Coffee Bar', 'Ready Food']",Promo Big,,11.7 Millions,3.861 Millions,2055.29,654.13,436.09,R$1470.47,jequitiba,MG,-19.23775671269226,-44.02604803868425,francisco beltrao,PR,-26.003670174999968,-53.23275043899997,val: 4.0
mc_ID_6346,"Married Female with No children, education: partial college working as manual",50K+ annually,"Breakfast Foods from Breakfast Foods department, Ordered Brand : Jeffers",31.3976,29.944,recyclable,"['Video Store', 'Florist', 'Coffee Bar', 'Bar For Salad', 'Ready Food']",Sale Sale Sale,,7.72 Millions,3.5512 Millions,,467.54,310.3,304.1768,_sao paulo,sP,-23.59272363197529,-46.6315844403312, Sao Paulo ,sp,-23.532447184574945,-46.61401961463438,1.0
mc_ID_6347,"Single Female with two children, education: bachelors degree working as management",70K+,"Meat from Frozen Foods department, Ordered Brand : PigTail",28.3451,25.4379,recyclable,,Full Free,,"6.63 ,000,000illions",2.9172 Millions,1508,,153.79,660.2352,rio de janeiro,RJ,-22.87547049708581,-43.32412982183035,sao carlos,SP,-22.00055438718329,-47.88585695697964,5.0
mc_ID_6348,"Single Male with one child, education: partial HS working as manual",50K+,"Dairy from Dairy department, Ordered Brand : Carlson",20.9317,-17.8792,non recyclable,"['Bar For Salad', 'Ready Food', 'Video Store', 'Florist', 'Coffee Bar']",Save It (Sale),Gourmet,3.42 Millions,1.4364 Millions,1424.85,465.54,310.3,427.7617,_SEVERINIA,Sp,-20.81327575325975,-48.80426016516554,curitiba,PR,-25.464029318048183,-49.30472794690424,1.0
mc_ID_6349,"Married Male with four children, education: partial high school working as skilled manual",10K+,"Jams and Jellies from Baking Goods department, Ordered Brand : Plato",18.3153,16.8617,recyclable,['Florist'],Big Time Discounts,Supermarket,6.66Ms,2.331 Millions,1317.69,523.32,346.87,765.7243, RoDEIRo ,MG,amount: -21.20123851509563,-42.86550326726909, ibit1nga ,$P,-21.7664768468313,-48.83154737836604,3.0
mc_ID_6350,"Married Male with three children, education: partial high school working as manual",10K+ annually,"Vegetables from Produce department, Ordered Brand : Ebony",11.5706,7.2098,recyclable,"['Coffee Bar', 'Florist', 'Bar For Salad', 'Ready Food', 'Video Store']",Dimes Off,"DELUXE
","6.57 ,000,000illions",3.285 Millions,,595.93,395.95,amount: 474.7271,campinas,SP,-22.91375738773156,-47.045573963500495,curitiba,PR,-25.45005712155927,-49.2606739118818,measure: 5.0
mc_ID_6351,"Married Female with four children, education: partial college working as professional",110K+,"Vegetables from Produce department, Ordered Brand : Ebony",24.5657,20.0596,non recyclable,"['Video Store', 'Coffee Bar', 'Florist', 'Ready Food', 'Bar For Salad']",Promo Big, deluxe ,11.52 Millions,4.1472 Millions,,593.93,395.95,578.2288,agudos,SP,-22.45244284794321,-48.98977139671903,JACAREI,SP,-23.29818595956356,-45.974828011182304,4.0
mc_ID_6352,"Married Male with two children, education: high school degree working as management",150K+ annually,"Cleaning Supplies from Household department, Ordered Brand : High Quality",13.8237,10.9165,non recyclable,['Florist'],Save Price,,8.73 Millions,3.6666 Millions,1320.15,523.32,348.85,670.486,sao paulo,SP,-23.62705347737897,-46.73637582569683,bertioga,Sp,amount: -23.82834010075353,-46.1430173832652,2.0
mc_ID_6353,"Singlee Female with two children, education: high school degree working as professional",130K+,"Pizza from Frozen Foods department, Ordered Brand : Golden",23.8389,20.7864,recyclable,['Coffee Bar'],You Save Days,Small Grocery,1.92 Millions,0.5952 Millions,1423.37,398.93,265.98,data: 498.1575,sao paulo,SP,-23.449902150152923,-46.7894070051359,jac@rei,SP,-23.29818595956356,-45.974828011182304,4.0
mc_ID_6354,"Single  Male  with  two  children,  education:  high  school  degree  working  as  manual",30K+,"Dairy from Dairy department, Ordered Brand : Even Better",amount: 23.1121,20.0596,recyclable,,GLD,_Supermarket,7.9 Millions,3.16 Millions,2049.72,,,697.7866,guapimirim,RJ,val: -22.52914668385545,-42.98210818323281,sao paulo,Sp,-23.53689213711117,-46.71311138051819,5.0
mc_ID_6355,"Single Male with five children, education: high school degree working as professional",70K+,"Meat from Deli department, Ordered Brand : Moms",16.4256,data: 13.5184,non recyclable,"['Bar For Salad', 'Coffee Bar', 'Ready Food', 'Florist', 'Video Store']",Super Savers,DELUXE,3.12 Millions,1.1544 Millions,1525.28,373.1,248.67,755.9442,SalVaDoR,BA,-13.00853196855649,-38.50938418137108,SaoPaulo,SP,-23.57282057729816,-46.52329640383172,measure: 1.0
mc_ID_6356,"Single Male with one child, education: high school degree working as manual",10K+,"Vegetables from Frozen Foods department, Ordered Brand : Golden",21.2225,16.8617,recyclable,"['Ready Food', 'Video Store', 'Florist', 'Coffee Bar', 'Bar For Salad']",I Cant Believe It Sale,Deluxe,€5.0M,1.8944 Millions,1734.5,503.07,334.75,363.3281,caxambu,mg,-21.979959222975943,data: -44.93164330097004,PReiA GrAndE,"Sp
",-24.011288218359883,-46.41873374429398,5.0
mc_ID_6357,"Married Male with four children, education: partial high school working as skilled manual",10K+,"Pain Relievers from Health and Hygiene department, Ordered Brand : Steady",17.1524,14.2452,recyclable,"['Bar For Salad', 'Ready Food', 'Video Store', 'Coffee Bar', 'Florist']",Sale Sale Sale,Deluxe,5.66 Millions,2.0376 Millions,1525.28,373.1,248.79,722.6814, brasilia ,DF,-15.83927603063552,-47.97166282005243,jales,sp,-20.27939929861524,-50.5535315563023,4.0
mc_ID_6358,"Single Female with five children, education: high school degree working as manual",Income: 30K+,"Specialty from Produce department, Ordered Brand : Tri-State",25.4379,22.5307,recyclable,,,,6.16 Millions,1.9712 Millions,2818.76,447.7,298.5,data: 693.498,nova friburgo_,RJ,-22.278743054653297,-42.52864048238232,Cachoeirinha,RS,-29.95355420966261,-51.103414237425575,1.0
mc_ID_6359,"Married Female with four children , education: bachelors degree working as professional",50K+,"Paper Products from Household department, Ordered Brand : Sunset",14.8266,11.9049,non recyclable,"['Bar For Salad', 'Ready Food', 'Florist', 'Video Store', 'Coffee Bar']",Price Winners,Deluxe,4.77 Millions,1.5741 Millions,1869.63,595.93,,436.9665,sao paulo,sp,-23.693985995008337,data: -46.70188324132953,Brejao,Pe,data: -9.024839005157318,-36.57020044972058,5.0
mc_ID_6360,"Single Female with two children, education: partial high school working as manual",10K+,"Fruit from Produce department, Ordered Brand : Tell Tale",30.5255,amount: 27.6183,non recyclable,['Coffee Bar'],,Supermarket,€1.7M,0.6936 Millions,,440.92,293.95,val: 710.234,Taubate,SP,-23.02953434000798,-45.5778979314444,sao peulo,SP,-23.59798552039933,-46.55547278711988,measure: 5.0
mc_ID_6362,"Single Male wiht three children, education: high school degree working as skilled manual",30K+,"Fruit from Produce department, Ordered Brand : High Top",9.7972,-999.0,non recyclable,"['Coffee Bar', 'Bar For Salad', 'Florist', 'Video Store', 'Ready Food']",Super Savers,,5.3 Millions,2.279 Millions,1523.33,373.1,248.79,755.9442,parapua,SP,-21.77408813220568,-50.787156937254935,Sao Jose Do Rio Preto,SP,-20.80243626346376,-49.39562406741489,2.0
mc_ID_6363,"Single Female with four children, education: partial high school working as professional",Income: 130K+,"Breakfast Foods from Frozen Foods department, Ordered Brand : Big Time",31.2522,28.3451,recyclable,['Coffee Bar'],Weekend Discount,supermarket,"4.48 ,000,000illions",1.9264 Millions,1236.07,440.92,293.95,364.1649,nitaroi,RJ,-22.933383999999933,-43.01855731699993,sao jose dos campos,$P,-23.221431461827063,-45.888163895493165,5.0
mc_ID_6365,"Single Male with No children, education: partial high school working as manual",10K+,"Eggs from Eggs department, Ordered Brand : Blue Medal",24.7111,21.8039,non recyclable,"['Bar For Salad', 'Coffee Bar', 'Florist', 'Video Store', 'Ready Food']",Bag Stuffer,dELUxE,8.52 Millions,3.2376 Millions,1734.5,503.07,,662.2226,curitiba,"PR
",-25.47172126366212,-49.28024377269315,s0rocaba,SP,-23.489741556206333,-47.509921178602326,4.0
mc_ID_6367,"Maried Female with two children, education: partial high school working as manual",10K+,"Magazines from Periodicals department, Ordered Brand : Gauss",22.8214,19.77 kg,recyclable,"['Coffee Bar', 'Video Store', 'Florist', 'Bar For Salad', 'Ready Food']",Price Destroyers,Deluxe,"3.32 ,000,000illions",1.3612 Millions,2038.11,483.98,321.26,777.2826,loanda,PR,-22.931426544866625,val: -53.13375928731349,Brasilia,DF_,-15.656754584921352,measure: -47.808582687413306,5.0
mc_ID_6368,"Married Male with one child, education: graduate degree working as professional",110K+,"Snack Foods from Snack Foods department, Ordered Brand : Best Choice",21.8039,17.4431,non recyclable,"['Coffee Bar', 'Florist', 'Bar For Salad', 'Video Store', 'Ready Food']",Money Savers,,11.85 Millions,4.1475 Millions,1869.18,593.93,394.98,343.611,PORTo alEGRE,RS,-30.155818294217656,-51.18248335983039,sANTA BArBARa D´oeSte,SP,-22.760477687572443,measure: -47.41281121951772,3.0
mc_ID_6369,"Married Male with four children, education: bachelors degree working as professional",70K+,"Fruit from Produce department, Ordered Brand : Tri-State",22.0946,19.0421,non recyclable,"['Video Store', 'Florist', 'Bar For Salad', 'Ready Food', 'Coffee Bar']",,Deluxe,€7.5M,2.7435 Millions,1525.28,,248.97,266.73,jundiai,SP,-23.179889672043977,val: -46.928510109318665,arapongas,PR,-23.420739085916825,-51.41460369847018,3.0
mc_ID_6370,"Single Male with two children, education: partial high school working as management",Income: 90K+,"Vegetables from Produce department, Ordered Brand : High Top",-13.155,val: 8.7942,non recyclable,"['Florist', 'Coffee Bar', 'Ready Food', 'Bar For Salad']",Sale : Double Down,,5.52 Millions,2.5944 Millions,2055.29,654.13,436.09,500.7202,sao paulo,SP,-23.53185467277396,-46.443384848462095,osasco,SP,-23.552456794881493,-46.78012559033992,4.0
mc_ID_6371,"Single Male with two children, education: partial high school working as manual",10K+,"Pain Relievers from Health and Hygiene department, Ordered Brand : Faux Products",18.0246,13.6492,non recyclable,"['Florist', 'Ready Food', 'Bar For Salad', 'Video Store', 'Coffee Bar']",Discount Frenzy,Gourmet,7.68Ms,2.9184 Millions,1425.9,465.54,310.3,data: 504.9565,ATIBAIA,SP,amount: -23.118714,-46.537147034380986,m4ua,SP,-23.68011442853022,-46.4524537436668,5.0
mc_ID_6373,"Married Female with four children, education: bachelors degree working as professional",70K+,"Meat from Deli department, Ordered Brand : Red Spade",amount: 26.31,24.8564,non recyclable,,GLD,Supermarket,6.76 Millions,2.4336 Millions,2048.04,457.36,304.91,697.7866,santo andre,SP,-23.668312295314184,-46.50547970468581,campinas,SP,-22.92991227115403,-47.07189552530681,measure: 5.0
mc_ID_6375,"Single Male with three children, education: bachelors degree working as professional",50K+,"Hygiene from Health and Hygiene department, Ordered Brand : Hilltop",25.0018,22.0946,non recyclable,,GLD,Supermarket,5.52 Millions,2.6496 Millions,,227.8,151.9,727.9637,canoas,RS,-29.915258224808355,-51.18616902904408,ltajai,SC,-26.912428672061186,-48.6773810666573,4.0
mc_ID_6376,"Single Male with one child, education: bachelors degree working as professional",50K or more,"Kitchen Products from Household department, Ordered Brand : Red Wing",12.7771,val: 8.4018,non recyclable,"['Ready Food', 'Bar For Salad', 'Florist', 'Video Store', 'Coffee Bar']",Discount Frenzy,gourmet,"5.26 ,000,000illions",2.4196 Millions,1423.71,465.54,310.3,555.2168,s@o paulo,SP,measure: -23.532598026371947,-46.61635944295696,rio de janeiro,RJ,val: -22.842290284753936,-43.29762071175495,4.0
mc_ID_6377,"Married Male with one child , education: partial high school working as skilled manual",30K+,"Seafood from Seafood department, Ordered Brand : Tip Top",20.4957,16.1349,recyclable,,Price Destroyers,Supermarket,€1.3M,0.5214 Millions,2049.72,459.36,304.91,325.6198,sao bernardo do campo,sP,-23.72764065807836,measure: -46.53106495908914,sao paulo,SP,-23.65111484251016,-46.75521082321932,1.0
mc_ID_6379,"Singlee Female with four childern , education: bachelors degree working as professional",50K+,"Pizza from Frozen Foods department, Ordered Brand : Big Time",13.3149,10.3932,recyclable,"['Ready Food', 'Bar For Salad']",Save Price,Supermarket,$3.39 Millions,1.1526 Millions,2448.37,470.27,313.55,data: 406.4756,charqueada$,RS,-29.958258025790258,-51.63574944196452,sao jose do rio preto,5P,-20.80243626346376,-49.39562406741489,4.0
mc_ID_6380,"Married Male with three children, education: partial high school working as manual",10K+,"Jams and Jellies from Baking Goods department, Ordered Brand : Landslide",20.2049,15.6988,recyclable,"['Bar For Salad', 'Coffee Bar', 'Florist', 'Video Store', 'Ready Food']",GLD,Deluxe,4.64Ms,1.4848 Millions,1871.16,593.93,395.95,484.1411,SantA VItOriA,_MG,-18.8498640645774,-50.12086635087845,limeira,sp,-22.599254430886607,-47.37980963550319,3.0
mc_ID_6384,"Single Male with three children, education: bachelors degree working as professional",70K+,"Drinks from Beverages department, Ordered Brand : Token",measure: 29.6533,26.6008,recyclable,"['Ready Food', 'Florist', 'Bar For Salad', 'Coffee Bar']",Save Price,dELUxe,"9.84 ,000,000illions",3.6408 Millions,2055.29,656.13,436.09,584.191,artur nogueira,SP,-22.559120480675748,-47.16516839542564,_sao bernardo do campo,SP,-23.71933860892157,-46.5517479343586,5.0
mc_ID_6385,"Married Female with four children, education: partial High School working as skilled manual",10K+,"Specialty from Produce department, Ordered Brand : Ebony",12.0503,-10.5822,recyclable,['Florist'],,Supermarket,3.8 Millions,1.786 Millions,1320.15,,348.5,$279.13,_NITEROI,RJ,-22.92080861944341,-43.09368761944342,	sentos,$P ,-23.93465945090488,-46.331065142884974,5.0
mc_ID_6386,"Married Male with three kidren, education: partial high school working as manual",10K+,"Meat from Frozen Foods department, Ordered Brand : Golden",22.3853,19.3328,recyclable,"['Florist', 'Bar For Salad', 'Coffee Bar', 'Ready Food', 'Video Store']",Best Savings, Deluxe,10.44 Millions,3.2364 Millions,1871.16,595.93,395.95,278.7067,RIO DE JANEIRO,RJ,-22.96070967499565,-43.213958465173945,5Ao PAUlO - sP,SP,-23.57828270774424,-46.65102362378097,5.0
mc_ID_6387,"Married Female with three children, education: bachelors degree working as professional",50K+,"Snack Foods from Snack Foods department, Ordered Brand : Best Choice",19.4781,17.8792,non recyclable,['Florist'],,,7.77 Millions,3.7296 Millions,1320.15,523.32,348.07,304.1768,rio de janeiro,RJ,-22.908229999999943,-43.62599280599994, curI7iBa,Pr,-25.4439745033258,-49.32947681717858,5.0
mc_ID_6388,"Married Female with No children, education: partial high school working as skilled manual",10K+,"Vegetables from Produce department, Ordered Brand : High Top",31.8337,66.66 lbs,non recyclable,"['Video Store', 'Ready Food', 'Coffee Bar', 'Bar For Salad', 'Florist']",Dimes Off,Deluxe,4.29 Millions,1.3299 Millions,,481.98,320.39,amount: 550.6144,Sao Paulo,SP,-23.63029446211553,amount: -46.62350029239998,	pedreira,SP,-22.73824150585765,-46.8958585777586,amount: 4.0
mc_ID_6390,"Single Male with three kidren, education: high school degree working as manual",10k,"Snack Foods from Snack Foods department, Ordered Brand : Fast",27.7636,51.59 lbs,recyclable,"['Florist', 'Coffee Bar', 'Bar For Salad', 'Ready Food']",Tip Top Savings,Daluxe,4.35 Millions,1.5225 Millions,2055.29,656.13,,amount: 745.6934,rio de janeiro,RJ,val: -22.96616144434192,-43.18753952677599,jundiai,Sp,-23.17589664637174,-46.886594495206815,5.0
mc_ID_6391,"Married Male with two children, education: high school degree working as professional",70K or more,"Pizza from Frozen Foods department, Ordered Brand : Imagine",-24.5657,21.5132,recyclable,"['Video Store', 'Florist', 'Bar For Salad', 'Coffee Bar', 'Ready Food']",Sale Sale Sale,Gourmet,2.28 Millions,1.14 Millions,1424.85,465.54,310.3,304.1768,brasilia,df,-15.654091048625505,-47.86089188525851,sao jose dos campos,	SP,measure: -23.171341746321207,-45.82053206411217,5.0
mc_ID_6392,"Married Male with one child, education: partial high school working as skilled manual",$30K+,"Jams and Jellies from Baking Goods department, Ordered Brand : Super",23.9843,measure: 21.0771,non recyclable,['Coffee Bar'],Sale : Double Down,Supermarket,11.88 Millions,5.346 Millions,1236.07,440.92,293.32,309.5637,paraty,RJ,-23.226942512091888,-44.72617217705374,maringa,PR,-23.41848622413047,-51.92625934548862,1.0
mc_ID_6393,"Single Female with three children, education: high school degree working as skilled manual",30K+,"Plastic Products from Household department, Ordered Brand : Red Wing",15.9895,13.0823,non recyclable,['Coffee Bar'],Best Savings,Supermarket,€6.4M,2.925 Millions,,440.92,,596.2723,SAO PAULO,SP,-23.555476749379626,-46.67548530850014,_Cascavel,PR,-24.961400882504734,-53.45816618100577,5.0
mc_ID_6394,"Married Male with No children, education: bachelors degree working as management",90K+,"Bathroom Products from Household department, Ordered Brand : High Quality",31.543,-27.1822,recyclable,"['Florist', 'Bar For Salad', 'Video Store', 'Coffee Bar', 'Ready Food']",Best Savings,Deluxe,4.17 Millions,1.5429 Millions,1871.16,593.93,397.4,278.7067,sao paulo,SP,-23.53930161993744,measure: -46.39311345476973,Itatiba,SP,-22.99567770323237,amount: -46.857106243157794,4.0
mc_ID_6396,"Married Male with No children, education: high school degree working as skilled manual",30k,"Snack Foods from Snack Foods department, Ordered Brand : Nationeel",11.9776,amount: 9.0559,recyclable,['Coffee Bar'],Weekend Discount,Supermarket,5.88Ms,2.2344 Millions,,440.92,293.95,364.1649,rio de janeiro,RJ,amount: -22.93308423203872,-43.36663107132555,ibitinga,SP,-21.7664768468313,-48.83154737836604,1.0
mc_ID_6397,"Married Male with No children, education: high school degree working as professional",150K+,"Pizza from Frozen Foods department, Ordered Brand : Imagine",23.5482,22.0946,recyclable,['Florist'],,SUPERMARKET,10.8 Millions,5.292 Millions,1320.56,523.32,,435.4498,JUIZ De FoRa,mg,amount: -21.724358773241413,-43.39844678351318,santo andre_,SP,-23.665703457960586,-46.51808196779969,5.0
mc_ID_6399,"Married Male with No children, education: partial high school working as manual, education: partial high school working as manual",10K+,"Snack Foods from Snack Foods department, Ordered Brand : Best Choice",17.7338,-14.6813,non recyclable,,Price Slashers,SUPERMARKET,$7.65 Millions,2.754 Millions,1623.48,341.05,227.33,277.0331,Rio De Janeiro,RJ,-22.97823619758802,-43.2372780819727,saMto AndRe,5P,-23.696333654452097,-46.5268662352127,5.0
mc_ID_6400,"Married Male w/ two childern, education: High School degree working as manual",30 Thousand,"Vegetables from Produce department, Ordered Brand : Tell Tale",10.8002,7.8785,recyclable,['Coffee Bar'],,Supermarket,10.56 Millions,4.6464 Millions,1234.85,440.92,293.95,349.2594,caldas novas,GO,val: -17.73809306838113,-48.61592058436871,s jose do rio preto,sp,-20.81734497064537,-49.38133679126948,1.0
mc_ID_6401,"Single Male with five children, education: high school degree working as manual",30K+,"Meat from Meat department, Ordered Brand : Footnote",-18.8967,data: 15.9895,non recyclable,['Coffee Bar'],Weekend Discount,,"4.47 ,000,000illions",1.8774 Millions,1236.89,442.92,293.95,364.1649,SAO PAULO,Sp,-23.56536319233657,-46.68764024978366,piracicaba,"SP
",-22.71683928585045,-47.65736585405934,4.0
mc_ID_6404,"Single Male with No children, education: partial high school working as manual",10K+,"Electrical from Household department, Ordered Brand : High Quality",13.969,12.5009,recyclable,"['Video Store', 'Florist', 'Bar For Salad', 'Ready Food', 'Coffee Bar']",GLD,deluxe,2.0 Millions,1.0 Millions,,593.93,395.95,484.1411,florianopolis,SC,-27.595379158751264,-48.55382695683541,BELO HORIZONTE,MG,-19.921126734952896,-43.94119674937962,5.0
mc_ID_6407,"Married Female with two children , education: graduate degree working as professional",70K+,"Vegetables from Canned Foods department, Ordered Brand : Just Right",12.5881,9.6664,recyclable,"['Florist', 'Coffee Bar', 'Ready Food', 'Bar For Salad', 'Video Store']",,Gourmet,€5.9M,3.132 Millions,1422.4,465.54,310.72,351.7175,Osasco,Sp,-23.532421040994027,-46.79702878957672,_sao jose do rio preto,SP,-20.82418210752639,-49.350834727060686,5.0
mc_ID_6408,"Married Male with No children, education: partial college working as professional",110K+,"Meat from Meat department, Ordered Brand : Genteel",16425.60 grams,12.0648,recyclable,['Florist'],Save It (Sale),Supermarket,5.7 Millions,2.166 Millions,1320.15,523.32,348.85,amount: 427.7617,brasilla,DF,-15.829734368351671,-48.05695764303574,ibitinga,SP,amount: -21.7664768468313,-48.83154737836604,5.0
mc_ID_6409,"Single Male with four children, education: high school degree working as skilled manual",30K+,"Snack Foods from Snack Foods department, Ordered Brand : Fast",12.2393,9.3321,recyclable,,,Supermarket,€6.4M,3.2164 Millions,1508,229.8,,733.1937,uberlandia,mg,val: -18.939794605603343,amount: -48.28780246390452,joinville, SÇ ,-26.287890550358416,-48.778370341304736,3.0
mc_ID_6410,"Married Male w/ No children, education: partial college working as professional",Income: 110K+,"Hardware from Checkout department, Ordered Brand : James Bay",26.6008,23.5482,non recyclable,"['Video Store', 'Florist', 'Ready Food', 'Bar For Salad', 'Coffee Bar']",Fantastic Discounts,Gourmet,7.56 Millions,3.6288 Millions,1424.85,465.54,,718.9158,piedade,_5P,-23.705362945797205,data: -47.42779076388936,guarulhos,SP,-23.422313378296494,-46.520062240348594,5.0
mc_ID_6411,"Marriied Male with one child, education: High School degree working as skilled manual",50K+,"Canned Soup from Canned Foods department, Ordered Brand : Just Right",29.7987,26.8915,recyclable,"['Ready Food', 'Florist', 'Coffee Bar', 'Bar For Salad']",Price Winners,G0urmet,4.8Ms,2.304 Millions,1564.86,385.45,256.97,769.7514,rio de j4neiro,rj,-22.89965246006001,-43.30488145315579, ri0 de janeiro,RJ,-22.93125598447676,-43.17881321481337,5.0
mc_ID_6413,"Single Male with three children,education: partial high school working as professional",70K+,"Vegetables from Produce department, Ordered Brand : Tell Tale",18.8967,data: 14.5359,recyclable,"['Florist', 'Coffee Bar']",,Mid-Size,5.82 Millions,2.5026 Millions,2551.4,389.54,260.79,458.9848,brasilia,DF,-15.832334737539538,-48.03880152367143,sañto andre,SP,-23.665703457960586,-46.51808196779969,5.0
mc_ID_6414,"Married Male wiht two children, education: partial college working as skilled manual",$50K+,"Breakfast Foods from Frozen Foods department, Ordered Brand : Big Time",-28.7811,27.1822,non recyclable,"['Bar For Salad', 'Florist', 'Video Store', 'Ready Food', 'Coffee Bar']",Shelf Emptiers, Gourmet ,5.04 Millions,2.52 Millions,1423.24,465.54,,564.2647,Ribeira Do Pombal,BA,-10.837991812611495,-38.53857912911819,sao paulo,$P,-23.537511255832708,-46.63705730743676,5.0
mc_ID_6416,"Married Female with four children, education: partial high school working as skilled manual",10K+ annually,"Vegetables from Frozen Foods department, Ordered Brand : Carrington",measure: 23.4028,20.4957,recyclable,['Coffee Bar'],,supermarket,6.66 Millions,2.2644 Millions,1236.07,440.92,293.95,amount: 754.0614,valinh0s,SP,-22.96262568971205,-46.97869548506475,BoRdA dA mAtA,	MG,-22.264093569966427,-46.15856420525942,amount: 5.0
mc_ID_6417,"Single Male with one child, education: high school degree working as skilled manual",30K+,"Breakfast Foods from Frozen Foods department, Ordered Brand : Big Time",28.4904,25.5832,non recyclable,"['Bar For Salad', 'Ready Food']",,Supermarket,11.07 Millions,3.7638 Millions,2446.22,470.27,312.54,406.4756,Rio Do Sul,"sc
",-27.20163932194593,-49.65371045031453,sao paulo,$P,-23.59798552039933,-46.55547278711988,5.0
mc_ID_6418,"Single Female with two children, education: high school degree working as skilled manual",30K+,"Candy from Snacks department, Ordered Brand : Musial",23.2575,20.3503,non recyclable,"['Coffee Bar', 'Video Store', 'Bar For Salad', 'Ready Food', 'Florist']",Lottery Cash Registerion,de1uxe,"10.29 ,000,000illions",4.2189 Millions,1733.46,503.07,333.68,313.0678,joao pessoa,PB,-7.15209141661366,-34.83820211212422,curitiba,PR,-25.464029318048183,-49.30472794690424,1.0
mc_ID_6419,"education: bachelors degree working as management, Single Male with three children",50K+,"Canned Clams from Canned Foods department, Ordered Brand : Blue Label",24.275,21.3678,recyclable,"['Bar For Salad', 'Ready Food']",Price Slashers,Supermark3t,5.07 Millions,1.8759 Millions,2448.37,470.27,312.66,402.7623,juiz de fora,MG,-21.76800511546951,-43.38112729090638,sarandi,pr,-23.431481257369107,-51.85490851643521,measure: 5.0
mc_ID_6421,"Married Male with two children, education: graduate degree working as management",110K+,"Canned Soup from Canned Foods department, Ordered Brand : Blue Label",24.8564,23.4028,non recyclable,"['Bar For Salad', 'Ready Food']",Super Savers,Supermarket,"5.34 ,000,000illions",1.869 Millions,2451.34,470.27,311.58,754.7413,	maceio,4L,-9.649288288649071,-35.724452726470126,belo horizonte,MG,-19.91624655709342,-43.93623364096637,1.0
mc_ID_6422,"Married Male with three children, education: bachelors degree working as professional",50K+,"Vegetables from Canned Foods department, Ordered Brand : Just Right",val: 12.5881,data: 9.6664,recyclable,"['Coffee Bar', 'Ready Food', 'Bar For Salad', 'Florist', 'Video Store']",,Deluxe,6.96 Millions,2.088 Millions,1734.5,503.07,335.38,363.3281,"tangara da serra
",MT,-14.626259297036649,-57.49943277213334, sao paulo ,SP,-23.500094175688144,measure: -46.39903692936692,5.0
-999,"Single Male with one kid, education: partial high school working as manual",€8K+,"Vegetables from Produce department, Ordered Brand : High Top",12.8643,8.5035,recyclable,,Sale : Double Down,Superm@rket,2.52 Millions,0.882 Millions,2048.85,457.36,304.91,327.7641, campinas ,SP,-22.898536428530225,-47.063125168330544,sao jose dos campos,SP,-23.221431461827063,-45.888163895493165,measure: 4.0
mc_ID_6425,"Single Male with one child, education: graduate degree working as professional",70K+,"Dairy from Dairy department, Ordered Brand : Booker",data: 9.8118,6.9046,recyclable,"['Ready Food', 'Florist', 'Coffee Bar', 'Bar For Salad']",Price Winners,Gourmet,€4.4M,2.1672 Millions,1564.86,385.45,--,769.7514,joaopessoa,PB,-7.173587346932892,-34.85758930099831, PALHOCA,sc,measure: -27.64301988374891,-48.6725565749633,1.0
mc_ID_6430,"Married Male with one child, education: partial high school working as management",Income: 130K+,"Bathroom Products from Health and Hygiene department, Ordered Brand : Bird Call",27472.90 grams,24.4204,recyclable,,Savings Galore,Mid-sizE,2.86 Millions,1.2584 Millions,2819.7,447.7,298.5,708.8742,	niteroi,RJ,-22.901359568959617,-43.1241522171793,bauru,5P,-22.33464564974889,-49.05350529935354,1.0
mc_ID_6431,"Single Male with four children, education: partial high school working as manual",10k,"Paper Products from Household department, Ordered Brand : Sunset",14.8266,-1.0,non recyclable,['Coffee Bar'],Shelf Clearing Days,,€4.1M,2.0988 Millions,1236.07,440.92,,521.7971,rio de jañeiro,RJ,-23.026044731317555,data: -43.46104142146108,campinas,Sp,-22.88255076242137,amount: -47.04691965736627,2.0
mc_ID_6436,"Married Male with one child, education: bachelors degree working as professional",50K+ annually,"Vegetables from Produce department, Ordered Brand : Ebony",27.1822,24.275,non recyclable,"['Video Store', 'Ready Food', 'Coffee Bar', 'Florist', 'Bar For Salad']",Roller Savings (High) , GOURMET ,5.19 Millions,1.9203 Millions,,465.54,310.3,532.6232,_leme,SP,-22.181778079147104,data: -47.39587118786719,,5P,-23.65111484251016,-46.75521082321932,amount: 5.0
mc_ID_6438,"Single Male with one child, education: high school degree working as professional",130K+,"Fruit from Produce department, Ordered Brand : Tell Tale",30.3801,27.3275,recyclable,['Coffee Bar'],Super Duper Savers,supermarket,7.6 Millions,2.812 Millions,1236.07,440.92,292.67,418.4,resende,RJ,-22.46868075491955,-44.46342640674589,itaquaquecetuba,SP,-23.48262344063541,-46.37448952833195,val: 5.0
mc_ID_6439,"MARRIED FEMALE WITH THREE KIDS, EDUCATION: HIGH SCHOOL DEGREE WORKING AS SKILLED MANUAL",30K+,"Electrical from Household department, Ordered Brand : Cormorant",26.1647,23.2575,non recyclable,['Coffee Bar'],Three for One,sMALL grOCERY,1.89 Millions,0.8316 Millions,1423.37,398.93,265.98,713.5289,poa,SP,-23.529434782964927,-46.3469885985342,SaO paulo,SP,-23.65111484251016,-46.75521082321932,5.0
mc_ID_6440,"Single Male with one child, education: partial college working as clerical",30K+,"Vegetables from Produce department, Ordered Brand : Hermanos",14.1725,11.2653,recyclable,"['Ready Food', 'Bar For Salad', 'Video Store', 'Coffee Bar', 'Florist']",Two Day Sale,Deluxe,8.46 Millions,3.6378 Millions,2038.11,481.98,321.38,495.7517,sao 	paulo,SP,-23.48381025284207,val: -46.69528157314321,"mOgI GuAcU
",SP,val: -22.382941116125448,-46.94664125419024,amount: 5.0
mc_ID_6441,"Single Female with five children, education: high school degree working as manual",30K+,"Meat from Meat department, Ordered Brand : Genteel",16.1349,13.2277,recyclable,"['Ready Food', 'Florist', 'Bar For Salad', 'Coffee Bar', 'Video Store']",Go For It,DELUXE,4.6 Millions,1.794 Millions,2038.11,481.98,321.26,455.3761,rio de janeiro,RJ,-22.97393967554392,-43.190175781579946,teresopolis,RJ,-22.41614982008496,-42.97702251227752,4.0
mc_ID_6442,"Single Female with one kid, education: HS degree working as professional",110K+,"Jams and Jellies from Baking Goods department, Ordered Brand : CDR",amount: 30.5255,27.6183,recyclable,"['Coffee Bar', 'Video Store', 'Florist', 'Ready Food', 'Bar For Salad']",, Deluxe ,7.62Ms,3.81 Millions,1734.5,503.07,335.28,440.1568,salvador,b4,-12.956718377638367,-38.45490386219466,,,,,2.0
mc_ID_6444,mARRIIED mALE W/ ONE CHILD; EDUCATION: PARTIAL HIGH SCHOOL WORKING AS SKILLED MANUAL,30K or more,"Fruit from Produce department, Ordered Brand : High Top",24.7111,20.3503,non recyclable,,Wallet Savers,,6.16 Millions,2.9568 Millions,2047.03,457.36,304.91,418.1385,guarulhos,sP ,-23.40949927477061,-46.39656594240867,ITAQUAQUECETUBA,$P,-23.48262344063541,-46.37448952833195,5.0
mc_ID_6445,"Single Female with four children, education: partial high school working as manual",10K+,"Frozen Entrees from Frozen Foods department, Ordered Brand : Golden",-13.7074,9.3466,non recyclable,"['Bar For Salad', 'Coffee Bar', 'Florist', 'Ready Food', 'Video Store']",Money Savers,DelUXE,7.32 Millions,3.0744 Millions,1871.16,593.93,395.95,343.611,rio de jane1ro,RJ,-22.972956517889177,-43.39706327699233,sao paulo,SP,-23.65111484251016,-46.75521082321932,3.0
mc_ID_6449,"Single Female with two children, education: partial college working as professional",50K+,"Starchy Foods from Starchy Foods department, Ordered Brand : Colossal",-21.3678,data: 19.7689,recyclable,['Coffee Bar'],Sale Sale Sale,Supermarket,€6.4M,2.6928 Millions,1236.36,440.92,293.92,473.7334,iNDaiAtUBa,SP,amount: -23.068418877604,-47.23637230197927,sao paulo,Sp,-23.547159576461446,-46.64989460560333,5.0
mc_ID_6451,"Single Female with four children, education: high school degree working as skilled manual",30K+,"Vegetables from Canned Foods department, Ordered Brand : Bravo",9.8844,8.4308,recyclable,,Two Day Sale,Supermarket,9.45 Millions,3.1185 Millions,1625.48,341.05,225.43,383.2021,p@tos,PB,-7.01885408301656,-37.28096338237764,s4nto andre,SP,-23.665703457960586,data: -46.51808196779969,3.0
mc_ID_6452,"education: partial high school working as management, Married Female with five children",90K+,"Jams and Jellies from Baking Goods department, Ordered Brand : Plato",21.0771,measure: 19.6235,recyclable,"['Florist', 'Coffee Bar', 'Ready Food', 'Video Store', 'Bar For Salad']",Price Winners,Deluxa,7.7 Millions,3.157 Millions,2038.11,481.98,321.26,478.9634,nova iguaku,RJ,-22.73818485746657,-43.51115408479917,cascavel,PR,-24.961400882504734,-53.45816618100577,3.0
mc_ID_6454,"Single Male with three children, education: bachelors degree working as professional",50000,"Electrical from Household department, Ordered Brand : Denny",17.8792,-14.972,recyclable,"['Ready Food', 'Bar For Salad']",Super Duper Savers,Supermarket,5.4 Millions,1.728 Millions,2265.9,853.22,568.94,677.285, iacu,BA,-12.768737085366936,val: -40.21564152337491,saopaulo, sp ,measure: -23.479316999999995,measure: -46.5904340471753,4.0
mc_ID_6455,"Single Male with four children, education: partial high school working as skilled manual",10K+,"Paper Products from Household department, Ordered Brand : Denny",30.6708,-27.7636,non recyclable,"['Coffee Bar', 'Bar For Salad', 'Florist', 'Video Store', 'Ready Food']",Two Day Sale,gourmet,3.58 Millions,1.5752 Millions,1424.85,465.54,310.3,663.5824,araxa,MG,-19.5910731707997,-46.945463447657474,VOTORANTIM,SP,-23.540699932021333,-47.45842622799934,1.0
mc_ID_6456,"Married Female with four kidren, education: bachelors degree working as professional",50000,"Frozen Desserts from Frozen Foods department, Ordered Brand : Golden",-14.2597,12.8062,recyclable,"['Florist', 'Ready Food', 'Coffee Bar', 'Bar For Salad', 'Video Store']",Super Savers,Deluxe,2.85 Millions,1.3395 Millions,1525.28,373.1,248.79,755.9442,macei0,al,-9.560246286042164,-35.74411720707219,Sao PaUlo,SP,-23.54029947071385,-46.66278360519932,5.0
mc_ID_6457,"EdUcAtIoN: bAcHeLoRs dEgReE WoRkInG As pRoFeSsIoNaL, mArRiEd fEmAlE WiTh tHrEe cHiLdReN",30K+,"Pizza from Frozen Foods department, Ordered Brand : Big Time",22.5307,18.1699,recyclable,['Coffee Bar'],Savings Galore,Supermarket,2.4 Millions,0.936 Millions,1236.07,440.92,293.95,724.5119,JoiNVilLE,SC,-26.29225819900166,-48.91274413780365,s@o paulo,Sp,-23.59272363197529,-46.6315844403312,val: 4.0
mc_ID_6458,"Married Male with three children, education: high school degree working as management",130K+,"Vegetables from Produce department, Ordered Brand : High Top",29.0719,-26.1647,recyclable,,Price Destroyers,Mid-Size,10.2 Millions,3.57 Millions,2819.7,447.7,298.5,777.2826,sao paulo,5P,-23.45556503635526,-46.697606507357584,RIbeIRaO PretO,$P,amount: -21.116471333054424,-47.79073400291418,5.0
mc_ID_6460,,30 Thousand,"Breakfast Foods from Frozen Foods department, Ordered Brand : Golden",12.8352,9.9135,recyclable,['Coffee Bar'],Weekend Discount,,"4.72 ,000,000illions",1.7936 Millions,1233.78,440.92,293.95,val: 364.1649,sao paulo,SP,-23.626269,-46.586534475523,IbItINGa,SP,-21.7664768468313,-48.83154737836604,4.0
mc_ID_6461,"Singlee Female with two children, education: bachelors degree working as professional",30K+,"Dairy from Dairy department, Ordered Brand : Club",-27.3275,22.8214,non recyclable,"['Ready Food', 'Bar For Salad']",Two for One,Supermarket,4.2 Millions,2.016 Millions,2265.9,853.22,567.62,555.426,sao paulo,$P,-23.746252526227707,-46.677001782820696,Ponte Nova,mg,val: -20.415339248383304,-42.89153741877715,5.0
mc_ID_6462,"Single Female with two kids, education: graduate degree working as professional",70K+,"Packaged Vegetables from Produce department, Ordered Brand : Hermanos",10.117,-5.7562,recyclable,"['Ready Food', 'Bar For Salad']",Price Slashers,sUPeRmARkEt,6.51 Millions,3.1899 Millions,,470.27,311.78,402.7623,SAO PAULO,5P,-23.50476277629982,-46.4783326666571,jaragua,GO,-15.746782747145032,-49.33373045721407,4.0
mc_ID_6463,"Single Female with four children, education: partial high school working as manual",€8K+,"Vegetables from Produce department, Ordered Brand : Tell Tale",13.2132,-8.8524,non recyclable,"['Bar For Salad', 'Video Store', 'Florist', 'Coffee Bar', 'Ready Food']",Price Cutters,Gourmet,7.8 Millions,2.574 Millions,1422.51,465.54,310.3,675.716,Mirandopolis,5P,-21.131534491601712,amount: -51.10568265114781,sao paulo,SP,-23.53877907744238,-46.53648566833056,4.0
mc_ID_6464,"Single Female with four children, education: high school degree working as manual",30000,"Beer and Wine from Alcoholic Beverages department, Ordered Brand : Portsmouth",23.5482,19.1874,recyclable,"['Ready Food', 'Bar For Salad']",Budget Bargains,"Supermarke7
",8.64 Millions,2.8512 Millions,2263.39,855.22,568.75,346.1214,sorocaba ,SP,-23.42932935268456,-47.50644636159242, carapicuiba ,SP,-23.5259011954249,data: -46.84502074190641,5.0
mc_ID_6465,"Single Female with two children, education: bachelors degree working as management",70K+,"Meat from Deli department, Ordered Brand : Lake",30.8162,27.909,non recyclable,"['Florist', 'Coffee Bar']",Super Duper Savers,_Mid-Size,10.64 Millions,5.1072 Millions,2554.16,389.54,259.66,458.9848,porto alegre_,RS,-30.04210197584976,data: -51.18305187425711,ipaussu,SP_,-23.05035208242116,-49.62755542394423,4.0
mc_ID_6466,"Single Male with three children, education: partial high school working as skilled manual, Single Male with three children",10K+,"Dairy from Dairy department, Ordered Brand : Even Better",27.0368,24.1296,non recyclable,"['Coffee Bar', 'Florist']",Save It (Sale),	Mid-Size,7.77 Millions,2.9526 Millions,2551.84,389.54,259.66,394.5512,caraz1nho,RS,-28.28944621405989,-52.79412331824494,Guarulhos,SP,-23.44007914793122,-46.51144923980033,5.0
mc_ID_6467,"Single Female with one child, education: partial high school working as manual",30K+,"Snack Foods from Snack Foods department, Ordered Brand : Fast",-11.5125,measure: 10.0589,recyclable,,Savings Galore,mid-size,8.52 Millions,3.834 Millions,2821.83,,298.5,val: 708.8742,brasllia,"DF
",-15.865248326657143,-48.02412895649243,ribeirao preto,SP,-21.17121748495008,-47.81941847157649,1.0
mc_ID_6469,"SINGLE FEMALE WITH TWO KIDS, EDUCATION: PARTIAL HS WORKING AS MANUAL",10K+,"Paper Products from Household department, Ordered Brand : Sunset",19.7689,16.8617,recyclable,['Coffee Bar'],Double Your Savings,Small Grokery,2.63 Millions,1.2361 Millions,2069.04,330.83,220.89,638.8968,campos dos goytacazes,RJ,-21.753758653386228,-41.33389901937112,jussara,Pr,measure: -23.62208737103585,-52.46578937273949,1.0
mc_ID_6470,"Single Male with one child, education: high school degree working as manual",30K+,"Specialty from Produce department, Ordered Brand : Tell Tale",22.676,19.7689,recyclable,['Florist'],Budget Bargains,Supermarket,$4.89 Millions,2.445 Millions,1320.15,523.32,349.3,738.7898,araucaria,PR,-25.58682955148217,-49.40008181635671,guarulhos,$P,-23.50542926894224,-46.54869177407812,5.0
mc_ID_6471,Married Male with four children; education: HS degree working as manual,30K+,"Snack Foods from Snack Foods department, Ordered Brand : Nationeel",24.7111,21.8039,recyclable,,Budget Bargains,mid-size,"6.36 ,000,000illions",2.226 Millions,2819.7,447.7,296.83,654.273,CUBATAO,SP,-23.933242549381045,-46.42877835797035,sao paulo,_SP,-23.65281620260835,-46.59941026824976,5.0
mc_ID_6473,"Single Female with four children, education: high school degree working as manual",$30K+,"Snack Foods from Snack Foods department, Ordered Brand : Nationeel",11.9776,9.0559,recyclable,"['Florist', 'Bar For Salad', 'Video Store', 'Ready Food', 'Coffee Bar']",Big Time Discounts,DeIuxe,"11.76 ,000,000illions",4.4688 Millions,1733.14,503.07,335.38,583.1973, sao bERNArDo Do cAMpO ,SP,-23.699353075768943,-46.5600310818858,sao goncalo,RJ,-22.82732701725956,measure: -43.05044041062229,5.0
mc_ID_6476,"Single Male with four children, education: partial college working as clerical",30K+,"Magazines from Periodicals department, Ordered Brand : Robust",13.8963,12.4428,non recyclable,['Florist'],Budget Bargains,Supermarket,9.6 Millions,4.704 Millions,1318.14,,348.85,measure: 738.7898,brasilia,DF,-16.04234342679728,-48.02981492679729,PRAIA GRANDE, SP,amount: -24.011288218359883,-46.41873374429398,amount: 5.0
mc_ID_6478,"Single Female with No children, education: high school degree working as professional",Income: 110K+,"Fruit from Produce department, Ordered Brand : Ebony",26.7461,25.1472,non recyclable,['Coffee Bar'],,,€6.3M,2.7528 Millions,1233.4,440.92,294.76,€296.87,Queimadas,PB,-7.353397003889961,-35.90103084152794,sao paulo,SP,-23.59519232500434,-46.53381915834724,3.0
mc_ID_6479,"Single Female with No children, education: high school degree working as management",90K+,"Electrical from Household department, Ordered Brand : Sunset",-21.0771,18.1699,recyclable,,Price Winners,Supermarket,7.2 Millions,2.808 Millions,1623.48,,227.33,data: 543.397,sao caetano do sul,SP,-23.60954690025056,-46.568247078142726,sao paulo,SP,-23.52697217736158,-46.610979191240034,5.0
mc_ID_6481,"Single Male with one child, education: batchelors degree working as professional",€110K+,"Electrical from Household department, Ordered Brand : Sunset",-21.9493,17.5885,non recyclable,,Wallet Savers,Supermark3t,€6.8M,2.7825 Millions,,457.36,304.37,£305.24,Torres,R$,-29.333594390939208,-49.73818879957859,OURO PRETU,MG,-20.38523748903572,-43.50551302553521,amount: 5.0
mc_ID_6483,"Single Male with two children, education: bachelors degree working as professional",90K+,"Vegetables from Produce department, Ordered Brand : Tri-State",26.0193,data: 21.5132,recyclable,"['Florist', 'Ready Food', 'Video Store', 'Bar For Salad', 'Coffee Bar']",Money Savers,dEluXE,1.56 Millions,0.5928 Millions,,593.93,395.95,343.611,5ao paulo,SP,measure: -23.67556158090484,-46.65364099417161,curitiba,PR,-25.539430693865768,-49.2886326382077,5.0
mc_ID_6484,"Single Female with five children, education: high school degree working as skilled manual, Single Female with five children",30K+,"Eggs from Eggs department, Ordered Brand : Blue Medal",24.7111,21.8039,non recyclable,"['Video Store', 'Florist', 'Ready Food', 'Coffee Bar', 'Bar For Salad']",Super Duper Savers,De1uxe,$4.26 Millions,1.4484 Millions,1526.45,373.1,249.78,318.3501,sao paulo,	sp,-23.686150211592487,-46.69345841828658,atibaia,SP,-23.14492333670709,-46.539830386938746,val: 3.0
mc_ID_6485,"Married Female with four children, education: partial high school working as skilled manual",$10K+,"Frozen Desserts from Frozen Foods department, Ordered Brand : Imagine",12.3119,-9.4047,non recyclable,,Weekend Discount,_Supermarket,9.63 Millions,4.3335 Millions,1508,227.8,151.9,735.1811,campinorte,GO,amount: -14.317709932095248,-49.15370256644173,ribeirao preto,SP,-21.17121748495008,amount: -47.81941847157649,5.0
mc_ID_6486,"Single Male with two children, education: graduate degree working as professional",90K+,"Meat from Deli department, Ordered Brand : American",measure: 10.4513,val: 8.9977,recyclable,['Coffee Bar'],Super Duper Savers,Supermarket,7.95 Millions,2.9415 Millions,1236.07,442.92,,£305.43,vicosa,MG,-20.721937677884224,-42.86601159708953,sao paulo,,-23.58343069747245,-46.50203424424373,5.0
mc_ID_6488,"Single Female with two children, education: partial high school working as skilled manual",10K+,"Meat from Deli department, Ordered Brand : Cutting Edge",16.28 kg,13.3585,non recyclable,"['Bar For Salad', 'Florist', 'Coffee Bar', 'Video Store', 'Ready Food']",Money Savers,Deluxe,5.9 Millions,2.537 Millions,,373.1,249.65,560.656,SAO PAULO,SP,-23.54839279655493,-46.659018341392965,formiga,MG,-20.474084262411907,-45.424321458052006,Rating: 5.0
mc_ID_6489,"SiNgLe mAlE WiTh tWo cHiLdReN, eDuCaTiOn: PaRtIaL HiGh sChOoL WoRkInG As sKiLlEd mAnUaL",30K+,"Fruit from Canned Products department, Ordered Brand : Green Ribbon",val: 20.3503,15.9895,recyclable,"['Bar For Salad', 'Ready Food']",Money Savers,supermarket,"2.62 ,000,000illions",1.179 Millions,2265.9,853.22,567,432.0503,curi7iba,PR,data: -25.432110597005,-49.25976793963871,ARARAQUARA,_SP,-21.760806096824155,-48.17228519205648,5.0
mc_ID_6492,"Single Female with four children, education: bachelors degree working as professional",50K or more,"Bathroom Products from Health and Hygiene department, Ordered Brand : Steady",16.4256,13.5184,non recyclable,"['Bar For Salad', 'Ready Food', 'Florist', 'Coffee Bar']",Full Free,DELUXA,4.7Ms,2.021 Millions,2055.29,654.13,436.09,€484.83,JACAREI,SP,-23.29818595956356,-45.974828011182304,limeira,SP,-22.541719708891844,-47.427681190013296,5.0/5.0
mc_ID_6495,"Single Female with one child, education: bachelors degree working as professional",30k,"Snack Foods from Snack Foods department, Ordered Brand : Fort West",23.5482,20.641,non recyclable,"['Ready Food', 'Bar For Salad', 'Video Store', 'Florist', 'Coffee Bar']",Lottery Cash Registerion,Deluxe,$7.12 Millions,2.4208 Millions,1734.5,503.07,335.38,313.0678,caMpo GraNDE,M5,-20.48227935607949,-54.59397058465576,santo andre,SP,val: -23.70007597807146,-46.512702481822366,4.0
mc_ID_6497,"Married Male wiht one child, education: partial high school working as skilled manual",$10K+,"Dairy from Dairy department, Ordered Brand : Carlson",17297.80 grams,15.6988,recyclable,['Coffee Bar'],,Supermarket,8.28 Millions,2.898 Millions,1233.85,440.92,,687.5358,RIO DE JANELRO,RJ,data: -22.92173310574757,-43.25868934445138,Sao 	Joao 	Del 	Rei,MG,-21.12573618818162,data: -44.255521629061086,5.0
mc_ID_6498,"Married Female with one child, education: high school degree working as skilled manual",30K+,"Candy from Snacks department, Ordered Brand : Thresher",10.4659,7.5441,non recyclable,"['Florist', 'Bar For Salad', 'Ready Food', 'Coffee Bar', 'Video Store']",,deluxe,€4.6M,2.6607 Millions,1525.28,373.1,248.79,403.9652,con7agem_,MG,-19.931008601177325,-44.08770705040729,BORDA DA MATA,MG,-22.264093569966427,-46.15856420525942,5.0
mc_ID_6499,"Married Male with three children, education: partial college working as professional",$30K+,"Vegetables from Produce department, Ordered Brand : Hermanos",14.5214,11.5997,non recyclable,,Budget Bargains,Mid-Size,€3.8M,1.53 Millions,2085.67,783.64,522.49,546.0643,sao paulo,_SP,-23.543369802772908,-46.73227360417187,ibitinga,Sp,-21.7664768468313,data: -48.83154737836604,5.0
mc_ID_6500,"Married Female with three children, education: bachelors degree working as management",70K+,"Breakfast Foods from Breakfast Foods department, Ordered Brand : Johnson",26.6008,23.5482,recyclable,"['Bar For Salad', 'Coffee Bar', 'Video Store', 'Ready Food', 'Florist']",Lottery Cash Registerion,Daluxe,2.4 Millions,0.816 Millions,1734.5,503.07,334.28,313.0678,caieiras,SP,-23.34919431729901,val: -46.758603833385294, sAO PAULu,Sp,-23.539824031911863,-46.434679443937874,amount: 1.0
mc_ID_6501,Married Female with No children; education: partial high school working as management,110K+,"Drinks from Beverages department, Ordered Brand : Washington",10.7857,6.4249,non recyclable,"['Coffee Bar', 'Florist', 'Ready Food', 'Video Store', 'Bar For Salad']",One Day Sale,Deluxe,2.22 Millions,1.0434 Millions,1735.21,505.07,333.56,689.0525,belem,Pa,-1.4649796654765277,-48.48763846258198,sao paul0,Sp,-23.512398244791992,-46.4077896135092,5.0
mc_ID_6502,"Married Male with five children, education: high school degree working as manual",30K+,"Starchy Foods from Starchy Foods department, Ordered Brand : Monarch",18.8967,-14.5359,non recyclable,"['Bar For Salad', 'Florist', 'Coffee Bar', 'Ready Food']",Dollar Days,Deluxe,€8.8M,5.2 Millions,2055.29,654.13,436.09,725.9763,porto alegre, RS,-30.02933889702238,-51.21207766403137,vicente de carvalho,SP,-23.939318620030072,amount: -46.30539278864907,4.0
mc_ID_6503,"Single Female with one kid, education: partial high school working as manual",10k,"Vegetables from Canned Foods department, Ordered Brand : Better",23.1121,20.0596,non recyclable,"['Ready Food', 'Bar For Salad', 'Florist', 'Coffee Bar']",Tip Top Savings,Deluxe,11.32 Millions,4.1884 Millions,2055.29,654.13,436.09,745.6934,recife,Pe,data: -8.06118170107913,-34.881103586877444,sao peulo,SP,val: -23.53877907744238,-46.53648566833056,5.0
mc_ID_6505,"Married Female with No children, education: high school degree working as skilled manual",30K+,"Canned Soup from Canned Foods department, Ordered Brand : Better",24.5657,21.5132,recyclable,"['Florist', 'Bar For Salad', 'Ready Food', 'Coffee Bar']",Price Winners,Gourmet,1.71 Millions,0.855 Millions,1562.95,387.45,258.04,769.7514,GUARULHOS,sp,-23.40396,-46.48452053274858,sao paulo,SP_,-23.553644898695826,-46.63261889578163,amount: 5.0
mc_ID_6509,"Single Female with two children, education: partial college working as professional",50K+,"Vegetables from Produce department, Ordered Brand : Hermanos",data: 14.5214,-11.5997,non recyclable,['Coffee Bar'],Sale Sale Sale,,$6.0 Millions,2.52 Millions,1236.07,440.92,293.95,473.7334,GOIANI@,GO,amount: -16.71582450862408,-49.26037794008604,sAlTO,SP,-23.19024365306712,-47.291570633360266,5.0
mc_ID_6510,"Single Female with one child, education: bachelors degree working as professional",50K+,"Carbonated Beverages from Beverages department, Ordered Brand : Excellent",25.874,24.275,recyclable,,Price Slashers,Supermarket,4.94 Millions,1.5808 Millions,1623.48,341.05,227.96,277.0331,capao bonito,SP,-24.01361126248036,-48.34611953892884,sao paulu,$P,-23.53877907744238,-46.53648566833056,4.0
mc_ID_6513,"Single Male with two children, education: bachelors degree working as professional",70K+,"Beer and Wine from Alcoholic Beverages department, Ordered Brand : Walrus",8.8815,4.5207,recyclable,['Florist'],Price Winners,Supermarket,7.86 Millions,3.3012 Millions,1320.15,523.32,348.85,640.7273,cabo de santo egostinho,PE,-8.239274779906507,data: -34.98167772245942,_curitiba,Pr,-25.393345281980704,amount: -49.35098627800838,2.0
mc_ID_6514,"Single Female with No children, education: partial high school working as management",90000,"Snack Foods from Snack Foods department, Ordered Brand : Horatio",27.1822,24.275,non recyclable,"['Florist', 'Ready Food', 'Bar For Salad', 'Coffee Bar']",,Deluxe,8.31 Millions,3.5733 Millions,2055.29,654.13,436.14,745.6934,goiania,GO,measure: -16.69462633839145,-49.20879619101376,sao paulo,SP,-23.56168119891244,-46.50627110555333,3.0
mc_ID_6516,"Single Female with four children, education: partial high school working as professional",130K+,"Snack Foods from Snack Foods department, Ordered Brand : Horatio",13.0969,8.7361,recyclable,['Coffee Bar'],Weekend Discount,,€5.7M,2.1504 Millions,1236.07,,294.04,364.1649,POcOS dE c@ldAs,MG,-21.801414691524894,-46.54455938110862,IBITIMGA,SP,-21.7664768468313,-48.83154737836604,val: 5.0
mc_ID_6519,"Married Male with three children, education: bachelors degree working as professional",$70K+,"Electrical from Household department, Ordered Brand : High Quality",13.969,12.5009,recyclable,"['Florist', 'Bar For Salad', 'Video Store', 'Coffee Bar', 'Ready Food']",Super Savers,Deluxe,1.5 Millions,0.555 Millions,1527.45,373.1,248.13,755.9442,curitiba,PR,-25.49685252123605,-49.20902332180169,sao paulo,Sp,-23.577073040798663,-46.7199426382077,measure: 5.0
mc_ID_6520,"Married Male with two children, education: partial HS working as skilled manual",10K+,"Candy from Snacks department, Ordered Brand : Gulf Coast",19.1874,14.6813,non recyclable,['Coffee Bar'],Big Time Saving,Not Available,$10.29 Millions,4.8363 Millions,1236.07,440.92,293.95,710.234,Santa Helena,MA,-2.241461096361792,data: -45.30947071547339,santa barbara d´oeste,SP,-22.760477687572443,-47.41281121951772,1.0
mc_ID_6521,"Married Female with four children, education: partial high school working as management",110000,"Canned Oysters from Canned Foods department, Ordered Brand : Blue Label",?,23.5482,non recyclable,"['Florist', 'Coffee Bar', 'Bar For Salad', 'Video Store', 'Ready Food']",Pick Your Savings,	DELUXE,6.63 Millions,2.1216 Millions,2038.11,483.98,321.26,739.4174,CURItiba,PR,-25.51882425644875,-49.2323511633389,guaRulhOs,SP,-23.422313378296494,-46.520062240348594,5.0/5.0
mc_ID_6523,"Married Female with two children, education: HS degree working as skilled manual",30K+,"Snack Foods from Snack Foods department, Ordered Brand : Fort West",30.8162,amount: 27.909,non recyclable,"['Florist', 'Ready Food', 'Bar For Salad', 'Coffee Bar']",Sale : Double Down,,4.32 Millions,1.5984 Millions,2055.29,654.13,436.09,500.7202,belo horizonte,MG,-19.939688821541896,data: -43.97533764669048,s4o paulo,SP,-23.51082058312654,-46.5508611777656,5.0
mc_ID_6524,"Married Female with four children, education: bachelors degree working as professional",30K+,"Breakfast Foods from Frozen Foods department, Ordered Brand : Carrington",measure: 19.9142,16.8617,recyclable,"['Ready Food', 'Coffee Bar', 'Bar For Salad', 'Florist']",Sale : Double Down,Deluxe,11.48 Millions,3.444 Millions,2055.29,654.13,436.09,500.7202,sao bernardo do campo,sP,-23.734683000000004,val: -46.5836445,santa barbara d'oeste,SP,-22.75967282783305,-47.364736674563375,5.0
mc_ID_6525,"Single Male with No children, education: bachelors degree working as professional",130K+,"Jams and Jellies from Baking Goods department, Ordered Brand : Plato",-18.4606,amount: 15.4081,recyclable,['Coffee Bar'],Best Price Savers,Small Grocery,2.28 Millions,0.9576 Millions,2069.04,330.83,220.55,495.2287,sertaozinhu,sp ,-21.074806170317235,-47.89892760667888,sao paulu,Sp,-23.50869470774424,-46.48672956633388,5.0
mc_ID_6526,"Married Male with one child, education: graduate degree working as management",70K+,"Meat from Deli department, Ordered Brand : American",20.641,-16.1349,recyclable,['Florist'],Roller Savings (High) ,supermarket,3.12 Millions,1.3104 Millions,1320.15,523.32,347.81,val: 532.6232,MANGARATIBA,RJ,-22.929835186822583,-43.90887910153451,teixeira soare5,PR,-25.372899,-50.46185700000001,1.0
mc_ID_6528,"Single Male with three children, education: high school degree working as skilled manual",10K+,"Eggs from Eggs department, Ordered Brand : Urban",val: 18.8967,14.5359,non recyclable,"['Ready Food', 'Florist', 'Bar For Salad', 'Coffee Bar']",Saving Days,,€4.4M,2.34 Millions,2055.29,654.13,437.79,352.0313,GUIMARANIA,mg,-18.84908137584198,-46.78633631207901,salto,sp,amount: -23.20591698084141,-47.307845865803,val: 4.0
mc_ID_6533,Single Male with No children - education: high school degree working as skilled manual,50K or more,"Magazines from Periodicals department, Ordered Brand : Dollar",amount: 23.8389,20.7864,recyclable,"['Florist', 'Ready Food', 'Video Store', 'Bar For Salad', 'Coffee Bar']",Roller Savings (High) ,,6.45 Millions,2.2575 Millions,1424.85,465.54,310.3,532.6232,holambra,$P,-22.61429565168213,-47.06761188787577,itaquaquecetuba,SP,-23.48262344063541,-46.37448952833195,5.0
mc_ID_6534,"Married Female with four children, education: HS degree working as skilled manual",360+ monthly,"Snack Foods from Snack Foods department, Ordered Brand : Fort West",20.0596,18.606,recyclable,['Coffee Bar'],Double Your Savings,Supermarket,3.8 Millions,1.824 Millions,,440.92,293.2,R$2716.28,brasilia,df,-15.859287000000004,-48.07096649999999,brasilia,dF,-15.812658217593002,-47.89365639297883,5.0
mc_ID_6535,"Single Male with two children, education: partial high school working as manual",10 Thousand,"Pizza from Frozen Foods department, Ordered Brand : Imagine",10.0007,7.0935,recyclable,"['Coffee Bar', 'Florist', 'Bar For Salad', 'Ready Food']",Three for One,Deluxe,€4.0M,2.139 Millions,2055.29,654.13,436.09,640.5181,barra do corda,MA,-5.508554017485669,-45.23964287233554,sao paulo,SP,-23.65111484251016,-46.75521082321932,5.0
mc_ID_6537,"Married Female with two children, education: high school degree working as skilled manual, education: high school degree working as skilled manual",10K+,"Vegetables from Frozen Foods department, Ordered Brand : Big Time",30.0894,27.1822,non recyclable,"['Florist', 'Video Store', 'Coffee Bar', 'Bar For Salad', 'Ready Food']",Promo Big,	DALUXE,3.28 Millions,1.1808 Millions,1871.16,595.93,397.71,578.2288,campinas,sp,-22.98752993345535,data: -47.11656504772553,borda da mata,_MG,-22.264093569966427,-46.15856420525942,4.0
mc_ID_6538,"Single Male with one child, education: partial high school working as skilled manual",10K+,"Vegetables from Produce department, Ordered Brand : High Top",17.88 kg,16.4256,non recyclable,['Coffee Bar'],Best Price Savers,Supermarkat,1.38 Millions,0.4278 Millions,1236.07,440.92,293.95,720.5371,salto do lontra,PR,data: -25.79082309534067,-53.30554339972712,guarulhos,5p,-23.422313378296494,measure: -46.520062240348594,5.0
mc_ID_6539,"Single Male with two children, education: bachelors degree working as management",10K+,"Snack Foods from Snack Foods department, Ordered Brand : Nationeel",11.9776,9.0559,recyclable,"['Ready Food', 'Bar For Salad']",,Supermarket,11.76Ms,5.4096 Millions,2265.9,,568.48,,sao paulo,SP,-23.49316940437997,-46.62900954509784,guarulhos,Sp,-23.44007914793122,-46.51144923980033,4.0
mc_ID_6540,"Single Female with five children, education: high school degree working as skilled manual",30K+,"Electrical from Household department, Ordered Brand : High Quality",31.3976,29.944,non recyclable,,Full Free,,10.53 Millions,3.2643 Millions,1508,227.8,,660.2352,frut4l,Mg,-20.02025438264054,-48.93543951469848,sao paulo,SP,-23.468440512490595,val: -46.72068807496815,4.0
mc_ID_6541,"Single Female with three children, education: partial high school working as skilled manual",10K+,"Hygiene from Health and Hygiene department, Ordered Brand : Consolidated",14.6813,10.3205,non recyclable,"['Bar For Salad', 'Ready Food']",Super Savers, Supermarket,$6.39 Millions,2.7477 Millions,,472.27,313.55,754.7413,rio de janeiro,	RJ,-22.869890328899483,-43.26506321065844,guariba,SP,-21.36235769739203,-48.232975701561735,
mc_ID_6542,"Married Female with four children, education: bachelors degree working as professional",70K+,"Frozen Entrees from Frozen Foods department, Ordered Brand : PigTail",26.7461,23.6936,recyclable,"['Ready Food', 'Coffee Bar', 'Florist', 'Video Store', 'Bar For Salad']",One Day Sale,gouRMEt,"4.44 ,000,000illions",2.22 Millions,1424.85,465.54,310.3,measure: 449.1524,jaboatao dos guararapas,PE,-8.110529968636387,-35.01942476643208,sao paulo,SP,val: -23.611654194010004,-46.63258761587511,4.0
mc_ID_6543,"Married Male with two children, education: bachelors degree working as professional",Income: 50K+,"Cleaning Supplies from Household department, Ordered Brand : High Quality",13.8237,10.9165,non recyclable,"['Bar For Salad', 'Ready Food', 'Coffee Bar', 'Florist']",,,8.73Ms,4.2777 Millions,,654.13,436.09,500.7202,Barra Mansa,RJ ,-22.55175216588292,-44.17403562857486,jundiai,SP,-23.211714582578274,-46.8753760355472,4.0
mc_ID_6544,"Single Male with four children, education: high school degree working as manual",Income: 30K+,"Meat from Deli department, Ordered Brand : American",20.641,16.1349,recyclable,"['Video Store', 'Bar For Salad', 'Ready Food', 'Coffee Bar', 'Florist']",,Deluxe,"2.34 ,000,000illions",0.819 Millions,1525.28,373.1,248.79,507.9899,campos dos goytakazes,RJ,data: -21.752686105920883,-41.342931617164176,sao paulo,SP,-23.52697217736158,-46.610979191240034,3.0
mc_ID_6545,"Married Female with five childran, education: High School degree working as skilled manual",30000,"Frozen Desserts from Frozen Foods department, Ordered Brand : Imagine",29.3626,26.4554,non recyclable,"['Bar For Salad', 'Coffee Bar', 'Video Store', 'Ready Food', 'Florist']",Lottery Cash Registerion,Deluxe,11.32 Millions,5.4336 Millions,1731.95,503.07,335.38,val: 290.7357,sao jose dos campos,SP,-23.221587583126546,data: -45.90665169219235,porto alegre,RS,-30.00191787642484,data: -51.12065583605986,5.0
mc_ID_6546,"Single Male with four children, education: high school degree working as professional",Income: 110K+,"Snack Foods from Snack Foods department, Ordered Brand : Best Choice",11.8759,7.5151,non recyclable,"['Video Store', 'Coffee Bar', 'Ready Food', 'Florist', 'Bar For Salad']",Save It (Sale), Deluxe,5.91 Millions,2.7777 Millions,1734.5,503.07,335.38,755.1074,belu horizonte,,-19.9085515567546,-43.99610515805876,	guariba,SP,-21.36235769739203,-48.232975701561735,data: 5.0
mc_ID_6549,"Singlee Male with four children, education: bachelors degree working as professional",50K+,"Jams and Jellies from Baking Goods department, Ordered Brand : Plato",28.0543,23.5482,recyclable,['Coffee Bar'],,Small Grocery,"3.36 ,000,000illions",1.0416 Millions,1423.37,400.93,267.85,651.4488,salvador ,ba,-12.99286035292836,-38.45139313957492,sao paulo,_SP,-23.52399579739165,-46.51294318734492,1.0
mc_ID_6551,"Single Male with four children, education: partial high school working as skilled manual",10K+,"Baking Goods from Baking Goods department, Ordered Brand : Plato",23.9843,19.6235,recyclable,['Coffee Bar'],Budget Bargains,5upermarket,9.96 Millions,4.6812 Millions,1236.07,440.92,292.18,754.0614,florianopolis,SC,-27.64441001566128,-48.47653363335797,ibitinga,SP,-21.7664768468313,-48.83154737836604,5.0
mc_ID_6556,"Married Male with three children, education: partial college working as management",70k,"Vegetables from Canned Foods department, Ordered Brand : Blue Label",31.8337,30.2347,recyclable,"['Coffee Bar', 'Florist', 'Bar For Salad', 'Ready Food']",Two Day Sale,Deluxe,15.64 Millions,7.038 Millions,2055.29,654.13,,542.0895,petropolis,Rj,-22.53135181277938,-43.17259695662331,ITAQUAQUECETUBA,SP,-23.48262344063541,-46.37448952833195,1.0
mc_ID_6557,"Married Female with two children, education: partial high school working as professional",90K+,"Breakfast Foods from Breakfast Foods department, Ordered Brand : Johnson",-30.8162,27.909,non recyclable,,Go For It, Supermarket,7.05 Millions,2.7495 Millions,1505.78,227.8,151.9,350.4623,porto alegre,RS,amount: -30.140645406601674,-51.22478800124076,penapolis,5P,-21.442124375537592,-50.07351408965658,5.0
mc_ID_6558,"education: partial high school working as skilled manual, Married Female with four children",10K+,"Eggs from Eggs department, Ordered Brand : National",24129.60 grams,21.2225,non recyclable,"['Florist', 'Coffee Bar', 'Ready Food', 'Video Store', 'Bar For Salad']",Lottery Cash Registerion,Deluxe,2.79 Millions,1.2555 Millions,1734.5,503.07,,313.0678,campinas,sp,measure: -22.895876357204664,-47.0791850342778,vldeira,SC,-27.00086872288371,-51.14532022116548,5.0
mc_ID_6560,"Married Male with one child, education: partial high school working as manual",10K+,"Snack Foods from Snack Foods department, Ordered Brand : Fast",19.0421,17588.50 grams,recyclable,['Coffee Bar'],Coupon Spectacular,SMALLGROCERY,3.14 Millions,1.2874 Millions,,330.83,220.55,473.7334,sao jose,Sc,-27.562633674958704,-48.63782800645296,"samto andre
",$P,-23.665703457960586,-46.51808196779969,4.0
mc_ID_6561,"Married Male with two children, education: high school degree working as manual",30K+,"Vegetables from Frozen Foods department, Ordered Brand : PigTail",10.1606,-7.2389,non recyclable,"['Ready Food', 'Bar For Salad']",Three for One,Supermarket,3.82Ms,1.6044 Millions,2263.27,853.22,568.75,618.4475,cacapava do sul,RS,-30.530757607861464,-53.49864844306403,franca,5P,-20.530671079410943,-47.39851931627846,5.0
mc_ID_6562,"Married Female with four children, education: high school degree working as manual",50K+,"Canned Soup from Canned Foods department, Ordered Brand : Better",12.6899,9.7681,recyclable,"['Coffee Bar', 'Ready Food', 'Video Store', 'Florist', 'Bar For Salad']",Lottery Cash Registerion,DELUxE,€12.7M,4.7872 Millions,1734.5,503.07,336.1,646.4803,americana,SP,val: -22.722145470713865,-47.33535052553523,limeira,SP,-22.541719708891844,-47.427681190013296,4.0
mc_ID_6564,"Single Male with No childern, education: graduate degree working as professional",70K+,"Snack Foods from Snack Foods department, Ordered Brand : Nationeel",amount: 28.6358,measure: 25.7286,recyclable,['Coffee Bar'],Weekend Discount,Small Grocery,"3.84 ,000,000illions",1.4208 Millions,1423.37,398.93,265.88,278.3929,sao paulo,SP,-23.526508568411355,-46.731702782676464,sao paulo,SP,amount: -23.693985995008337,-46.70188324132953,5.0
mc_ID_6565,"Single Male with four kids, education: partial high school working as skilled manual",10K+ annually,"Pure Juice Beverages from Beverages department, Ordered Brand : Token",-11.6869,10.2188,recyclable,['Coffee Bar'],Dimes Off,Small Grocery,3.6 Millions,1.548 Millions,1423.37,,,531.6295,suzano,sp,-23.54646763188849,-46.31743880609893,pirac1caba,SP,amount: -22.71683928585045,-47.65736585405934,3.0
mc_ID_6566,"Single Female with three kids, education: partial HS working as manual",10k,"Vegetables from Produce department, Ordered Brand : High Top",-13.5184,10.6112,recyclable,"['Florist', 'Ready Food', 'Bar For Salad', 'Coffee Bar']",Two for One,,1.71 Millions,0.6156 Millions,2055.29,654.13,436.09,312.9109,sau paulo,Sp,-23.575449467943912,measure: -46.54265940605341,sorocaba,SP,-23.50436812822437,-47.46615628434992,5.0
mc_ID_6568,Married Female with five children | education: high school degree working as manual,30 Thousand,"Beer and Wine from Alcoholic Beverages department, Ordered Brand : Good",amount: 15.2627,12.3555,non recyclable,"['Florist', 'Coffee Bar', 'Bar For Salad', 'Ready Food']",Weekend Discount,Gourmet,11.36Ms,4.6576 Millions,,385.45,256.97,470.177,brasilia,DF,-15.831038747116356,-48.086759134416425,sAo pAUlO, SP ,-23.50875908021236,-46.602973042876144,5.0
mc_ID_6569,"Married Male with No children, education: bachelors degree working as professional",70 Thousand,"Bread from Baked Goods department, Ordered Brand : Sphinx",10.9746,8.0674,recyclable,,Budget Bargains,Supermarket,€8.0M,3.1152 Millions,1623.48,341.05,227.33,623.7298,SAO PAUL0,SP,measure: -23.52383012017429,-46.72474582486012,sao paulo,"SP
",-23.55684999916328,-46.56941527477062,5.0
mc_ID_6570,"Married Male with No children, education: high school degree working as skilled manual",360+ monthly,"Beer and Wine from Alcoholic Beverages department, Ordered Brand : Good",15.2627,-12.3555,non recyclable,"['Ready Food', 'Coffee Bar', 'Florist', 'Video Store', 'Bar For Salad']",,,8.52 Millions,3.834 Millions,1871.16,593.93,396.8,676.6574,vila velhe,aS,-20.52499036578865,amount: -40.37327331983742,ibitinga,5P,-21.7664768468313,-48.83154737836604,5.0
mc_ID_6571,"Single Male with four children, education: partial high school working as manual",10K+,"Snack Foods from Snack Foods department, Ordered Brand : Fort West",-27.6183,26.1647,recyclable,"['Bar For Salad', 'Coffee Bar', 'Video Store', 'Ready Food', 'Florist']",One Day Sale,Gourmet,$5.34 Millions,1.9224 Millions,1424.85,,,449.1524,SAo jOse do xIngU,MT,-10.804598858667497,-52.73728110064344,GuArUlHoS,"SP
",data: -23.48378507576896,-46.54155402025511,5.0
mc_ID_6572,"Married Male with five children, education: graduate degree working as management",90K+,"Vegetables from Frozen Foods department, Ordered Brand : Imagine",13.6492,10.7421,recyclable,['Coffee Bar'],Sale : Double Down,Supermarket,$5.16 Millions,1.7028 Millions,1235.73,440.92,293.95,measure: 309.5637,santa maria do herval,rs,-29.504128938508536,-50.97635830175109,florianopol1s,SC,-27.59598577448037,-48.54618547457063,4.0
mc_ID_6574,"Marrie Female with No children, education: partial high school working as skilled manual",10K+,"Side Dishes from Deli department, Ordered Brand : Red Spade",12.8352,9.9135,non recyclable,"['Florist', 'Ready Food', 'Coffee Bar', 'Video Store', 'Bar For Salad']",Dimes Off,Deluxe,1.94 Millions,0.582 Millions,2038.11,481.98,320.76,550.6144,gravatal,Sk,-28.32603434263272,-49.06566380829775,Borda Da Mata,MG,data: -22.264093569966427,-46.15856420525942,5.0
mc_ID_6576,"Married Female with one child, education: high school degree working as professional",€93K+,"Dairy from Dairy department, Ordered Brand : Gorilla",13.7074,12.2538,recyclable,['Florist'],Save It (Sale),Supermarket,6.9 Millions,3.312 Millions,1320.15,523.32,348.74,data: 427.7617,sao paulo,Sp,-23.56690212960936,-46.6300592031566, jaragua do sul ,SC,measure: -26.491731442148883,val: -49.07562289508913,4.0
mc_ID_6577,"Married Male with five children, education: bachelors degree working as management",30K+,"Hardware from Checkout department, Ordered Brand : James Bay",26.6008,23.5482,non recyclable,"['Florist', 'Bar For Salad', 'Coffee Bar', 'Ready Food']",,Deluxe,15.12Ms,7.2576 Millions,2055.29,654.13,436.09,373.9973,curitiba,PR,val: -25.434899979456432,data: -49.28320625116862, I7AJAI,sc,measure: -26.912428672061186,-48.6773810666573,val: 4.0
mc_ID_6579,"Single Male with four children, education: partial high school working as skilled manual",10K+,"Starchy Foods from Starchy Foods department, Ordered Brand : Medalist",-15.5534,14.0853,recyclable,,Shelf Clearing Days,,7.22 Millions,2.3104 Millions,1508,227.8,152.4,399.6243,selvador,B@,-12.99195623342369,-38.44280419178832,marimga, PR ,-23.41000679702781,-51.88262571961486,2.0
mc_ID_6581,"Single Female with two children, education: graduate degree working as professional",90K+ annually,"Snack Foods from Snack Foods department, Ordered Brand : Fast",val: 17.8792,16.4256,recyclable,"['Florist', 'Video Store', 'Bar For Salad', 'Ready Food', 'Coffee Bar']",Two Day Sale,De1uxe,1.53 Millions,0.6426 Millions,1871.16,,395.95,402.0824,belo horizonte,MG,-19.821438953372944,-43.97517235261704,ÇAnOaS,RS,-29.914668849530724,val: -51.14844143722624,5.0
mc_ID_6582,"Single Female with three children, education: high school degree working as skilled manual",30K+,"Fruit from Produce department, Ordered Brand : Hermanos",-27.7636,24.8564,recyclable,"['Coffee Bar', 'Bar For Salad', 'Florist', 'Ready Food', 'Video Store']",Dimes Off,Deluxe,4.29 Millions,1.9305 Millions,2039.4,481.98,322.55,550.6144,presidente prudente,_SP,-22.12714089877284,-51.42017611679179,limeira,SP,-22.541719708891844,-47.427681190013296,4.0
mc_ID_6583,"Married Female with four children, education: bachelors degree working as management",50K or more,"Bathroom Products from Health and Hygiene department, Ordered Brand : Faux Products",12.0212,,recyclable,"['Coffee Bar', 'Bar For Salad', 'Ready Food', 'Florist', 'Video Store']",Super Savers,Deluxe,5.92 Millions,2.1904 Millions,1527.86,373.1,248.26,755.9442,palhoca,SC,-27.62886127396641,-48.66213201369509,sao paulo,SP,-23.548840889809025,-46.523309280598994,5.0
mc_ID_6584,"Single Male with five children, education: partial high school working as skilled manual",30K+,"Frozen Desserts from Frozen Foods department, Ordered Brand : Golden",26.1647,24.7111,recyclable,['Coffee Bar'],Savings Galore,Small Grocery,$7.76 Millions,3.8024 Millions,1423.37,398.93,266.49,397.7415,CamPO grANdE,ms,-20.457467847469584,-54.57264622973501,SAO JOSE DOS PINHAIS,PR,-25.516321166801344,-49.12281815098963,
mc_ID_6585,"Married Female with two kids, education: partial high school working as skilled manual",10K+ annually,"Bathroom Products from Health and Hygiene department, Ordered Brand : Faux Products",measure: 16.8617,12.5009,recyclable,,Full Free,Mid-Size,"8.94 ,000,000illions",3.6654 Millions,2088.37,783.64,522.63,778.5901,conselheiro lafaiete,_MG,-20.653541574550808,-43.79083732604181,IBITINGA,SP,-21.7664768468313,-48.83154737836604,1.0
mc_ID_6587,"Married Male with three children, education: high school degree working as skilled manual",30K+,"Vegetables from Produce department, Ordered Brand : Hermanos",nil,-19.7689,recyclable,"['Coffee Bar', 'Ready Food', 'Bar For Salad', 'Florist']",Two for One,DELUXE,6.55 Millions,2.9475 Millions,,654.13,,data: 312.9109,iguape,SP,-24.705292058051395,-47.55221572856384,guariba,SP,-21.36235769739203,-48.232975701561735,5.0
mc_ID_6588,"Single Female with four children, education: high school degree working as skilled manual",30K+,"Vegetables from Canned Foods department, Ordered Brand : Better",23.1121,20.0596,non recyclable,"['Video Store', 'Coffee Bar', 'Ready Food', 'Florist', 'Bar For Salad']",Shelf Clearing Days,Gourmet,14.15 Millions,6.226 Millions,,465.54,310.3,533.2508,ITAOCARA,rj,-21.668107499336347,-42.07520271876644,Sao Paulo,SP,-23.57282057729816,-46.52329640383172,3.0
mc_ID_6592,"Single Male with one child, education: partial college working as professional",$30K+,"Electrical from Household department, Ordered Brand : Red Wing",19.19 kg,16.1349,recyclable,"['Florist', 'Ready Food', 'Video Store', 'Bar For Salad', 'Coffee Bar']",Dimes Off,DELUXE,€5.8M,3.051 Millions,2038.11,481.98,321.26,602.7575,Lauro De Freitas,BA,-12.874664723757968,-38.29029066875213,serra negra,sp,-22.596440207291085,-46.71196868822353,4.0
mc_ID_6593,"Single Female with four children, education: High School degree working as skilled manual",30K+,"Meat from Deli department, Ordered Brand : Moms",26.7461,25.1472,recyclable,,Save It (Sale),Supermarket,6.87 Millions,2.6793 Millions,1626.36,341.05,227.33,353.7049,GUARAREMA,sp,-23.41300937046358,-46.02387528699344,sao paulo,SP ,-23.50123246128435,-46.51905848362164,4.0
mc_ID_6595,"Married Male wiht one child, education: partial high school working as manual",10 Thousand,"Starchy Foods from Starchy Foods department, Ordered Brand : Shady Lake",measure: 15.9895,11.6287,recyclable,"['Coffee Bar', 'Video Store', 'Bar For Salad', 'Ready Food', 'Florist']",Shelf Clearing Days,Gourmet,8.43 Millions,3.7092 Millions,,,,533.2508,guaratingueta,$P,-22.806467228285435,amount: -45.23936604455936,itaquaquecetuba,SP,-23.48262344063541,-46.37448952833195,5.0
mc_ID_6596,Single Female with two children and education: high school degree working as professional,90K+,"Snack Foods from Snack Foods department, Ordered Brand : Horatio",10.2333,7.3116,non recyclable,,,Mid-S1ze,$6.93 Millions,2.6334 Millions,2819.7,447.7,298.5,646.5849,campinorte,GO,-14.317709932095248,-49.15370256644173,ibitinga,sP,-21.7664768468313,-48.83154737836604,4.0
mc_ID_6597,"Single Male with four children, education: bachelors degree working as professional",90K+,"Hot Beverages from Beverages department, Ordered Brand : Landslide",amount: 21.6585,data: 18.606,non recyclable,"['Video Store', 'Ready Food', 'Bar For Salad', 'Coffee Bar', 'Florist']",Sale Sale Sale, Deluxe,4.26 Millions,1.7892 Millions,,373.1,,722.6814,	rio de janeiro,RJ,-22.915539999999964,-43.54233999999997,petropolis,RJ,-1,-43.210094724044055,5.0
mc_ID_6600,"Married Female with five kids, education: partial high school working as management",90K+,"Snack Foods from Snack Foods department, Ordered Brand : Best Choice",30.0894,25.7286,non recyclable,"['Coffee Bar', 'Florist', 'Ready Food', 'Video Store', 'Bar For Salad']",Price Winners,,$10.84 Millions,3.5772 Millions,2036.4,481.98,320.43,453.9117,sao pedro da aldeia,RJ,-22.831929999999943,-42.104289999999935,pedreira,SP,-22.73824150585765,data: -46.8958585777586,2.0
mc_ID_6601,"education: high school degree working as professional, Married Female with four children",150K+,"Snack Foods from Snack Foods department, Ordered Brand : Best Choice",738.34 oz,17.8792,non recyclable,,Promo Big,,10.8 Millions,3.348 Millions,2049.72,457.36,305.86,515.2596,santo andre,sp,-23.62936402042012,-46.52450728432847,ribeira0 preto,SP,data: -21.174925033585303,-47.7686162776848,5.0
mc_ID_6603,"Single Male with four kidren, education: high school degree working as manual",30K+,"Fruit from Canned Products department, Ordered Brand : Big City",25.874,24.275,recyclable,,Budget Bargains,Supermarket,3.51 Millions,1.404 Millions,2049.72,457.36,305.88,708.665,firminopolis,GO,-16.585863482898127,measure: -50.30843734273628,porto seguro,ba,-16.44446967266491,-39.06166956260506,4.0
mc_ID_6604,"Single Female with two children, education: partial high school working as skilled manual",30K+,"Snack Foods from Snack Foods department, Ordered Brand : Best Choice",19.4781,17.8792,non recyclable,"['Florist', 'Ready Food', 'Coffee Bar', 'Bar For Salad']",Dollar Days,Deluxe,€6.6M,3.6519 Millions,,654.13,436.45,£529.96,niteroi,RJ,-22.901359568959617,-43.1241522171793,sao pau1o,SP,-23.63697817262972,-46.597344244243736,4.0
mc_ID_6606,"Married Male with four children, education: high school degree working as manual",30 Thousand,"Vegetables from Canned Foods department, Ordered Brand : Better",15.8442,12.9224,recyclable,['Coffee Bar'],Budget Bargains, Supermarket,€4.4M,2.5056 Millions,1236.07,440.92,294.4,687.5358,diogo de vasconcelos,MG,-20.489414857024457,-43.19909444600368,SAO JOSE DO RIO PRETO,SP,-20.80243626346376,-49.39562406741489,5.0
mc_ID_6609,"Single Female with two children, education: high school degree working as professional",90K+,"Frozen Desserts from Frozen Foods department, Ordered Brand : PigTail",14.5359,11.6287,recyclable,"['Bar For Salad', 'Video Store', 'Coffee Bar', 'Florist', 'Ready Food']",One Day Sale,dEluxE,12.92 Millions,3.876 Millions,,481.98,321.26,val: 767.3456,"rio de janeiro
",RJ,measure: -23.026044731317555,-43.46104142146108,monte siao,MG,-22.42880507067007,-46.569550269431765,5.0
mc_ID_6610,"Single Female with three kids, education: high school degree working as manual",30K+,"Snack Foods from Snack Foods department, Ordered Brand : Best Choice",21.3678,data: 18.3153,recyclable,"['Florist', 'Video Store', 'Coffee Bar', 'Bar For Salad', 'Ready Food']",Two Day Sale,Deluxe_,3.57 Millions,1.7136 Millions,1871.16,593.93,395.95,measure: 402.0824,sao paulo,SP,-23.47929539523337,-46.63675926810551,sao paulo,SP,val: -23.50869470774424,-46.48672956633388,5.0
mc_ID_6611,"Married Female with one child, education: graduate degree working as professional",50K+,"Paper Products from Household department, Ordered Brand : High Quality",15.2627,10901.90 grams,non recyclable,"['Florist', 'Video Store', 'Coffee Bar', 'Bar For Salad', 'Ready Food']",Super Savers,,7.59 Millions,2.7324 Millions,1525.28,373.1,250.63,755.9442,	marau,R$,-28.4595254944111,-52.20408391320524,GUaRulHoS,SP,-23.496488565250488,-46.54671310832206,val: 5.0
mc_ID_6612,"Married Male with one child, education: partial college working as management",30K+,"Pure Juice Beverages from Beverages department, Ordered Brand : Excellent",18.3153,data: 15.4081,recyclable,['Florist'],,Superm@rket,6.39Ms,2.9394 Millions,1320.15,523.32,347.06,532.6232,ribeirao preto,SP,-21.16850440882337,measure: -47.79370519233655,petropoli$,RJ_,-22.549033360244323,-43.210094724044055,5.0
mc_ID_6613,"Married Male with three children, education: bachelors degree working as professional",$50K+,"Vegetables from Frozen Foods department, Ordered Brand : Golden",8.9541,-6.0324,recyclable,"['Bar For Salad', 'Ready Food']",,Supermarket,11.16 Millions,5.022 Millions,2448.37,470.27,313.55,406.4756,alem paraiba,MG,-21.865605010277115,-42.70586701424656,goiania,GO,measure: -16.7130367660346,-49.30127628290576,5.0 stars
mc_ID_6615,"mARRIED mALE WITH nO CHILDREN, EDUCATION: HIGH SCHOOL DEGREE WORKING AS SKILLED MANUAL",30K+,"Vegetables from Produce department, Ordered Brand : Ebony",24.5657,20.0596,non recyclable,"['Video Store', 'Florist', 'Coffee Bar', 'Ready Food', 'Bar For Salad']",Money Savers,Deluxe,5.76 Millions,2.3616 Millions,1869.46,,,343.611,queimadas,Pb,-7.353397003889961,-35.90103084152794,sau sebastiao_,Sp,-23.753948510964275,amount: -45.41325199417162,5.0
mc_ID_6616,"Single Female with two children, education: partial high school working as professional",90K+,"Canned Soup from Canned Foods department, Ordered Brand : Bravo",data: 26.8915,22.5307,recyclable,"['Bar For Salad', 'Florist', 'Video Store', 'Coffee Bar', 'Ready Food']",Full Free,Deluxe,15.92 Millions,7.8008 Millions,1734.5,505.07,335.38,752.2309, goiania ,GO,-16.69233053490511,-49.26801564804068,çuritiba,$P,-25.491606559524563,-49.28283748666978,4.0
mc_ID_6619,"Married Female with two children, education: partial high school working as skilled manual",10K+,"Jams and Jellies from Baking Goods department, Ordered Brand : Landslide",26.7461,23.6936,non recyclable,,I Cant Believe It Sale,Mid-$ize,4.05 Millions,1.863 Millions,2819.7,449.7,298.5,693.498,agua doce,SC,-26.997249162083232,-51.55546382143922,rio do sul,SC,measure: -27.218980466558925,-49.65040322964413,amount: 4.0
mc_ID_6620,"Single Male with one child, education: partial high school working as skilled manual",30K+,"Meat from Deli department, Ordered Brand : Cutting Edge",18.7513,17.1524,non recyclable,"['Video Store', 'Florist', 'Coffee Bar', 'Ready Food', 'Bar For Salad']",Super Duper Savers,Deluxe,9.48 Millions,4.5504 Millions,1525.28,373.1,248.13,measure: 266.73,pelotas,Rs,-31.69656034346417,-52.34306597570368,Ribeirao Preto,SP,amount: -21.1774515925616,-47.79583295337295,5.0
mc_ID_6621,"Married Male with No children, education: bachelors degree working as professional",840+ monthly,"Snack Foods from Snack Foods department, Ordered Brand : Horatio",28.4904,25.5832,non recyclable,"['Ready Food', 'Bar For Salad']",Save Price,SUPERMERKET,6.81 Millions,2.4516 Millions,2446.66,472.27,313.55,406.4756,rio de janeiro,RJ,-22.88688293782105,-43.365750051474464,piracicaba,SP,-22.71683928585045,-47.65736585405934,2.0
mc_ID_6622,"Married Male with four children, education: bachelors degree working as professional",10K+,"Paper Products from Household department, Ordered Brand : High Quality",28.9265,25.874,non recyclable,['Coffee Bar'],Price Slashers,,18.4 Millions,9.2 Millions,1237.59,440.92,291.99,amount: 402.6054,salvador,BA,-13.00853196855649,-38.50938418137108,varginha,MG,-21.576617276379825,-45.40111794775724,1.0
mc_ID_6624,"Married Male with two children, education: bachelors degree working as professional",50K+,"Jams and Jellies from Baking Goods department, Ordered Brand : Super",12.8207,data: 11.3526,non recyclable,['Florist'],Pick Your Savings,supeRmARket,8.72 Millions,3.1392 Millions,,,348.85,769.6991,sao PaULO, $P,-23.62615314929649,-46.74691974117254,Seo Paulo,	SP,-23.62615314929649,-46.74691974117254,2.0
mc_ID_6626,"married male with one child, education: partial college working as clerical",10K+,"Snack Foods from Snack Foods department, Ordered Brand : Fort West",30.8162,27.909,non recyclable,"['Florist', 'Ready Food', 'Bar For Salad', 'Video Store', 'Coffee Bar']",Roller Savings (High) ,Gourmet,2.88 Millions,1.152 Millions,1424.33,465.54,310.3,499.7265,manhuaku,MG,amount: -20.265441566422545,-42.044386189900685,LAGES,SC,-27.82214624923539,-50.34177358422306,5.0
mc_ID_6628,"Single Female with three children, education: partial high school working as skilled manual",10K+,"Vegetables from Frozen Foods department, Ordered Brand : Big Time",30.0894,27.1822,non recyclable,"['Coffee Bar', 'Bar For Salad', 'Florist', 'Ready Food', 'Video Store']",,DeLUXE,4.92 Millions,1.5252 Millions,1734.5,503.07,334.49,500.9294,sao paulo, SP,amount: -23.66900465722205,-46.71802455259966,brasilia,DF,val: -15.812658217593002,-47.89365639297883,4.0
mc_ID_6629,"Married Male with four children, education: partial college working as professional",30K or more,"Eggs from Eggs department, Ordered Brand : Blue Medal",24.71 kg,21.8039,non recyclable,,,Supermarket,6.39 Millions,2.4282 Millions,1508,229.8,151.9,727.9637,Floriano,Pi,-6.765049042930655,-43.02825025138064,ibitinga,SP,-21.7664768468313,-48.83154737836604,5.0
mc_ID_6630,"MARIED  MALE  WITH  TWO  CHILDREN,  EDUCATION:  BACHELORS  DEGREE  WORKING  AS  PROFESSIONAL",Income: 90K+,"Beer and Wine from Alcoholic Beverages department, Ordered Brand : Good",10.2769,data: 8.8233,recyclable,['Florist'],Sale Winners,Supermarket,$15.64 Millions,7.5072 Millions,1320.15,523.32,347.42,770.6405,belo horizonte,mg,data: -19.94244782041672,-43.91448426755726,ibitinge,SP,-21.7664768468313,-48.83154737836604,1.0
mc_ID_6631,"Married Male with three children, education: bachelors degree working as management",70K+,"Vegetables from Frozen Foods department, Ordered Brand : Big Time",12.3555,9.4484,non recyclable,"['Coffee Bar', 'Bar For Salad', 'Ready Food', 'Florist']",Bag Stuffer,Deluxe,10.71 Millions,4.284 Millions,2053.79,654.13,436.09,€312.61,pocos de caldas,MG,-21.88129040399997,-46.61625499999997,rio de janeiro,RJ,-22.87459850346245,-43.477731000000006,val: 5.0
mc_ID_6632,"Married Male with two childran, education: high school degree working as manual",30K+,"Fruit from Produce department, Ordered Brand : Hermanos",21.8039,20.3503,recyclable,['Coffee Bar'],,Small 	Grocery,2.56 Millions,0.8448 Millions,1423.37,398.93,265.98,397.7415,urania,SP,-20.24503575684149,-50.6453207023131,praia grande,SP,-24.011288218359883,val: -46.41873374429398,2.0
mc_ID_6633,Married Male with one child and education: partial high school working as management,110K+,"Cold Remedies from Health and Hygiene department, Ordered Brand : Hilltop",15.4081,12.5009,recyclable,"['Coffee Bar', 'Video Store', 'Bar For Salad', 'Ready Food', 'Florist']",Best Savings,Gourmet,$5.66 Millions,1.7546 Millions,1424.85,465.54,310.67,281.4786,campo formoso,BA,-10.506779999999935,-40.31730999999997,S4o PaULO,$P,-23.746252526227707,data: -46.677001782820696,5.0
mc_ID_6634,"Married Male with one child, education: graduate degree working as professional",110K+,"Canned Oysters from Canned Foods department, Ordered Brand : Just Right",21.5132,val: 18.606,non recyclable,"['Coffee Bar', 'Ready Food', 'Bar For Salad', 'Florist', 'Video Store']",Discount Frenzy,Delux3,4.02Ms,1.809 Millions,1869.24,593.93,395.95,326.352,cacoal, ro,data: -11.427306062585403,-61.43328160939505,Lencois Paulista,SP,-22.6025864711492,val: -48.81247149518349,1.0
mc_ID_6635,"Married Female with two children, education: bachelor'ss degree working as professional",50K+,"Drinks from Beverages department, Ordered Brand : Washington",19.0421,16.1349,recyclable,"['Bar For Salad', 'Ready Food', 'Florist', 'Coffee Bar', 'Video Store']",Price Smashers,delUxE,3.32Ms,1.2616 Millions,1527.48,373.1,248.79,499.2035,SAO PAULO,Sp,-23.49498117897545,-46.48538989308728,Belo Horizonte,MG,-19.926141851520523,-43.93684827200066,data: 4.0
mc_ID_6636,"Single Male with one child, education: partial high school working as manual",10k,"Magazines from Periodicals department, Ordered Brand : Robust",16.2802,14.6813,recyclable,"['Ready Food', 'Florist', 'Bar For Salad', 'Coffee Bar']",Sale : Double Down,"Deluxe
",9.88 Millions,4.1496 Millions,2055.29,654.13,436.09,500.7202,gOioeRe,PR,-24.18847968847047,amount: -53.016364393737085,itauna,mg,-20.08212660423176,measure: -44.5732983518722,5.0
mc_ID_6637,"Single Male with one child, education: bachelors degree working as professional",110K+,"Candy from Snacks department, Ordered Brand : Choice",10.0153,8.5471,non recyclable,,,mid-size,2.12 Millions,0.8692 Millions,2819.7,449.7,298.5,654.273,cabo frio,	RJ,amount: -22.6347372345411,-42.00796881557873,sao paulo,SP,-23.48535959449485,-46.624283978908174,2.0
mc_ID_6638,"Married Female with two children, education: partial high school working as manual",10K+,"Vegetables from Frozen Foods department, Ordered Brand : Carrington",17.2978,-14.376,non recyclable,,Money Savers,suPERMARkET,"4.8 ,000,000illions",2.304 Millions,1508,227.8,Not Available,277.2423,porto alegre,RS,-30.06897070552254,-51.155099487362286,_sao paulo,sp,-23.63133471752179,-46.75945889273972,amount: 4.0
mc_ID_6641,"Single Female with one child, education: partial high school working as professional",1800+ monthly,"Fruit from Produce department, Ordered Brand : Hermanos",25.4379,21.0771,recyclable,"['Bar For Salad', 'Florist', 'Coffee Bar', 'Ready Food', 'Video Store']",Lottery Cash Registerion,Deluxe,2.61 Millions,0.9135 Millions,1734.5,503.07,334.66,313.0678,dois riachos,_AL,-9.38569128292286,-37.0910172231259,loñdrina,PR,-23.331043778111702,-51.17743350000001,5.0
mc_ID_6642,"Single Female with one child, education: partial high school working as skilled manual",10K+,"Dairy from Dairy department, Ordered Brand : Club",22.5307,-19.6235,non recyclable,"['Florist', 'Video Store', 'Coffee Bar', 'Ready Food', 'Bar For Salad']",,,9.24 Millions,4.3428 Millions,1734.53,503.07,334.01,290.7357,PRA7A,MG,-19.305543300980283,-48.93407917705181,R1BEIRAO PRETO,SP,-21.17121748495008,-47.81941847157649,1.0
mc_ID_6643,"Single Female with four children, education: HS degree working as manual",30K+,"Snack Foods from Snack Foods department, Ordered Brand : Fort West",19.3328,16.4256,recyclable,,,SUpeRM4RKet,3.46Ms,1.4186 Millions,2049.72,457.36,304.91,amount: 610.5502,Sao Jose Do Rio Preto,Sp,val: -20.843746814965485,-49.40256817501567,praia grande,SP,-24.026786758814687,-46.49304889148245,data: 4.0
mc_ID_6645,"Single Male with five children, education: graduate degree working as management",70K+,"Electrical from Household department, Ordered Brand : High Quality",12.3265,9.4047,non recyclable,"['Ready Food', 'Coffee Bar', 'Florist', 'Video Store', 'Bar For Salad']",, Deluxe,16.2 Millions,7.452 Millions,1525.28,373.1,248.79,507.9899,teresopolis,RJ,-22.41614982008496,-42.97702251227752,borda da mata,MG,-22.264093569966427,-46.15856420525942,5.0
mc_ID_6646,"Married Female with two children, education: high school degree working as skilled manual",30K+,"Snack Foods from Snack Foods department, Ordered Brand : Fast",13.6783,9.303,recyclable,"['Bar For Salad', 'Ready Food', 'Florist', 'Coffee Bar']",Price Winners, Deluxe ,7.52 Millions,2.9328 Millions,2055.29,654.13,,494.9149,sao goncalo,rj,-22.82808578551792,-42.97358721448207,guariba,5P,amount: -21.36235769739203,-48.232975701561735,5.0
mc_ID_6647,"Married Male with No children, education: partial high school working as skilled manual",10k,"Dairy from Dairy department, Ordered Brand : Booker",26.6008,23.5482,non recyclable,"['Bar For Salad', 'Florist', 'Video Store', 'Ready Food', 'Coffee Bar']",,"Gourmet
",$7.74 Millions,2.3994 Millions,1424.85,465.54,310.3,281.4786,recife,PE,-8.043646327226046,-34.89834505744709,santo andre,SP,-23.639620380229736,-46.50604149140166,4.0
mc_ID_6648,"Single Male with three children, education: high school degree working as skilled manual",30K+,"Vegetables from Produce department, Ordered Brand : Tri-State",9.6809,6.7592,recyclable,,,SUpERMarke7_,10.0 Millions,3.2 Millions,1508,227.8,151.9,574.9339,SAO PAULO,SP,-23.54417630114256,-46.73971195420968,santo andre,Sp,-23.637285303364266,-46.519363822926856,5.0
mc_ID_6649,"Married Female with five children, education: bachelors degree working as professional",130k,"Canned Tuna from Canned Foods department, Ordered Brand : Pleasant",9.3175,4.9422,recyclable,"['Bar For Salad', 'Ready Food']",Two for One,Supermarket,8.88 Millions,2.664 Millions,,853.22,568.75,555.426,SAO JOSE DO RIO PARDO,SP,measure: -21.592175195884263,data: -46.89389599036144,osasco,SP,-23.552456794881493,-46.78012559033992,2.0
mc_ID_6650,"Married Female with No children, education: partial high school working as skilled manual",$30K+,"Electrical from Household department, Ordered Brand : Red Wing",19.9142,18.3153,recyclable,,,SUPERMARKET,€6.8M,2.8836 Millions,2049.72,457.36,304.91,467.4051,juina,MT,-11.418759603270525,-58.77167173409165,sao paulo,SP,-23.541941545934563,-46.49095488842404,5.0
mc_ID_6651,"Single Male with two children, education: partial high school working as professional",130K+,"Snack Foods from Snack Foods department, Ordered Brand : Nationeel",24.7111,23.2575,recyclable,"['Ready Food', 'Coffee Bar', 'Bar For Salad', 'Florist']",Save It (Sale),DELUXE,4.11 Millions,1.3563 Millions,2055.29,,436.09,val: 728.9051,santo andre,SP,-23.63888466388715,-46.49858921994927,sao paulo,	Sp,-23.554079433810344,-46.53324185942636,5.0
mc_ID_6652,"Married Female with one child, education: bachelors degree working as professional",50K+,"Canned Soup from Canned Foods department, Ordered Brand : Bravo",948.57 oz,22.5307,recyclable,"['Ready Food', 'Bar For Salad', 'Coffee Bar', 'Florist']",Dollar Days,DeIuxe,$11.94 Millions,5.0148 Millions,2053.82,,436.09,725.9763,sao paulo,SP,-23.60713392117263,-46.450774393559925,cariacica,E$,-20.29753657631548,-40.40086853731229,5.0
mc_ID_6653,"Married Male with four kidren, education: partial college working as skilled manual",30K+,"Starchy Foods from Starchy Foods department, Ordered Brand : Monarch",19.1874,16.13 kg,non recyclable,['Coffee Bar'],Weekend Discount,sUpERmarkET,5.4 Millions,2.16 Millions,1236.07,440.92,,364.1649,sao paulo,	SP,-23.62329475185692,-46.62806929174686,s@o paulo,Sp,-23.543135968636395,-46.62371555453289,5.0
mc_ID_6655,"MARRIED_FEMALE_WITH_THREE_CHILDREN,EDUCATION:_GRADUTE_DEGREE_WORKING_AS_MANAGEMENT",Income: 70K+,"Eggs from Eggs department, Ordered Brand : Giant",15.8442,14.376,recyclable,"['Bar For Salad', 'Video Store', 'Florist', 'Coffee Bar', 'Ready Food']",One Day Sale,Deluxe,3.99Ms,1.8753 Millions,1734.5,503.07,335.38,689.0525,rio de janeiro,RJ,amount: -22.87902683928684,-43.27183045169951,baependi,Mg_,-21.956309999999995,-44.882378788136165,4.0
mc_ID_6658,"Single Male with two children, education: high school degree working as skilled manual",30000,"Snack Foods from Snack Foods department, Ordered Brand : Horatio",-13.9981,11.0909,recyclable,"['Ready Food', 'Bar For Salad']",Two for One,	SUPERMARKET,8.55 Millions,3.933 Millions,2265.9,853.22,568.75,555.426,uberlandia,mg,val: -18.94141413405276,-48.33714543949449,rio  de  janeiro,RJ,-22.87459850346245,-43.477731000000006,5.0
mc_ID_6659,"Single Female with five children, education: partial high school working as skilled manual, Single Female with five children",10K+,"Dairy from Dairy department, Ordered Brand : Even Better",12.9224,10.0153,non recyclable,"['Bar For Salad', 'Florist', 'Video Store', 'Ready Food', 'Coffee Bar']",Fantastic Discounts,Gourmet,"7.16 ,000,000illions",3.0072 Millions,1424.85,465.54,310.22,718.9158,diamantina, MG ,-18.2339841777334,-43.59364621093363,votorantim,sp,-23.540699932021333,-47.45842622799934,5.0
mc_ID_6663,"Single Female with two children, education: bachelor'ss degree working as management",70K+,"Fruit from Produce department, Ordered Brand : Ebony",21.8039,18.8967,non recyclable,['Florist'],Roller Savings (High) ,supermarket,12.96 Millions,4.9248 Millions,1321.91,523.32,348.85,532.6232,_cacador,SC,-26.77759782919396,val: -51.0266006692904,juiz De FORA,MG,val: -21.76282506633389,data: -43.34295644532287,4.0
mc_ID_6664,"Single Female with three children, education: partial high school working as manual",10000,"Hygiene from Health and Hygiene department, Ordered Brand : Steady",12.9224,8.5617,non recyclable,['Florist'],Best Savings,,8.56 Millions,2.7392 Millions,1320.15,523.32,348.85,281.4786,Salto Do Itarare,PR,val: -23.60711298410955,-49.6298342745065,Sum@Re,sp,-22.828654864562257,-47.267296160568925,4.0
mc_ID_6665,"Single Female w/ one child, education: high school degree working as manual",30K+,"Vegetables from Produce department, Ordered Brand : Tri-State",17.2978,14.376,recyclable,"['Video Store', 'Bar For Salad', 'Ready Food', 'Florist', 'Coffee Bar']",Money Savers,Deluxe,8.79 Millions,3.0765 Millions,1871.16,593.93,395.95,343.611,campo grande,MS,-20.42929080141216,-54.59572951433716,sao paulo,SP_,-23.554079433810344,-46.53324185942636,2.0
mc_ID_6666,"Single Female with four kidren, education: high school degree working as manual",30K+,"Paper Products from Household department, Ordered Brand : Sunset",19.7689,16.8617,recyclable,['Coffee Bar'],,SUpeRmARket,7.89 Millions,3.7872 Millions,1236.07,440.92,293.95,704.2718,rio  de  janeiro,RJ,-22.882750764257885,-43.5234642776684,piracicaba ,5P,-22.71683928585045,-47.65736585405934,5.0
mc_ID_6667,"Married Male with five children, education: partial high school working as manual",10K+,"Magazines from Periodicals department, Ordered Brand : Gauss",19.3328,measure: 17.8792,non recyclable,['Coffee Bar'],Price Cutters,Small Grocery,1.61 Millions,0.6601 Millions,1423.37,398.93,265.23,700.7677,"JUIZ DE FORA
",_MG,-21.77220552899768,-43.35345796280802,cornelio procopio,Pr,-23.179392166202167,-50.63492242974283,5.0
mc_ID_6669,"Single Male with four children, education: partial high school working as manual",10K+,"Baking Goods from Baking Goods department, Ordered Brand : Landslide",23.1121,20.0596,recyclable,"['Bar For Salad', 'Ready Food']",Super Duper Savers,Supermarket,8.56 Millions,3.1672 Millions,2264.47,853.22,568.75,677.285,barra do pirai,RJ,-22.457161272718484,-43.7951537328728,sao paulo,SP,-23.515379054872383,-46.43703357172863,5.0
mc_ID_6671,"Married Female with two children, education: high school degree working as professional",70K+,"Starchy Foods from Starchy Foods department, Ordered Brand : Monarch",18.8967,14.5359,non recyclable,['Coffee Bar'],Coupon Spectacular,,7.8Ms,3.198 Millions,2069.04,330.83,220.55,473.7334,Sao Paulo,SP,-23.487767580904844,-46.47966343450283,ibitlnga,$P,amount: -21.7664768468313,-48.83154737836604,5.0
mc_ID_6672,"Married Male with three children, education: high school degree working as professional",130K+,"Frozen Entrees from Frozen Foods department, Ordered Brand : Big Time",22.8214,21222.50 grams,recyclable,"['Video Store', 'Bar For Salad', 'Florist', 'Ready Food', 'Coffee Bar']",Bag Stuffer, Deluxe ,11.0 Millions,4.29 Millions,1731.63,503.07,335.38,662.2226,sao  paulo,Sp,-23.55951039494492,-46.66706390175425,guarulhos,Sp,data: -23.411582298084145,-46.44838156702636,5.0
mc_ID_6673,"Single Female with two children, education: HS degree working as manual",30K+,"Pizza from Frozen Foods department, Ordered Brand : Carrington",17.5885,16.1349,recyclable,"['Ready Food', 'Video Store', 'Bar For Salad', 'Florist', 'Coffee Bar']",, Deluxe ,"5.14 ,000,000illions",1.542 Millions,1525.28,373.1,248.79,278.2883,Sao Paulo,SP,-23.555706273913376,-46.74931041523619,santa barbara d'oeste,SP,measure: -22.75967282783305,-47.364736674563375,5.0
mc_ID_6675,"Married Female with three children, education: partial high school working as skilled manual",10K+,"Eggs from Eggs department, Ordered Brand : National",30.9615,data: 27.909,non recyclable,"['Video Store', 'Florist', 'Ready Food', 'Bar For Salad', 'Coffee Bar']",,DeluX3,11.22 Millions,4.7124 Millions,1525.28,373.1,247.56,393.4006,rio de janeiro,RJ,-22.97938068457905,-43.3327651254376,pres1dente prudente,5P,val: -22.09785593377639,-51.40156940368525,5.0
mc_ID_6676,"Married Male with four children, education: partial high school working as manual",$10K+,"Vegetables from Canned Foods department, Ordered Brand : Blue Label",-21.8039,20.3503,non recyclable,['Florist'],Roller Savings (High) ,,6.87 Millions,2.4045 Millions,1320.15,523.32,350.21,532.6232,barueri,SP,-23.50445927126197,-46.84497058265231,sao paulo,SP,-23.65111484251016,-46.75521082321932,5.0
mc_ID_6677,"Single Female with five children, education: partial High School working as manual",30K+,"Meat from Meat department, Ordered Brand : Gerolli",20.0596,17.1524,recyclable,"['Ready Food', 'Coffee Bar', 'Bar For Salad', 'Florist', 'Video Store']",Pick Your Savings,,13.52 Millions,5.1376 Millions,1871.16,593.93,395.95,295.4427,rio de janeiro,rj,data: -22.99399656731484,-43.23396766206948,ribeirao preto,SP,-21.17121748495008,-47.81941847157649,5.0
mc_ID_6678,"Single Female w/ three children, education: high school degree working as manual",30K+,"Pure Juice Beverages from Beverages department, Ordered Brand : Token",15.9895,14.5359,recyclable,,Big Time Discounts,SUPERMARKET,11.2Ms,4.256 Millions,1505.34,227.8,151.9,574.9339,imbituva,PR,amount: -25.221893045911816,-50.59484314673367,sao paulo,$P,-23.554079433810344,-46.53324185942636,5.0
mc_ID_6679,"Married Male with two children, education: partial high school working as manual",10K+,"Electrical from Household department, Ordered Brand : Red Wing",19.1874,16.1349,recyclable,"['Bar For Salad', 'Florist', 'Video Store', 'Coffee Bar', 'Ready Food']",I Cant Believe It Sale,Deluxe,6.78 Millions,3.3222 Millions,1525.28,375.1,250.21,535.9181,Suzano,sp,-23.496645618183383,-46.27632104849606,_lencois paulista,SP,-22.6025864711492,-48.81247149518349,3.0
mc_ID_6680,"Married Female with four kidren, education: bachelors degree working as professional",50K+,"Carbonated Beverages from Beverages department, Ordered Brand : Fabulous",25.7286,21.3678,non recyclable,"['Ready Food', 'Florist', 'Coffee Bar', 'Bar For Salad']",Full Free,deluxe,7.02Ms,3.0888 Millions,2056.29,,436.09,570.3838,sao paulo,"SP
",-23.56253963239443,-46.622343972359054,HoR7olANdIA,SP,-22.887514996879027,-47.19573904628551,5.0
mc_ID_6681,"Single Male with No children, education: bachelors degree working as professional",130K+,"Dairy from Dairy department, Ordered Brand : Booker",measure: 26.8915,22.5307,non recyclable,"['Bar For Salad', 'Florist', 'Video Store', 'Coffee Bar', 'Ready Food']",Saving Days,Gourmet,13.32 Millions,4.662 Millions,1424.85,465.54,311.54,350.9853,selvador,BA,-12.930526785391276,-38.47431037459038,brasilia,DF,measure: -15.84494561197996,-47.98527498130505,1.0
mc_ID_6682,"Married Male with three kids, education: HS degree working as skilled manual",50K+,"Snack Foods from Snack Foods department, Ordered Brand : Fast",16.4256,amount: 12.0648,recyclable,,,Mid-Size,13.0 Millions,4.16 Millions,2085.99,783.64,522.49,509.0882,bom jardim,PE,-7.7934361373164736,-35.59490333040225,sao paulo,SP,data: -23.573782561198005,-46.62058066708981,5.0
mc_ID_6683,"Married_Female_with_three_children,_education:_partial_high_school_working_as_skilled_manual",10K+,"Cold Remedies from Health and Hygiene department, Ordered Brand : Consolidated",15.9895,-13.0823,non recyclable,"['Florist', 'Ready Food', 'Video Store', 'Coffee Bar', 'Bar For Salad']",Bag Stuffer,Deluxe,$4.38 Millions,1.8396 Millions,1734.5,503.07,335.38,662.2226,taquara,RS,-29.648827519014347,-50.78100277488619,salto,SP,-23.198860047870664,-47.29334560811024,5.0
mc_ID_6685,"Single Male with one child, education: high school degree working as manual",30K+,"Cold Remedies from Health and Hygiene department, Ordered Brand : Faux Products",21.0771,-18.1699,non recyclable,['Coffee Bar'],Green Light Special,Small Grocery,1.06 Millions,0.4982 Millions,1420.95,398.93,265.98,665.2037,palmas,Tu_,-10.194659948131218,-48.323723487431415,sa0 paulo,SP,-23.693985995008337,-46.70188324132953,4.0
mc_ID_6687,"Married Male with two children, education: bachelors degree working as professional",50K+,"Bathroom Products from Health and Hygiene department, Ordered Brand : Hilltop",13.4603,12.0067,non recyclable,,Two for One,Supermarket,5.76Ms,2.88 Millions,2049.72,457.36,304.6,300.8296,teofilo otoni,mg,-17.874759140381467,-41.51487387943194,sao paulo,SP,-23.539824031911863,-46.434679443937874,5.0
mc_ID_6689,"Single Female with three children, education: bachelors degree working as professional",70K+,"Candy from Snacks department, Ordered Brand : Musial",28.4904,25.5832,non recyclable,"['Coffee Bar', 'Bar For Salad', 'Florist', 'Ready Food', 'Video Store']",Sale Sale Sale,Delux3,8.43 Millions,4.1307 Millions,1525.28,373.1,247.21,722.6814,Nova Friburgo,rj,-22.226324572778875,-42.52050278638942,sao paulo,SP,-23.59798552039933,-46.55547278711988,4.0
mc_ID_6690,"Married Male with two children, education: partial college working as management",€25K+,"Beer and Wine from Alcoholic Beverages department, Ordered Brand : Portsmouth",16.2802,13.3585,recyclable,"['Ready Food', 'Coffee Bar', 'Bar For Salad', 'Florist']",Super Duper Savers,deLUxe,€4.3M,2.499 Millions,2056.08,654.13,435,364.2695,Mage,RJ,-22.610756596789887,-43.15974082935956,Ribeirao Preto,SP,-21.174925033585303,measure: -47.7686162776848,5.0
,"Single Male with two childran, education: partial college working as skilled manual",360+ monthly,"Hot Beverages from Beverages department, Ordered Brand : BBB Best",-21.0771,measure: 16.7163,recyclable,['Coffee Bar'],Weekend Discount,,7.89Ms,3.3927 Millions,1236.07,440.92,293.95,€309.54,barbacena,MG,-21.20214872553748,-43.7744651701058,ibitinga, SP,-21.7664768468313,-48.83154737836604,5.0
mc_ID_6693,"Single Female with one child, education: partial high school working as manual",10K+,"Pain Relievers from Health and Hygiene department, Ordered Brand : Bird Call",-29.7987,25.4379,recyclable,"['Video Store', 'Florist', 'Bar For Salad', 'Ready Food', 'Coffee Bar']",,,9.54 Millions,3.9114 Millions,2038.11,481.98,321.26,455.3761,Porto Seguru,BA,measure: -16.44446967266491,-39.06166956260506,sao peulo,SP,-23.592445491257426,-46.52635145282469,1.0
mc_ID_6695,"Married Female with two children,education: bachelors degree working as professional",70K+,"Breakfast Foods from Frozen Foods department, Ordered Brand : Carrington",-28.6358,-25.7286,recyclable,"['Video Store', 'Florist', 'Ready Food', 'Bar For Salad', 'Coffee Bar']",One Day Sale,GOURMET,3.68 Millions,1.5824 Millions,1422.96,465.54,310.3,449.1524,Porto Alegre,RS,-30.04307239410819,-51.21141662640671,salto,SP,-23.19024365306712,-47.291570633360266,1.0
mc_ID_6696,"Married Female with two children, education: partial high school working as manual",10K+,"Seafood from Seafood department, Ordered Brand : Kiwi",17.2978,12.9224,non recyclable,"['Ready Food', 'Bar For Salad', 'Coffee Bar', 'Florist', 'Video Store']",,Deluxe,9.52 Millions,4.5696 Millions,2037.43,481.98,321.26,284.3028,Irapuru,SP,val: -21.564375406378986,-51.34768356138114,sao paulo,sp,-23.58343069747245,-46.50203424424373,2.0
mc_ID_6697,"Married Female with four children, education: HS degree working as skilled manual",30K+,"Fruit from Produce department, Ordered Brand : Ebony",amount: 14.4778,amount: 11.5706,non recyclable,,One Day Sale,,€12.6M,5.92 Millions,,457.36,304.87,486.7561,curitiba,###,-25.4985654229174,-49.2677192917704,ribEiRaO pRetO,SP,-21.152969235356927,-47.77227625506376,5.0
mc_ID_6698,"Single Male with one child, education: partial high school working as skilled manual",30K+,"Dairy from Dairy department, Ordered Brand : Gorilla",12.4718,9.5501,recyclable,,Wallet Savers,	Supermarket,11.84 Millions,5.8016 Millions,1508,,153.52,277.8699,meceio,AL,-9.637268337629378,-35.74330375606802,ibitinga,Sp,-21.7664768468313,data: -48.83154737836604,2.0
mc_ID_6699,"Single Female with two children, education: bachelors degree working as management",50K+,"Vegetables from Produce department, Ordered Brand : High Top",-17.8792,16.4256,non recyclable,"['Coffee Bar', 'Florist', 'Ready Food', 'Bar For Salad']",Saving Days,GUURMET,2.76 Millions,1.1592 Millions,1564.86,385.45,257.88,474.0995, sumere ,SP,-22.814155269616304,-47.28249453803813,sao bernard0 do campo,Sp,-23.67170527422236,-46.58997464458433,5.0
mc_ID_6700,"Married Male with five children, education: graduate degree working as professional",110K+,"Vegetables from Canned Foods department, Ordered Brand : Blue Label",18.3153,data: 15.4081,recyclable,"['Ready Food', 'Bar For Salad', 'Florist', 'Coffee Bar', 'Video Store']",Save It (Sale),"Deluxe
","8.01 ,000,000illions",3.5244 Millions,1525.28,373.1,248.79,measure: 393.4006,	vera cruz do oeste,pR,-25.05391410719969,-53.87707432015722,sao goncalo,RJ ,-22.82732701725956,-43.05044041062229,2.0
mc_ID_6701,"Single Male with four children , education: high school degree working as manual",30K+,"Pain Relievers from Health and Hygiene department, Ordered Brand : Consolidated",-14.5359,11.6287,recyclable,,Super Savers,Supermarket,15.92 Millions,4.9352 Millions,2049.72,457.36,304.91,339.8977,sau paulo,$P,-23.399076410421344,-46.75061851654839, ibitinga,SP,-21.7664768468313,-48.83154737836604,val: 1.0
mc_ID_6702,"Single Female with three children, education: bachelors degree working as professional",10K+,"Beer and Wine from Alcoholic Beverages department, Ordered Brand : Pearl",?,10.1897,non recyclable,['Coffee Bar'],Savings Galore,SUPERMARKET,"2.7 ,000,000illions",0.837 Millions,1236.07,440.92,293.95,724.5119,bertioga,SP,-23.82834010075353,-46.1430173832652,SAO pAulO,SP,-23.58452319555432,val: -46.51460627909786,5.0
mc_ID_6703,Married Female with three children and education: bachelors degree working as professional,50K+,"Frozen Desserts from Frozen Foods department, Ordered Brand : PigTail",24711.10 grams,21.8039,non recyclable,"['Video Store', 'Bar For Salad', 'Coffee Bar', 'Florist', 'Ready Food']",Best Savings,Deluxe,€4.5M,2.2704 Millions,1871.16,,395.95,278.7067,sao manuel,Sp,-22.727403202155887,-48.60008416203543,Bat@Tais,SP,-20.916468353698388,-47.574216767527176,5.0
mc_ID_6704,"Single Female with one child, education: high school degree working as manual",30K+,"Vegetables from Produce department, Ordered Brand : High Top",27.1822,25.7286,non recyclable,"['Florist', 'Bar For Salad', 'Ready Food', 'Coffee Bar']",Shelf Emptiers,GOURMET,11.8 Millions,5.074 Millions,1562.08,385.45,256.97,773.0986,resende,rj,-22.488086808211687,amount: -44.48674284595193,maringa,PR,-23.437975269077903,data: -51.91385959802448,3.0
mc_ID_6705,"Single  Male  with  four  childran,  education:  partial  high  school  working  as  skilled  manual",10K+,"Snack Foods from Snack Foods department, Ordered Brand : Fast",15.5534,-12.6317,non recyclable,['Coffee Bar'],Dimes Off, Small Grocery ,4.8 Millions,2.304 Millions,1423.37,398.93,266.03,531.6295,macae,RJ_,-22.390114971582683,-41.786465462466936,GuaRiba,SP,-21.36235769739203,-48.232975701561735,5.0
mc_ID_6709,"Married Female with one child, education: partial college working as professional",30K+,"Dairy from Dairy department, Ordered Brand : Club",25.7286,22.8214,recyclable,"['Coffee Bar', 'Bar For Salad', 'Florist', 'Ready Food']",Save It (Sale),Deluxe,5.01 Millions,1.5531 Millions,2056.18,656.13,436.09,728.9051,	carapicuiba,$P,amount: -23.55117864806671,-46.83780800807718,toledo,PR,-24.709844492474502,data: -53.75003279931422,5.0
mc_ID_6710,"Single Male with three children, education: partial high school working as manual",120+ monthly,"Dairy from Dairy department, Ordered Brand : Club",20.4957,16.1349,non recyclable,,GLD,Supermarket,15.28 Millions,6.4176 Millions,1508,227.8,153.5,amount: 727.9637,angra dos reis, RJ ,amount: -23.005317583424937,-44.53795069744708,sao paulo,SP,val: -23.53877907744238,-46.53648566833056,10.0/10
mc_ID_6711,"MARRIED  MALE  WITH  TWO  CHILDREN,  EDUCATION:  GRADUATE  DEGREE  WORKING  AS  MANAGEMENT",110K+,"Jams and Jellies from Baking Goods department, Ordered Brand : BBB Best",29.3626,25.0018,non recyclable,"['Ready Food', 'Bar For Salad']",Super Savers,,3.8 Millions,1.52 Millions,2448.37,470.27,313.55,754.7413,brasilia,DF,-15.793031232298508,data: -47.84911632722603,curitiba,PR,-25.464029318048183,-49.30472794690424,5.0
mc_ID_6712,"Single Female with four children, education: graduate degree working as professional",70K+,"Snack Foods from Snack Foods department, Ordered Brand : Horatio",-17.4431,13.0823,non recyclable,"['Florist', 'Ready Food', 'Bar For Salad', 'Coffee Bar', 'Video Store']",GLD,deluxe,$9.54 Millions,4.1022 Millions,1871.16,593.93,396.96,484.1411,_belo horizonte,MG,-19.958089201771624,-43.9755311729182,IBITINGA,SP,-21.7664768468313,-48.83154737836604,5.0
mc_ID_6715,"Single Male with No children, education: bachelors degree working as professional",50 Thousand,"Paper Products from Household department, Ordered Brand : Red Wing",27.4729,25.874,non recyclable,['Coffee Bar'],Best Price Savers,Supermarket,$10.11 Millions,4.044 Millions,1236,440.92,293.15,720.5371,sao borja,R5,-28.64811643932405,-56.01059894796059,rio de janeiro,RJ,-22.920104850395337,-43.22138202997862,5.0
mc_ID_6716,"Single Male with one child, education: high school degree working as manual",50K+,"Pain Relievers from Health and Hygiene department, Ordered Brand : Bird Call",28.9265,25.874,non recyclable,['Florist'],You Save Days,Supermarket,11.48 Millions,5.0512 Millions,1320.15,523.32,348.85,689.3663,birigui,sp,-21.279941420675893,data: -50.336008501995344,Ribeirao Preto,Sp,-21.174925033585303,val: -47.7686162776848,20%
mc_ID_6717,"Single Female with three children, education: partial high school working as professional",130K+,"Miscellaneous from Checkout department, Ordered Brand : Queen",19.7689,16.8617,recyclable,['Coffee Bar'],Best Price Savers,Supermarket,5.64 Millions,2.3688 Millions,1236.07,440.92,293.95,720.5371,vespasiano,MG,-19.755283922647653,-43.94895032392866, IBITINGA ,$P,-21.7664768468313,-48.83154737836604,val: 5.0
mc_ID_6719,"Single Female with five children, education: partial high school working as manual",10K+,"Vegetables from Produce department, Ordered Brand : High Top",13.155,8.7942,non recyclable,,,Supermarket,7.36 Millions,3.4592 Millions,,,304.91,486.7561,arvoredo ,sc,-27.073677924846148,-52.46063391683467,limeira,SP,-22.56835042131686,-47.44743947974489,measure: 3.0
mc_ID_6720,"SiNgLe mAlE WiTh tWo cHiLdReN, eDuCaTiOn: Hs dEgReE WoRkInG As sKiLlEd mAnUaL",30K+,"Snack Foods from Snack Foods department, Ordered Brand : Fast",18.8967,14.5359,recyclable,['Coffee Bar'],Best Price Savers,Small Grocery,€3.2M,1.1656 Millions,2069.04,330.83,220.55,495.2287,ukhoa,5p,-20.946818080469104,-49.17000665909212,guarulhos,SP,-23.469882726614365,-46.46679213044607,5.0
mc_ID_6724,"Single Female with four children, education: high school degree working as skilled manual, education: high school degree working as skilled manual",30000,"Electrical from Household department, Ordered Brand : Cormorant",30.5255,29.0719,non recyclable,['Florist'],Super Savers,,1.77 Millions,0.708 Millions,1323.1,523.32,348.85,data: 338.6948,osasco,Sp,-23.544421691355613,-46.78839877935824,BELO HorizONTe,MG,-19.878513898894187,-43.95694702879617,3.0
mc_ID_6725,"Married Male with two children, education: Bachelors degree working as management",10K+,"Dairy from Dairy department, Ordered Brand : Carlson",-24.8564,amount: 21.9493,non recyclable,"['Bar For Salad', 'Coffee Bar', 'Video Store', 'Florist', 'Ready Food']",,Gourmet,"6.6 ,000,000illions",3.036 Millions,1424.18,,310.3,data: 360.0332,goiania,G0,-16.68095471241174,-49.20636796865232,campo mourao,PR,amount: -24.03529260389033,-52.37957021179355,5.0
mc_ID_6726,"Married Male with five children, education: high school degree working as skilled manual",30k,"Baking Goods from Baking Goods department, Ordered Brand : CDR",30.8162,26.4554,recyclable,"['Ready Food', 'Bar For Salad']",Wallet Savers,Supermarket,"8.85 ,000,000illions",4.425 Millions,2448.49,470.27,313.55,324.8876,presidente prudente,SP,-22.149776645813773,-51.42303862938095,SAO PAULO,SP,-23.65250284762537,-46.66809535567546,amount: 5.0
mc_ID_6727,"Single Male with three children, education: High School degree working as manual",30K+,"Breakfast Foods from Frozen Foods department, Ordered Brand : Golden",12.8352,measure: 9.9135,recyclable,,Price Winners,Mid-Siz3,€8.0M,3.776 Millions,,447.7,298.41,478.9634,sao paulo,SP,-23.493293256630533,-46.69275190643714,Santo @Ndre,	Sp,-23.61571809769749,-46.53118432278263,5.0
mc_ID_6730,"Married Male with two children, education: high school degree working as manual",30K+,"Fruit from Canned Products department, Ordered Brand : Swell",12.53,11.0618,non recyclable,"['Bar For Salad', 'Ready Food']",Shelf Clearing Days,,4.68 Millions,1.7784 Millions,2448.37,?,313.55,363.6942,floresta,PE,val: -8.601279061473267,-38.56880103092132,curitiba,Pr,-25.3790622139032,-49.22700417208608,4.0
mc_ID_6731,"Married Female with one child, education: partial high school working as skilled manual",10K+,"Pain Relievers from Health and Hygiene department, Ordered Brand : Steady",15.6988,12.7916,recyclable,"['Ready Food', 'Bar For Salad']",Super Savers,,5.22Ms,1.827 Millions,,470.27,313.55,measure: 719.3865,ITU,sp,-23.28024027283236,-47.28408336583513,Sao Paulo,Sp,-23.65281620260835,-46.59941026824976,5.0
mc_ID_6733,"Marriied Female with four children, education: partial high school working as skilled manual",120+ monthly,"Canned Soup from Canned Foods department, Ordered Brand : Just Right",10.3496,-8.8815,non recyclable,"['Bar For Salad', 'Ready Food']",Super Savers,SuPermARkET,"18.8 ,000,000illions",7.896 Millions,2448.37,470.27,,719.3865,Guarulhos,5P,-23.434701180163835,-46.40890359008191,pedreira,SP,-22.73824150585765,-46.8958585777586,5.0
mc_ID_6734,"Married Male with No children, education: bachelors degree working as professional",10K+,"Snack Foods from Snack Foods department, Ordered Brand : Best Choice",15.1174,10.7421,recyclable,"['Florist', 'Coffee Bar', 'Bar For Salad', 'Ready Food', 'Video Store']",Sale Sale Sale,Gourme7,"2.28 ,000,000illions",0.7524 Millions,1424.85,465.54,309.42,304.1768,M@Catuba,$P,-22.50137476856727,-48.707334186318725,porto aIegre,RS,amount: -30.00731246906908,-51.19422244408211,4.0
mc_ID_6735,"Single_Male_with_one_child,_education:_bachelors_degree_working_as_professional",70K+,"Dairy from Dairy department, Ordered Brand : Gorilla",19.3328,14.972,recyclable,"['Video Store', 'Ready Food', 'Florist', 'Bar For Salad', 'Coffee Bar']",Promo Big,Deluxe,10.02 Millions,4.509 Millions,1871.16,593.93,395.95,578.2288,sao luis,MA,-2.544714712187633,-44.28027787898898,suzano,SP,-23.54646763188849,measure: -46.31743880609893,measure: 2.0
mc_ID_6736,"Single Female with two children, education: graduate degree working as professional",110K+,"Vegetables from Produce department, Ordered Brand : Ebony",-21.2225,16.8617,non recyclable,['Florist'],Big Time Discounts,SUPERMARKET,5.42 Millions,1.9512 Millions,1320.15,523.32,,data: 765.7243,e$meraldas,mg,-19.80187464917277,-44.151302150264485,sao paulo,SP,-23.51674732944774,-46.54818243075192,3.0
mc_ID_6738,"Married Female with four children,education: high school degree working as management",130K+,"Starchy Foods from Starchy Foods department, Ordered Brand : Medalist",val: 30.5255,amount: 29.0719,recyclable,"['Ready Food', 'Video Store', 'Coffee Bar', 'Florist', 'Bar For Salad']",Save Price,Gourmet,5.36 Millions,2.6264 Millions,1424.85,465.54,310.38,670.486,belo horlzonte,MG,-19.94244782041672,-43.91448426755726, PetrOpOlis ,RJ,-22.549033360244323,-43.210094724044055,data: 5.0
mc_ID_6739,"Married Male with three childran, education: partial college working as clerical",30K+,"Snack Foods from Snack Foods department, Ordered Brand : Nationeel",23.6936,19.1874,non recyclable,"['Coffee Bar', 'Florist', 'Ready Food', 'Video Store', 'Bar For Salad']",Dimes Off,Deluxe,3.42 Millions,1.4706 Millions,2040.72,481.98,322.12,data: 602.7575,campos dos goytacazes,rj,-21.753758653386228,measure: -41.33389901937112,	ilicinea, MG,-20.944705621834668,-45.82709818233235,10.0/10
mc_ID_6741,"Married Female w/ No children, education: bachelors degree working as professional",50K+,"Plastic Products from Household department, Ordered Brand : Sunset",31.543,1010.10 oz,recyclable,"['Bar For Salad', 'Coffee Bar', 'Florist', 'Ready Food']",,DELUXE ,4.52 Millions,1.7628 Millions,2054.77,654.13,,500.7202,"itaquaquecetuba
", SP ,-23.48262344063541,-46.37448952833195,PIRACICABA,SP,-22.71683928585045,-47.65736585405934,5.0
mc_ID_6743,"Single Male with No children, education: partial high school working as manual",10K+,"Beer and Wine from Alcoholic Beverages department, Ordered Brand : Portsmouth",val: 12.2247,amount: 10.7566,non recyclable,['Florist'],Weekend Discount,,$10.29 Millions,3.9102 Millions,1320.15,525.32,348.59,279.1251,guarapuava,PR,-25.36951502810429,-51.4365787350332,ibitlnga, SP ,-21.7664768468313,-48.83154737836604,4.0
mc_ID_6744,"Married Female with three children, education: partial high school working as professional",130K+,"Candy from Snacks department, Ordered Brand : Atomic",15.8442,14.376,recyclable,"['Coffee Bar', 'Ready Food', 'Florist', 'Bar For Salad']",,Gourmet,1.8 Millions,0.684 Millions,...,385.45,255.45,£346.09,espirlto santo do pinhal,SP,-22.18081673466526,-46.75045932004407,sao paulo,SP,-23.554597380692613,-46.57370400298258,5.0
mc_ID_6745,"Married Male with three children, education: partial High School working as manual",10K+,"Side Dishes from Deli department, Ordered Brand : Red Spade",24565.70 grams,21.5132,non recyclable,"['Ready Food', 'Video Store', 'Bar For Salad', 'Coffee Bar', 'Florist']",Price Cutters,GOuRMEt,2.04 Millions,0.6732 Millions,,465.54,310.9,675.716,jaragua do sul,SC,-26.50713904579032,-49.13313967470719,ibitinga ,_SP,-21.7664768468313,-48.83154737836604,1.0
mc_ID_6746,"Single Female with four children, education: high school degree working as skilled manual",30k,"Cleaning Supplies from Household department, Ordered Brand : Cormorant",9.0268,6.1196,recyclable,['Coffee Bar'],Best Price Savers,Supermarket,7.78 Millions,2.8786 Millions,,442.92,294.43,720.5371,itaquaquacetuba,_SP,-23.499811448079384,-46.34170601855715, limeira ,SP,-22.599254430886607,-47.37980963550319,1.0
mc_ID_6747,"Married Male with one child, education: bachelors degree working as professional",110K+,"Frozen Desserts from Frozen Foods department, Ordered Brand : Imagine",12.3119,9.4047,non recyclable,"['Coffee Bar', 'Florist', 'Ready Food', 'Bar For Salad', 'Video Store']",Money Savers,Deluxe,9.63 Millions,4.4298 Millions,,593.93,395.95,amount: 343.611,americana,SP,-22.74703919816495,measure: -47.34322030252755,guarulhos,SP,-23.422313378296494,-46.520062240348594,5.0
mc_ID_6749,SINGLE MALE WITH THREE CHILDREN; EDUCATION: PARTIAL HIGH SCHOOL WORKING AS SKILLED MANUAL,10K+ annually,"Bathroom Products from Health and Hygiene department, Ordered Brand : Consolidated",47.11 lbs,18.3153,non recyclable,,,Supermarket,2.55 Millions,1.1985 Millions,1508.57,227.8,151.9,619.0228,_sao paulo,SP,-23.539390973628056,-46.40558766694557,ibitinga,SP,-21.7664768468313,measure: -48.83154737836604,1.0
mc_ID_6750,"Married Female with No children, education: partial high school working as skilled manual",10K+,"Vegetables from Produce department, Ordered Brand : High Top",15.2627,12.3555,non recyclable,"['Florist', 'Bar For Salad', 'Coffee Bar', 'Ready Food', 'Video Store']",One Day Sale,"deluxe
",3.32 Millions,1.328 Millions,,481.98,322.09,767.3456,sao paulo,SP,measure: -23.69435938386508,-46.709580934358605,jaguariuna,Sp,measure: -22.68805598473656,val: -46.98525572799933,5.0
mc_ID_6753,"Married Male with three children, education: partial high school working as manual",30K+,"Canned Tuna from Canned Foods department, Ordered Brand : Blue Label",14.1144,395.32 oz,recyclable,,Two for One,supermarket,5.64Ms,1.974 Millions,2049.72,457.36,304.91,300.8296,Duque De Caxias, RJ,-22.76533474882392,measure: -43.30808280493542,SAo pAulO,sp,-23.539824031911863,amount: -46.434679443937874,5.0
mc_ID_6754,"Single Female with four children, education: partial high school working as skilled manual",10000,"Canned Soup from Canned Foods department, Ordered Brand : Just Right",24.275,753.73 oz,non recyclable,"['Ready Food', 'Coffee Bar', 'Video Store', 'Bar For Salad', 'Florist']",One Day Sale,Deluxe,$5.97 Millions,2.1492 Millions,1871.16,593.93,394.33,360.3993,arroio dos ratos,RS,-30.09441938862547,-51.726682594654605,ibitinga, SP ,amount: -21.7664768468313,-48.83154737836604,5.0
mc_ID_6755,"Single Male with No children, education: bachelors degree working as management",50K+,"Kitchen Products from Household department, Ordered Brand : High Quality",1061.37 oz,28.6358,recyclable,,Price Destroyers,Supermarket,8.43 Millions,4.215 Millions,1508,227.8,151.9,588.3227,rio de janeiro,RJ,-22.805776179896323,-43.20393517954484,maringa,PR,-23.377396999935016,-51.93100618003307,5.0
mc_ID_6756,"Married Female with five children, education: high school degree working as skilled manual",30K+,"Specialty from Produce department, Ordered Brand : Hermanos",24420.40 grams,50.31 lbs,recyclable,"['Florist', 'Bar For Salad', 'Ready Food', 'Coffee Bar']",Tip Top Savings,,7.59 Millions,3.1119 Millions,2055.29,654.13,437.25,745.6934,rio de janeiro,Rj,val: -22.915061705811,-43.55265523076929,sao paulo,Sp,-23.59798552039933,-46.55547278711988,5.0
mc_ID_6757,"single female w/ no children, education: bachelors degree working as management",840+ monthly,"Snack Foods from Snack Foods department, Ordered Brand : Best Choice",29.5079,27.909,recyclable,"['Ready Food', 'Florist', 'Bar For Salad', 'Video Store', 'Coffee Bar']",GLD,Deluxe,9.57 Millions,4.2108 Millions,1872.5,593.93,395.12,484.1411,curitib4,Pr,-25.484788854838737,-49.25536574672524,SALTO,SP,-23.20591698084141,-47.307845865803,5.0
mc_ID_6762,"Single Female with two children, education: high school degree working as manual",30K+,"Vegetables from Canned Foods department, Ordered Brand : Better",23.1121,20.0596,non recyclable,"['Florist', 'Video Store', 'Ready Food', 'Bar For Salad', 'Coffee Bar']",,Deluxe,8.49 Millions,2.9715 Millions,1734.5,503.07,335.38,313.0678,Itauna ,###,-20.08212660423176,-44.5732983518722,conselheiro lafaiete,Mg,-20.656390614345373,-43.80405126006627,5.0
mc_ID_6763,"MaRrIeD MaLe wItH TwO ChIlDrEn, EdUcAtIoN: bAcHeLoRs dEgReE WoRkInG As mAnAgEmEnT",70K+,"Snack Foods from Snack Foods department, Ordered Brand : Nationeel",19.4781,17.8792,non recyclable,,Price Slashers,Supermarket,7.05 Millions,2.7495 Millions,1623.48,341.05,227.24,277.0331,Llheus,BA,-14.79049472559921,-39.04261060073353,Aracatuba,SP,-21.21832154593456,-50.400362346932894,4.0
mc_ID_6766,"Single Female with one child, education: high school degree working as skilled manual",30K+,"Snack Foods from Snack Foods department, Ordered Brand : Horatio",10.2333,measure: 7.3116,non recyclable,"['Florist', 'Coffee Bar', 'Ready Food', 'Video Store', 'Bar For Salad']",,GoURMEt,$9.24 Millions,3.3264 Millions,1424.85,465.54,310.3,281.4786,pirecicaba,SP,-22.693073720785986,-47.65447299085341,Sao JoSe dO Rio PRetO,SP,-20.80243626346376,-49.39562406741489,5.0
mc_ID_6768,"Married Female with three children, education: high school degree working as professional",90K+ annually,"Baking Goods from Baking Goods department, Ordered Brand : CDR",30.8162,26.4554,recyclable,"['Video Store', 'Bar For Salad', 'Ready Food', 'Florist', 'Coffee Bar']",Two Day Sale,Gourmet,"11.8 ,000,000illions",5.664 Millions,1426.29,465.54,,val: 663.5824,pa7os de minas,MG,-18.57752574608208,-46.52839637738491,sao paulo,sp,-23.7836170269202,amount: -46.68314048987244,1.0
mc_ID_6770,"Single Male with one child, education: bachelors degree working as professional",70K+,"Beer and Wine from Alcoholic Beverages department, Ordered Brand : Good",10.2769,8.8233,recyclable,['Coffee Bar'],Sale Sale Sale,Supermerket,11.73 Millions,5.7477 Millions,1238.36,440.92,292.48,473.7334,Santiago,RS,-29.18998882356588,-54.8719981328078, guaruLhoS ,SP,-23.453200132516344,-46.484469408993874,4.0
mc_ID_6772,"sINGLE mALE WITH THREE CHILDREN, EDUCATION: HIGH SCHOOL DEGREE WORKING AS MANUAL",120+ monthly,"Snack Foods from Snack Foods department, Ordered Brand : Nationeel",10.1461,8.69 kg,non recyclable,['Coffee Bar'],Super Duper Savers,Small Grocery,4.44 Millions,1.9092 Millions,1394.66,534.29,356.19,611.4393,salvador, BA,-12.9350011688768,-38.37343053154256,SAO P4ULO,Sp,-23.472335179294816,val: -46.64636526449883,5.0
mc_ID_6773,"Single Male with one child, education: Bachelors degree working as management",70K+,"Vegetables from Produce department, Ordered Brand : High Top",31.8337,30.2347,non recyclable,"['Ready Food', 'Video Store', 'Florist', 'Coffee Bar', 'Bar For Salad']",Price Winners,Deluxe_,4.29 Millions,2.1021 Millions,1871.16,593.93,395.95,436.9665,pedreira,5P,-22.73824150585765,data: -46.8958585777586,indaiatuba,5p,...,-47.21441923786709,5.0
mc_ID_6774,"Single Male with one child, education: partial high school working as skilled manual",10K+,"Frozen Desserts from Frozen Foods department, Ordered Brand : Imagine",19.9142,15.4081,non recyclable,"['Ready Food', 'Bar For Salad']",Money Savers,Supermarket,15.24Ms,6.4008 Millions,2265.9,853.22,568.11,432.0503,rio claro,SP,amount: -22.402133192076768,-47.56233402025511,lages,sk,-27.82214624923539,-50.34177358422306,5.0
mc_ID_6775,"Single Female with one child, education: high school degree working as manual",30K+,"Snack Foods from Snack Foods department, Ordered Brand : Fast",31.6883,30.0894,recyclable,"['Ready Food', 'Video Store', 'Coffee Bar', 'Bar For Salad', 'Florist']",Super Savers,Deluxe,3.64 Millions,1.5652 Millions,1525.28,373.1,248.79,755.9442,CUite,pb,-6.483656437688705,-36.14578588678153,,,,,1.0
mc_ID_6776,"Single Male with one child, education: partial high school working as manual",10 Thousand,"Electrical from Household department, Ordered Brand : Red Wing",29.944,data: 27.0368,recyclable,['Coffee Bar'],Shelf Clearing Days,Supermarket,3.99 Millions,1.3965 Millions,1236.07,440.92,293.95,521.7971,PARANAGUA,PR,-25.54845869660805,-48.55682115640703,riberao preto,SP,-21.16850440882337,-47.79370519233655,5.0
mc_ID_6777,"Single Female with four children, education: high school degree working as manual",30K+,"Vegetables from Produce department, Ordered Brand : High Top",31.8337,30.2347,non recyclable,"['Ready Food', 'Coffee Bar', 'Florist', 'Bar For Salad']",Super Savers,deluxe,"7.15 ,000,000illions",2.717 Millions,2054.85,654.13,436.13,373.9973,lencois paulista,SP,-22.59872084700082,-48.79900625450397,umuarama,PR,-23.757178599774967,-53.29107393545511,5.0
mc_ID_6779,"Single Female with one child , education: partial High School working as professional",$90K+,"Seafood from Seafood department, Ordered Brand : Curlew",13.0387,measure: 10.1315,non recyclable,"['Florist', 'Video Store', 'Ready Food', 'Coffee Bar', 'Bar For Salad']",Shelf Clearing Days,,3.24 Millions,1.134 Millions,,593.93,394.68,516.7763,Valinhos ,SP,-22.983092033963143,-46.99579127087601,sa0 paulo,Sp,-23.50126797890817,-46.73964800083672,5.0
mc_ID_6785,"Single Female with four kidren, education: high school degree working as skilled manual",30K+,"Starchy Foods from Starchy Foods department, Ordered Brand : Discover",21.0771,19.6235,recyclable,"['Video Store', 'Florist', 'Bar For Salad', 'Coffee Bar', 'Ready Food']",Price Slashers,,8.19 Millions,3.8493 Millions,1734.5,503.07,335.38,€240.55,sao pau1o,$P,-23.559238666108847,-46.61831887996994,jundiEI,SP,-23.221847481562573,data: -46.86292270289681,5.0
mc_ID_6787,"Single Male with two children, education: partial high school working as manual",10K+,"Dairy from Dairy department, Ordered Brand : Carlson",12.7771,-8.4018,recyclable,,Super Wallet Savers,Supermark3t,$7.08 Millions,2.1948 Millions,1509.36,-1,151.9,733.1937,sao paulo,SP,-23.506049208479613,-46.71737739541604,limeira,SP,-22.541719708891844,measure: -47.427681190013296,5.0
mc_ID_6790,"Married Female w/ four children, education: bachelors degree working as management",Income: 50K+,"Snack Foods from Snack Foods department, Ordered Brand : Horatio",30.3801,28.7811,recyclable,['Coffee Bar'],Price Smashers,"SMALL GROCERY
",5.31 Millions,2.2302 Millions,1422.52,398.93,,759.6052,"sao leopoldo
",rs,,-51.1092675,sao paulo,SP,-23.575745041924048,-46.74085825118136,4.0
mc_ID_6791,"Single Male with No children , education: partial high school working as skilled manual",10K+,"Dairy from Dairy department, Ordered Brand : Carlson",12.6608,9.7536,recyclable,['Florist'],Shelf Emptiers,supermarket,€4.6M,2.0748 Millions,,523.32,349.49,564.2647,santa isabel,SP,-23.313367272379296,-46.23184349266853,Campo Limpo Paulista,SP ,-23.20706431353269,amount: -46.760735214610754,5.0
mc_ID_6792,"Married Female with one child, education: partial college working as clerical",30K+,"Dairy from Dairy department, Ordered Brand : Club",22.5307,amount: 19.6235,non recyclable,"['Video Store', 'Florist', 'Bar For Salad', 'Coffee Bar', 'Ready Food']",Tip Top Savings,Deluxe,9.24 Millions,2.9568 Millions,,483.98,321.4,416.2557,SAO BERNARDO DO CAMPO,SP,-23.695889045942334,-46.58174395098847,joinville,SC,measure: -26.28314924562872,-48.85128463059032,5.0
mc_ID_6793,"Married Female with one child, education: bachelors degree working as professional",70 Thousand,"Starchy Foods from Starchy Foods department, Ordered Brand : Monarch",11.9195,-7.5441,recyclable,,Two for One,SupermarKEt,8.7 Millions,2.697 Millions,,457.36,304.91,300.8296,amparo,SP,-22.71217282988044,-46.78936475062037,porto ferreira,sp,amount: -21.858555070695942,-47.48403458197557,5.0
mc_ID_6794,"Single Female with three children, education: bachelors degree working as professional",70K+,"Miscellaneous from Checkout department, Ordered Brand : Akron",11.9776,9.0559,non recyclable,,,,5.22 Millions,1.9836 Millions,1508,227.8,151.9,565.9906,guarulhos,"SP
",-23.45311768995765,measure: -46.4744416242606,	sao paulo,5P,-23.554079433810344,-46.53324185942636,4.0
mc_ID_6795,"Married Male with four children, education: bachelors degree working as professional",50K+,"Beer and Wine from Alcoholic Beverages department, Ordered Brand : Pearl",22.3853,17.8792,non recyclable,['Florist'],Weekend Discount,Supermarket,"5.22 ,000,000illions",2.0358 Millions,1320.15,523.32,347.78,279.1251,7eutonia,RS,-29.513654924818667,-51.810979665661065,sao jose do rio preto,5P,-20.80243626346376,-49.39562406741489,3.0
mc_ID_6796,"SiNgLe mAlE WiTh tHrEe cHiLdReN, eDuCaTiOn: BaChElOrS DeGrEe wOrKiNg aS PrOfEsSiOnAl",50K+,"Hardware from Household department, Ordered Brand : High Quality",11.1054,8.1837,recyclable,"['Bar For Salad', 'Ready Food', 'Coffee Bar', 'Video Store', 'Florist']",Price Slashers,,"7.86 ,000,000illions",2.4366 Millions,1734.5,505.07,335.38,amount: 282.9953,araraquara,$P,-21.778926590339896,-48.15890478322473,çuritiba,PR,-25.432110597005,-49.25976793963871,5.0
mc_ID_6797,"Single Female with two children, education: high school degree working as manual",30K+,"Snack Foods from Snack Foods department, Ordered Brand : Fast",31.6883,30.0894,recyclable,"['Bar For Salad', 'Ready Food']",Shelf Clearing Days,Supermarket,3.64 Millions,1.638 Millions,2265.9,853.22,,554.903,Santo 	Andre,SP,-23.653211574239744,-46.55446338438468,sao  p@ulo,"SP
",-23.4719444074384,-46.59864459256161,5.0
mc_ID_6798,"Single Female with five children, education: high school degree working as manual",10K+,"Snack Foods from Snack Foods department, Ordered Brand : Horatio",26.6008,-22.0946,recyclable,['Coffee Bar'],Price Smashers,Supermarket,8.46 Millions,3.9762 Millions,1236.07,440.92,293.95,722.9429,rio de janeiro,RJ,-22.88641096422165,-43.3508660295746,pinhalzinho,SP,-22.78314454789037,-46.58949540991712,5.0
mc_ID_6799,"Single Female with one child, education: partial high school working as manual",10k,"Snack Foods from Snack Foods department, Ordered Brand : Fort West",measure: 9.8554,6.9482,non recyclable,"['Ready Food', 'Bar For Salad']",Super Duper Savers,supermarket,15.84 Millions,6.6528 Millions,2265.9,853.22,568.75,data: 677.285,sao paulo,SP,-23.541718547319537,-46.64883066180968,	Curitiba,PR,-25.41810890007532,-49.2549331354036,data: 3.0
mc_ID_6800,Single Female with four children + education: partial high school working as management,90K+,"Drinks from Beverages department, Ordered Brand : Excellent",18.606,15.6988,non recyclable,['Coffee Bar'],Sale : Double Down,Small Grocery,5.96 Millions,2.682 Millions,2069.04,330.83,,678.0172,canoas,RS,-29.91685197169481,-51.17985034021047,guarulhos,$P,-23.44007914793122,-46.51144923980033,5.0
mc_ID_6801,"Married Female with four children, education: bachelors degree working as professional",50K+,"Dairy from Dairy department, Ordered Brand : Club",21.0771,19.6235,recyclable,"['Coffee Bar', 'Video Store', 'Florist', 'Ready Food', 'Bar For Salad']",Price Winners,Deluxe,€3.7M,1.8228 Millions,2035.86,481.98,321.26,453.9117,MACAPA,AP,measure: 0.0490969345087335,-51.05735669770298,rec1fe,PE_,-8.138173275583135,-34.9322264583223,5.0
mc_ID_6802,"Single Female with two children, education: bachelors degree working as management",50000,"Baking Goods from Baking Goods department, Ordered Brand : CDR",-14.972,12.0648,recyclable,"['Bar For Salad', 'Ready Food', 'Florist', 'Coffee Bar']",,Gourmet,8.76 Millions,4.1172 Millions,1564.81,385.45,255.29,773.0986,jau, SP ,,-48.5521513301464,rio do sul,SC,-27.227305885654083,-49.64789177350121,5.0
mc_ID_6803,"Marrie Female with three children, education: partial High School working as professional",$90K+,"Carbonated Beverages from Beverages department, Ordered Brand : Washington",22.9668,20.0596,non recyclable,,Coupon Spectacular,,4.6 Millions,1.61 Millions,2085.67,783.64,522.49,658.0909,rio claro,sp,measure: -22.41279106394308,-47.55498970959049,sao paulo,sp,-23.58452319555432,data: -46.51460627909786,5.0
mc_ID_6804,"Single Female with four children, education: partial high school working as skilled manual",30K+,"Fruit from Produce department, Ordered Brand : Ebony",10.5822,-9.1286,recyclable,"['Ready Food', 'Bar For Salad']",,$upermarket,10.29 Millions,4.6305 Millions,2265.9,,568.75,346.1214,sao paulo,SP,amount: -23.60663166028048,-46.66806552178432,monte siao,MG,-22.42880507067007,-46.569550269431765,5.0
mc_ID_6805,"Single Female with one child, education: high school degree working as manual",30 Thousand,"Kitchen Products from Household department, Ordered Brand : High Quality",13.0969,11.6433,non recyclable,['Florist'],Weekend Discount,Supermarket,"6.45 ,000,000illions",2.838 Millions,1320.15,523.32,,279.1251,piracicaba,SP,-22.75658158673322,-47.6511707514571,sAo PaUlo,sp,-23.605673521784304,-46.618990239800326,5.0
mc_ID_6807,"Married Male with four children, education: bachelors degree working as professional",Income: 50K+,"Hardware from Household department, Ordered Brand : Sunset",28.4904,25.5832,recyclable,"['Florist', 'Coffee Bar']",Save It (Sale),,5.49 Millions,2.1411 Millions,2552.85,,261,308.6746,niteroi,RJ,measure: -22.90347156010148,-43.09538136456224,Pedreira,	SP,-22.73824150585765,-46.8958585777586,1.0 stars
mc_ID_6808,"Married Male with three children, education: high school degree working as professional",150K+,"Snack Foods from Snack Foods department, Ordered Brand : Fort West",9.8554,6.9482,non recyclable,['Coffee Bar'],,,15.84 Millions,6.4944 Millions,1236.07,442.92,293.95,364.1649,sao luis,Ma ,-2.5943629787545097,-44.24752855628359,sao paulo,SP,-23.558072306116813,-46.60586586856825,5.0
mc_ID_6810,"Married Male with five children, education: high school degree working as professional",110K+,"Bread from Baked Goods department, Ordered Brand : Modell",22.24,20.7864,non recyclable,['Florist'],Roller Savings (High) ,sUpermarkeT ,6.6 Millions,2.178 Millions,1320.15,523.32,,532.6232, 5ertaozinho,5P,-21.074806170317235,-47.89892760667888,montenegro,RS,-29.67034898140752,-51.46146829327502,4.0
nil,"Married Male with two children, education: partial college working as skilled manual",50K+,"Canned Soup from Canned Foods department, Ordered Brand : Just Right",13.2277,val: 10.3205,non recyclable,"['Ready Food', 'Bar For Salad']",Big Time Discounts,Supermarket,2.62 Millions,1.179 Millions,2448.37,470.27,313.55,amount: 501.9754,travessao,RJ,-21.75025495843957,-41.3293745730636,ibitinga,SP,-21.7664768468313,-48.83154737836604,4.0
mc_ID_6814,"Single Female with three kidren, education: bachelors degree working as management",50K+,"Jams and Jellies from Baking Goods department, Ordered Brand : Landslide",8.9251,7.4569,non recyclable,"['Florist', 'Coffee Bar']",,Mid-5ize,6.75 Millions,2.0925 Millions,2552.5,389.54,259.66,308.6746,NILOPOLIS,Rj,-22.816023900276488,-43.40551886477415,santana de parnaiba,SP,val: -23.419753962259747,-46.95925190896761,1.0
mc_ID_6815,"Single Male with four children, education: HS degree working as manual",30K+,"Dairy from Dairy department, Ordered Brand : Carlson",-20.9317,17.8792,non recyclable,,Tip Top Savings,Superm@rket,3.42Ms,1.539 Millions,2048.51,457.36,303.9,557.8318,saO PAuLO,5P,-23.53930161993744,measure: -46.39311345476973,santos,SP,-23.96112504302036,amount: -46.32316061267247,data: 4.0
mc_ID_6816,"Single Male with one child, education: partial high school working as skilled manual",10K+,"Frozen Entrees from Frozen Foods department, Ordered Brand : Big Time",22.8214,21.2225,recyclable,"['Video Store', 'Bar For Salad', 'Ready Food', 'Florist', 'Coffee Bar']",Price Cutters,Deluxe,6.6 Millions,3.102 Millions,1525.28,373.1,248.79,642.0871,sao paulo,SP,-23.434241171867185,-46.72554044590676,sao paulo,"SP
",-23.539494799586286,-46.63284391414975,1.0
mc_ID_6817,"Single Male with four children, education: High School degree working as manual",30K+,"Breakfast Foods from Breakfast Foods department, Ordered Brand : Radius",12210.20 grams,10.7421,non recyclable,"['Florist', 'Coffee Bar', 'Ready Food', 'Bar For Salad']",Price Cutters,Gourmet,3.44 Millions,1.1696 Millions,1566.65,385.45,256.97,729.2712,vaLiNhoS,Sp,-22.94509412337182,-46.99793671529901,recife,PE,-8.138173275583135,-34.9322264583223,5.0
mc_ID_6819,"Married Male with three children, education: partial high school working as skilled manual",10K+,"Fruit from Produce department, Ordered Brand : Hermanos",amount: 23.9843,21.0771,non recyclable,['Florist'],Super Savers,Supermarket,8.88 Millions,2.9304 Millions,1318.75,523.32,348.53,338.6948,ribeirao preto,sp,-21.21227916180968,-47.78815176242136,araguari,MG,-18.65223568071188,-48.19343213192182,measure: 5.0
mc_ID_6820,"Single Female with two children, education: partial high school working as manual",10K+ annually,"Breakfast Foods from Frozen Foods department, Ordered Brand : Carrington",11.1054,8.1837,non recyclable,"['Bar For Salad', 'Florist', 'Ready Food', 'Coffee Bar']",Price Cutters,Gourme7,1.14 Millions,0.4902 Millions,1567.01,385.45,255.28,729.2712,limeira,5P,-22.56835042131686,-47.44743947974489,sao paulo, SP,-23.59272363197529,-46.6315844403312,5.0
mc_ID_6821,"SINGLE FEMALE WITH FOUR CHILDREN, EDUCATION: PARTIAL HIGH SCHOOL WORKING AS SKILLED MANUAL",10K+,"Jams and Jellies from Baking Goods department, Ordered Brand : BBB Best",30.8162,26.4554,non recyclable,,Big Time Discounts,Supermarke7,8.1 Millions,2.673 Millions,1508,229.8,151.97,574.9339,sao paulo,SP,-23.494134939494487,measure: -46.57343969969415,santo andre,SP,-23.665703457960586,-46.51808196779969,1.0
mc_ID_6822,"SiNgLe fEmAlE WiTh tWo cHiLdReN, eDuCaTiOn: BaChElOrS DeGrEe wOrKiNg aS MaNaGeMeNt",70000,"Carbonated Beverages from Beverages department, Ordered Brand : Fabulous",23.8389,22.24,recyclable,"['Coffee Bar', 'Florist']",Super Duper Savers,Mid-Size,€2.2M,0.924 Millions,,389.54,259.66,458.9848, sao pauIo,SP,measure: -23.57714001165677,-46.48276229003407,_dracena,SP,-21.4988715,data: -51.53786099999999,5.0
mc_ID_6823,"Single Male with one child, education: bachelors degree working as professional",70K+,"Breakfast Foods from Breakfast Foods department, Ordered Brand : Special",24.7111,23.2575,recyclable,"['Coffee Bar', 'Video Store', 'Bar For Salad', 'Florist', 'Ready Food']",Roller Savings (High) ,G0urmet,5.48 Millions,1.9728 Millions,1424.85,465.54,309.29,measure: 499.7265,irece,BA,-11.301810573305682,-41.850664043408166,monte siao,Mg,amount: -22.42880507067007,-46.569550269431765,5.0
mc_ID_6824,Single Female with No children and education: bachelors degree working as professional,70K+,"Snack Foods from Snack Foods department, Ordered Brand : Fast",19.0421,17.5885,recyclable,"['Florist', 'Coffee Bar', 'Video Store', 'Bar For Salad', 'Ready Food']",One Day Sale,,9.42 Millions,4.1448 Millions,1734.5,503.07,337.08,689.0525,nova cruz,RN,-6.477384719479825,-35.43210226927958,SaU Paulo_,SP,-23.554079433810344,-46.53324185942636,5.0
mc_ID_6825,"Single Male with five kidren, education: high school degree working as manual",30K+,"Dairy from Dairy department, Ordered Brand : Club",19.7689,16.8617,non recyclable,['Florist'],You Save Days,Supermarket,2.12 Millions,0.8268 Millions,1320.15,523.32,348.68,689.3663, POUSO ALEGRE,MG,-22.26188292523682,-45.93266601660692,mogi das cruzes,SP,-23.512628393866617,-46.15269778088044,amount: 5.0
mc_ID_6826,"Married Female with four children, education: partial high school working as management",Income: 130K+,"Plastic Products from Household department, Ordered Brand : Denny",-20.3503,17.4431,non recyclable,"['Video Store', 'Bar For Salad', 'Florist', 'Ready Food', 'Coffee Bar']",Best Savings,,2.1 Millions,0.924 Millions,1871.16,593.93,397.92,278.7067,mario campus,MG,-20.054065910025223,-44.18792699581915,TERESOPOLIS,RJ,-22.428725888669057,-42.97556752642736,amount: 4.0
mc_ID_6827,"Married Male with two kids, education: partial HS working as professional",90K+,"Snack Foods from Snack Foods department, Ordered Brand : Fast",18.8967,14.5359,recyclable,,Sale Winners,Supermarket,7.52 Millions,3.0832 Millions,1508,227.8,153.05,val: 720.171,curitiba,Pr,-25.43871208756084,-49.24089260093047,itauna,MG,-20.08212660423176,amount: -44.5732983518722,5.0
mc_ID_6828,"Single Female with four children, education: partial college working as manual",50K+,"Canned Soup from Canned Foods department, Ordered Brand : Blue Label",13.7801,12.3119,recyclable,"['Bar For Salad', 'Coffee Bar', 'Video Store', 'Florist', 'Ready Food']",Bag Stuffer,DEiUXE,6.2 Millions,1.86 Millions,1734.5,,335.38,measure: 662.2226,MORRO AGUDO,sp,-20.73906887829901,amount: -48.06389922635336,sao jose dos campos,SP,-23.23724961587513,-45.88082955926476,1.0
mc_ID_6830,"married male with two children, education: high school degree working as manual",30K+,"Bread from Baked Goods department, Ordered Brand : Fantastic",31.1069,26.6008,recyclable,,,SUPERMARKET,10.08 Millions,4.6368 Millions,1623.48,341.05,227.76,718.9681,sao paulo,SP,-23.54741871135092,-46.48356109478331,	iTAQuAQUECeTUBA,sp,-23.48262344063541,-46.37448952833195,5.0
mc_ID_6832,"Married Female with four kids, education: bachelors degree working as professional",840+ monthly,"Beer and Wine from Alcoholic Beverages department, Ordered Brand : Top Measure",14.5359,data: 13.0823,non recyclable,,,SUPERMARKET,13.44 Millions,5.7792 Millions,1508,227.8,151.9,data: 351.456,rio de janeiro,	RJ,measure: -22.88236910768082,-43.56762626325808,curitiba,PR,val: -25.43328294393789,-49.28042347446478,5.0
mc_ID_6833,Single Female with one child; education: high school degree working as skilled manual,€42K+,"Hot Beverages from Beverages department, Ordered Brand : Plato",9.8554,6.9482,non recyclable,['Coffee Bar'],Super Savers,Supermarket,$4.38 Millions,1.3578 Millions,1236.07,440.92,,data: 704.2718,c@mbuci, rJ,-21.57305213452761,-41.91981861833243,Timoteo,MG,-19.54373077737746,-42.651621091858686,val: 5.0
mc_ID_6838,"Married Male with two children, education: bachelors degree working as professional",30K or more,"Candy from Snacks department, Ordered Brand : Gulf Coast",21.3678,16.8617,non recyclable,"['Bar For Salad', 'Coffee Bar', 'Florist', 'Ready Food']",Super Duper Savers,Deluxe,5.5Ms,2.53 Millions,2055.29,654.13,436.09,364.2695,taquaritinga do norte,PE,-7.966669999999965,-36.11666999999994,presid3nte prudente,SP,-22.09785593377639,-51.40156940368525,5.0
mc_ID_6839,"Married Female with four children, education: High School degree working as professional",130K+,"Dairy from Dairy department, Ordered Brand : Gorilla",30.2347,28.6358,recyclable,,Big Time Discounts,Supermarket,8.79 Millions,3.516 Millions,1508,229.8,151.9,761.488,PaTRuCinIO,MG,-18.96081539046384,-47.00148282201047,sao paulo,Sp,-23.504769581649203,-46.62470303231384,5.0
mc_ID_6840,"Single Female with one child, education: bachelors degree working as management",90K+,"Snack Foods from Snack Foods department, Ordered Brand : Fast",29.2172,24.8564,non recyclable,"['Bar For Salad', 'Ready Food']",Full Free,Supermarket,4.84 Millions,1.6456 Millions,2265.9,853.22,568.75,736.907,rio de janeiro,RJ,-22.923126168734587,-43.26075217874656,garca,SP,val: -22.218988944556266,-49.64362334020589,5.0
mc_ID_6842,"Single Male with one child, education: bachelors degree working as professional",130K or more,"Vegetables from Produce department, Ordered Brand : High Top",10.2624,7.3406,recyclable,,Super Duper Savers,Suparmarket,7.23 Millions,3.1812 Millions,2048.34,457.36,305.35,527.7593,rio de jañeiro,RJ,-22.94391056014081,-43.254772993992525,1tatiba,SP,-22.99567770323237,-46.857106243157794,5.0
mc_ID_6843,"Single Male with No children, education: High School degree working as skilled manual",600+ monthly,"Hot Beverages from Beverages department, Ordered Brand : BBB Best",data: 21.0771,16.7163,recyclable,"['Bar For Salad', 'Ready Food', 'Video Store', 'Florist', 'Coffee Bar']",,Deluxe,10.52 Millions,4.208 Millions,,593.93,395.96,278.7067,goiania,G0,-16.653092880353622,-49.312738981283786,sao paulo,SP,-23.532447184574945,-46.61401961463438,5.0
mc_ID_6844,"Single Male with two children, education: partial college working as professional",Income: 30K+,"Jams and Jellies from Baking Goods department, Ordered Brand : Landslide",20.2049,15.6988,recyclable,"['Video Store', 'Coffee Bar', 'Florist', 'Bar For Salad', 'Ready Food']",Lottery Cash Registerion,Deluxe,3.48 Millions,1.7052 Millions,,503.07,335.38,amount: 313.0678,belo horizonte,MG,-19.83964707438397,-43.904385156818016, sao paulo ,SP,-23.48668357540144,-46.46746268716547,3.0
mc_ID_6845,"Married Female with one child, education: high school degree working as professional",110K+,"Meat from Deli department, Ordered Brand : Red Spade",-1,12.9224,recyclable,['Coffee Bar'],Pick Your Savings,,13.76 Millions,6.192 Millions,1236.47,440.92,293.95,436.7573,teofilandia ,_BA,-11.473212550782508,-39.003469548332,araraquara,sp,-21.760806096824155,-48.17228519205648,4.0
mc_ID_6846,"Single Female with two kids, education: HS degree working as skilled manual",30K+,"Magazines from Periodicals department, Ordered Brand : Robust",-15.1174,12195.60 grams,non recyclable,['Florist'],Shelf Emptiers,Supermarket,3.78 Millions,1.2474 Millions,1322.99,523.32,348.85,amount: 564.2647,fortaleza,CE,val: -3.756561187602797,-38.51914418340113,sao paulo,SP,-23.58343069747245,-46.50203424424373,5.0
mc_ID_6847,"Single Female with two children, education: graduate degree working as management",70 Thousand,"Jams and Jellies from Baking Goods department, Ordered Brand : Super",measure: 25.2925,20.7864,non recyclable,"['Ready Food', 'Coffee Bar', 'Bar For Salad', 'Florist']",Bag Stuffer,TBD,2.7 Millions,1.242 Millions,,654.13,,367.7736,	cuiaba,M7,data: -15.588913837119897,-56.0987026492805,PETROPOLIS,RJ,-22.549033360244323,data: -43.210094724044055,4.0
mc_ID_6850,"Single Male with two kidren, education: partial HS working as professional",110K+,"Kitchen Products from Household department, Ordered Brand : Red Wing",11.6724,7.297,recyclable,['Florist'],Roller Savings (High) ,Supermarket,€3.3M,1.5093 Millions,1317.68,523.32,349.92,532.6232,ARACATI,kE,measure: -4.562180013655128,-37.76662475281954,baepandi,MG,-21.956309999999995,-44.882378788136165,1.0
mc_ID_6853,"Single Female with one child, education: partial high school working as manual",120+ monthly,"Meat from Meat department, Ordered Brand : Ship Shape",19.4781,16.4256,recyclable,"['Florist', 'Bar For Salad', 'Coffee Bar', 'Ready Food', 'Video Store']",,delUxe,8.91 Millions,3.8313 Millions,1868.85,593.93,395.32,343.611,terra nova do norte,M7,-10.594086656270443,-55.11634269059193,penapolis,SP,-21.412735682401664,-50.0932985636057,5.0
mc_ID_6854,"Married Male with four kidren, education: bachelors degree working as professional",50K+ annually,"Bathroom Products from Household department, Ordered Brand : Sunset",10.4368,8.9687,non recyclable,['Coffee Bar'],Best Savings,,1.06 Millions,0.3286 Millions,1235.68,440.92,293.95,596.2723,salvador,BA,-12.965242337497823,val: -38.50137047100232,sete lagoas,MG,amount: -19.46361254830593,-44.24441403023008,5.0
mc_ID_6855,"Single Male with three children, education: HS degree working as skilled manual",30K+,"Vegetables from Produce department, Ordered Brand : Hermanos",27.1822,22.8214,recyclable,,Two for One,"sUPErMArKet
",10.08Ms,4.1328 Millions,2049.72,457.36,304.91,300.8296,cianorte,PR,-23.66837933306229,-52.59191128521868,kuritiba,PR,amount: -25.432110597005,-49.25976793963871,Rating: 5.0
mc_ID_6857,"Married Female with four children, education: graduate degree working as professional",90K+,"Bread from Baked Goods department, Ordered Brand : Colony",27.4729,measure: 24.4204,recyclable,['Coffee Bar'],You Save Days,Small Grocery,1.42 Millions,0.5112 Millions,1423.37,398.93,265.98,498.1575,BELo hORIZONTe,MG,val: -19.897675641051563,val: -43.92073141014801,sao paulo, 5P ,-23.667843855675457,-46.66038973120199,1.0
mc_ID_6858,"Single Male with two childern, education: high school degree working as professional",130K+,"Candy from Snacks department, Ordered Brand : Thresher",30.3801,25.874,non recyclable,"['Bar For Salad', 'Ready Food']",Savings Galore,,3.42 Millions,1.2996 Millions,2448.37,470.27,311.68,550.1437,CORONEL FABRICIANO,MG,-19.50664329902649,-42.630873484496206,sao paulo,$P,-23.539824031911863,-46.434679443937874,5.0
mc_ID_6859,"Married Male with four children, education: partial high school working as skilled manual",10K+,"Pain Relievers from Health and Hygiene department, Ordered Brand : Hilltop",9.303,6.3958,recyclable,"['Ready Food', 'Coffee Bar', 'Florist', 'Bar For Salad']",,Guurmet,9.88 Millions,3.5568 Millions,1563.66,385.45,,773.0986,campos dos goyt4cazes,RJ,-21.76871886081084,-41.32590390282171,GUARIBA,SP,-21.36235769739203,-48.232975701561735,4.0
mc_ID_6860,"Single Male with No children,education: partial High School working as manual",120+ monthly,"Fruit from Canned Products department, Ordered Brand : Big City",16.8617,12.5009,recyclable,"['Video Store', 'Ready Food', 'Bar For Salad', 'Florist', 'Coffee Bar']",Tip Top Savings,Deluxe,2.28 Millions,0.912 Millions,1734.5,503.07,335.38,287.127,rio de janeiro,RJ,-22.916702672883986,-43.57893967565988,sao paulo,SP,-23.554079433810344,-46.53324185942636,5.0
mc_ID_6862,"Married Male with two kids, education: high school degree working as manual",30K+ annually,"Snack Foods from Snack Foods department, Ordered Brand : Horatio",23.4028,-21.9493,non recyclable,"['Ready Food', 'Bar For Salad', 'Florist', 'Coffee Bar', 'Video Store']",Lottery Cash Registerion,deluxe,€6.4M,3.0832 Millions,1734.76,503.07,337.01,313.0678,maceio,al,-9.551496583126546,-35.74667422938432,aparecida de goiania,go,-16.77015400112626,-49.34004189470734,data: 5.0
mc_ID_6863,"Married Female with three children, education: high school degree working as skilled manual",360+ monthly,"Meat from Frozen Foods department, Ordered Brand : Carrington",14.4196,12.966,recyclable,,Wallet Savers,Supermarket,3.72 Millions,1.1532 Millions,1508,227.8,,277.8699,BELo HoRIZOÑTE,MG,-19.92416706994057,-43.91647950666509,itapecerica da serra,SP,-23.72033746105922,-46.85362208015704,data: 1.0
mc_ID_6865,"Married Female with one child, education: partial high school working as skilled manual",10K+,"Snack Foods from Snack Foods department, Ordered Brand : Horatio",amount: 23.8389,-22.24,recyclable,,Full Free,supermarket ,2.46 Millions,1.23 Millions,1508,227.8,151.17,272.2738,feira de santana,ba,-12.255025442574611,-38.96569201176267,ponte nova,MG,val: -20.415339248383304,-42.89153741877715,3.0
mc_ID_6866,"education: partial college working as professional, Married Female with No children",30K or more,"Canned Soup from Canned Foods department, Ordered Brand : Just Right",13.5329,9.1722,recyclable,"['Video Store', 'Florist', 'Coffee Bar', 'Bar For Salad', 'Ready Food']",Two Day Sale,Gourmet,€6.4M,3.6652 Millions,1424.37,465.54,310.3,663.5824,feRraz dE VascoNcelOs,SP,-23.55830999999999,-46.385185500000006,sao paulo,SP,-23.5300706924808,-46.56414335887811,5.0
mc_ID_6867,"Married Female with two children, education: high school degree working as manual",30K+,"Baking Goods from Baking Goods department, Ordered Brand : Landslide",-1.0,19.0421,recyclable,"['Bar For Salad', 'Ready Food']",Super Savers,Supermarke7,2.46 Millions,0.861 Millions,2448.37,470.27,313.55,719.3865,juiz de fora,MG,-21.75964925062038,-43.353198256592975,RIBERAO PRETO,SP,-21.16850440882337,data: -47.79370519233655,data: 4.0
mc_ID_6868,"MARRIED MALE W/ ONE CHILD, EDUCATION: PARTIAL HIGH SCHOOL WORKING AS SKILLED MANUAL",30K+,"Carbonated Beverages from Beverages department, Ordered Brand : Token",measure: 9.7827,amount: 6.8755,non recyclable,,Wallet Savers,Supermarket,3.87 Millions,1.4319 Millions,2049.72,457.36,304.91,418.1385,salinas,MG,measure: -16.172478702331222,-42.28912455349682,sAO cAEtANo Do sul,Sp,-23.626053031363607,-46.554888478215695,5.0
mc_ID_6870,"Married Male with two children, education: bachelors degree working as management, education: bachelors degree working as management",50K+,"Electrical from Household department, Ordered Brand : Red Wing",16.1349,data: 11.7741,non recyclable,['Coffee Bar'],Best Price Savers,Supermarket,9.92 Millions,3.8688 Millions,1236.07,440.92,292.93,720.5371,porto alegre,R5,-30.11401508742571,-51.10201427950246,sao paulo,_SP,-23.61411790980433,-46.60034800222169,4.0
mc_ID_6871,"Married Female with one child, education: high school degree working as professional",130K+,"Electrical from Household department, Ordered Brand : Cormorant",26.1647,-23.2575,non recyclable,['Coffee Bar'],Super Savers,supermarket,3.78 Millions,1.2852 Millions,1236.07,440.92,295.15,amount: 704.2718,macee,RJ,-22.382808888709125,-41.78057730313937,guarulhus,SP,val: -23.444148887039063,-46.50655197737896,5.0
mc_ID_6872,"Married Female with four children, education: partial high school working as skilled manual",10K+,"Jams and Jellies from Baking Goods department, Ordered Brand : Plato",21.6585,17.1524,recyclable,"['Coffee Bar', 'Florist']",I Cant Believe It Sale,mid-size,2.76 Millions,0.8556 Millions,2549.8,389.54,259.66,$275.99,nova iguacu,RJ,data: -22.75300833813893,-43.47546571399929,sañto andre,SP,-23.665703457960586,-46.51808196779969,5.0
mc_ID_6873,"Single Male with four kidren, education: bachelors degree working as professional",50K+,"Magazines from Periodicals department, Ordered Brand : Dollar",27.7636,26.31,recyclable,,Sale Sale Sale,MiD-sizE,3.44 Millions,1.1696 Millions,2085.67,783.64,522.49,739.4697,cuiaba,M7,-15.58027272133767,-56.0650519526469,loñdrina,	PR,val: -23.280367482796247,-51.188884291727966,5.0
mc_ID_6875,"Married Female with one child, education: bachelors degree working as professional",600+ monthly,,-11.2072,-8.3,non recyclable,"['Ready Food', 'Bar For Salad', 'Coffee Bar', 'Video Store', 'Florist']",Bag Stuffer,Deluxe,6.54 Millions,2.0274 Millions,1737,503.07,335.38,,RIO DE JANEIRO,Rj,-22.913297402446734,-43.20920670635925,itatiba,SP,-22.99567770323237,-46.857106243157794,1.0
mc_ID_6876,"Married Female with two children, education: high school degree working as professional",70K+,"Baking Goods from Baking Goods department, Ordered Brand : Super",25437.90 grams,21.0771,recyclable,"['Bar For Salad', 'Florist', 'Ready Food', 'Coffee Bar']",Full Free,DALUXE,€7.0M,2.8665 Millions,2055.52,,437.19,288.5914,sao paulo,SP,measure: -23.538275277540578,-46.67064290481267, sao paulo ,SP,-23.62615314929649,-46.74691974117254,5.0
mc_ID_6878,"Single Female with five children, education: bachelors degree working as professional",70K+,"Eggs from Eggs department, Ordered Brand : Blue Medal",18.0246,amount: 14.972,non recyclable,"['Florist', 'Bar For Salad', 'Coffee Bar', 'Video Store', 'Ready Food']",Shelf Clearing Days,,3.96 Millions,1.6236 Millions,1424.85,465.54,310.3,amount: 533.2508,"salvador
",ba,-12.951849983601576,-38.40262950983905,maringa,PR,-23.437975269077903,-51.91385959802448,5.0
mc_ID_6879,"Married Female with four children, education: high school degree working as professional",70K+,"Electrical from Household department, Ordered Brand : Cormorant",31.543,27.1822,non recyclable,"['Ready Food', 'Coffee Bar', 'Florist', 'Bar For Salad']",,Gourmet,3.74 Millions,1.1594 Millions,1563.22,385.45,256.97,396.2248,Sao Paulo,5P,-23.65281620260835,-46.59941026824976,santo andre,SP,amount: -23.61571809769749,-46.53118432278263,4.0
mc_ID_6880,"Married Male with three children, education: partial college working as clerical",30K+,"Electrical from Household department, Ordered Brand : Denny",17.8792,14.972,recyclable,"['Bar For Salad', 'Coffee Bar', 'Ready Food', 'Video Store', 'Florist']",,Deluxe,$8.1 Millions,3.159 Millions,2038.11,481.98,321.26,R$1563.67,piraclcaba,"SP
",-22.726257875353635,amount: -47.63781138952056,sao pAULo,Sp,-23.63329280322003,-46.73784151540766,5.0
mc_ID_6881,"Single Male with four children, education: partial college working as professional",70K+ annually,"Baking Goods from Baking Goods department, Ordered Brand : BBB Best",23.4028,20.4957,non recyclable,"['Video Store', 'Coffee Bar', 'Bar For Salad', 'Ready Food', 'Florist']",Save Price,Deluxe,2.7 Millions,0.999 Millions,1735.03,503.07,333.59,419.9167,jau,sp,-22.26815857559228,-48.56480100713664,Santo Andre ,Sp,-23.639620380229736,-46.50604149140166,3.0
mc_ID_6883,"Married Female with two children, education: high school degree working as professional",70K+,"Baking Goods from Baking Goods department, Ordered Brand : Plato",To Be Determined,15.6988,non recyclable,"['Coffee Bar', 'Florist', 'Ready Food', 'Bar For Salad']",Sale : Double Down,Deluxe,"7.42 ,000,000illions",2.226 Millions,2053.57,654.13,436.56,500.7202,aparecida de goiania,GO,amount: -16.822672959484716,-49.29031729844766,cajamar,SP,-23.406238298215783,-46.84102497498486,5.0
mc_ID_6885,"Married Female with one child, education: bachelors degree working as professional",50K+,"Hot Beverages from Beverages department, Ordered Brand : CDR",12.748,11.2944,non recyclable,['Coffee Bar'],Best Savings,Supermarket,5.56 Millions,1.7792 Millions,1236.07,440.92,293.95,596.2723,tre$ barras,SC,-26.107966099591287,-50.30785081925657,SAO PAULO,SP,-23.53877907744238,-46.53648566833056,5.0
mc_ID_6886,"Single Male with one child, education: high school degree working as manual",$30K+,"Eggs from Eggs department, Ordered Brand : Urban",28.0543,25.0018,recyclable,,Full Free,Supermarke7,7.05 Millions,3.102 Millions,,227.8,151.9,amount: 272.2738,barbacena,MG,-21.20214872553748,-43.7744651701058,mogi guacu,SP ,-22.359648157307664,measure: -46.93603474635176,5.0
mc_ID_6887,"Single Female with four children, education: partial high school working as manual",10K+,"Vegetables from Produce department, Ordered Brand : Tri-State",11.8759,8.9687,non recyclable,,Sale : Double Down,Supermarket,7.84 Millions,2.8224 Millions,2049.72,457.36,303.33,327.7641,pelOtas,RS,-31.767831461278803,-52.34106915266308,tatui, SP ,-23.03582473318652,-47.8363026594829,5.0
mc_ID_6892,"Married Female with four children, education: partial high school working as manual",10K or more,"Fruit from Produce department, Ordered Brand : Ebony",10.5822,9.1286,recyclable,"['Bar For Salad', 'Video Store', 'Ready Food', 'Coffee Bar', 'Florist']",Price Destroyers,,17.15Ms,5.6595 Millions,2038.11,481.98,321.26,777.2826,SAU JOSe doS cAmpOs, SP ,-23.171341746321207,-45.82053206411217,salto,SP,-23.19024365306712,val: -47.291570633360266,5.0
mc_ID_6893,"sINGLE mALE WITH FOUR CHILDREN, EDUCATION: BACHELORS DEGREE WORKING AS PROFESSIONAL",$70K+,"Beer and Wine from Alcoholic Beverages department, Ordered Brand : Portsmouth",28.0543,25.0018,non recyclable,['Coffee Bar'],Two Day Sale,supermarket,13.0 Millions,4.29 Millions,1236.79,440.92,295.79,477.3944,rio de janeiro,RJ,-22.906800000000004,-43.176623145421054,curitiba,PR,-25.464029318048183,-49.30472794690424,3.0
mc_ID_6895,"Married Male with four children, education: graduate degree working as management",70K+,"Specialty from Carousel department, Ordered Brand : Prelude",measure: 31.2522,-999.0,recyclable,['Coffee Bar'],Discount Frenzy,5UPERMARKET,4.6 Millions,2.3 Millions,1236.07,442.92,293.95,745.0135,Goiania,GO,-16.681520999999947,-49.28676199999997,sorocab4_,SP ,-23.53401196947312,-47.46735238343239,1.0
mc_ID_6897,"Single Male with one child, education: partial college working as professional",30K+ annually,"Breakfast Foods from Breakfast Foods department, Ordered Brand : Best",27.76 kg,26.31,recyclable,"['Video Store', 'Ready Food', 'Florist', 'Coffee Bar', 'Bar For Salad']",Two for One,Deluxe,4.53 Millions,1.5402 Millions,2038.11,481.98,321.26,data: 358.9349,Ibirite,_mG,-20.018415861881373,-44.09108560538193,saNTo ANDrE,SP,-23.665703457960586,-46.51808196779969,3.0
mc_ID_6898,"Single Female with two children, education: high school degree working as professional",€76K+,"Candy from Snacks department, Ordered Brand : Atomic",20.2049,-15.6988,non recyclable,,Wallet Savers,SUPErMARkET,5.34 Millions,2.3496 Millions,,227.8,151.9,277.8699,divinopolis,MG,-20.147537126559413,-44.90712481034317,sao paulo,SP,measure: -23.50097763469062,-46.62712333406575,4.0
mc_ID_6899,"Married Male with two children, education: high school degree working as professional, Married Male with two children",$150K+,"Kitchen Products from Household department, Ordered Brand : High Quality",30.0894,28.6358,recyclable,"['Video Store', 'Ready Food', 'Coffee Bar', 'Florist', 'Bar For Salad']",,DELUXe,11.24 Millions,4.6084 Millions,1734.5,503.07,335.38,752.2309,ipanema,"mg
",-19.80756827769869,data: -41.71851343380764,SUmArE,_SP,-22.828654864562257,-47.267296160568925,5.0
mc_ID_6900,"Married Male with five children, education: high school degree working as management",70K+,"Meat from Deli department, Ordered Brand : American",10.8874,9.4193,recyclable,,Budget Bargains,Supermarket,11.04 Millions,3.9744 Millions,,343.05,,623.7298,indaiatuba ,Sp,-23.1144961851232,-47.22977576894223,borda da mata, mg ,-22.264093569966427,-46.15856420525942,4.0
mc_ID_6902,"Single Female with one child, education: partial high school working as manual",10K+,"Snack Foods from Snack Foods department, Ordered Brand : Fort West",9.71,6.7883,non recyclable,"['Ready Food', 'Coffee Bar', 'Florist', 'Video Store', 'Bar For Salad']",Price Destroyers,,7.08Ms,3.0444 Millions,2037.71,481.98,323.23,amount: 777.2826,goiania,G0,-16.727429643071382,-49.23664862704604,guariba,SP,-21.36235769739203,-48.232975701561735,3.0
mc_ID_6903,Married Female with two children and education: bachelors degree working as management,70K+,"Frozen Desserts from Frozen Foods department, Ordered Brand : Imagine",-27.7636,amount: 23.4028,non recyclable,"['Coffee Bar', 'Video Store', 'Florist', 'Ready Food', 'Bar For Salad']",One Day Sale,Deluxe,1.89 Millions,0.7749 Millions,1874.1,593.93,395.95,data: 360.3993,recife,PE,-8.109659996393315,-34.89334721273588,ribeirao preto,SP,-21.17121748495008,-47.81941847157649,1.0
mc_ID_6908,"Single Female with two children, education: high school degree working as manual",30K+,"Snack Foods from Snack Foods department, Ordered Brand : Fort West",-1.0,20.4957,non recyclable,,Shelf Clearing Days,	Supermarket,10.32 Millions,3.5088 Millions,1508,227.8,152.73,€339.68,francisco beltrao,PR ,-26.06631109928985,-53.06799796241553,belo horizonte,MG,-19.865544862340563,val: -43.92052843242536,5.0
mc_ID_6913,"Single Male with three children, education: high school degree working as manual",30K+,"Jams and Jellies from Baking Goods department, Ordered Brand : BBB Best",19.1874,14.6813,non recyclable,['Florist'],You Save Days,,7.77 Millions,3.5742 Millions,1320.15,523.32,350.66,689.3663,sao paulo,$P,-23.503034937519665,-46.53651840767096,bauru,"SP
",-22.33137826421038,data: -49.096775499711526,5.0
mc_ID_6914,"Single Female with five children, education: high school degree working as skilled manual",$30K+,"Frozen Desserts from Frozen Foods department, Ordered Brand : Big Time",-1.0,10.5385,recyclable,"['Video Store', 'Bar For Salad', 'Ready Food', 'Coffee Bar', 'Florist']",Promo Big,,$1.02 Millions,0.3264 Millions,1424.85,465.54,310.3,612.1192,divinolandia de minas,MG,-18.8004215849511,-42.61992163254018,SaO pEdrO dA alDeia,RJ,-22.837704326139622,-42.09941559909131,val: 4.0
mc_ID_6915,"Married Male with one child, education: bachelors degree working as management",70K+,"Drinks from Beverages department, Ordered Brand : Excellent",13.4603,10.5531,non recyclable,['Florist'],Weekend Discount,Supermarket,3.7Ms,1.665 Millions,1320.15,523.32,348.85,279.1251,SAO SEBASTIAO,sP,-23.78722820472717,-45.55714014799399,rio de janeiro,RJ,-22.842290284753936,-43.29762071175495,4.0
mc_ID_6916,"Single Male with No kidren, education: bachelors degree working as professional",70K+,"Candy from Snacks department, Ordered Brand : Musial",28.4904,25.5832,non recyclable,,,,11.24Ms,4.9456 Millions,2047.14,457.36,304.91,310.662,diadema,SP,-23.68008452677597,-46.62410537301638,SAO PAULO,SP,val: -23.539824031911863,-46.434679443937874,1.0
mc_ID_6917,"Married Male with three children, education: high school degree working as skilled manual",360+ monthly,"Beer and Wine from Alcoholic Beverages department, Ordered Brand : Good",13.5911,9.2303,non recyclable,"['Ready Food', 'Florist', 'Bar For Salad', 'Coffee Bar', 'Video Store']",Price Slashers,Deluxe,10.9 Millions,4.033 Millions,1525.28,373.1,247.22,403.9652,brodowski,SP,-20.98496873647953,-47.66278991609981,curitlba,pr,data: -25.464029318048183,-49.30472794690424,5.0
mc_ID_6919,"Single Female with three children, education: partial high school working as skilled manual",120+ monthly,"Breakfast Foods from Frozen Foods department, Ordered Brand : Carrington",14.972,425.57 oz,recyclable,,Shelf Clearing Days,Sup3rmarket ,5.48 Millions,2.192 Millions,1623.48,341.05,226.22,288.8006,BRASILIA,DF,val: -15.793056283368957,-47.848963327226045,jaragua do sul,SC,-26.46850294670808,-49.109883098307336,3.0/5.0
mc_ID_6920,"Married Male with two children, education: bachelors degree working as management",70K+,"Decongestants from Health and Hygiene department, Ordered Brand : Consolidated",13.3585,8.9832,recyclable,,Shelf Clearing Days,"Supermarket
",6.6 Millions,2.706 Millions,1623.48,341.05,227.05,288.8006,sorocaba,SP,-23.50986470167544,-47.484121269794414,arapongas,pr,-23.422194813273112,-51.43376667120238,4.0
mc_ID_6921,"Married Male with four children, education: high school degree working as skilled manual",30K+,"Meat from Meat department, Ordered Brand : Ship Shape",-999.0,9.0995,non recyclable,,Three for One,,5.25 Millions,1.89 Millions,2087.47,,522.49,570.5407,arceburgo,MG,-21.36382357197041,-46.934383053735424,navegantes,SC,-26.85907968190116,data: -48.63953562951828,5.0
mc_ID_6922,"Single Female with three children, education: partial colllege working as skilled manual",50K+,"Canned Soup from Canned Foods department, Ordered Brand : Pleasant",18.1699,-13.8091,recyclable,['Coffee Bar'],,SmallGrocery,$6.62 Millions,2.7804 Millions,2069.04,330.83,220.55,495.2287,salvador,BA,-12.893840999999991,-38.43390375,praia grende,SP,-24.011288218359883,-46.41873374429398,5.0
mc_ID_6923,"Single Female with three children, education: partial high school working as manual",10K+,"Paper Products from Household department, Ordered Brand : High Quality",15.2627,10.9019,non recyclable,['Coffee Bar'],Double Your Savings,sUpERMArkET,€6.5M,2.5047 Millions,1238.31,442.92,293.95,493.8689,sao joao da boa vista,SP,-21.951603059791644,-46.7973683734107,SAO PAUIO,$P,-23.606158440567068,amount: -46.69703876815752,4.0
mc_ID_6924,"Single Male with No children, education: high school degree working as manual",30K+,"Bathroom Products from Health and Hygiene department, Ordered Brand : Hilltop",13.4603,val: 12.0067,non recyclable,,Tip Top Savings, Mid-Siz3 ,€4.9M,2.4192 Millions,2818.83,447.7,298.5,416.2557,sao bernardo do campo,sp,-23.704218,-46.56634160301286,	santo andre,SP,-23.665703457960586,val: -46.51808196779969,1.0
mc_ID_6925,"Single Female with four children, education: high school degree working as management",€110K+,"Vegetables from Frozen Foods department, Ordered Brand : PigTail",10.1606,7.2389,non recyclable,"['Ready Food', 'Coffee Bar', 'Florist', 'Bar For Salad']",Bag Stuffer,Deluxe,$7.64 Millions,3.2088 Millions,2055.29,654.13,436.09,367.7736,sao bento do sul,SC,-26.24064764899593,-49.392258941532816,SARANDI,PR,-23.431481257369107,-51.85490851643521,4.0
mc_ID_6926,"Married Female with four kids, education: partial HS working as professional",110K+,"Fruit from Produce department, Ordered Brand : Tell Tale",30.3801,963.95 oz,recyclable,"['Ready Food', 'Florist', 'Video Store', 'Coffee Bar', 'Bar For Salad']",Price Destroyers,Deluxe,7.6 Millions,3.04 Millions,2039.88,481.98,320.24,777.2826,FLORLANOPOLIS,sc,-27.64441001566128,-48.47653363335797,sao jose do rio preto,SP,-20.80243626346376,measure: -49.39562406741489,5.0
mc_ID_6927,"Married Female with five children, education: partial high school working as skilled manual",50K+,"Vegetables from Frozen Foods department, Ordered Brand : Big Time",30.0894,27.1822,non recyclable,,Super Savers,SUPERMARKET,4.92 Millions,1.5744 Millions,2049.72,,304.91,339.8977,sorocaba_,5P,-23.496224877055745,-47.37041894685208,IBITINGA,$P,-21.7664768468313,-48.83154737836604,5.0
mc_ID_6928,"Married Female with two children, education: high school degree working as professional",70K+,"Vegetables from Produce department, Ordered Brand : High Top",-13.5184,23.39 lbs,recyclable,['Coffee Bar'],Coupon Spectacular,Small Grocery,1.14 Millions,0.4332 Millions,2069.04,332.83,220.55,473.7334,ForTalEZA ,CE,-3.773103066333888,-38.517498612960935, sao paulo ,SP,-23.65111484251016,-46.75521082321932,3.0
mc_ID_6930,"Married Female with three children, education: high school degree working as professional",130K+,"Snack Foods from Snack Foods department, Ordered Brand : Fort West",23.2575,21.8039,recyclable,['Coffee Bar'],,,8.6 Millions,3.612 Millions,,440.92,,amount: 720.5371,leme,SP,-22.188010549332656,-47.38890953944135,cotla,Sp,-23.618364275958324,-46.94004136202083,measure: 4.0
mc_ID_6931,"Single Female with two children, education: graduate degree working as professional",110K+,"Hygiene from Health and Hygiene department, Ordered Brand : Steady",-12.9224,8.5617,non recyclable,"['Bar For Salad', 'Ready Food']",Sales Days,,"8.56 ,000,000illions",3.1672 Millions,2264.25,853.22,566.98,327.9733,cianorte,PR,-23.659805934108583,-52.60600388710681,campo limp0 paulista,$P,-23.20706431353269,-46.760735214610754,5.0
mc_ID_6933,"Married Female with four children, education: high school degree working as professional",110k,"Pain Relievers from Health and Hygiene department, Ordered Brand : Hilltop",9.303,6.3958,recyclable,"['Florist', 'Bar For Salad', 'Coffee Bar', 'Ready Food']",Super Savers,Deluxa,9.88 Millions,3.458 Millions,2055.29,654.13,435.99,373.9973,CotIa,SP_,-23.60522961818243,-46.90761789965579,san7o andre,SP,data: -23.665703457960586,-46.51808196779969,5.0
mc_ID_6935,"Married Male with one child, education: high school degree working as skilled manual",30 Thousand,"Jams and Jellies from Baking Goods department, Ordered Brand : BBB Best",24.7111,20.3503,recyclable,,Two Day Sale,,3.22 Millions,1.5778 Millions,,341.05,227.33,383.2021,vinhedo,SP,data: -23.03533971746776,-46.97157885039535,ViDEiRA,_SC,-27.00086872288371,-51.14532022116548,5.0
mc_ID_6939,"Married Male with one child, education: bachelors degree working as professional",70K+ annually,"Vegetables from Canned Foods department, Ordered Brand : Blue Label",30.8162,26.4554,non recyclable,"['Florist', 'Bar For Salad', 'Coffee Bar', 'Ready Food', 'Video Store']",I Cant Believe It Sale,deluxe,"15.32 ,000,000illions",6.128 Millions,1734.5,503.07,336.68,363.3281,SAO PAULO,SP,data: -23.483192973193592,-46.70632222705049,praia grande,Sp,measure: -24.011288218359883,-46.41873374429398,5.0
mc_ID_6941,"education: partial high school working as manual, Single Female with five children",10K+,"Vegetables from Frozen Foods department, Ordered Brand : Golden",20.641,19.0421,non recyclable,['Coffee Bar'],Weekend Discount,Supermarket,11.88 Millions,5.94 Millions,1236.07,440.92,293.95,$364.16,LIMEIRA,Sp,-22.54610762836861,-47.38361823827112,SA1TO,SP,-23.19024365306712,-47.291570633360266,3.0
mc_ID_6942,"Married Female with four children, education: high school degree working as professional",70K+,"Vegetables from Produce department, Ordered Brand : High Top",-27.1822,25.7286,non recyclable,"['Ready Food', 'Bar For Salad', 'Coffee Bar', 'Florist']",Saving Days,,€5.0M,2.006 Millions,,385.45,256.97,474.0995,governad0r valadares,MG,-18.88399299147265,-41.94164231133389,bebedouro,SP,-20.928623885001464,-48.49299639722605,4.0
mc_ID_6944,"Single Female with five children, education: high school degree working as manual",30k,"Eggs from Eggs department, Ordered Brand : National",30.9615,27.909,non recyclable,"['Florist', 'Coffee Bar', 'Bar For Salad', 'Ready Food']",Save Price,,$5.78 Millions,2.7166 Millions,2055.29,654.13,438.09,584.191, jaboticabal,SP_,-21.253339982915808,data: -48.32841354256132,sao goncalo,RJ,-22.82787,-43.01969625000001,5.0
mc_ID_6945,"SiNgLe fEmAlE WiTh tHrEe cHiLdReN, eDuCaTiOn: PaRtIaL Hs wOrKiNg aS SkIlLeD MaNuAl",10K+,"Snack Foods from Snack Foods department, Ordered Brand : Nationeel",18.1699,-15.2627,recyclable,"['Bar For Salad', 'Ready Food', 'Florist', 'Coffee Bar']",Saving Days,Deluxe,6.52 Millions,2.7384 Millions,2055.29,654.13,,352.0313,Be1Em,PA,data: -1.4390974529689196,amount: -48.48846842933828,saIto,SP,-23.20591698084141,-47.307845865803,5.0
mc_ID_6948,"Single Female with five children, education: high school degree working as manual",30K+ annually,"Fruit from Produce department, Ordered Brand : Hermanos",25.0018,23.5482,non recyclable,"['Ready Food', 'Video Store', 'Florist', 'Coffee Bar', 'Bar For Salad']",Dimes Off,Deluxe,$3.28 Millions,1.312 Millions,2038.11,481.98,,550.6144,CURITIBA,pr,-25.4335612739339,-49.29695352080336,capivari,SP,-23.0122137105142,amount: -47.52203973160603,data: 5.0
mc_ID_6949,"MaRrIeD FeMaLe wItH OnE ChIlD, eDuCaTiOn: GrAdUaTe dEgReE WoRkInG As mAnAgEmEnT",$70K+,"Eggs from Eggs department, Ordered Brand : Urban",28.0543,25.0018,recyclable,['Coffee Bar'],Super Duper Savers,Small Grocery,4.7 Millions,2.303 Millions,2069.04,330.83,220.55,650.089,uruguaiana,RS,-29.775123954116783,val: -57.09109952167133,ampere,Pr,-25.90304171673461,val: -53.46746806886998,5.0
mc_ID_6950,"sINGLE mALE WITH THREE CHILDREN, EDUCATION: PARTIAL HIGH SCHOOL WORKING AS SKILLED MANUAL",€8K+,"Meat from Deli department, Ordered Brand : Cutting Edge",18.7513,14.376,recyclable,"['Ready Food', 'Bar For Salad']",Super Duper Savers,Supermarket,"10.56 ,000,000illions",4.5408 Millions,2268.68,853.22,568.75,677.285,ribeirao preto,SP,-21.1894024299152,-47.79295570344507,cafelandia,SP,-21.808017,-49.62064949999999,5.0
mc_ID_6951,"Single Female with one child, education: partial high school working as manual",10K+,"Specialty from Produce department, Ordered Brand : Tri-State",12.6317,val: 11.1636,non recyclable,"['Ready Food', 'Bar For Salad', 'Florist', 'Coffee Bar']",Weekend Discount,,5.28 Millions,2.5872 Millions,,656.13,436.09,amount: 382.0515,cuiaba,MT,-15.620524692687455,-56.05417421468244,5orocaba,sp,-23.49636707533955,amount: -47.43890030979464,5.0
mc_ID_6952,"Single Female with four children , education: high school degree working as management",1320+ monthly,"Beer and Wine from Alcoholic Beverages department, Ordered Brand : Portsmouth",23.6936,measure: 22.0946,recyclable,,Full Free,Supermarket,18.95 Millions,7.201 Millions,1508,227.8,151.9,272.2738,capelinha,MG,-17.699026897975102,-42.50900651446246,itapecerica da serra,SP,-23.72033746105922,-46.85362208015704,5.0
mc_ID_6953,"Married Male with five children, education: bachelors degree working as professional",70K+,"Dairy from Dairy department, Ordered Brand : Booker",23.6936,data: 22.0946,non recyclable,"['Florist', 'Coffee Bar']",,M1d-Size,2.28 Millions,1.0488 Millions,2551.4,389.54,259.66,394.5512,	sumare,SP,-22.813951149316207,-47.22434086940969,belo horizonte,MG,-19.840168078827364,-43.92329932223438,4.0
mc_ID_6956,"Married Male with three children, education: high school degree working as manual",$30K+,"Candles from Household department, Ordered Brand : Cormorant",11.7596,7.40 kg,non recyclable,,Budget Bargains,mid-siZE,$5.43 Millions,1.8462 Millions,2819.7,447.7,298.5,654.273,rio d3 janeiro,RJ,-22.90210949070916,measure: -43.18080246058632,piraçicaba,5P,-22.71683928585045,-47.65736585405934,4.0
mc_ID_6957,"Single Male with one child, education: Bachelors degree working as professional",130K+,"Beer and Wine from Alcoholic Beverages department, Ordered Brand : Good",10.0153,8.5471,non recyclable,,Two for One, Supermarket,4.86 Millions,2.3328 Millions,,457.36,305.5,300.8296,sao paulo,sp,data: -23.610706900080807,val: -46.63994543519532,cascavel,PR,-24.966371460470743,data: -53.46488320191585,val: 1.0
mc_ID_6958,Single Male with four kids; education: partial high school working as manual,10K+ annually,"Vegetables from Produce department, Ordered Brand : Tell Tale",28.4904,amount: 27.0368,recyclable,,,SUPErmaRkEt,10.53 Millions,4.8438 Millions,1510.94,,151.9,data: 351.456,goiania,Gu,-16.716108000723914,-49.27434579362765,PETROPOLIS,RJ ,-22.549033360244323,-43.210094724044055,5.0
mc_ID_6960,"Single Male with two children, education: partial high school working as skilled manual",10K+,"Canned Soup from Canned Foods department, Ordered Brand : Just Right",10.3496,8.8815,non recyclable,,,Supermarket,11.28 Millions,4.1736 Millions,1506.82,227.8,151.9,val: 619.0228,sAo bERNArdO do cAMPo,sp,-23.706697401869818,-46.54569149027648,sao jose do rio preto, SP ,-20.8186365094994,-49.36992583875571,1.0
mc_ID_6961,"married female with two children, education: bachelors degree working as professional",50K+,"Beer and Wine from Alcoholic Beverages department, Ordered Brand : Good",10.0153,8.5471,non recyclable,"['Video Store', 'Ready Food', 'Bar For Salad', 'Coffee Bar', 'Florist']",Save Price,Deluxe,"4.86 ,000,000illions",2.3814 Millions,1731.53,503.07,335.38,419.9167,rio de janeiro,RJ,-22.92801128978522,-43.64204907457884,Sao Joaquim Da Barra,SP,measure: -20.58117744270148,-47.858931261277824,2.0
mc_ID_6963,"Single Male with three kidren, education: bachelors degree working as management",70K+,"Candy from Snacks department, Ordered Brand : Atomic",16.2802,11.9049,non recyclable,"['Bar For Salad', 'Ready Food']",Two for One,Supermarket,13.32 Millions,5.8608 Millions,2265.9,853.22,567.65,555.426,penha,SC,-26.773764104374084,-48.63953711236351,SaNTo aMDRe,_SP,-23.665703457960586,amount: -46.51808196779969,amount: 5.0
mc_ID_6965,"Single Male with three children, education: partial high school working as manual",10K+,"Pizza from Frozen Foods department, Ordered Brand : Carrington",27.3275,25.7286,recyclable,"['Ready Food', 'Coffee Bar', 'Florist', 'Bar For Salad']",Full Free,Deluxe ,13.56 Millions,5.424 Millions,2055.54,654.13,436.09,288.5914,PORtO SegURO,BA,-16.44446967266491,-39.06166956260506,contagem,MG,-19.944519773919623,-44.03388528779314,1.0
mc_ID_6967,"Married Female with one child, education: partial high school working as skilled manual",10K+,"Pure Juice Beverages from Beverages department, Ordered Brand : Fabulous",15.6988,12.7916,non recyclable,"['Ready Food', 'Florist', 'Coffee Bar', 'Bar For Salad']",Saving Days,Gourmet,2.1 Millions,0.987 Millions,1564.86,385.45,256.97,474.0995,russas,_CE,-4.936536092354878,-37.9700053741039,BORD4 DA MATA, MG,-22.264093569966427,-46.15856420525942,5.0
mc_ID_6968,"Single Female with three kids, education: partial college working as management.",70K or more,"Dairy from Dairy department, Ordered Brand : Club",22.5307,19.6235,non recyclable,"['Bar For Salad', 'Ready Food']",Super Savers,Supermarkat,6.93 Millions,2.9106 Millions,2448.37,470.27,312.09,754.7413,PETROPOLIS,RJ,-22.436244335022675,-43.14033841232948,PIRACICABA, Sp,-22.72737479516996,-47.67061025477531,1.0
mc_ID_6969,"Single Male with No children, education: bachelors degree working as professional, Single Male with No children",Income: 50K+,"Vegetables from Canned Foods department, Ordered Brand : Just Right",-14.5359,13.0823,recyclable,,GLD,$upermarket,€3.1M,1.26 Millions,,227.8,,727.9637,osasco,SP,-23.529736487650748,-46.793052245224686,SAO 	PAULO,Sp,data: -23.65111484251016,-46.75521082321932,1.0
mc_ID_6970,"Married Male with four children, education: bachelors degree working as management",€42K+,"Hygiene from Health and Hygiene department, Ordered Brand : Faux Products",13.4312,measure: 10.5095,non recyclable,['Coffee Bar'],Promo Big,Supermarket,5.5 Millions,1.925 Millions,1236.07,440.92,292.03,647.8924,guadalupe,Pi,-6.788369298630233,-43.56278507622656,votuporanga,SP_,-20.405604560394835,-49.99195266803888,4.0
mc_ID_6971,"Single Male with three children, education: bachelor'ss degree working as professional",50K or more,"Frozen Desserts from Frozen Foods department, Ordered Brand : Imagine",amount: 19.9142,15.4081,non recyclable,"['Florist', 'Coffee Bar', 'Ready Food', 'Bar For Salad']",Best Price Savers,gourmet,€9.7M,4.1148 Millions,1564.86,385.45,256.97,558.1979,BRASILIA,Df,data: -15.814967496183934,-47.98299607251937,ibitinga,SP,measure: -21.7664768468313,-48.83154737836604,val: 4.0
mc_ID_6972,"Married Female with four children, education: high school degree working as professional",150000,"Eggs from Eggs department, Ordered Brand : National",30.9615,27.909,non recyclable,,GLD,,"11.22 ,000,000illions",4.8246 Millions,2051.19,459.36,304.91,697.7866,belem,_PA,-1.4183195981015178,-48.466735570488815,belo horizonte,Mg,-19.878513898894187,-43.95694702879617,5.0
mc_ID_6975,"Single Female with three children, education: partial high school working as manual",10K+ annually,"Meat from Frozen Foods department, Ordered Brand : Golden",17.4431,14.5359,recyclable,"['Coffee Bar', 'Florist', 'Bar For Salad', 'Ready Food']",Sale : Double Down,Delux3,7.05 Millions,3.4545 Millions,2055.29,654.13,436.09,500.7202,betim,MG,-20.027613975524485,-44.23602350815929,cerqueira cesar,SP,-23.037596029379426,-49.163361189515406,Rating: 5.0
mc_ID_6976,"Single Male with No kids, education: partial high school working as professional",70K+,"Cold Remedies from Health and Hygiene department, Ordered Brand : Steady",data: 27.909,25.0018,recyclable,"['Florist', 'Video Store', 'Ready Food', 'Coffee Bar', 'Bar For Salad']",Shelf Clearing Days,,2.01 Millions,0.8442 Millions,,593.93,396.67,val: 516.7763,cataguases,MG,-21.393999019279303,-42.69677541643672,mage,RJ,-22.65894387253605,-43.03681018346885,5.0
mc_ID_6977,"Married Female with five children, education: partial high school working as management",90K+,"Vegetables from Produce department, Ordered Brand : Tell Tale",18.8967,measure: 14.5359,recyclable,"['Florist', 'Coffee Bar', 'Video Store', 'Ready Food', 'Bar For Salad']",nil,DELUXE,$9.7 Millions,4.171 Millions,2039.04,483.98,321.26,val: 777.2826,sao paulo,SP,amount: -23.58872637468981,-46.761684381066445,sao jose,SC,-27.543786658615705,-48.62567962615467,5.0
mc_ID_6978,"Single Male with two children, education: partial college working as professional",90K+,"Meat from Frozen Foods department, Ordered Brand : Big Time",11.4398,8.5181,non recyclable,,GLD,,14.68 Millions,5.872 Millions,1508,227.8,151.9,727.9637,sao paulo,SP,-23.631396027053583,-46.604518383488205,"montenegro
",rs,-29.67034898140752,data: -51.46146829327502,5.0
mc_ID_6979,Single Male with No children; education: partial college working as skilled manual,30K+,"Canned Tuna from Canned Foods department, Ordered Brand : Just Right",13.7801,12.3119,non recyclable,"['Video Store', 'Coffee Bar', 'Bar For Salad', 'Ready Food', 'Florist']",Roller Savings (High) ,Gourme7,"5.12 ,000,000illions",1.7408 Millions,1424.85,465.54,310.3,499.7265,campinas,SP,-22.90124134639356,val: -47.05512845102415,ibitinga,SP,-21.7664768468313,-48.83154737836604,1.0
mc_ID_6980,"Married Female with three children, education: partial high school working as skilled manual",€8K+,"Paper Products from Household department, Ordered Brand : Red Wing",23.8389,22.24,non recyclable,"['Bar For Salad', 'Coffee Bar', 'Ready Food', 'Florist']",,Deluxe,1.28 Millions,0.512 Millions,2055.29,654.13,434.25,494.9149,campo grande,M$,-20.508045463788967,amount: -54.63393182653356,petropolis,RJ,-22.549033360244323,data: -43.210094724044055,4.0
mc_ID_6982,"Married Male with one child, education: partial high school working as manual",$10K+,"Bread from Baked Goods department, Ordered Brand : Fantastic",19.6235,16.72 kg,recyclable,['Coffee Bar'],Price Slashers,Supermarket_,5.98Ms,2.093 Millions,1236.07,442.92,293.95,525.3012,riodejaneiro,RJ,data: -23.004141035518547,-43.62969052498696,sao paulo, Sp,-23.512538179294825,-46.50108112461768,1.0
mc_ID_6985,"Single Male with No children, education: bachelors degree working as professional",Income: 50K+,"Snack Foods from Snack Foods department, Ordered Brand : Fast",15262.70 grams,13.8091,recyclable,"['Bar For Salad', 'Video Store', 'Florist', 'Ready Food', 'Coffee Bar']",Roller Savings (High) ,GOURMET,€5.7M,2.4192 Millions,1424.85,465.54,310.3,499.7265,sao paulo,SP,-23.55888611989353,-46.58187431508816,rio de janeiro,_rj,-22.86933515510882,-43.21992800026346,5.0
mc_ID_6986,"SiNgLe fEmAlE WiTh tWo kIdS, eDuCaTiOn: BaChElOrS DeGrEe wOrKiNg aS MaNaGeMeNt",840+ monthly,"Jams and Jellies from Baking Goods department, Ordered Brand : Landslide",14.8266,11.9049,recyclable,"['Ready Food', 'Coffee Bar', 'Bar For Salad', 'Video Store', 'Florist']",Shelf Emptiers,,1.36 Millions,0.5712 Millions,1424.85,465.54,311.86,718.2882,Ri0 DE jANEIRo,RJ,-22.88581777939288,data: -43.4242470936303,ibitLNGA,SP,-21.7664768468313,-48.83154737836604,4.0
mc_ID_6989,"Single Female with four children, education: bachelors degree working as professional",110K or more,"Vegetables from Frozen Foods department, Ordered Brand : Big Time",12.3555,9.4484,non recyclable,['Coffee Bar'],Sale : Double Down,Supermarket,"7.14 ,000,000illions",2.4276 Millions,1238.98,440.92,291.96,309.5637,medianeira,PR,-25.291725444450297,-54.10023587801571,sao paulo,SP,val: -23.59798552039933,-46.55547278711988,5.0
mc_ID_6990,"Single Female with five children, education: partial college working as professional",30K+,"Dairy from Dairy department, Ordered Brand : Booker",27.0368,24.1296,recyclable,"['Coffee Bar', 'Bar For Salad', 'Video Store', 'Florist', 'Ready Food']",Price Slashers,Deluxe,3.96 Millions,1.7028 Millions,1734.6,503.07,336.97,282.9953,uruguaiana,rS,-29.7653349603648,-57.08632042334778,santo antonio da patrulha,RS,-29.8278405,-50.5234755,1.0
mc_ID_6991,"Married Female with three children, education: partial college working as professional",30K+,"Snack Foods from Snack Foods department, Ordered Brand : Horatio",24.8564,20.4957,recyclable,['Coffee Bar'],,Supermarket,5.13 Millions,2.5137 Millions,1236.07,,293.01,754.0614,_osasco,SP,-23.54204599711017,-46.81338237476369,Sao Paulo ,SP,-23.609026190856948,-46.65965657991232,5.0
mc_ID_6992,"Single Female with two children, education: partial high school working as skilled manual",10K+,"Jams and Jellies from Baking Goods department, Ordered Brand : BBB Best",29.3626,25.0018,non recyclable,"['Ready Food', 'Bar For Salad', 'Coffee Bar', 'Florist']",Roller Savings (High) ,Gourmet_,5.7 Millions,2.394 Millions,1564.86,385.45,256.97,measure: 637.6939,ALVORADA ,rS,-30.00620556531,-51.05450977585838,maringa,PR,-23.396179945356447,-51.925220060790366,val: 5.0
mc_ID_6993,"Single Male with three kids, education: high school degree working as manual",360+ monthly,"Snack Foods from Snack Foods department, Ordered Brand : Best Choice",27.3275,25.7286,recyclable,"['Ready Food', 'Florist', 'Video Store', 'Bar For Salad', 'Coffee Bar']",Price Winners,_Deluxe,"6.42 ,000,000illions",2.7606 Millions,,481.98,321.26,453.9117,itatiba,SP,-23.02208878722264,-46.84614507475785,S@O PAULO,SP,-23.554079433810344,-46.53324185942636,5.0
mc_ID_6994,"MaRrIeD MaLe wItH No kIdS, eDuCaTiOn: HiGh sChOoL DeGrEe wOrKiNg aS PrOfEsSiOnAl",110K+,"Dairy from Dairy department, Ordered Brand : Booker",31.3976,27.0368,recyclable,"['Bar For Salad', 'Florist', 'Ready Food', 'Coffee Bar']",Discount Frenzy,Deluxe,3.32 Millions,1.1952 Millions,2055.29,654.13,437.53,779.6884,itapevi,SP,-23.55266738040897,-46.9176766002288,sao paulo,SP,-23.555682314184303,-46.63309991286275,val: 5.0
mc_ID_6996,"Married Male with four kids, education: graduate degree working as management",130000,"Starchy Foods from Starchy Foods department, Ordered Brand : Shady Lake",15.9895,11.6287,recyclable,,Price Winners,Supermarket,8.43 Millions,3.4563 Millions,1623.48,341.05,,586.7537,macae,rJ,amount: -22.37333917216797,val: -41.78264909681508,andira-pr,PR,-23.11527383783278,measure: -50.17926898432253,4.0
mc_ID_6997,"Married Male with two childern, education: partial college working as management",30K+,"Hygiene from Health and Hygiene department, Ordered Brand : Bird Call",20.3503,15.9895,non recyclable,['Florist'],Price Winners,supermarket,4.44 Millions,2.1756 Millions,1320.15,523.32,348.85,640.7273,osasco,SP,-23.56108266945574,-46.78510372217097,goiania,GO,-16.681533640451587,-49.26496792761543,5.0
mc_ID_7000,"Single Female with two children, education: partial high school working as professional",70K+,"Vegetables from Frozen Foods department, Ordered Brand : Golden",20.641,measure: 19.0421,non recyclable,"['Florist', 'Ready Food', 'Coffee Bar', 'Bar For Salad']",Save Price,	DELUXE,11.88 Millions,5.1084 Millions,2052.85,654.13,436.09,584.191,nova petropolis,RS,-29.374490431468143,data: -51.10997893571979,ibitiñga,SP,-21.7664768468313,val: -48.83154737836604,5.0
mc_ID_7001,"Married Female with four children, education: partial high school working as skilled manual",10K+,"Fruit from Produce department, Ordered Brand : Tri-State",19.0421,16.1349,non recyclable,['Coffee Bar'],,Small Grocery,5.38 Millions,2.2596 Millions,,398.93,267.39,531.6295,sao paulo,SP,-23.64206444771412,-46.60116086192853,santos,sP,-23.944502325841068,val: -46.33124278031053,5.0
mc_ID_7004,"sINGLE fEMALE WITH THREE KIDS, EDUCATION: PARTIAL COLLEGE WORKING AS MANAGEMENT",70K+,"Dairy from Dairy department, Ordered Brand : Even Better",22.8214,18.3153,non recyclable,"['Bar For Salad', 'Coffee Bar', 'Florist', 'Video Store', 'Ready Food']",You Save Days,,1.58 Millions,0.7584 Millions,1424.85,465.54,310.3,689.3663,m0nte mor, SP ,amount: -22.95001023221123,-47.30583884974829,sao paulo,SP,-23.50032232672679,-46.64104366534537,5.0
mc_ID_7007,"SiNgLe mAlE WiTh tHrEe cHiLdReN, eDuCaTiOn: HiGh sChOoL DeGrEe wOrKiNg aS MaNuAl, EdUcAtIoN: hIgH ScHoOl dEgReE WoRkInG As mAnUaL",50K+,"Meat from Frozen Foods department, Ordered Brand : Golden",17.4431,14.5359,recyclable,,Budget Bargains,supermarket,7.05 Millions,2.679 Millions,1623.48,341.05,,623.7298,Sao Paulo,_$p,-23.507503407438392,?,	ITaQUaQuEcETuBA,sp,-23.48262344063541,-46.37448952833195,5.0
mc_ID_7009,"Married Female w/ three children, education: high school degree working as professional",€59K+,"Vegetables from Produce department, Ordered Brand : High Top",13.5184,10.6112,recyclable,"['Florist', 'Ready Food', 'Coffee Bar', 'Bar For Salad']",GLD,,2.28 Millions,1.0488 Millions,1563.76,385.45,257.34,396.2248,gastao vidigal,sp,-20.801205104505616,-50.18918988482319,pedreira,SP,-22.73824150585765,-46.8958585777586,5.0
mc_ID_7010,"Single Male with four kidren, education: high school degree working as skilled manual",30K or more,"Candy from Snacks department, Ordered Brand : Musial",-28.6358,53.52 lbs,recyclable,"['Video Store', 'Ready Food', 'Florist', 'Coffee Bar', 'Bar For Salad']",Price Winners,DELUXE,$6.3 Millions,2.079 Millions,1871.16,593.93,395.95,436.9665,vicosa,MG,-20.721937677884224,-42.86601159708953,1BITINGA,SP,-21.7664768468313,-48.83154737836604,80%
mc_ID_7012,"Married Female with three children, education: partial high school working as professional",90K+,"Vegetables from Canned Foods department, Ordered Brand : Just Right",14.5359,13.0823,recyclable,"['Bar For Salad', 'Florist', 'Coffee Bar', 'Video Store', 'Ready Food']",Price Cutters,Gourmet,$2.4 Millions,0.936 Millions,1424.85,465.54,310.3,675.716,salvador,BA,-12.929672913250002,-38.44511436823591,sao paulu,SP,val: -23.6442788484621,-46.66304850360666,measure: 3.0
mc_ID_7014,"Married Female with three children, education: bachelors degree working as management",50K+,"Eggs from Eggs department, Ordered Brand : National",24.7111,21.8039,non recyclable,['Coffee Bar'],Best Price Savers,,3.51 Millions,1.2285 Millions,1236.07,440.92,,R$3962.95, SALVADOR ,BA,-12.89710733650625,-38.41508404262296,araguari,MG,val: -18.643784093954583,-48.20804381879092,measure: 3.0
mc_ID_7015,"Single Male with one child, education: partial high school working as skilled manual",$10K+,"Canned Soup from Canned Foods department, Ordered Brand : Blue Label",-24.8564,23.4028,non recyclable,['Coffee Bar'],Price Smashers,SmalI Grocery,€1.5M,0.6408 Millions,1425.14,,267.23,759.6052,luis eduardo magalhaes,_BA,-12.08678562555841,amount: -45.79992414323213, ibitinga ,5P,data: -21.7664768468313,-48.83154737836604,5.0
mc_ID_7017,"Single Male with one child, education: graduate degree working as professional",840+ monthly,"Dairy from Dairy department, Ordered Brand : Carlson",15.6988,measure: 14.2452,non recyclable,"['Bar For Salad', 'Video Store', 'Florist', 'Ready Food', 'Coffee Bar']",Save Price,Gourmet,11.91 Millions,5.3595 Millions,1424.85,465.54,312.05,670.486,"araraquara
",SP,-21.80108206491165,val: -48.14836890596433,_Brusque,SC,-27.08345828864908,val: -48.89710959769749,4.0
mc_ID_7019,"Single Male with four children, education: High School degree working as skilled manual",30K+ annually,"Snack Foods from Snack Foods department, Ordered Brand : Horatio",11.0037,9.5501,recyclable,"['Coffee Bar', 'Video Store', 'Ready Food', 'Florist', 'Bar For Salad']",Price Winners,Deluxe,6.92 Millions,2.076 Millions,2038.11,481.98,322.26,478.9634,	BRA$iLia,DF,-15.8347492682803,measure: -48.01934705398348,florianopulis,5C,measure: -27.541774322739933,-48.524876521904254,4.0
mc_ID_7020,"Single Female with one child, education: partial high school working as manual",10K+,"Dairy from Dairy department, Ordered Brand : Even Better",23.1121,20.0596,recyclable,"['Florist', 'Ready Food', 'Video Store', 'Bar For Salad', 'Coffee Bar']",Go For It,Daluxe,15.8Ms,4.898 Millions,2038.11,481.98,321.26,455.3761,sao paulo,SP,-23.619064602940195,-46.672288608270925,brasilia,Df,-15.840667480274698,-48.051942900348365,amount: 5.0
mc_ID_7021,"Married Male with five children, education: bachelors degree working as management",50K+,"Canned Oysters from Canned Foods department, Ordered Brand : Pleasant",data: 12.2974,10.8438,non recyclable,"['Coffee Bar', 'Florist', 'Bar For Salad', 'Ready Food']",Save Price,Deluxe,7.29 Millions,2.5515 Millions,,654.13,435.67,602.1299,rio branco,_Ac,-9.97456238336677,-67.80965579857256,sau paulo,SP,-23.4719444074384,-46.59864459256161,4.0
mc_ID_7022,"Married Male with three children, education: partial high school working as skilled manual",10K+ annually,"Baking Goods from Baking Goods department, Ordered Brand : Super",11.1054,8.1837,non recyclable,"['Florist', 'Coffee Bar', 'Bar For Salad', 'Video Store', 'Ready Food']",Tip Top Savings,Deluxe,"3.62 ,000,000illions",1.7376 Millions,1734.15,505.07,333.76,287.127,itapira,sp,-22.41871528680376,-46.82798216284088,ROLANDIA,Pr,measure: -23.31259824896755,-51.36894941889966,1.0
mc_ID_7023,"Single Female with three children, education: high school degree working as management",150K+,"Frozen Desserts from Frozen Foods department, Ordered Brand : Golden",26.4554,25.0018,non recyclable,['Florist'],Big Time Discounts,,4.9 Millions,1.47 Millions,1320.15,523.32,348.85,765.7243,sao paulo,Sp,-23.61651686594724,measure: -46.49485410421835,belo horizonte,MG,-19.878513898894187,measure: -43.95694702879617,val: 4.0
mc_ID_7025,"Single Female with five children, education: high school degree working as professional",90K+,"Fruit from Produce department, Ordered Brand : Tri-State",30.5255,29.0719,recyclable,"['Video Store', 'Bar For Salad', 'Florist', 'Ready Food', 'Coffee Bar']",Two Day Sale,deluxe,7.28 Millions,2.8392 Millions,2038.11,481.98,321.26,495.7517,tEixeIRA DE FREIt4s,Ba,-17.530789975548146,amount: -39.76235742240667,Franca,SP,-20.506793628480604,amount: -47.40773763671002,1.0
mc_ID_7026,"Single Male with No children, education: bachelors degree working as professional",50K+,"Vegetables from Canned Foods department, Ordered Brand : Just Right",14.5359,-1.0,recyclable,,Full Free,SuPeRmArKEt,3.6 Millions,1.476 Millions,1508,227.8,153.78,660.2352,sorocaba,SP,-23.427220495412364,-47.46811611532685,sao paulo_,Sp,-23.47666615958798,-46.68147008895491,4.0
mc_ID_7028,"Married Male with four children, education: high school degree working as skilled manual",30K+,"Paper Products from Household department, Ordered Brand : Denny",25.5832,24.1296,recyclable,,Roller Savings (High) ,,7.47 Millions,2.241 Millions,1509.09,229.8,151.9,379.7503,Rio De Janeiro,rj,data: -22.903440789341573,-43.25796388245143,sao paulo,sp,-23.59798552039933,-46.55547278711988,5.0
mc_ID_7030,"Single Female with four children, education: high school degree working as manual",30K or more,"Fruit from Produce department, Ordered Brand : High Top",19.7689,15.4081,non recyclable,"['Coffee Bar', 'Ready Food', 'Florist', 'Bar For Salad']",Shelf Emptiers,Gourmet,$6.4 Millions,2.176 Millions,1564.86,385.45,255.69,773.0986,bilac,$P,amount: -21.401868898287308,-50.468934178259445,Salto,SP,-23.19024365306712,-47.291570633360266,3.0
mc_ID_7031,"Married Female with two children, education: partial HS working as professional",150K+,"Meat from Deli department, Ordered Brand : Lake",17.8792,16.4256,non recyclable,,You Save Days,Supermarket,3.06 Millions,0.9792 Millions,1506.82,227.8,151.9,565.9906,sao paulo,SP,-23.64090150541207,amount: -46.67021054334753,sao paulo,SP,-23.54279940605341,-46.595165217323526,5.0
mc_ID_7032,"Married Female with four children, education: High School degree working as manual",360+ monthly,"Snack Foods from Snack Foods department, Ordered Brand : Nationeel",-15.6988,11.338,recyclable,"['Coffee Bar', 'Bar For Salad', 'Ready Food', 'Florist', 'Video Store']",Green Light Special,Deluxe,11.92 Millions,5.364 Millions,1525.28,373.1,248.79,507.9899,"sao paulo
",sp,-23.679010904807125,-46.79185744851908,sao bernardo do campo,sp,-23.71457923606073,-46.54581156219319,2.0
mc_ID_7033,"Married Male with one child, education: bachelors degree working as professional",50K+,"Paper Products from Household department, Ordered Brand : Red Wing",19.4781,-999.0,recyclable,"['Coffee Bar', 'Bar For Salad', 'Florist', 'Ready Food', 'Video Store']",You Save Days,,7.12 Millions,2.9904 Millions,...,,310.3,689.3663,vila velha,aS,-20.37616120906966,-40.30529402401848,borda da mata,MG,-22.264093569966427,-46.15856420525942,5.0
mc_ID_7034,"Married Male with five children, education: partial college working as skilled manual",30K+,"Pain Relievers from Health and Hygiene department, Ordered Brand : Steady",-17.1524,14.2452,recyclable,,Save It (Sale),Supermarket,"11.32 ,000,000illions",3.6224 Millions,1623.48,341.05,229.27,€300.65,	curitiba,PR,-25.383237045242065,-49.23195552997861,brasilia,DF,-15.840667480274698,-48.051942900348365,1.0
mc_ID_7037,"Married Male with No children, education: partial college working as professional",30K+,"Frozen Desserts from Frozen Foods department, Ordered Brand : PigTail",-24.1296,21.2225,recyclable,"['Video Store', 'Bar For Salad', 'Florist', 'Ready Food', 'Coffee Bar']",,,2.3 Millions,0.805 Millions,1525.28,373.1,248.79,measure: 560.656,SANTOS,Sp,-23.944502325841068,-46.33124278031053,lbitinga,SP_,-21.7664768468313,-48.83154737836604,3.0
mc_ID_7038,"Single Male with one child, education: bachelor'ss degree working as professional",90K+,"Canned Anchovies from Canned Foods department, Ordered Brand : Better",15.2627,10.9019,recyclable,"['Ready Food', 'Bar For Salad']",Money Savers,Supermarket,4.56 Millions,1.5504 Millions,2265.9,,569.62,432.0503,praia grande,sp,amount: -23.99933326066255,-46.44470546564009,sao paulo,SP,-23.61411790980433,-46.60034800222169,4.0
mc_ID_7039,Married Female with two children - education: bachelors degree working as professional,50K+ annually,"Carbonated Beverages from Beverages department, Ordered Brand : Excellent",19.0421,35.57 lbs,recyclable,"['Coffee Bar', 'Florist', 'Bar For Salad', 'Ready Food']",GLD,gOurMet,6.54 Millions,3.0084 Millions,1564.86,385.45,256.97,396.2248,florianopolis,sc,-27.42517433269942,-48.426350651572776,ibitinga,SP,-21.7664768468313,-48.83154737836604,5.0
mc_ID_7040,"Married Female with five children, education: HS degree working as manual",30K+,"Drinks from Beverages department, Ordered Brand : Token",-20.0596,15.70 kg,recyclable,"['Ready Food', 'Coffee Bar', 'Bar For Salad', 'Florist']",Shelf Emptiers,GOURMET,3.22 Millions,1.3846 Millions,1561.98,385.45,256.97,data: 773.0986,estAcaO,RS,-27.91795638639281,-52.26058721336962,piracicaba,sP,-22.71683928585045,-47.65736585405934,5.0
mc_ID_7041,"Married Female with four children, education: high school degree working as skilled manual",30k,"Paper Products from Household department, Ordered Brand : Sunset",14.8266,11.9049,non recyclable,,,Supermarket,6.36 Millions,2.9256 Millions,,457.36,,measure: 310.662,rio de janeiro,RJ,data: -23.004898680535568,-43.2962888304287,iBltINGA,SP,-21.7664768468313,-48.83154737836604,data: 4.0
mc_ID_7042,"Married Female with three children, education: bachelors degree working as management",50K+,"Meat from Deli department, Ordered Brand : Lake",24.5657,22.9668,recyclable,,Two for One,,$9.96 Millions,4.482 Millions,2047.77,459.36,304.91,300.8296,Pindamonhangaba_,SP,-22.94775990806028,-45.49172108176731,gu4riba, SP,amount: -21.36235769739203,-48.232975701561735,5.0
mc_ID_7043,"Single Female with No children, education: partial high school working as manual",10000,"Canned Soup from Canned Foods department, Ordered Brand : Bravo",26.8915,22.5307,recyclable,"['Video Store', 'Ready Food', 'Coffee Bar', 'Florist', 'Bar For Salad']",Roller Savings (High) ,,€10.1M,3.7014 Millions,1424.85,467.54,309.4,499.7265,sao paulo,SP,-23.655848186508187,-46.753966419239376,Sao Paulo,SP,-23.537511255832708,-46.63705730743676,val: 5.0
mc_ID_7044,"Single Male with two children, education: high school degree working as professional",150K+,"Snack Foods from Snack Foods department, Ordered Brand : Best Choice",29.944,27.0368,recyclable,"['Coffee Bar', 'Florist']",Green Light Special,MID-SIZE,7.56 Millions,3.402 Millions,2551.4,389.54,259.66,769.6991,suzano,SP,-23.54736980354735,-46.30311358926496,ibitinga,sp,-21.7664768468313,-48.83154737836604,5.0
mc_ID_7045,"Single Male with four children, education: high school degree working as manual",30K+,"Jams and Jellies from Baking Goods department, Ordered Brand : Super",25.2925,20.7864,non recyclable,,Price Slashers,Supermarkat,2.7 Millions,1.026 Millions,1510.73,227.8,151.9,351.456,sao sebastiao do paraiso,MG,amount: -20.916423501961283,measure: -46.993701179798975,PIRACICABA,Sp,-22.71683928585045,val: -47.65736585405934,5.0
mc_ID_7046,"Single Male with one child, education: partial high school working as skilled manual",120+ monthly,"Fruit from Produce department, Ordered Brand : High Top",25.0018,20.641,recyclable,,Sales Days,Supermarket,2.76 Millions,0.9108 Millions,2049.72,457.36,304.91,610.5502,sao paulo_,SP,-23.50999545221116,-46.50243381083857,ibitinga,SP,-21.7664768468313,-48.83154737836604,val: 5.0
mc_ID_7047,"Single Male with five children, education: partial high school working as manual",10k,"Beer and Wine from Alcoholic Beverages department, Ordered Brand : Good",14.1144,-9.7536,recyclable,"['Coffee Bar', 'Florist', 'Ready Food', 'Video Store', 'Bar For Salad']",Lottery Cash Registerion,Deluxe,4.48 Millions,1.9264 Millions,1734.5,503.07,335.38,290.7357,Goiania,GO,-16.656251988551617,-49.33176945171433,ibitinga,SP,measure: -21.7664768468313,-48.83154737836604,4.0
mc_ID_7048,"Married Female with two children, education: bachelors degree working as management",70K+,"Plastic Products from Household department, Ordered Brand : High Quality",29.3626,26.4554,recyclable,"['Video Store', 'Bar For Salad', 'Coffee Bar', 'Florist', 'Ready Food']",Shelf Clearing Days,DELUXE,"5.85 ,000,000illions",2.8665 Millions,1874.15,593.93,395.95,amount: 516.7763,embu das artes,SP,-23.650602102678075,-46.795999133052526,m4cae,RJ,-22.403381937186253,-41.80967113254423,data: 5.0
mc_ID_7051,"SINGLE MALE WITH FOUR CHILDREN, EDUCATION: PARTIAL HIGH SCHOOL WORKING AS MANUAL",€8K+,"Magazines from Periodicals department, Ordered Brand : Mighty Good",19.9142,15.4081,non recyclable,"['Coffee Bar', 'Bar For Salad', 'Video Store', 'Florist', 'Ready Food']",GLD,Deluxe,7.4 Millions,3.034 Millions,1872.74,593.93,395.95,TBD,Rio De Janeiro,RJ,-22.962511351924544,-43.17640771510184,drac3na,sP,-21.4988715,-51.53786099999999,val: 5.0
mc_ID_7052,"Married Male with five children, education: bachelors degree working as professional.",50k,"Hot Beverages from Beverages department, Ordered Brand : Super",-11.5706,-999.0,non recyclable,['Florist'],Save It (Sale),,€4.7M,2.3016 Millions,1320.15,523.32,348.44,427.7617,indaiatuba,SP,-23.089692080212355,-47.19608228864908,sao paulo,SP,-23.55156260866176,-46.64021297307979,1.0
mc_ID_7053,"Single Male with four children, education: bachelors degree working as professional",110K+,"Jams and Jellies from Baking Goods department, Ordered Brand : BBB Best",31.6883,amount: 27.1822,recyclable,['Coffee Bar'],Weekend Discount,Supermarket,"10.83 ,000,000illions",3.5739 Millions,,440.92,293.95,364.1649,carmo,rj,-21.931793494070657,-42.60935545143997,bauru,SP,-22.353122459390228,-49.0981396206503,val: 5.0
mc_ID_7054,"Single Male with one child, education: partial college working as clerical",30K or more,"Pure Juice Beverages from Beverages department, Ordered Brand : Fabulous",23.2575,amount: 21.8039,recyclable,,Sale Winners,Supermarket,1.95 Millions,0.9165 Millions,1505.72,229.8,151.9,720.171,cemaragibe, PE,-8.01920132194592,-34.99185000721335,sao paulo,$P,-23.65111484251016,-46.75521082321932,Rating: 3.0
mc_ID_7055,"Single Male with three children, education: partial college working as professional",30K or more,"Snack Foods from Snack Foods department, Ordered Brand : Best Choice",28.7811,amount: 24.275,non recyclable,"['Ready Food', 'Coffee Bar', 'Video Store', 'Bar For Salad', 'Florist']",Full Free,Deluxe,€9.9M,3.9678 Millions,1734.5,,335.38,752.2309,pelotas,RS,-31.767831461278803,-52.34106915266308,laranjal paulista,$P,-23.03582473318652,-47.8363026594829,1.0
mc_ID_7056,"Married Female with two children, education: bachelors degree working as management",70K+,"Meat from Deli department, Ordered Brand : Moms",17.8792,16.4256,non recyclable,"['Coffee Bar', 'Video Store', 'Florist', 'Ready Food', 'Bar For Salad']",Price Winners,,4.54 Millions,1.5436 Millions,1871.09,593.93,395.95,436.9665,sao paulo,SP,-23.68384378129149,-46.73903090841936,ribeirao preto, SP ,-21.116471333054424,-47.79073400291418,5.0
mc_ID_7057,"Single Male with four children, education: bachelor'ss degree working as professional",50K+,"Fruit from Produce department, Ordered Brand : Hermanos",val: 30.9615,-27.909,non recyclable,['Coffee Bar'],Super Wallet Savers,Small Grocery,3.34Ms,1.0354 Millions,1394.66,534.29,356.19,361.6545,santos,SP,-23.981964066882146,-46.31003955926474,IBITINGA, SP,-21.7664768468313,-48.83154737836604,1.0
mc_ID_7058,"Married Female with three children, education: partial college working as skilled manual",30K or more,"Snack Foods from Snack Foods department, Ordered Brand : Nationeel",23.6936,20.641,non recyclable,"['Bar For Salad', 'Video Store', 'Coffee Bar', 'Ready Food', 'Florist']",Go For It,deluxe,3.93 Millions,1.2183 Millions,2038.11,481.98,321.26,455.3761,suzano ,SP,-23.529356731919226,-46.31442922624533,pirecicaba,Sp,-22.71683928585045,measure: -47.65736585405934,5.0
mc_ID_7059,"Married Male with two children, education: partial high school working as manual",10K+,"Eggs from Eggs department, Ordered Brand : Jumbo",-10.7275,7.8203,recyclable,"['Coffee Bar', 'Bar For Salad', 'Florist', 'Ready Food', 'Video Store']",Discount Frenzy,GOURMET,8.04 Millions,3.5376 Millions,1424.85,465.54,310.3,504.9565,mandaguari,PR,measure: -23.50634532242993,-51.696090205659,"CASCAVEL
",PR,val: -24.961400882504734,-53.45816618100577,4.0
mc_ID_7061,"Married Female with four kids, education: partial college working as professional",30000,"Bread from Baked Goods department, Ordered Brand : Fantastic",8.7797,5.858,recyclable,"['Coffee Bar', 'Video Store', 'Florist', 'Ready Food', 'Bar For Salad']",Two Day Sale,,13.68 Millions,5.7456 Millions,,465.54,310.3,R$3236.64,sao paulo,$P,-23.656277912574293,data: -46.69147445905709,Guarulhos,Sp,-23.39720141909516,-46.41869442783772,2.0
mc_ID_7062,"Married Male with two children, education: high school degree working as manual",$30K+,"Vegetables from Produce department, Ordered Brand : Hermanos",25.0018,23.5482,non recyclable,"['Ready Food', 'Bar For Salad']",Super Savers,Supermarket,$5.44 Millions,2.176 Millions,2448.29,470.27,314.62,719.3865,PRESIDENTE EPITACIO,SP,amount: -21.77289607496572,-52.10945787915076,sao 	paulo,SP,-23.528716250620374,measure: -46.62026515958797,4.0
mc_ID_7063,"Married Male with three children, education: partial high school working as skilled manual",120+ monthly,"Dairy from Dairy department, Ordered Brand : Booker",-21.9493,19.0421,recyclable,['Coffee Bar'],Price Smashers,Supermarket,6.92 Millions,2.6988 Millions,1236.07,440.92,292.99,722.9429,praia gr4nde,Sp,-24.01704140383171,-46.44291733028447,teresopoli5,rj,-22.41614982008496,-42.97702251227752,5.0
mc_ID_7064,"Single Female with five children, education: bachelors degree working as professional",50k,"Dairy from Dairy department, Ordered Brand : Booker",19.0421,16.1349,non recyclable,"['Ready Food', 'Florist', 'Coffee Bar', 'Video Store', 'Bar For Salad']",I Cant Believe It Sale,Deluxe,$12.35 Millions,4.446 Millions,1734.5,503.07,,363.3281,Jacarei_,$P,-23.29818595956356,-45.974828011182304,CAMPINAS,5P,-22.85275770752771,measure: -47.05510214136723,5.0
mc_ID_7065,"Single Female with one child, education: partial high school working as manual",10K+,"Meat from Deli department, Ordered Brand : Red Spade",31.6883,amount: 30.0894,non recyclable,"['Ready Food', 'Bar For Salad']",Price Cutters,SUPERMARKET,€9.4M,3.7536 Millions,,853.22,568.75,761.0696,rio das ostras,RJ,-22.48719244112802,-41.92144424029182,petrOpOLIs,RJ,-22.549033360244323,-43.210094724044055,5.0
mc_ID_7066,"Married Female with one child, education: partial high school working as manual",10K+,"Magazines from Periodicals department, Ordered Brand : Gauss",data: 22.676,-19.7689,non recyclable,"['Ready Food', 'Bar For Salad', 'Coffee Bar', 'Florist']",Super Duper Savers,Deluxe,7.22 Millions,2.888 Millions,2055.29,654.13,436.09,364.2695,itapetininga,$P,-23.58796435005592,-48.050515104990346,pIraciCaBa,SP,-22.71683928585045,-47.65736585405934,4.0
mc_ID_7068,"Single Male with three children, education: partial high school working as manual",10K+,"Bathroom Products from Health and Hygiene department, Ordered Brand : Bird Call",60.57 lbs,24.4204,recyclable,['Florist'],Save It (Sale),Supermarket,4.29 Millions,1.8876 Millions,-1,,349.04,measure: 427.7617,SAO CAETANO DO SUL,sp,-23.61776447100232,-46.574964586733216,brasilia,DF,-15.812658217593002,-47.89365639297883,4.0
mc_ID_7069,"Married Female with one child, education: high school degree working as professional",70K+,"Pizza from Frozen Foods department, Ordered Brand : Golden",-24.8564,23.4028,recyclable,"['Florist', 'Coffee Bar', 'Ready Food', 'Bar For Salad']",Super Savers,,1.66 Millions,0.6142 Millions,2055.29,654.13,437.06,373.9973,dourados,MS,-22.21703390643334,-54.83238552192974,campo limpo paul1sta,SP,-23.20706431353269,-46.760735214610754,4.0
mc_ID_7072,"education: partial high school working as skilled manual, Married Male with one child",30K+,"Kitchen Products from Household department, Ordered Brand : Cormorant",28.3451,26.8915,non recyclable,,Super Savers,Supermarket,8.52 Millions,4.0896 Millions,2049.72,457.36,304.91,339.8977,sao paulo,sp,-23.57383841548848,data: -46.53324511296094,ribeirao preto,$P,-21.17121748495008,amount: -47.81941847157649,5.0
mc_ID_7073,"Single Male with five children, education: bachelors degree working as professional",50K+,"Jams and Jellies from Baking Goods department, Ordered Brand : Super",11.2072,-8.3,non recyclable,"['Bar For Salad', 'Florist', 'Video Store', 'Coffee Bar', 'Ready Food']",Price Cutters,Gourmet,2.97 Millions,1.4256 Millions,1422.91,465.54,310.31,675.716,rio de janeiro,RJ,-22.88688293782105,-43.365750051474464,francisco baltrao_,pr,-26.003670174999968,-53.23275043899997,5.0
mc_ID_7075,"Married Female with three children, education: bachelors degree working as professional",50K+,"Bread from Baked Goods department, Ordered Brand : Modell",22.24,20.7864,non recyclable,,Go For It,Supermarket,4.95 Millions,2.2275 Millions,,457.36,304.91,525.8765,rio de janeiro,RJ,-22.88071189148247,-43.37148510017898,carazinho,RS,-28.28944621405989,amount: -52.79412331824494,5.0
mc_ID_7076,"Married Male with four children, education: bachelors degree working as professional",130K+,"Vegetables from Produce department, Ordered Brand : Tell Tale",20.2049,17.1524,recyclable,,Budget Bargains,supermarket,14.8 Millions,4.884 Millions,2049.72,457.36,304.91,£517.33,aracaju,SE,-10.97710746932889,-37.04448972344036,barra mansa,	RJ,-22.523912739698662,-44.18623424719054,4.0
mc_ID_7077,"Single Female with four children, education: High School degree working as management",70000,"Beer and Wine from Alcoholic Beverages department, Ordered Brand : Good",10.1461,7.2389,non recyclable,,Price Winners,,3.32 Millions,1.6268 Millions,2819.7,449.7,297.47,€385.82,CASCAVEL,PR ,-24.934945493219328,-53.426412,maringa,pR,data: -23.437975269077903,-51.91385959802448,4.0
mc_ID_7078,...,30K+,"Snack Foods from Snack Foods department, Ordered Brand : Fort West",22.24,17.8792,recyclable,"['Bar For Salad', 'Florist', 'Coffee Bar', 'Ready Food', 'Video Store']",,Deluxe,6.96 Millions,2.2272 Millions,1525.28,373.1,,507.9899,teresina,PI,-5.077309047100612,-42.811760520500144,Sorocaba,SP,-23.494190060505503,-47.40954169025909,4.0
mc_ID_7079,"sINGLE mALE W/ THREE CHILDREN, EDUCATION: PARTIAL hIGH sCHOOL WORKING AS SKILLED MANUAL.",10K+,"Dairy from Dairy department, Ordered Brand : Even Better",31.6883,-27.1822,recyclable,"['Coffee Bar', 'Bar For Salad', 'Ready Food', 'Florist']",Saving Days,Gourmet,9.87 Millions,3.0597 Millions,1564.86,385.45,255.3,474.0995,santos,5P,-23.96705241661365,-46.33691592783774,patos de minas,mg,-18.60497691187199,-46.52154885505743,5.0
mc_ID_7080,"Married Female with one child, education: partial high school working as manual, education: partial high school working as manual",10K+,"Snack Foods from Snack Foods department, Ordered Brand : Best Choice",29.0719,26.1647,non recyclable,"['Ready Food', 'Florist', 'Coffee Bar', 'Bar For Salad']",Promo Big,,€4.1M,1.4787 Millions,,654.13,436.09,267.3576,ituverava,sp,-20.317321012349943,-47.78078066138952,diAdEma,SP,val: -23.68008452677597,-46.62410537301638,5.0
mc_ID_7082,"Married Male with three children, education: high school degree working as professional",90K+,"Baking Goods from Baking Goods department, Ordered Brand : Landslide",14.972,data: 13.5184,recyclable,,Full Free,Supermarket,6.08 Millions,2.6752 Millions,1508,227.8,150.96,660.2352,mafra,SC,-26.11990678126073,-49.803153488260165,limeira, SP,-22.56835042131686,val: -47.44743947974489,1.0
mc_ID_7083,"Married Female with one child, education: bachelors degree working as professional",70K+,"Snack Foods from Snack Foods department, Ordered Brand : Fast",15.2627,-13.8091,recyclable,,Super Savers,MID-SIZE,6.72 Millions,2.7552 Millions,2085.67,783.64,522.49,531.4203,belo horizonte,mg,-19.9085515567546,-43.99610515805876,GUARIBA,Sp,-21.36235769739203,-48.232975701561735,5.0
mc_ID_7084,"Single Male with five children, education: partial HS working as management",110K+,"Canned Soup from Canned Foods department, Ordered Brand : Better",measure: 19.0421,-16.1349,recyclable,"['Coffee Bar', 'Video Store', 'Florist', 'Bar For Salad', 'Ready Food']",Bag Stuffer,Deluxe,$3.45 Millions,1.656 Millions,1733.82,503.07,335.6,662.2226,sao paulo,SP,-23.664255516792647,-46.68857909339831,uberlandia,MG,-18.91595976602804,val: -48.278974174995646,5.0
mc_ID_7085,"Single Female with two children, education: partial college working as management",30K+,"Baking Goods from Baking Goods department, Ordered Brand : Super",11.9921,10.5385,recyclable,"['Florist', 'Video Store', 'Ready Food', 'Coffee Bar', 'Bar For Salad']",Fantastic Discounts,gOuRmeT,$4.26 Millions,1.5762 Millions,1424.85,,309.17,718.9158,ipatinga,_MG,-19.4609515387212,-42.525487901061766,jumdiai,SP,-23.211714582578274,-46.8753760355472,5.0
mc_ID_7086,"Married Male with two children, education: bachelors degree working as professional",70K+,"Bread from Baked Goods department, Ordered Brand : Fantastic",11.5415,7.1807,recyclable,"['Florist', 'Ready Food', 'Bar For Salad', 'Coffee Bar']",,Deluxe,4.5 Millions,2.16 Millions,2055.29,,436.09,584.191,dois vizinhos,	PR,-25.74389872497068,-53.05434104666583,ribeiraopreto,$P,-21.174925033585303,-47.7686162776848,5.0
mc_ID_7087,"Single Male with one child, education: bachelors degree working as professional",50K+,"Pain Relievers from Health and Hygiene department, Ordered Brand : Steady",9.1867,-6.2795,non recyclable,"['Bar For Salad', 'Florist', 'Coffee Bar', 'Ready Food']",Bag Stuffer,deluxe,6.12Ms,2.6928 Millions,2055.29,654.13,437.37,367.7736,guarulhos,SP,-23.401157533417454,-46.430387580925895,sorocaba,SP,-23.53401196947312,-47.46735238343239,
mc_ID_7089,"Married Female with four children, education: high school degree working as skilled manual",30K+,"Snack Foods from Snack Foods department, Ordered Brand : Horatio",23.8389,amount: 20.7864,recyclable,,,,2.7 Millions,1.134 Millions,2049.72,457.36,304.91,327.7641,balneario camboriu,SC,measure: -26.999696999999948,data: -48.63513949999995,sao paulo,sp,val: -23.693985995008337,-46.70188324132953,3.0
mc_ID_7091,"Single Female with three children, education: bachelors degree working as professional",50K+,"Dairy from Dairy department, Ordered Brand : Gorilla",12.8788,9.9571,recyclable,"['Bar For Salad', 'Florist', 'Coffee Bar', 'Video Store', 'Ready Food']",Full Free,Deluxe,16.45 Millions,6.58 Millions,1732.5,503.07,334.53,752.2309, macape , AP ,0.035899351627026,-51.06350042615323,pirituba,SP,-23.49065997530149,amount: -46.7284764394945,4.0
mc_ID_7092,"Married Male with four children, education: bachelors degree working as management",50K+,"Kitchen Products from Household department, Ordered Brand : Red Wing",12.7771,8.4018,non recyclable,"['Coffee Bar', 'Bar For Salad', 'Florist', 'Ready Food', 'Video Store']",I Cant Believe It Sale,	Deluxe,10.52 Millions,3.8924 Millions,1734.5,503.07,335.38,363.3281,BRASILIA,df,-15.804321418637416,-47.89824139639752,sEO PAUlO,$P,amount: -23.54929199999999,-46.633559478233785,4.0
mc_ID_7093,"Married Female with three children, education: partial high school working as management",70K+,"Bathroom Products from Health and Hygiene department, Ordered Brand : Hilltop",19.9142,data: 15.4081,recyclable,['Coffee Bar'],Sale Sale Sale,Supermarket,"13.52 ,000,000illions",5.2728 Millions,1236.07,440.92,294.51,473.7334,juiz de f0ra,MG,-21.758399308904185,-43.3461595335853,PRESIDENTE BERNARDES,SP,-22.002385790929264,-51.56036410767424,data: 1.0
mc_ID_7094,"Married Female with four children, education: bachelors degree working as professional",70K+,"Baking Goods from Baking Goods department, Ordered Brand : CDR",9.3466,6.4249,non recyclable,,Full Free,,2.66 Millions,1.197 Millions,1508,227.8,151.9,660.2352,Manaus,eM,-3.143620204830041,-60.00920718665241,maua,SP,-23.656676689970634,-46.44420755410021,5.0
mc_ID_7096,"Single Female with five children, education: bachelors degree working as professional",70K+,"Paper Products from Household department, Ordered Brand : Sunset",16.8617,15.4081,recyclable,['Coffee Bar'],Dimes Off,Supermarket,3.56 Millions,1.1036 Millions,1236.07,440.92,293.95,amount: 688.1634,sao 5ebastiao do cai,RS,-29.58683498929656,-51.37159365059727,Rio De Janeiro,RJ,-22.93125598447676,-43.17881321481337,5.0
mc_ID_7097,Single Male with three children - education: bachelors degree working as professional,50K+,"Jams and Jellies from Baking Goods department, Ordered Brand : Landslide",-16.4256,13.5184,non recyclable,"['Bar For Salad', 'Coffee Bar', 'Florist', 'Ready Food']",Roller Savings (High) ,,5.3 Millions,1.749 Millions,1565.75,385.45,256.97,637.6939,campinas,$P,-22.898536428530225,-47.063125168330544,piraciçaba,SP,-22.71683928585045,val: -47.65736585405934,1.0
mc_ID_7098,"single female with three children, education: high school degree working as management",130000,"Fruit from Produce department, Ordered Brand : High Top",19.4781,14.972,recyclable,"['Video Store', 'Bar For Salad', 'Florist', 'Ready Food', 'Coffee Bar']",Price Cutters,,9.88 Millions,3.0628 Millions,1423.69,465.54,310.3,675.716,Guaratingueta,sP,-22.793294840815463,-45.19745881614868,sao paulo,SP,-23.554079433810344,-46.53324185942636,5.0
mc_ID_7101,"Single Male with one child, education: high school degree working as manual",€25K+,"Vegetables from Produce department, Ordered Brand : Hermanos",11.9485,10.4949,non recyclable,['Coffee Bar'],Weekend Discount,Supermarket,3.6 Millions,1.584 Millions,,440.92,294.32,698.728,rio de janeiro, RJ,data: -23.00927096142304,-43.42940927644404,brasllia,DF,-15.812658217593002,-47.89365639297883,5.0
mc_ID_7102,"Married Male with three children, education: bachelors degree working as professional",110K+,"Meat from Deli department, Ordered Brand : Cutting Edge",9.71,8.2419,non recyclable,,Two for One,Supermarket,"4.32 ,000,000illions",2.16 Millions,2049.72,457.36,304.91,300.8296,rio de janeiro,	RJ,-22.867576228980287,-43.3308889694731,curitiba,PR,amount: -25.47522523721072,-49.24036693812938,5.0
mc_ID_7104,"Married Female with five children,education: high school degree working as manual",30K+,"Magazines from Periodicals department, Ordered Brand : Gauss",-999.0,17.8792,non recyclable,"['Bar For Salad', 'Florist', 'Ready Food', 'Coffee Bar']",,Gourmet,4.83Ms,1.8837 Millions,1564.86,,258.92,729.2712,iba7e,SP,-21.955472526805508,-48.00621945435803,sorocaba,5P,-23.489741556206333,-47.509921178602326,5.0
mc_ID_7106,"Single Female with four children, education: partial high school working as skilled manual",120+ monthly,"Dairy from Dairy department, Ordered Brand : Gorilla",-13.7074,data: 12.2538,recyclable,"['Florist', 'Bar For Salad', 'Video Store', 'Ready Food', 'Coffee Bar']",Shelf Clearing Days,Gourmet,4.6 Millions,2.3 Millions,1424.85,465.54,310.3,533.2508,sao bernardo do campo, SP,-23.66509253952925,-46.57225469608747,sao paulo,SP,-23.58667354731954,-46.61242320483004,3.0
mc_ID_7107,"Married Male with four children, education: partial high school working as manual",10 Thousand,"Snack Foods from Snack Foods department, Ordered Brand : Horatio",-30.3801,28.7811,recyclable,"['Ready Food', 'Bar For Salad', 'Florist', 'Coffee Bar', 'Video Store']",Best Savings,Gourmet,3.54 Millions,1.593 Millions,1427.41,,310.3,281.4786,_TEResInA,PL,-5.035812073638662,-42.82952717098623,$ao paulo,sp,-23.62358155176294,-46.61056007369148,4.0
mc_ID_7108,"Married Male with four kids, education: bachelors degree working as professional",600+ monthly,"Snack Foods from Snack Foods department, Ordered Brand : Horatio",31.6883,30089.40 grams,recyclable,['Coffee Bar'],Sale Sale Sale,Supermarket_,7.95 Millions,3.498 Millions,1235.13,440.92,,473.7334,Itupeva,$P,amount: -23.15915219401001,-47.05820782584106,curitiba,PR,-25.506504042183643,val: -49.234914267961294,5.0
mc_ID_7109,"Married Male with three children, education: bachelors degree working as management",70K or more,"Fruit from Produce department, Ordered Brand : Ebony",data: 14.2307,amount: 11.309,recyclable,"['Coffee Bar', 'Florist', 'Ready Food', 'Video Store', 'Bar For Salad']",Money Savers,Deluxe,7.32 Millions,2.2692 Millions,1871.16,593.93,395.95,343.611,belo horizonte,_MG,-19.92159682447856,-43.95817411951201,guiania,GO,-16.711414860017403,val: -49.26711541248844,5.0
mc_ID_7111,"Married Male with three children, education: high school degree working as manual",30K+,"Pure Juice Beverages from Beverages department, Ordered Brand : Token",measure: 15.9895,14.5359,recyclable,"['Bar For Salad', 'Ready Food']",Price Destroyers,SUPERMARKET,11.2 Millions,5.488 Millions,2267.94,853.22,568.75,304.7521,campos dos goytacazes,rj,-21.746686962011808,-41.353827401724025,sao jose do rio preto,sP,-20.80243626346376,data: -49.39562406741489,4.0
mc_ID_7112,"Single Male with three children, education: high school degree working as manual",360+ monthly,"Hot Beverages from Beverages department, Ordered Brand : BBB Best",22.0946,19.0421,recyclable,['Florist'],Sale Sale Sale,Supermarket,"10.28 ,000,000illions",3.8036 Millions,1320.15,525.32,348.83,amount: 304.1768,sao caetano do su1,SP,measure: -23.626053031363607,-46.554888478215695,sorocaba,SP,-23.520480249006216,-47.44649732938174,5.0
mc_ID_7113,"Married Male with five children, education: high school degree working as skilled manual",30K+,"Meat from Deli department, Ordered Brand : Moms",23.5482,20.641,recyclable,"['Ready Food', 'Bar For Salad']",Savings Galore,Supermarket,15.4 Millions,6.314 Millions,2448.37,,312.89,550.1437,campos dos goytacazes,RJ,-21.71921138054528,-41.32383151838419,SAO LUDGERO,Sk,val: -28.327530882623098,-49.18050954005345,5.0
mc_ID_7114,"Married Male with five children, education: bachelors degree working as professional",50K+ annually,"Snack Foods from Snack Foods department, Ordered Brand : Fort West",23.6936,20.641,recyclable,"['Florist', 'Bar For Salad', 'Coffee Bar', 'Ready Food']",Super Duper Savers,D3luxe,"10.8 ,000,000illions",3.564 Millions,2055.29,654.13,To Be Determined,amount: 475.93,joinville,SC,-26.310132157366283,-48.827497033585296,mogi das cruzes,SP,-23.516913648399584,-46.10417245526518,1.0
mc_ID_7116,"Married Male with three children, education: partial high school working as skilled manual",10K+,"Bathroom Products from Health and Hygiene department, Ordered Brand : Steady",17.4431,14.5359,recyclable,"['Florist', 'Ready Food', 'Coffee Bar', 'Bar For Salad']",Sale : Double Down,,4.53 Millions,1.8573 Millions,2055.29,654.13,436.97,500.7202,cariacica,_es,-20.32280697831913,-40.36806005961941,LIMEiRA,sp,-22.599254430886607,-47.37980963550319,1.0
mc_ID_7117,"Single Female with two children, education: partial college working as management",30K or more,"Fruit from Produce department, Ordered Brand : Tell Tale",13.562,10.6403,recyclable,"['Florist', 'Coffee Bar', 'Bar For Salad', 'Ready Food']",Weekend Discount,DELUXE,1.22 Millions,0.5124 Millions,2055.29,656.13,435.81,382.0515,Taubata,SP,-23.014906457628143,-45.55074777537135,piracicaba,SP,-22.71683928585045,-47.65736585405934,4.0
mc_ID_7118,"Single Male with No children, education: partial high school working as professional",€59K+,"Dairy from Dairy department, Ordered Brand : Booker",amount: 20.4957,17.5885,recyclable,"['Florist', 'Bar For Salad', 'Video Store', 'Ready Food', 'Coffee Bar']",GLD,Daluxe,10.04 Millions,3.7148 Millions,1871.16,593.93,395.95,484.1411,campo  bom,RS,val: -29.68100117648876,-51.07531051934418,pedreira,SP,-22.73824150585765,amount: -46.8958585777586,1.0
mc_ID_7119,"Single Male with three kidren, education: HS degree working as manual",30K+,"Pain Relievers from Health and Hygiene department, Ordered Brand : Faux Products",18.17 kg,15.2627,non recyclable,"['Florist', 'Coffee Bar', 'Video Store', 'Ready Food', 'Bar For Salad']",,deluxe,5.97Ms,2.388 Millions,1525.28,375.1,248.79,499.2035,joao pessoa ,Pb,-7.062454676928897,-34.84178048112988,belo horizonte,MG,-19.97683947121829,-44.00208279362338,3.0
mc_ID_7120,"Single Male with four children, education: high school degree working as manual",Income: 30K+,"Bathroom Products from Household department, Ordered Brand : Sunset",10.4368,8.9687,non recyclable,"['Bar For Salad', 'Ready Food']",Save Price,supermarket ,"2.12 ,000,000illions",0.6572 Millions,2448.37,470.27,313.55,406.4756,SAO PAULO,Sp,-23.532860441023693,-46.66790717845809,Curitiba,Pr,-25.4439745033258,amount: -49.32947681717858,5.0
mc_ID_7121,"Single Female with one child, education: partial high school working as skilled manual",50K+,"Eggs from Eggs department, Ordered Brand : Blue Medal",amount: 24.7111,21.8039,non recyclable,"['Ready Food', 'Bar For Salad']",Big Time Discounts,Supermarket,8.52 Millions,3.5784 Millions,2448.37,472.27,313.55,amount: 501.9754,rio de janeiro,rj,-22.93348721120668,-43.24563886482204,selto, SP ,-23.20591698084141,-47.307845865803,5.0
mc_ID_7122,"Single_Male_with_one_child,_education:_partial_high_school_working_as_skilled_manual",10K+ annually,"Vegetables from Produce department, Ordered Brand : Tell Tale",10.8002,7.8785,recyclable,,Two for One,,7.92 Millions,3.2472 Millions,2049.72,457.36,304.91,451.9766,sao goncalo do amarante,RN,-5.767733285303072,-35.275466808694375,sao jose dos pinhas,PR,data: -25.517907565641405,-49.195029478215694,3.0
mc_ID_7123,"Single Male with three kidren, education: partial HS working as professional",130K+,"Carbonated Beverages from Beverages department, Ordered Brand : Washington",26.1647,24.7111,recyclable,,Super Savers,sUPErmARKeT,€8.9M,4.4892 Millions,2047.7,457.36,305.76,339.8977, sete lagoas,MG,-19.447338587123927,val: -44.21712257170282,Petropolis,RJ,-22.549033360244323,-43.210094724044055,5.0
mc_ID_7124,"Single Male with two children, education: graduate degree working as professional",30K+,"Snack Foods from Snack Foods department, Ordered Brand : Fort West",17.7338,13.3585,non recyclable,"['Coffee Bar', 'Video Store', 'Bar For Salad', 'Ready Food', 'Florist']",Price Slashers,,$9.36 Millions,2.9952 Millions,1736,503.07,335.38,282.9953,sao paulo,SP,-23.4783963075192,-46.6292237216227,assis,SP,-22.6796532539352,-50.44287891853987,5.0
mc_ID_7126,"Single Male with four children, education: bachelors degree working as management",110K+,"Pure Juice Beverages from Beverages department, Ordered Brand : Token",28.6358,25.7286,recyclable,"['Coffee Bar', 'Ready Food', 'Bar For Salad', 'Florist', 'Video Store']",I Cant Believe It Sale,,2.34 Millions,0.7254 Millions,1734.5,503.07,335.38,data: 363.3281,seo paulo,sp,-23.5367081559813,-46.6596418411045,Curitiba,pr,-25.45385542382702,-49.286168717179294,100%
mc_ID_7127,"Married Female with two children, education: high school degree working as skilled manual",30K+,"Bread from Baked Goods department, Ordered Brand : Sphinx",27.4729,24.4204,recyclable,['Coffee Bar'],Savings Galore, Supermarket,"8.79 ,000,000illions",2.7249 Millions,1236.07,440.92,293.95,724.5119,SAO PAULO,SP,-23.5944875783294,-46.679788357589,sao paulo,sp,-23.4719444074384,-46.59864459256161,5.0
mc_ID_7128,"Single Male with two children, education: high school degree working as skilled manual",30K+,"Dairy from Dairy department, Ordered Brand : Carlson",-14.2016,12.748,non recyclable,"['Coffee Bar', 'Ready Food', 'Bar For Salad', 'Video Store', 'Florist']",Two Day Sale,Gourmet,€5.7M,2.7 Millions,1424.85,465.54,310.3,588.4796,DUQUE DE CAXIAS,RJ,-22.577232122164883,measure: -43.305237856841536,Sao Paulo,sp,-23.667843855675457,-46.66038973120199,5.0
mc_ID_7129,"Single Female with three children, education: partial high school working as manual",10K+,"Jams and Jellies from Baking Goods department, Ordered Brand : Plato",17.4431,13.0823,recyclable,"['Florist', 'Ready Food', 'Coffee Bar', 'Bar For Salad']",Sale : Double Down, Deluxe ,9.8Ms,4.9 Millions,2053.7,654.13,,amount: 500.7202,mariñga_,PR,-23.4372546568219,-51.9636153957686,sao paulo,SP,-23.63329280322003,-46.73784151540766,4.0
mc_ID_7130,Married Female with three children; education: high school degree working as management; Married Female with three children,130K+,"Breakfast Foods from Breakfast Foods department, Ordered Brand : Special",31.6883,28.6358,recyclable,,Tip Top Savings,,8.73 Millions,2.8809 Millions,2819.7,,298.5,416.2557,teutonia,RS,-29.513654924818667,-51.810979665661065,assis,SP,-22.66791333527613,-50.41920174522468,5.0
mc_ID_7131,"Married Female with four kidren, education: partial high school working as management",$130K+,"Specialty from Produce department, Ordered Brand : Hermanos",-16.1349,11.7741,recyclable,"['Video Store', 'Coffee Bar', 'Florist', 'Ready Food', 'Bar For Salad']",Shelf Clearing Days,De1uxe,$8.52 Millions,3.2376 Millions,1871.16,593.93,396.56,516.7763,brasilia,DF,,,drACEna,SP,data: -21.4988715,-51.53786099999999,5.0
mc_ID_7133,"MARRIED MALE WITH NO KIDS, EDUCATION: BACHELORS DEGREE WORKING AS MANAGEMENT",50K+,"Candy from Snacks department, Ordered Brand : Choice",val: 10.0153,-8.5471,non recyclable,['Florist'],Roller Savings (High) ,supermarket,1.06 Millions,0.4028 Millions,1320.15,525.32,348.85,532.6232,rio de janeiro,RJ,measure: -22.88688293782105,-43.365750051474464,Ilicinea,MG,-20.944705621834668,-45.82709818233235,4.0
mc_ID_7135,"Single Male w/ one child, education: high school degree working as skilled manual",30K+,"Snack Foods from Snack Foods department, Ordered Brand : Horatio",measure: 10.2333,measure: 7.3116,non recyclable,"['Ready Food', 'Bar For Salad']",Shelf Clearing Days,Supermarket,6.93 Millions,3.0492 Millions,2449.55,470.27,313.55,363.6942,sao paulo,SP,-23.61202394892955,-46.695471966703145,MONTENEGRO,R$,-29.67034898140752,-51.46146829327502,5.0
mc_ID_7137,"married female with three children, education: bachelors degree working as professional",50K+,"Fruit from Produce department, Ordered Brand : Ebony",14.2307,11.309,recyclable,"['Florist', 'Coffee Bar', 'Ready Food', 'Bar For Salad', 'Video Store']",Dimes Off,Deluxe,7.32 Millions,2.3424 Millions,2036.77,481.98,321.26,550.6144,valenca,RJ,data: -22.23065356965593,-43.70906792813136,Rio De Janeiro,RJ_,measure: -22.8860986389002,amount: -43.3108898963299,val: 5.0
mc_ID_7138,"sINGLE mALE WITH FIVE KIDS, EDUCATION: HIGH SCHOOL DEGREE WORKING AS PROFESSIONAL",70K+,"Beer and Wine from Alcoholic Beverages department, Ordered Brand : Pearl",14.347,9.9716,recyclable,"['Coffee Bar', 'Florist', 'Ready Food', 'Bar For Salad', 'Video Store']",Super Savers,Deluxe,€1.0M,0.5586 Millions,1524.01,373.1,248.79,755.9442,Sao Paulo,SP,-23.533151950603,-46.52395517943906,piracicaba,SP,-22.726257875353635,-47.63781138952056,2.0
mc_ID_7139,"Married Male with five children, education: bachelors degree working as management",50K+,"Fruit from Produce department, Ordered Brand : Hermanos",12.6317,-11.1636,non recyclable,"['Bar For Salad', 'Coffee Bar', 'Video Store', 'Ready Food', 'Florist']",Shelf Clearing Days,,1.48 Millions,0.518 Millions,1424.85,465.54,309.45,533.2508,sao luiz gonzaga,RS,data: -28.41239104550744,data: -54.96008333012874,timbo,SC,-26.83365489702238,-49.26170944102369,4.0
mc_ID_7140,"Single Male with one child, education: partial high school working as manual",50K+,"Dairy from Dairy department, Ordered Brand : Club",20.4957,16.13 kg,non recyclable,"['Bar For Salad', 'Florist', 'Ready Food', 'Coffee Bar', 'Video Store']",I Cant Believe It Sale,Deluxe,"7.64 ,000,000illions",2.8268 Millions,,503.07,336.8,363.3281,panorama,sp,-21.362307677836903,-51.86346633891845, curitiba,PR,-25.43328294393789,amount: -49.28042347446478,4.0
mc_ID_7141,"Married Female with four children, education: high school degree working as skilled manual",30K+,"Paper Products from Household department, Ordered Brand : High Quality",10.6984,measure: 7.7913,recyclable,,Savings Galore, Supermarket ,€8.4M,3.0628 Millions,2049.72,457.36,306.43,714.2611,paracatu,MG,-17.211337793818256,-46.886436092783214,BELO HORIZONTE,MG,-19.91624655709342,-43.93623364096637,5.0
mc_ID_7142,"Marriied Male with five children, education: partial high school working as skilled manual",€8K+,"Snack Foods from Snack Foods department, Ordered Brand : Fort West",-10.4368,8.9687,non recyclable,"['Bar For Salad', 'Ready Food']",,SUperMaRKeT,4.17 Millions,1.9599 Millions,2265.9,853.22,568.75,736.907, florianopolis,"5C
",-27.58917099140166,-48.579840372323886,furmiga,"mg
",-20.474084262411907,-45.424321458052006,5.0
mc_ID_7143,"Single Male with four children, education: partial college working as professional",70K+,"Candy from Snacks department, Ordered Brand : Thresher",14972.00 grams,12.0648,recyclable,"['Coffee Bar', 'Ready Food', 'Bar For Salad', 'Video Store', 'Florist']",Save Price,Deluxe,4.74 Millions,2.3226 Millions,1734.5,503.07,335.38,419.9167,uNai,MG,-16.362606334443775,-46.89279560165654,campo largo,PR,-25.450216435405693,-49.51564087663902,4.0
mc_ID_7146,"Single Male with three kidren, education: bachelor'ss degree working as professional",50k,"Canned Soup from Canned Foods department, Ordered Brand : Better",12.123,10.6694,recyclable,"['Coffee Bar', 'Florist', 'Bar For Salad', 'Ready Food']",Shelf Emptiers,Gourmet,€2.5M,1.11 Millions,1564.86,385.45,258.7,773.0986,santo andre,SP,-23.645729347481154,-46.518892643487824,s4o paulo,SP,-23.554079433810344,-46.53324185942636,5.0
mc_ID_7147,"Single Female with No children, education: high school degree working as manual",$30K+,"Magazines from Periodicals department, Ordered Brand : Excel",28.6358,27.1822,recyclable,"['Ready Food', 'Bar For Salad']",Full Free,Supermarket,10.86 Millions,3.258 Millions,2267.83,853.22,568.75,€626.37,MOGI-GUACU,SP,-22.33124886620564,-46.9225796260173,ibitinga,SP,-21.7664768468313,-48.83154737836604,5.0
mc_ID_7149,"Married Male with two children, education: partial high school working as manual",10K+,...,53.52 lbs,21.3678,recyclable,"['Bar For Salad', 'Ready Food']",,Supermarket,15.12 Millions,7.56 Millions,,470.27,314.35,656.2604,jaboticaba1,SP,-21.253339982915808,-48.32841354256132,Franca,SP,measure: -20.54822779974972,amount: -47.395897060007975,measure: 1.0
mc_ID_7152,"Single Female with three kids, education: partial high school working as skilled manual",10K+,"Bread from Baked Goods department, Ordered Brand : Sphinx",20.0596,17.1524,non recyclable,['Coffee Bar'],Shelf Clearing Days,supermarket,8.44 Millions,2.8696 Millions,1239.01,,295.76,521.7971,caru@ru,PE,-8.277960488487466,-35.986691618933534,Sao Paulo,SP,-23.62358155176294,-46.61056007369148,5.0
mc_ID_7155,"Married Male with two children, education: partial high school working as manual",10K+,"Canned Soup from Canned Foods department, Ordered Brand : Just Right",24.275,-21.3678,non recyclable,"['Bar For Salad', 'Ready Food']",,Supermarket,7.96 Millions,3.8208 Millions,2448.37,470.27,313.55,$719.39,jacutinga,MG,-22.28444973167148,data: -46.613499420805184,atibaia,Sp,amount: -23.112774381969185,-46.5488845105504,4.0
mc_ID_7156,"Single Female with one child, education: partial high school working as manual",10K+,"Baking Goods from Baking Goods department, Ordered Brand : Super",13.4312,10.5095,non recyclable,,Best Price Savers,,8.88Ms,3.552 Millions,,227.8,,amount: 650.4028,MAfrA,SC,-26.11990678126073,-49.803153488260165,RIO DO SUL,SC,-27.20981137280685,-49.63292048422235,5.0
mc_ID_7157,"Single Female with three children, education: partial high school working as skilled manual",10K+,"Canned Shrimp from Canned Foods department, Ordered Brand : Just Right",20.2049,18.606,non recyclable,"['Bar For Salad', 'Video Store', 'Ready Food', 'Florist', 'Coffee Bar']",Green Light Special,Deluxe,12.44 Millions,5.7224 Millions,1525.28,373.1,248.79,507.9899,sao paulo,SP,-23.57110509769749,-46.49189070996592,"JoiNvILLE
",SC,-26.25351566740153,-48.80168204279203,5.0
mc_ID_7159,"Single Female with one child, education: partial high school working as skilled manual",10K+,"Frozen Entrees from Frozen Foods department, Ordered Brand : Big Time",22.82 kg,21.2225,recyclable,"['Bar For Salad', 'Video Store', 'Ready Food', 'Coffee Bar', 'Florist']",Price Slashers,Deluxe,6.6Ms,3.168 Millions,1734.5,503.07,337.22,282.9953,sao paulo,SP,-23.54507217346644,-46.68438057799065,sao paulo,SP,amount: -23.53321650340715,-46.50046729003948,5.0
mc_ID_7163,"Single Male with one child, education: graduate degree working as professional",90K+ annually,"Baking Goods from Baking Goods department, Ordered Brand : CDR",30.8162,26.4554,recyclable,"['Ready Food', 'Bar For Salad', 'Video Store', 'Florist', 'Coffee Bar']",Shelf Clearing Days,Deluxe,5.9 Millions,2.301 Millions,1872.64,593.93,397.38,516.7763,bebedouru,SP,-20.928623885001464,-48.49299639722605,sao paul0,5P,-23.61959447821568,data: -46.60003319608748,measure: 5.0
mc_ID_7164,"Single Male with five children, education: partial high school working as manual",10K+,"Jams and Jellies from Baking Goods department, Ordered Brand : Super",-25.2925,-20.7864,non recyclable,['Coffee Bar'],Two for One,Small Grocery,1.8 Millions,0.684 Millions,1394.66,534.29,356.19,624.2005,pon7e nova, MG,-20.415339248383304,-42.89153741877715,laranjal paulista,SP,-23.03582473318652,-47.8363026594829,5.0
mc_ID_7165,"Married Female with one child, education: bachelor'ss degree working as professional",50K+,"Starchy Foods from Starchy Foods department, Ordered Brand : Colossal",31.8337,data: 28.7811,recyclable,['Coffee Bar'],Two Day Sale,Supermarket,10.11 Millions,3.7407 Millions,1234.52,440.92,293.95,477.3944,sao 	paulo,5P,-23.644289462115523,-46.701457465029705,sao paulo,SP,-23.62358155176294,-46.61056007369148,5.0
mc_ID_7166,"Single Female with one child, education: partial high school working as manual",10000,"Carbonated Beverages from Beverages department, Ordered Brand : Excellent",19.0421,16.13 kg,recyclable,,Sales Days,sUpermarkET,"6.54 ,000,000illions",2.1582 Millions,,,304.91,measure: 610.5502,martinopolis,SP,-22.1493246770249,amount: -51.16457140458282,campo limpo paulista,SP,-23.20706431353269,-46.760735214610754,5.0
mc_ID_7167,"Married Female wiht four children, education: partial high school working as skilled manual",$10K+,"Frozen Desserts from Frozen Foods department, Ordered Brand : PigTail",29.0719,26.1647,non recyclable,"['Florist', 'Ready Food', 'Video Store', 'Coffee Bar', 'Bar For Salad']",Roller Savings (High) ,De1Uxe,2.84 Millions,1.0792 Millions,1735.18,503.07,335.38,440.1568,santa margarida,Mg,-20.384558124900582,measure: -42.25081426515447,borda da mata,Mg,-22.264093569966427,-46.15856420525942,5.0
mc_ID_7168,"education: high school degree working as manual, Married Female with three children",30K+,"Seafood from Seafood department, Ordered Brand : Amigo",11.5125,10.0589,non recyclable,"['Bar For Salad', 'Florist', 'Coffee Bar', 'Ready Food']",Best Price Savers, gourmet ,8.37 Millions,4.1013 Millions,1564.86,385.45,256.97,558.1979,ampere,pr,-25.90304171673461,-53.46746806886998,sao paulo,SP,-23.59539756425642,-46.55163738273989,5.0
mc_ID_7169,"Married Male with four children, education: high school degree working as skilled manual",Income: 30K+,"Snack Foods from Snack Foods department, Ordered Brand : Fort West",28.0543,881.91 oz,non recyclable,['Florist'],Sale : Double Down,,8.52 Millions,4.26 Millions,1319.29,,348.85,292.6708,DUQUE DE CAXIAS,RJ,-22.67141722646238,-43.26755860215828,brasilia,DF,-15.784005551214673,val: -47.88910205029197,5.0
mc_ID_7170,"Single Male with four children, education: partial high school working as skilled manual",10K+ annually,"Vegetables from Frozen Foods department, Ordered Brand : Big Time",10.4659,8.9977,recyclable,['Coffee Bar'],,Supermarket,€11.3M,5.7104 Millions,,440.92,293.95,754.0614,presidente prudent3,SP,-22.08797289710221,-51.38697544106079,sao paulo,SP,-23.65111484251016,-46.75521082321932,amount: 3.0
mc_ID_7172,"Married Female with four children, education: bachelors degree working as professional",50K+,"Electrical from Household department, Ordered Brand : Denny",data: 20.3503,17.4431,recyclable,,Shelf Clearing Days,,"15.32 ,000,000illions",7.2004 Millions,1508,227.8,150.19,399.6243,ipora,GO,-16.4369158673157,-51.11622229836578,santo andre,SP,-23.665703457960586,-46.51808196779969,3.0
mc_ID_7176,"Married Male with five children, education: partial college working as professional",90k,"Drinks from Beverages department, Ordered Brand : Fabulous",26.6008,23.5482,non recyclable,"['Florist', 'Coffee Bar']",I Cant Believe It Sale,Mid-$ize,11.85 Millions,4.029 Millions,2551.4,,259.66,275.9871,por7o alegre,Rs,-30.21046165390383,-51.1749209536614,sao paulo,Sp,-23.63058688480546,-46.61784924409308,5.0
mc_ID_7177,"Married Male with five children, education: partial college working as management",30K+,"Frozen Desserts from Frozen Foods department, Ordered Brand : Golden",14.2597,12.8062,recyclable,"['Bar For Salad', 'Coffee Bar', 'Ready Food', 'Florist']",,,€3.2M,1.216 Millions,,654.13,436.09,500.7202,suzano,SP,-23.507984999999948,-46.29217849999995,sao bernardo do campo,sp,-23.71688471949829,-46.54199108267673,5.0
mc_ID_7178,"Single Male with one child, education: partial college working as manual",30K+,"Snack Foods from Snack Foods department, Ordered Brand : Nationeel",26.63 lbs,9.1722,non recyclable,,One Day Sale,Supermarke7,3.3 Millions,1.551 Millions,2049.72,457.36,304.91,486.7561,Carapicuiba_,Sp,-23.55530825212225,amount: -46.85588504889215,petropolis,RJ,-22.549033360244323,-43.210094724044055,val: 1.0
mc_ID_7179,"Single Female with five children, education: bachelors degree working as professional",50K+ annually,"Meat from Deli department, Ordered Brand : Lake",15.2627,12.3555,recyclable,['Coffee Bar'],Discount Frenzy,Small Grocery,5.88 Millions,1.9992 Millions,2069.04,330.83,,570.2269,monte castelo,Sk,-26.45707672112879,-50.22820257716885,Sao Paulo,SP,-23.65111484251016,-46.75521082321932,4.0
mc_ID_7180,"Married Male with one child,education: bachelors degree working as professional",€42K+,"Vegetables from Produce department, Ordered Brand : High Top",29.0719,26.1647,recyclable,"['Florist', 'Ready Food', 'Coffee Bar', 'Bar For Salad']",Weekend Discount,gourmet,10.2 Millions,3.978 Millions,1565.01,385.45,256.97,470.177,joacaba,SC_,-27.16882094342798,-51.51882419291629,CuRItiba,PR,-25.464029318048183,-49.30472794690424,5.0
mc_ID_7181,"Single Female with two children, education: high school degree working as professional",150K or more,"Bathroom Products from Household department, Ordered Brand : Denny",13.344,10.4368,non recyclable,['Coffee Bar'],Super Duper Savers,Supermarket,6.39 Millions,2.7477 Millions,1236.73,440.92,293.47,418.4,maringa,_PR,val: -23.38785238112001,-51.94226366643197,sao paulo,SP,amount: -23.52611544591716,-46.53507848653255,5.0
mc_ID_7186,"Married Male with two children, education: bachelors degree working as management",50k,"Candy from Snacks department, Ordered Brand : Gulf Coast",31.6883,28.6358,recyclable,"['Ready Food', 'Bar For Salad']",Three for One,Supermarket,€4.1M,1.7172 Millions,,470.27,313.55,656.2604,sao  lourenco,MG,-22.13123511319532,-45.056949145523085,_SAnToS,SP,data: -23.93465945090488,-46.331065142884974,1.0
mc_ID_7187,"Single Male with one child, education: bachelors degree working as professional",50K+,"Baking Goods from Baking Goods department, Ordered Brand : Plato",23.9843,19.6235,recyclable,"['Bar For Salad', 'Ready Food', 'Florist', 'Coffee Bar']",Weekend Discount, Deluxe,€11.3M,4.9136 Millions,2055.29,654.13,436.09,382.0515,pelotas,Rs,-31.767831461278803,-52.34106915266308,hortolandia,SP,-22.887514996879027,-47.19573904628551,5.0
mc_ID_7189,"Single Male with five children, education: partial high school working as manual",30K+,"Bathroom Products from Health and Hygiene department, Ordered Brand : Hilltop",23.2575,18.8967,recyclable,['Coffee Bar'],Super Savers,Supermarket,€4.0M,2.2372 Millions,1236.07,440.92,293.95,704.2718,marilia,"sp
",-22.229997861121024,-49.971617848460646,campinas,Sp,-22.908292093622787,-47.09417761615002,3.0
mc_ID_7190,"Married Female with one child, education: bachelors degree working as management, education: bachelors degree working as management",50K+,"Jams and Jellies from Baking Goods department, Ordered Brand : BBB Best",14.8266,13.3585,recyclable,"['Florist', 'Ready Food', 'Video Store', 'Bar For Salad', 'Coffee Bar']",,deluxe,13.52 Millions,5.9488 Millions,1734.5,503.07,335.38,646.4803,perola d'oeste,PR,amount: -25.82751531508879,-53.74314906544539,SP,"5P
",-23.689300411593344,-46.70065806950787,5.0
mc_ID_7193,"married_male_with_four_children,_education:_bachelors_degree_working_as_professional",50K+,"Canned Tuna from Canned Foods department, Ordered Brand : Pleasant",measure: 12.9515,-8.5762,recyclable,['Coffee Bar'],Weekend Discount,Supermarket,$4.11 Millions,1.233 Millions,1236.05,442.92,293.95,364.1649,nova lima,MG,-19.994602561506863,-43.8883942701527,porto aIegre,RS,-30.00731246906908,-51.19422244408211,5.0
mc_ID_7194,"Married Male wiht four children, education: partial high school working as skilled manual",10K+,"Frozen Desserts from Frozen Foods department, Ordered Brand : PigTail",14.5359,measure: 11.6287,recyclable,"['Ready Food', 'Coffee Bar', 'Florist', 'Bar For Salad']",,,€8.2M,2.907 Millions,,654.13,435.65,312.9109,americana,sp,-22.74703919816495,-47.34322030252755,bOrdA dA MAta,MG,val: -22.264093569966427,-46.15856420525942,5.0
mc_ID_7196,"Married Male with one child, education: bachelors degree working as professional",€93K+,"Meat from Deli department, Ordered Brand : Moms",val: 14.8266,11.9049,recyclable,['Florist'],,Supermarke7,4.86 Millions,2.2356 Millions,,525.32,350.45,data: 765.7243,mogi 	das 	cruzes,SP,-23.54515787877252,-46.240023456139824,itapeva,Sp,-23.975863693331,-48.87459952903885,amount: 5.0
mc_ID_7197,"Single Male with five children, education: high school degree working as skilled manual",30k,"Snack Foods from Snack Foods department, Ordered Brand : Horatio",21.9493,19.0421,non recyclable,['Coffee Bar'],,Supermarket,$8.94 Millions,3.3078 Millions,1236.07,440.92,293.95,349.2594,cataguases, MG ,-21.388733126342974,-42.71196264097796,JOINVILLE,5C ,-26.270134671231133,-48.80876106346335,4.0
mc_ID_7199,"Single Male with two children, education: bachelors degree working as management",10K+,"Snack Foods from Snack Foods department, Ordered Brand : Nationeel",15.6988,-11.338,recyclable,"['Ready Food', 'Bar For Salad']",Two for One,Supermarket,11.92 Millions,5.6024 Millions,2265.92,853.22,570.25,555.426,sao paulo,SP,-23.391898631271854,-46.7353595692277,sao paulo,SP,-23.65111484251016,-46.75521082321932,1.0
mc_ID_7200,"Single Female with four children, education: high school degree working as professional",150K+,"Vegetables from Frozen Foods department, Ordered Brand : Carrington",measure: 9.9862,8.5181,non recyclable,"['Ready Food', 'Bar For Salad']",Price Cutters,Supermarket,1.84 Millions,0.6992 Millions,2265.9,853.22,567.85,761.0696,pinheiros,es,-18.414545287640298,-40.21490923272721,sao paulo,SP,-23.54478975206393,-46.495489292925285,5.0
mc_ID_7203,"Married Female with four childran, education: partial college working as clerical",$50K+,"Breakfast Foods from Breakfast Foods department, Ordered Brand : Jeffers",15.1174,10.7421,non recyclable,['Coffee Bar'],,Small Grocery,5.3 Millions,2.173 Millions,2066.14,330.83,220.55,406.371,belo horizonte,MG,-19.8395943624848,amount: -43.93112738467313,PedrEIra,SP,-22.73824150585765,-46.8958585777586,5.0
mc_ID_7204,"Single Female with No children, education: high school degree working as skilled manual",30K or more,"Paper Products from Household department, Ordered Brand : Sunset",data: 19.1874,16.1349,recyclable,"['Florist', 'Video Store', 'Bar For Salad', 'Coffee Bar', 'Ready Food']",Save Price,,5.25 Millions,2.0475 Millions,1734.5,503.07,336.3,419.9167,RIO DE JANEIRO,RJ,-22.85041727338564,-43.33748268108384,b1umenau,$c,-26.79317696058101,-49.10149805355832,1.0
mc_ID_7205,Single Female with five children - education: high school degree working as manual,30K+,"Breakfast Foods from Breakfast Foods department, Ordered Brand : Best",12.8934,-999.0,recyclable,"['Video Store', 'Florist', 'Coffee Bar', 'Bar For Salad', 'Ready Food']",,Deluxe,$4.94 Millions,2.1242 Millions,,481.98,323.13,453.9117,RioBranco,AC,-9.926145000000002,-67.83511725,sanTO anDre,sp,-23.639620380229736,-46.50604149140166,val: 4.0
mc_ID_7208,"married female with two children, education: bachelors degree working as professional",50K+,"Snack Foods from Snack Foods department, Ordered Brand : Fast",11.7014,8.7942,non recyclable,['Coffee Bar'],,,4.92 Millions,2.0172 Millions,1236.07,440.92,293.95,647.8924,sao paulo ,Sp,-23.53206184041201,-46.68902834471118,itaquaquecetuba,SP,-23.48262344063541,-46.37448952833195,3.0
mc_ID_7209,"Married Male with five children, education: partial college working as management",360+ monthly,"Vegetables from Produce department, Ordered Brand : Hermanos",12.6172,9.71,non recyclable,"['Bar For Salad', 'Ready Food', 'Coffee Bar', 'Florist']",Promo Big,Delux3,"8.67 ,000,000illions",3.468 Millions,2055.29,654.13,436.09,267.3576,itapev@,5P,-23.994830377122053,-48.8909989492218,Ribeirao Preto,SP,-21.116471333054424,amount: -47.79073400291418,measure: 5.0
mc_ID_7210,"Marriied Male w/ two children, education: partial high school working as professional",110K+,"Canned Soup from Canned Foods department, Ordered Brand : Just Right",24.275,21.3678,non recyclable,"['Bar For Salad', 'Ready Food']",Price Slashers,supermarket,7.96Ms,2.6268 Millions,2265.9,853.22,569.89,450.8783,acuceña,_Mg,val: -19.90222920897032,-43.99422191212101,Sao PaUlo,SP,-23.68080098473656,-46.6840241297536,1.0
mc_ID_7211,"Single Male with three children, education: bachelors degree working as professional",50K+,"Vegetables from Produce department, Ordered Brand : High Top",21.3678,16.8617,recyclable,"['Ready Food', 'Bar For Salad']",Save Price,suPermArkeT,10.32 Millions,3.1992 Millions,2445.97,470.27,313.55,406.4756,sao paulo,SP,-23.666923378943824,-46.67197187894382,	PINHAIS,pR,-25.44071444991049,-49.188443906024766,5.0
mc_ID_7212,"Married Female with two children, education: partial college working as manual",30K or more,"Jams and Jellies from Baking Goods department, Ordered Brand : Landslide",9.2739,4.9131,recyclable,['Florist'],Super Savers,,3.24 Millions,1.3932 Millions,1322.32,523.32,350.48,338.6948,riodejaneiro,rJ,-22.805776179896323,-43.20393517954484,teresopolis,rj,-22.428725888669057,-42.97556752642736,5.0
mc_ID_7213,"Single Male with four children, education: High School degree working as skilled manual",30K+,"Baking Goods from Baking Goods department, Ordered Brand : BBB Best",9.8263,5.4655,recyclable,"['Ready Food', 'Coffee Bar', 'Florist', 'Bar For Salad', 'Video Store']",,GOURMET_,7.38 Millions,2.8782 Millions,1425.39,465.54,310.3,588.4796,santa maria,RS,-29.689198816146927,-53.8064289212743,Sao Jose Do Rio Preto,Sp,data: -20.80243626346376,-49.39562406741489,5.0
mc_ID_7215,"Single Female with No children, education: partial high school working as skilled manual",30000,"Bathroom Products from Health and Hygiene department, Ordered Brand : Bird Call",27.4729,24.4204,recyclable,,Two Day Sale,MID-SIZE,2.86 Millions,1.0868 Millions,2819.7,447.7,298.5,495.7517,benevides,PA,-1.365107144456334,-48.26293309908216,itaquaquecetuba,SP,-23.48262344063541,measure: -46.37448952833195,
mc_ID_7217,"Married Female with three children,education: partial college working as management",130K+,"Frozen Desserts from Frozen Foods department, Ordered Brand : Imagine",amount: 28.0543,25.0018,non recyclable,"['Coffee Bar', 'Bar For Salad', 'Ready Food', 'Florist']",Price Winners, Deluxe ,8.82Ms,3.7044 Millions,2057.39,654.13,434.91,494.9149,belo hurizonte,MG,-19.86247705744709,-43.89710791840267,FoZ dO iGUacU,pr,-25.52742965797669,-54.57570382833004,3.0
mc_ID_7218,"Single Male with five children, education: partial college working as clerical",30K+,"Pizza from Frozen Foods department, Ordered Brand : PigTail",27.1822,24.275,non recyclable,"['Ready Food', 'Bar For Salad', 'Florist', 'Video Store', 'Coffee Bar']",Go For It,Deluxe,$4.35 Millions,2.1315 Millions,2038.11,481.98,321.26,455.3761,salvador, ba ,data: -12.96185002189724,-38.46862252241677,Santo Andre,SP,-23.665703457960586,-46.51808196779969,5.0
mc_ID_7219,"Single Male with four children, education: bachelors degree working as management",50K+,"Fruit from Canned Products department, Ordered Brand : Toucan",24.4204,22.8214,non recyclable,"['Bar For Salad', 'Ready Food']",Save It (Sale),Supermarket,5.52 Millions,2.6496 Millions,2265.9,,567.72,339.1132,alexandria,Rñ,-6.399482171298861,-38.01853582557377,contagem,MG,-19.973247970932068,-44.04300362581713,5.0
mc_ID_7220,"Single Female with four children, education: bachelors degree working as professional",10K+,"Pain Relievers from Health and Hygiene department, Ordered Brand : Consolidated",14.5359,11.6287,recyclable,"['Florist', 'Video Store', 'Ready Food', 'Coffee Bar', 'Bar For Salad']",Dimes Off,Deluxe,7.96 Millions,3.4228 Millions,2038.11,481.98,321.26,602.7575,eldorado do sul, RS ,data: -29.99480725031097,-51.31423260098163,VIAMAO,RS,-30.15946930410813,-50.832839089335735,5.0
mc_ID_7222,"Married Female with five children, education: bachelors degree working as professional",70K+,"Hygiene from Health and Hygiene department, Ordered Brand : Steady",12.9224,8.5617,non recyclable,['Florist'],,Supermarket ,€7.3M,3.6808 Millions,1320.24,523.32,348.85,€635.88,OURO BRANCO,Mg,-20.532664687290943,-43.71623161225068,saO pAulO,_SP,-23.65281620260835,-46.59941026824976,2.0 stars
mc_ID_7224,"Single Male with one child, education: bachelors degree working as management",€42K+,"Vegetables from Frozen Foods department, Ordered Brand : Big Time",measure: 17.4431,amount: 13.0823,non recyclable,['Coffee Bar'],One Day Sale,Small Grocery,1.35 Millions,0.513 Millions,2069.04,330.83,220.55,measure: 726.7608,CHapEcO,SC,measure: -27.111570666475647,-52.61231533338108,sao paulo,5P,amount: -23.53968594087948,-46.54635608021235,2.0
mc_ID_7226,"Married Male with one child, education: high school degree working as skilled manual",50K+,"Meat from Frozen Foods department, Ordered Brand : Big Time",8.9977,6.0906,recyclable,"['Florist', 'Bar For Salad', 'Coffee Bar', 'Ready Food']",Best Price Savers,Gourmet,8.85 Millions,3.363 Millions,1564.86,385.45,256.97,558.1979,guARUlhoS ,SP_,-23.48032754593456,-46.55338010352588,sao p@ulo,$P,-23.62358155176294,-46.61056007369148,5.0/5.0
mc_ID_7227,"Married Female with four children, education: partial High School working as skilled manual",10K+,"Vegetables from Produce department, Ordered Brand : Ebony",30.3801,27.3275,recyclable,"['Coffee Bar', 'Bar For Salad', 'Ready Food', 'Florist']",,Deluxe,$6.68 Millions,2.5384 Millions,2055.29,654.13,437.64,312.9109,MESQuItA,RJ,-22.766359932474387,-43.43269214793542,cascavel,PR,-24.9409988170985,-53.4931867821282,Rating: 5.0
mc_ID_7230,"Married Male with three children, education: bachelors degree working as professional",90K+,"Frozen Desserts from Frozen Foods department, Ordered Brand : PigTail",18.3153,15.4081,non recyclable,"['Coffee Bar', 'Bar For Salad', 'Ready Food', 'Florist']",Dollar Days,D3luxe,3.66 Millions,1.7934 Millions,2055.29,654.13,436.09,725.9763, c@MpINaS ,SP,-22.90124134639356,-47.05512845102415,guariba,SP,-21.36235769739203,-48.232975701561735,val: 4.0
mc_ID_7231,"Married Male wiht one child , education: bachelors degree working as professional",50K+,"Canned Soup from Canned Foods department, Ordered Brand : Just Right",-1.0,-0.1,non recyclable,"['Coffee Bar', 'Florist']",I Cant Believe It Sale,,5.24 Millions,2.5152 Millions,2551.4,389.54,,275.9871,Penado,AL,-10.290662999999991,-36.583199999999984,SAo PAulO,SP,-23.485253731057767,-46.73312974854289,5.0
mc_ID_7233,"Married Male with two children, education: bachelors degree working as management",70K+ annually,"Snack Foods from Snack Foods department, Ordered Brand : Fort West",12.7335,amount: 9.8263,recyclable,"['Bar For Salad', 'Florist', 'Ready Food', 'Coffee Bar', 'Video Store']",You Save Days,Gourmet,4.5 Millions,1.98 Millions,1422.83,465.54,,689.3663,santo andre,SP,amount: -23.670374418102146,-46.525675033179645,jussara,PR,-23.62208737103585,amount: -52.46578937273949,5.0
mc_ID_7235,"Married Female with three children, education: high school degree working as skilled manual",30K+,"Side Dishes from Deli department, Ordered Brand : Red Spade",24.275,21.3678,recyclable,"['Coffee Bar', 'Ready Food', 'Florist', 'Bar For Salad', 'Video Store']",One Day Sale,DELUXE,6.2 Millions,2.418 Millions,2038.11,481.98,320.55,767.3456,Engenheiro Pa$Sos,RJ,-20.708691677441696,-46.61662700757711,sAo PaUlo,SP,-23.554079433810344,-46.53324185942636,5.0
mc_ID_7238,"Single Female with one child, education: bachelors degree working as management",70K+,"Specialty from Produce department, Ordered Brand : High Top",20.2049,-0.1,recyclable,['Coffee Bar'],Savings Galore,Supermarket,8.13 Millions,3.252 Millions,1236.07,440.92,293.95,724.5119,marica,RJ,-22.89563349999997,val: -42.93976105099995,guara,$p,-20.43399042630061,-47.81416224047547,5.0
mc_ID_7240,"Married Male with No children, education: partial high school working as management",130K+,"Snack Foods from Snack Foods department, Ordered Brand : Nationeel",13.0097,10.0879,non recyclable,"['Florist', 'Ready Food', 'Coffee Bar', 'Video Store', 'Bar For Salad']",Roller Savings (High) ,dElUxE,7.35 Millions,2.7195 Millions,1734.5,503.07,335.28,val: 440.1568,guaruJa,SP,-23.939318620030072,measure: -46.30539278864907,alfen4s,MG,-21.420179371992425,-45.959964474046224,2.0
mc_ID_7241,"Married Male with three children, education: partial college working as management",30K+,"Hardware from Household department, Ordered Brand : Cormorant",18.3153,amount: 16.8617,recyclable,"['Florist', 'Coffee Bar', 'Video Store', 'Ready Food', 'Bar For Salad']",I Cant Believe It Sale,Daluxe,7.41 Millions,3.5568 Millions,1525.28,373.1,250.11,535.9181,rio das ostras_,RJ,data: -22.50268855112206,-41.92488236917089,SEO PAULO,SP,-23.46016520927345,-46.65066418373822,5.0
mc_ID_7243,"Single Male with four children, education: high school degree working as professional",1320+ monthly,"Snack Foods from Snack Foods department, Ordered Brand : Nationeel",10.1461,8.6925,non recyclable,['Florist'],Savings Galore,supermarket,"6.66 ,000,000illions",3.1302 Millions,1320.15,523.32,350.66,amount: 322.4295,sao paulo,sp,-23.60408998251485,-46.61372320760002,CURITIBA,pr,-25.397971942264448,-49.24103753690352,5.0 stars
mc_ID_7244,"Married Male with three children, education: partial high school working as manual",10000,"Drinks from Beverages department, Ordered Brand : Washington",val: 29.0719,27.6183,non recyclable,['Florist'],You Save Days,,14.04 Millions,4.3524 Millions,1320.15,523.32,347.97,689.3663,1Batiba, E$,measure: -20.23522317591383,-41.51097291118037,ibitinga,SP,-21.7664768468313,-48.83154737836604,5.0
mc_ID_7245,?,30K+,"Jams and Jellies from Baking Goods department, Ordered Brand : Plato",21.6585,17.1524,recyclable,"['Ready Food', 'Bar For Salad', 'Florist', 'Coffee Bar']",GLD,Gourmet,2.76 Millions,0.966 Millions,1565.12,387.45,256.97,measure: 396.2248,nilopolis,RJ,-22.815880447852667,-43.41899267551425,florianopolis,sc,amount: -27.42517433269942,val: -48.426350651572776,5.0
mc_ID_7248,"Married Female with four children, education: bachelors degree working as professional",70K+,"Canned Soup from Canned Foods department, Ordered Brand : Pleasant",20.3503,17.4431,recyclable,"['Bar For Salad', 'Ready Food']",Roller Savings (High) ,Supermarket,3.6 Millions,1.656 Millions,2265.9,853.22,568.75,356.4245,Miguelopolis,SP,-20.189440990108366,-48.02461316345813,presidente prudente,SP,-22.13392715785725,amount: -51.36875322173029,4.0
mc_ID_7249,"Single Male with one child, education: high school degree working as manual",50K+,"Paper Products from Household department, Ordered Brand : High Quality",-28.9265,25.874,non recyclable,['Florist'],You Save Days,supermarket,7.36 Millions,2.5024 Millions,1320.15,523.32,347.85,689.3663,videire,SC,val: -27.00086872288371,val: -51.14532022116548,sao paulo,SP,-23.61411790980433,-46.60034800222169,measure: 4.0
mc_ID_7250,"MARRIIED FEMALE WITH THREE CHILDRAN, EDUCATION: BACHELORS DEGREE WORKING AS MANAGEMENT",70K+,"Carbonated Beverages from Beverages department, Ordered Brand : Skinner",val: 22.0946,val: 19.0421,recyclable,"['Coffee Bar', 'Ready Food', 'Florist', 'Bar For Salad']",Dollar Days,DELUXE,3.66 Millions,1.7202 Millions,2055.29,654.13,436.09,725.9763,sao paulo,SP,-23.63301514377628,-46.70610495351717,indaiatuba,Sp,-23.089034640573622,-47.21441923786709,5.0
mc_ID_7252,"Single Female with two children,education: partial High School working as skilled manual",30K+,"Candy from Snacks department, Ordered Brand : Choice",12.5736,9.6519,non recyclable,"['Coffee Bar', 'Florist', 'Ready Food', 'Bar For Salad']",Save It (Sale),DELUXE,$2.56 Millions,1.1264 Millions,2055.29,654.13,434.33,728.9051,belo horizonte,mg,amount: -19.87964344047544,-44.003708868313176,çuritiba,PR,-25.46921399278664,-49.29393514695028,5.0
mc_ID_7254,"Married Male with two children, education: high school degree working as manual",30K+,"Baking Goods from Baking Goods department, Ordered Brand : Super",15.4081,12.5009,non recyclable,"['Florist', 'Ready Food', 'Bar For Salad', 'Coffee Bar']",,Gourmet,3.2 Millions,1.056 Millions,1563.32,385.45,,773.0986,san7o antonio de jesus,BA,-12.974670503474105,-39.273167347680925,lauro de fraitas,BA,-12.895112589380958,-38.33895999999978,5.0
mc_ID_7255,"Single Male with one child, education: high school degree working as professional, education: high school degree working as professional",70 Thousand,"Snack Foods from Snack Foods department, Ordered Brand : Best Choice",11.8759,7.5151,non recyclable,"['Florist', 'Video Store', 'Coffee Bar', 'Ready Food', 'Bar For Salad']",Big Time Saving,Deluxe,5.91 Millions,2.7186 Millions,1871.16,593.93,395.95,676.6574,catalao,GO,-18.1525545,-47.95141275,sao paulo,SP,-23.61411790980433,amount: -46.60034800222169,4.0
mc_ID_7256,"mARRIED fEMALE WITH ONE CHILD, EDUCATION: PARTIAL HIGH SCHOOL WORKING AS MANUAL",10K+,"Seafood from Seafood department, Ordered Brand : Dual City",18.4606,-15.4081,recyclable,"['Bar For Salad', 'Coffee Bar', 'Ready Food', 'Florist']",Weekend Discount,,3.4 Millions,1.7 Millions,2055.86,654.13,436.09,382.0515,joao pessoa,PB,-7.123297631138561,-34.82665468220901,mairipora,SP,-23.32358162262788,-46.571516434161296,3.0
mc_ID_7257,"Single Male with No children, education: graduate degree working as professional",50K+,"Snack Foods from Snack Foods department, Ordered Brand : Fast",28.93 kg,measure: 27.3275,non recyclable,"['Florist', 'Bar For Salad', 'Video Store', 'Coffee Bar', 'Ready Food']",One Day Sale,GUURMET,5.04 Millions,1.6128 Millions,1424.85,465.54,310.3,449.1524,sao joao de meriti,rj,-22.80395248310857,-43.37131863327339,tres coracoes,MG,-21.69216794221008,-45.25804903964345,5.0
mc_ID_7260,"Single Female with four children, education: partial college working as professional",30K or more,"Frozen Entrees from Frozen Foods department, Ordered Brand : Big Time",15.8442,12.9224,recyclable,"['Video Store', 'Ready Food', 'Florist', 'Bar For Salad', 'Coffee Bar']",Save It (Sale),deluxe,15.64 Millions,7.5072 Millions,1525.28,373.1,248.79,393.4006,sao paulo,SP,-23.54516769470249,-46.63224867958328,formiga,MG,-20.474084262411907,-45.424321458052006,5.0
mc_ID_7261,"education: high school degree working as skilled manual, Single Male with No children",50K+,"Carbonated Beverages from Beverages department, Ordered Brand : Skinner",12.748,8.3872,recyclable,"['Coffee Bar', 'Bar For Salad', 'Video Store', 'Florist', 'Ready Food']",Two Day Sale,,5.13 Millions,2.565 Millions,1871.16,593.93,395.95,402.0824,sao paulo,SP,-23.62615314929649,-46.74691974117254,PaUlinia,SP,-22.73306060560335,-47.17829082930352,5.0
mc_ID_7264,"Married Female with four kids, education: bachelors degree working as professional",70K+,"Jams and Jellies from Baking Goods department, Ordered Brand : Super",data: 26.4554,22.0946,non recyclable,,Sales Days,Supermarket,4.44 Millions,2.1312 Millions,2049.72,459.36,304.91,610.5502,santos,Sp,-23.944502325841068,-46.33124278031053,IBITINGA,SP,-21.7664768468313,-48.83154737836604,
mc_ID_7265,"Single Male with one child, education: high school degree working as skilled manual",€25K+,"Snack Foods from Snack Foods department, Ordered Brand : Best Choice",18.8967,14.5359,non recyclable,['Coffee Bar'],You Save Days,small 	grocery,1.78 Millions,0.534 Millions,1423.37,,264.84,498.1575,imperatriz,MA,data: -5.543855408138683,-47.47252465271625,Sao Paulo,5P,-23.56625832001269,-46.51841724632121,5.0
mc_ID_7266,"Married Female with four children, education: high school degree working as professional",$150K+,"Meat from Deli department, Ordered Brand : Moms",16.4256,measure: 14.972,recyclable,,Two for One,SUpeRMArkET,"4.47 ,000,000illions",1.5198 Millions,2049.72,457.36,305.73,300.8296,porto alegre,RS,-30.01980485899368,-51.178789843470426,ibitiñga,sp,amount: -21.7664768468313,-48.83154737836604,4.0
mc_ID_7267,"education: partial high school working as skilled manual, Married Male with one child",360+ monthly,"Breakfast Foods from Frozen Foods department, Ordered Brand : PigTail",20.4957,19.0421,non recyclable,"['Coffee Bar', 'Bar For Salad', 'Video Store', 'Florist', 'Ready Food']",Price Smashers,DELUXE,6.56 Millions,2.6896 Millions,1525.28,,248.79,499.2035,0sasco, SP,val: -23.532421040994027,-46.79702878957672,$ete lagoas,MG,-19.46361254830593,-44.24441403023008,5.0
mc_ID_7268,"Married Female with No children, education: partial high school working as manual",10K+ annually,"Snack Foods from Snack Foods department, Ordered Brand : Fast",13.6783,measure: 9.303,recyclable,"['Bar For Salad', 'Ready Food']",Price Cutters,"Supermarket
",7.52 Millions,3.0832 Millions,,853.22,570.11,761.0696,porto alegre,RS,-30.024479620030064,-51.14424295628714,Sao Paulo,SP,-23.545478675515763,-46.58524120407659,5.0
mc_ID_7269,"Single Male with four children, education: high school degree working as skilled manual",30K+,"Hygiene from Health and Hygiene department, Ordered Brand : Faux Products",29.944,val: 28.4904,non recyclable,,Shelf Clearing Days,Supermarket,3.68 Millions,1.5088 Millions,1508,227.8,150.24,399.6243,rio de janeiro,RJ,-22.936378144309987,-43.32533727849932,piracicab4,SP,-22.71683928585045,-47.65736585405934,data: 2.0
mc_ID_7270,"Married Female with No children, education: graduate degree working as professional",70K+,"Vegetables from Frozen Foods department, Ordered Brand : Big Time",amount: 20.641,17.5885,recyclable,"['Video Store', 'Ready Food', 'Coffee Bar', 'Bar For Salad', 'Florist']",Discount Frenzy,,5.44 Millions,2.1216 Millions,,,310.3,555.2168,Pelotas,RS,val: -31.767831461278803,-52.34106915266308,OSASCO,SP,-23.55775014393556,-46.80815711799397,data: 5.0
mc_ID_7273,"Married Female with one child, education: high school degree working as professional",130K+,"Breakfast Foods from Frozen Foods department, Ordered Brand : PigTail",23.1121,21.5132,non recyclable,['Coffee Bar'],,Supermark3t,1.65 Millions,0.759 Millions,,440.92,294.5,525.3012,cafelandia,SP,-21.808017,-49.62064949999999,SaO PAULO,SP,-23.4719444074384,-46.59864459256161,val: 5.0
mc_ID_7274,"Married Female with two children, education: high school degree working as management",150k,"Breakfast Foods from Frozen Foods department, Ordered Brand : PigTail",-23.1121,21.5132,non recyclable,['Coffee Bar'],Sale : Double Down,Supermarket,1.65 Millions,0.726 Millions,1236.07,440.92,293.95,309.5637,campinas,SP,-22.92991227115403,-47.07189552530681,SAO JOSE DO RIO PRETO,SP,-20.80243626346376,-49.39562406741489,100%
mc_ID_7277,"Married Male with four children, education: high school degree working as skilled manual",30K+,"Dairy from Dairy department, Ordered Brand : Gorilla",amount: 20.7864,19.3328,recyclable,,Sales Days, Supermarket ,"11.07 ,000,000illions",4.0959 Millions,2049.72,457.36,304.91,measure: 610.5502,ceñtralina,MG,-18.58490738235768,-49.200840575671606,campinas,SP,-22.895876357204664,-47.0791850342778,4.0
mc_ID_7279,"Single Female with four childran, education: high school degree working as skilled manual",30K+,"Electrical from Household department, Ordered Brand : Red Wing",-29.944,27.0368,recyclable,"['Ready Food', 'Video Store', 'Bar For Salad', 'Coffee Bar', 'Florist']",Money Savers,Deluxe,5.32 Millions,2.5536 Millions,1871.16,593.93,395.95,343.611,unai,MG,measure: -16.362606334443775,-46.89279560165654,sao  paulo,Sp,-23.65111484251016,-46.75521082321932,5.0
mc_ID_7281,"Single Male with four children, education: bachelors degree working as management, Single Male with four children",50K+,"Pure Juice Beverages from Beverages department, Ordered Brand : Excellent",13.9254,11.0037,non recyclable,,Weekend Discount,SUPERMARKET,3.2 Millions,1.408 Millions,1510.11,227.8,151.9,735.1811,tAtui,SP,-23.351354573361085,-47.85525165880219,	Salto,SP,measure: -23.20591698084141,-47.307845865803,5.0
mc_ID_7282,"Married Female with one child, education: partial high school working as professional",90000,"Magazines from Periodicals department, Ordered Brand : Dollar",23.8389,20.7864,recyclable,"['Florist', 'Bar For Salad', 'Coffee Bar', 'Ready Food']",Shelf Emptiers,Gourmet,6.45 Millions,1.9995 Millions,1564.86,385.45,257.29,773.0986,santo andre,5P,-23.63888466388715,-46.49858921994927,sao paulo,SP,-23.499318080212344,-46.578124372468125,4.0
mc_ID_7283,"Single Male with No children, education: partial high school working as professional",150K or more,"Beer and Wine from Alcoholic Beverages department, Ordered Brand : Good",10.2769,-8.8233,recyclable,"['Florist', 'Ready Food', 'Coffee Bar', 'Video Store', 'Bar For Salad']",One Day Sale,Deluxe,$15.64 Millions,7.6636 Millions,1871.16,593.93,394.31,360.3993,kruzeiro,5P,data: -22.586730873160604,-44.97602914432454,curitiba,PR,-25.464029318048183,-49.30472794690424,5.0
mc_ID_7284,"Married Male with one child, education: bachelors degree working as management",70K+,"Canned Clams from Canned Foods department, Ordered Brand : Better",25.5832,24.1296,recyclable,,GLD,Supermarket,"6.33 ,000,000illions",2.7852 Millions,2046.95,,304.91,697.7866,"ourlnhos
",5p,-22.95154816431851,-49.87602496821305,Canoinhas,Sç,amount: -26.16862248406491,-50.392861528512256,5.0
mc_ID_7286,"Married Male with three children, education: high school degree working as manual",30K+,"Hardware from Household department, Ordered Brand : Sunset",25.1472,22.0946,non recyclable,['Florist'],Pick Your Savings,supermarket,3.44 Millions,1.0664 Millions,1320.15,523.32,348.85,769.6991,votUporAnGA,SP ,-20.399207577004216,-49.96964020815701,ibitinga,Sp,-21.7664768468313,-48.83154737836604,4.0
mc_ID_7289,"Married Female with four children, education: partial high school working as skilled manual",10K or more,"Snack Foods from Snack Foods department, Ordered Brand : Horatio",17.1524,data: 14.2452,non recyclable,"['Video Store', 'Ready Food', 'Florist', 'Coffee Bar', 'Bar For Salad']",Price Destroyers,_Deluxe,14.36 Millions,6.7492 Millions,2035.79,481.98,321.26,777.2826,palmas,TO,-10.237408050455771,-48.31848785916024,sao paulo,SP,-23.554079433810344,-46.53324185942636,5.0
mc_ID_7290,"Single Male with four children, education: partial high school working as skilled manual",10K+,"Cleaning Supplies from Household department, Ordered Brand : Sunset",22.8214,19.7689,recyclable,,Mystery Sale,Supermarket,"12.2 ,000,000illions",5.002 Millions,1622.2,341.05,226.4,718.9681,rio de janeiro,RJ,-23.01133469499096,-43.45025641534424,sao paulo,SP,-23.48029674271453,amount: -46.71122495337295,3.0
mc_ID_7291,"SINGLE MALE WITH FOUR CHILDREN, EDUCATION: PARTIAL HIGH SCHOOL WORKING AS MANUAL",$10K+,"Dairy from Dairy department, Ordered Brand : Club",10.2188,7.3116,non recyclable,['Coffee Bar'],,Supermarket,5.32 Millions,1.862 Millions,1233.76,440.92,293.95,698.728,r1o de janeiro,RJ,-22.97823619758802,-43.2372780819727,sao jose dos campos,sp,-23.221431461827063,-45.888163895493165,3.0
mc_ID_7296,"Single Female with two children, education: partial college working as skilled manual",30K+,"Dairy from Dairy department, Ordered Brand : Club",-1.0,26.31,non recyclable,,Weekend Discount,,1.22 Millions,0.4148 Millions,1508,227.8,152.9,£536.68,itapetininga,SP,-23.59370533824461,-48.06756370983527,MARIMGA,PR,-23.41848622413047,-51.92625934548862,4.0
mc_ID_7297,"Married Female with two children, education: bachelors degree working as professional",50K+,"Drinks from Beverages department, Ordered Brand : Fabulous",21.0771,18.1699,non recyclable,"['Ready Food', 'Florist', 'Video Store', 'Coffee Bar', 'Bar For Salad']",Sale : Double Down,,€7.2M,3.9192 Millions,1734.5,503.07,335.38,265.6317,sao paulo,SP,-23.471338243987766,-46.71137682900875,laranjal paulista,5p,-23.03582473318652,-47.8363026594829,5.0
mc_ID_7298,"Married Male wiht three children, education: partial college working as clerical",30K+,"Dairy from Dairy department, Ordered Brand : Booker",346.10 oz,-999.0,recyclable,"['Florist', 'Coffee Bar', 'Ready Food', 'Video Store', 'Bar For Salad']",Save It (Sale),Gourmet,6.88 Millions,2.2704 Millions,1424.85,465.54,,427.7617,mOGI-guECu,SP,val: -22.3970091627978,val: -46.94545202732525, GUARULHOS ,$P,-23.44007914793122,-46.51144923980033,5.0
mc_ID_7299,"Married Male with two children, education: high school degree working as manual",30K+ annually,"Fruit from Produce department, Ordered Brand : Tell Tale",15.9895,14.5359,recyclable,"['Coffee Bar', 'Video Store', 'Ready Food', 'Florist', 'Bar For Salad']",Roller Savings (High) ,Deluxe,"2.32 ,000,000illions",0.7656 Millions,1734.5,,335.38,data: nan,itaborai,RJ,measure: -22.744304000416736,-42.85758944051675,ibitinga,SP,data: -21.7664768468313,data: -48.83154737836604,amount: 5.0
mc_ID_7300,"Single Female with four children, education: high school degree working as skilled manual",30 Thousand,"Baking Goods from Baking Goods department, Ordered Brand : Super",-19.9142,16861.70 grams,recyclable,,Sales Days,Supermarket,10.35 Millions,4.4505 Millions,2049.72,457.36,304.28,610.5502,JEQUIE,BA,-13.862727524363388,-40.08964220300229, praie grande,SP,-24.026786758814687,-46.49304889148245,measure: 4.0
mc_ID_7301,"Married Female with four children, education: partial high school working as skilled manual",Income: 10K+,"Snack Foods from Snack Foods department, Ordered Brand : Nationeel",28.6358,measure: 25.7286,recyclable,,,Supermarket,11.52 Millions,4.4928 Millions,2047.61,459.36,304.91,451.9766,SaO pauLO ,SP,-23.48618566157444,-46.46171801285908,echapora_,5P,-22.42925217631197,val: -50.20413759688468,amount: 5.0
mc_ID_7302,"Single Male with one child, education: partial high school working as manual",50K+,"Snack Foods from Snack Foods department, Ordered Brand : Nationeel",15.6988,11.338,recyclable,['Florist'],Save It (Sale),Supermarket,5.96 Millions,2.384 Millions,1320.14,,,427.7617,curitiba,PR,-25.4046727705902,-49.19971258303454,sao 	paulo,SP,-23.55487039661836,-46.5943762934965,5.0
mc_ID_7303,"Married Female with No children, education: graduate degree working as professional",1560+ monthly,"Hygiene from Health and Hygiene department, Ordered Brand : Steady",12.9224,8.5617,non recyclable,"['Bar For Salad', 'Ready Food']",Savings Galore,Supermarket,8.56 Millions,2.8248 Millions,2448.37,470.27,313.55,550.1437,balnEariO cAMBORiU,SC,-26.971835259507177,-48.63801471648682,sao paulo,	sp,-23.472335179294816,-46.64636526449883,4.0
mc_ID_7305,Married Female with one child; education: partial college working as professional,110K+,"Bathroom Products from Health and Hygiene department, Ordered Brand : Bird Call",20.9317,16.4256,recyclable,"['Video Store', 'Florist', 'Coffee Bar', 'Ready Food', 'Bar For Salad']",Roller Savings (High) ,Deluxe,"11.04 ,000,000illions",3.9744 Millions,1731.71,503.07,335.38,440.1568,florianopolis,SC,-27.590329257833734,-48.52015089439666,CANOINHAS,SC,-26.16862248406491,measure: -50.392861528512256,5.0
mc_ID_7306,"Married Female with one child, education: partial high school working as skilled manual",$30K+,"Pure Juice Beverages from Beverages department, Ordered Brand : Token",29.944,27.0368,non recyclable,"['Florist', 'Video Store', 'Ready Food', 'Coffee Bar', 'Bar For Salad']",Roller Savings (High) ,GOURMET,2.49 Millions,1.0707 Millions,1424.18,467.54,310.3,499.7265,	sao paulo,$p,-23.58956649708581,-46.529451539961954,iBiTinga,Sp,-21.7664768468313,-48.83154737836604,1.0
mc_ID_7309,"Married Female with three children, education: Bachelors degree working as professional",70K+,"Vegetables from Produce department, Ordered Brand : Tell Tale",21.0771,measure: 18.1699,non recyclable,,Sale Winners,Supermarket,€7.4M,3.8544 Millions,1508,227.8,150.02,720.171,ponta grossa,pr,-25.074043009435066,-50.15132717124473,sao paulo,SP,measure: -23.693985995008337,-46.70188324132953,3.0
mc_ID_7312,"Single Female with four children, education: partial high school working as management",90000,"Snack Foods from Snack Foods department, Ordered Brand : Fast",27.0368,24.1296,recyclable,['Coffee Bar'],,,1.1 Millions,0.506 Millions,2069.04,332.83,220.55,measure: 678.0172,sao paulo,SP,,, campin4s ,SP,-22.92991227115403,-47.07189552530681,5.0
mc_ID_7314,"Married Female with four children, education: partial high school working as manual",10K+,"Dairy from Dairy department, Ordered Brand : Booker",25.1472,22.0946,recyclable,"['Bar For Salad', 'Coffee Bar', 'Florist', 'Ready Food']",Save Price,D3Luxe,"4.35 ,000,000illions",1.827 Millions,2055.29,654.13,437.71,data: 584.191,porto alegre,Rs,-30.01769047489746,amount: -51.19121208090485,cornelio procopio,Pr,-23.179392166202167,-50.63492242974283,5.0
mc_ID_7317,"Married Male with one child, education: partial college working as professional",30K or more,"Snack Foods from Snack Foods department, Ordered Brand : Nationeel",24.7111,21.8039,recyclable,"['Ready Food', 'Video Store', 'Bar For Salad', 'Coffee Bar', 'Florist']",Money Savers,Deluxe,4.68 Millions,1.7316 Millions,,593.93,395.95,343.611,vitoria da conquista,BA,amount: -14.852630860050857,-40.832755226519616,sao paulo,5p,-23.551013388568272,-46.44848890729416,measure: 5.0
mc_ID_7318,"Single Male with one child, education: high school degree working as manual",30000,"Fruit from Produce department, Ordered Brand : High Top",25.0018,20.641,recyclable,"['Florist', 'Coffee Bar', 'Bar For Salad', 'Ready Food', 'Video Store']",,Gourmet,$2.76 Millions,0.966 Millions,1424.85,465.54,310.3,449.1524,sao paulo,SP,-23.64926293144441,-46.74191755176293,PATOS DE MINAS,MG,-18.60497691187199,-46.52154885505743,val: 5.0
mc_ID_7319,"Single Male with two children, education: partial High School working as management",90K+,"Decongestants from Health and Hygiene department, Ordered Brand : Consolidated",13.3585,amount: 8.9832,recyclable,"['Coffee Bar', 'Bar For Salad', 'Florist', 'Ready Food']",Sale : Double Down,Daluxe,6.6 Millions,2.31 Millions,2055.29,654.13,436.09,500.7202,sao paulo,SP,measure: -23.58577655453289,-46.612342288649074,sao jose do rio preto,5P,-20.80243626346376,-49.39562406741489,5.0
mc_ID_7322,"Married Male with five children, education: bachelors degree working as management, Married Male with five children",50000,"Baking Goods from Baking Goods department, Ordered Brand : Landslide",16.4256,13.5184,non recyclable,"['Coffee Bar', 'Florist', 'Ready Food', 'Bar For Salad', 'Video Store']",Shelf Clearing Days,GourmET,"7.77 ,000,000illions",2.6418 Millions,1424.85,465.54,310.3,533.2508,goiania,GO,-16.664851853384405,-49.43126821319877,san7o andre,SP,-23.61571809769749,-46.53118432278263,data: 5.0
mc_ID_7323,EdUcAtIoN: bAcHeLoRs dEgReE WoRkInG As pRoFeSsIoNaL; sInGlE FeMaLe wItH OnE ChIlD,110K+,"Hardware from Checkout department, Ordered Brand : Framton",28.7811,25.7286,recyclable,"['Ready Food', 'Bar For Salad', 'Coffee Bar', 'Florist']",Best Price Savers,Gourmet,12.84 Millions,4.6224 Millions,1564.86,385.45,256.97,$558.20,sao jose dos campos,SP,-23.25777249999993,-45.82569514299996,sao paulo,SP,-23.499318080212344,-46.578124372468125,4.0
mc_ID_7324,"SiNgLe mAlE WiTh oNe cHiLd, EdUcAtIoN: bAcHeLoRs dEgReE WoRkInG As pRoFeSsIoNaL, eDuCaTiOn: BaChElOrS DeGrEe wOrKiNg aS PrOfEsSiOnAl",50K+,"Snack Foods from Snack Foods department, Ordered Brand : Nationeel",27.909,23.5482,non recyclable,"['Bar For Salad', 'Video Store', 'Ready Food', 'Florist', 'Coffee Bar']",Save Price,Deluxe,5.04 Millions,2.4192 Millions,1737.22,503.07,,419.9167,almenara,MG,data: -16.186824121841298,-40.69161218605689,SaO PaulO ,SP,-23.58667354731954,-46.61242320483004,4.0
mc_ID_7325,"Single Male with two children, education: partial high school working as manual",10K+ annually,"Meat from Deli department, Ordered Brand : American",10.8874,9.4193,recyclable,"['Ready Food', 'Bar For Salad']",Super Duper Savers,supERMArKeT,8.28 Millions,3.6432 Millions,2267.3,853.22,568.75,677.285,lorena,SP,-22.75162984425566,-45.08964193252266,ribeirao preto,SP,-21.174925033585303,-47.7686162776848,5.0
mc_ID_7327,"Married Male with one child, education: high school degree working as professional",90K+,"Canned Tuna from Canned Foods department, Ordered Brand : Just Right",10.8002,7.8785,non recyclable,"['Bar For Salad', 'Coffee Bar', 'Florist', 'Ready Food', 'Video Store']",,Deluxe,$5.28 Millions,2.1648 Millions,,373.1,248.34,755.9442,sao joao do itaperiu,SC,-26.56292647027343,-48.75857886021407,sa1vador,BA,-12.98158709241737,-38.45526521634257,Rating: 1.0
mc_ID_7328,"Single Female with two children, education: high school degree working as professional",1080+ monthly,"Eggs from Eggs department, Ordered Brand : Jumbo",-999.0,10.0734,non recyclable,,Price Winners,Mid-Size,€1.9M,0.855 Millions,2819.7,447.7,298.5,478.9634,feira de santana,ba,measure: -12.219344161809689,-38.97268164876794,SAo GoncaLO,RJ,-22.826646152351035,-42.99987757664625,4.0
missing,"Married Female with three childran, education: partial high school working as manual",50K+,"Carbonated Beverages from Beverages department, Ordered Brand : Excellent",10.5822,7.675,recyclable,,Super Savers,Mid-Size,5.24 Millions,2.2008 Millions,2085.67,783.64,522.49,531.4203,MARILIA,SP,-22.250124282820703,-49.93142525728547,laranjal paulista,SP,amount: -23.03582473318652,-47.8363026594829,amount: 1.0
mc_ID_7331,"Single Male with five kidren, education: high school degree working as skilled manual",30K+,"Fruit from Produce department, Ordered Brand : Tri-State",19.0421,16.1349,non recyclable,,Money Savers,SUPERMARKET,$8.07 Millions,3.5508 Millions,,227.8,153.15,277.2423,guararapes,SP,-21.26775382757054,measure: -50.65068760289638,campo limpo pauli5ta,sp,-23.20706431353269,data: -46.760735214610754,5.0
mc_ID_7334,"Single Male with one child, education: partial high school working as manual",10K+,"Electrical from Household department, Ordered Brand : Sunset",27.1822,24.275,recyclable,['Coffee Bar'],Pick Your Savings,Supermarket,$7.64 Millions,2.5212 Millions,1236.07,440.92,293.86,436.7573,sao jose dos pinhais,pr,-25.50558541220332,-49.18988673051925,"curitiba
",PR,-25.50714419618402,-49.27207460483913,1.0
mc_ID_7335,Single Male with one child; education: partial high school working as manual,30K+ annually,"Pain Relievers from Health and Hygiene department, Ordered Brand : Consolidated",12.4573,9.54 kg,recyclable,"['Florist', 'Bar For Salad', 'Coffee Bar', 'Ready Food', 'Video Store']",Sale : Double Down,Deluxe,2.55 Millions,1.122 Millions,1734.5,505.07,335.38,265.6317,guapore, RS ,-28.84513721817688,-51.899509317182144,ibitinga,$P,-21.7664768468313,val: -48.83154737836604,5.0
mc_ID_7337,"Single Male with two children, education: high school degree working as skilled manual",Income: 30K+,"Hardware from Household department, Ordered Brand : High Quality",13.6928,10.7857,recyclable,"['Florist', 'Bar For Salad', 'Ready Food', 'Video Store', 'Coffee Bar']",Lottery Cash Registerion,Deluxe,9.72 Millions,3.6936 Millions,1734.5,503.07,337.32,313.0678,monte alto,SP,-21.25517021789464,-48.48570186533153,franca,SP,-20.54822779974972,-47.395897060007975,5.0
mc_ID_7338,"Married Male with three children, education: high school degree working as skilled manual",30K+,"Pure Juice Beverages from Beverages department, Ordered Brand : Skinner",amount: 11.4398,8.5181,recyclable,['Florist'],Budget Bargains,Supermarket,5.82 Millions,1.746 Millions,1320.15,523.32,348.85,738.7898,sao paulo,SP,-23.487629301690824,-46.6977071842865,sao bernardo do campo,SP,-23.71457923606073,-46.54581156219319,5.0
mc_ID_7339,"Single Female with three kids, education: bachelors degree working as professional",Income: 50K+,"Snack Foods from Snack Foods department, Ordered Brand : Fast",23.4028,20.4957,recyclable,['Coffee Bar'],Sale Winners,Small Grocery,5.9 Millions,2.301 Millions,2069.04,330.83,220.55,564.9446,SAO PAULO,SP,-23.424789368085,-46.58054625193439,jacarei ,SP,-23.29818595956356,-45.974828011182304,5.0
mc_ID_7340,"Single Female with one child , education: partial college working as skilled manual",50K+,"Vegetables from Produce department, Ordered Brand : Tri-State",29.944,28.4904,recyclable,,Best Price Savers,Supermarket,$6.84 Millions,3.2832 Millions,1508,227.8,151.9,650.4028,Nitero1,RJ,-22.91127038161472,-43.10515133611283,RIO DE JANEIRU,RJ,-22.920104850395337,-43.22138202997862,3.0
mc_ID_7341,"Single Female with two children, education: high school degree working as manual",30K+,"Electrical from Household department, Ordered Brand : Sunset",27.1822,amount: 24.275,recyclable,,Roller Savings (High) ,Suparmarket,$5.73 Millions,2.292 Millions,1508,,151.9,379.7503,caieiras,5P ,-23.3774620733186,-46.753456523931526,lbitinga,SP,-21.7664768468313,-48.83154737836604,5.0
mc_ID_7342,"Single Male with No children, education: partial college working as manual",30K+,"Snack Foods from Snack Foods department, Ordered Brand : Nationeel",11.9776,9.0559,recyclable,"['Florist', 'Bar For Salad', 'Ready Food', 'Coffee Bar']",Super Duper Savers,Deluxe,"8.82 ,000,000illions",2.8224 Millions,2055.29,654.13,435.13,475.93,RIO DE JANEIRO, rj,-22.900055909515867,-43.5630434682037,itaune,MG,val: -20.08212660423176,measure: -44.5732983518722,5.0
mc_ID_7344,"Married Male with five children, education: partial college working as clerical",50K+,"Electrical from Household department, Ordered Brand : Red Wing",measure: 19.9142,18.3153,recyclable,,,Supermarket,10.68 Millions,3.3108 Millions,1506.01,227.8,151.9,623.939,hortolandia,SP,-22.84130864526152,data: -47.21940877608377,santo andre,	SP,-23.665703457960586,-46.51808196779969,3.0
mc_ID_7346,"married female with one child, education: bachelors degree working as professional",50K+,"Snack Foods from Snack Foods department, Ordered Brand : Best Choice",27.3275,25.7286,recyclable,['Florist'],Price Destroyers,Supermarket,9.63 Millions,4.6224 Millions,1320.15,,348.85,710.8616,montenegro,RS,-29.67034898140752,-51.46146829327502,curitiba,pr,-25.508669747227305,-49.33026677895873,4.0
mc_ID_7347,"Married Male with one child, education: high school degree working as manual, Married Male with one child",30K+ annually,"Hardware from Household department, Ordered Brand : Cormorant",13.9981,12.5445,recyclable,['Coffee Bar'],Price Slashers,Supermarket,6.84 Millions,2.4624 Millions,1236.07,,293.95,€446.51,colombo,PR,val: -25.364112926573263,-49.1485038206046,SAo PAulO,SP,-23.537511255832708,data: -46.63705730743676,5.0
mc_ID_7348,"education: high school degree working as skilled manual, married female with four children",€25K+,"Snack Foods from Snack Foods department, Ordered Brand : Nationeel",27.909,23.5482,TBD,,Big Time Discounts,supermarket,7.56 Millions,3.4776 Millions,2049.72,457.36,303.64,310.662,sao paulo, SP,-23.606158440567068,-46.69703876815752,goiania,G0,-16.69233053490511,-49.26801564804068,5.0
mc_ID_7349,"Married Male with three children, education: bachelors degree working as professional",Income: 10K+,"Pain Relievers from Health and Hygiene department, Ordered Brand : Bird Call",amount: 28.9265,25.874,non recyclable,['Coffee Bar'],Two Day Sale,smaLl GRoceRY,2.87 Millions,1.0045 Millions,2068.75,332.83,220.82,695.067,sao paulo,sp,-23.478102779882025,-46.71737617425583,cot1a ,SP,-23.615928708516527,-46.84997839900814,5.0
mc_ID_7351,"Married Female with five children, education: graduate degree working as professional",$130K+,"Electrical from Household department, Ordered Brand : Denny",22.8214,19.7689,recyclable,"['Ready Food', 'Bar For Salad', 'Coffee Bar', 'Video Store', 'Florist']",Big Time Discounts,Deluxe,15.72 Millions,7.86 Millions,1736.07,503.07,,583.1973,guarulhos,SP,-23.4319484074384,-46.44869453427779,itaquaquecetuba, SP ,-23.48262344063541,-46.37448952833195,3.0
mc_ID_7352,"Married Male with two children, education: high school degree working as professional",150K or more,"Dairy from Dairy department, Ordered Brand : Club",-24.7111,21.8039,non recyclable,['Florist'],Roller Savings (High) ,$upermarket,13.52 Millions,6.4896 Millions,1320.15,523.32,349.75,532.6232,praia grande,SP,-24.011288218359883,-46.41873374429398,"lencois paulista
",SP,-22.6025864711492,-48.81247149518349,3.0
mc_ID_7353,"Married Male with three children, education: bachelors degree working as professional",90K+,"Vegetables from Produce department, Ordered Brand : Tri-State",18.606,data: 17.1524,non recyclable,"['Bar For Salad', 'Ready Food']",Price Cutters,Supermarket,"7.86 ,000,000illions",2.5152 Millions,2265.9,853.22,569.75,data: 761.0696,sa0 paulo,5P,-23.61010867721736,-46.612242581049074,porto alegre,...,-30.063072457672124,measure: -51.20322268985506,2.0
mc_ID_7354,"Single Male with No children, education: partial high school working as skilled manual",10K+,"Vegetables from Produce department, Ordered Brand : Tri-State",20.3503,15.9895,recyclable,"['Bar For Salad', 'Ready Food']",Mystery Sale,Supermarket,4.65 Millions,1.674 Millions,,853.22,568.75,val: 444.3931,niter0i,RJ,-22.944019808500155,-43.06302670148316,Sao Paulo,5p,-23.472335179294816,-46.64636526449883,5.0
mc_ID_7356,"Married Female with one child, education: partial college working as professional",30K+,"Kitchen Products from Household department, Ordered Brand : High Quality",12.1956,-999.0,recyclable,"['Coffee Bar', 'Video Store', 'Bar For Salad', 'Ready Food', 'Florist']",Tip Top Savings,	Deluxe,11.31 Millions,5.5419 Millions,2038.11,481.98,320.76,416.2557,itapeva,SP,amount: -23.994830377122053,amount: -48.8909989492218,timbu,SC,-26.83365489702238,-49.26170944102369,1.0
mc_ID_7358,"Single Male with No children, education: bachelors degree working as management",€76K+,"Vegetables from Canned Foods department, Ordered Brand : Pleasant",28.9265,25.874,recyclable,['Florist'],Super Savers,Supermarket,"7.62 ,000,000illions",2.4384 Millions,1320.15,525.32,,338.6948,Faxinal,PR,-23.99732810820379,val: -51.31358474739845,curitiba,PR,-25.49503825145709,-49.29960146295223,5.0
mc_ID_7359,"Married Male with five children, education: high school degree working as skilled manual",30000,"Meat from Deli department, Ordered Brand : Lake",11.3235,8.4018,recyclable,"['Bar For Salad', 'Ready Food']",,"Supermarket
",$2.56 Millions,1.2032 Millions,2265.9,853.22,568.75,618.4475,crato,_ca,-7.249890885910003,-39.41879565337906,SAO JOSE DO RIO PRETO,5P,-20.8170171874536,-49.36425413438004,5.0
mc_ID_7360,"Single Male with one child, education: high school degree working as manual",30K+,"Dairy from Dairy department, Ordered Brand : Club",data: 19.7689,16.8617,non recyclable,"['Coffee Bar', 'Ready Food', 'Florist', 'Bar For Salad']",Save Price,Deluxe,1.59 Millions,0.477 Millions,2055.29,654.13,436.09,602.1299,embu das arte5,sP,-23.6572766081135,-46.80590562447345,jaboticabal,SP,-21.250592999999995,-48.31762049999999,5.0
mc_ID_7361,"Single Female with one child, education: high school degree working as manual",30K+,"Vegetables from Produce department, Ordered Brand : Ebony",11.5706,amount: 7.2098,recyclable,,Saving Days,Supermarket,6.57 Millions,3.0222 Millions,1508,229.8,151.36,619.0228,pelotas,Rs,-31.74287758312654,data: -52.394740863581305,sao paulo,5p,-23.537511255832708,-46.63705730743676,amount: 5.0
mc_ID_7362,"Married Female with four children, education: bachelors degree working as management",70K+,"Dairy from Dairy department, Ordered Brand : Gorilla",687.07 oz,14.972,recyclable,"['Bar For Salad', 'Florist', 'Video Store', 'Coffee Bar', 'Ready Food']",Dimes Off,DELUXE,4.41Ms,1.6758 Millions,2038.11,481.98,319.37,602.7575, recife,pa,-8.082974029259923,-34.91777495638368,BELO HORIZONTE,"MG
",-19.878513898894187,-43.95694702879617,4.0
mc_ID_7363,"Married Female with one child, education: high school degree working as skilled manual",30K+,"Vegetables from Produce department, Ordered Brand : High Top",27.1822,25.7286,non recyclable,"['Bar For Salad', 'Ready Food', 'Florist', 'Coffee Bar', 'Video Store']",Big Time Saving,	DeIuxe,"6.69 ,000,000illions",2.8767 Millions,1871.16,,395.95,676.6574,,ES,-20.83559813125429,-41.12323854343728,marILiA, sp,data: -22.210461027738702,-49.93571261075899,1.0
mc_ID_7365,"Single Female with two children, education: bachelors degree working as management",50k,"Dairy from Dairy department, Ordered Brand : Gorilla",26.4554,25.0018,non recyclable,"['Florist', 'Ready Food', 'Video Store', 'Coffee Bar', 'Bar For Salad']",,Deluxe,8.22 Millions,4.0278 Millions,1734.5,503.07,335.83,313.0678,sao jos3 dos campos,$P,-23.23009940009024,-45.90094499999999,rio de janeiro,RJ,-22.972956517889177,data: -43.39706327699233,1.0
mc_ID_7366,"married female with two children, education: bachelors degree working as management",50K+,"Hot Beverages from Beverages department, Ordered Brand : CDR",amount: 15.1174,12.1956,non recyclable,['Florist'],Roller Savings (High) ,Supermarket,6.8 Millions,2.448 Millions,1320.15,523.32,350.22,532.6232,MINACU,G0,-13.513044409980273,-48.21486636333992,sao pauIo,SP,-23.56168119891244,-46.50627110555333,data: 5.0
mc_ID_7367,"Married Female with four children, education: bachelors degree working as management",50K+,"Beer and Wine from Alcoholic Beverages department, Ordered Brand : Good",15.2627,12.3555,non recyclable,['Coffee Bar'],Best Price Savers,Supermarket,$5.68 Millions,2.4992 Millions,1236.07,440.92,294.03,720.5371,cabo frio,RJ,-22.871435153662528,-42.05030522796791,pirituba,SP,-23.49065997530149,-46.7284764394945,5.0
mc_ID_7368,"Married Male with one child, education: bachelors degree working as professional",150K+,"Cold Remedies from Health and Hygiene department, Ordered Brand : Consolidated",15.9895,13.0823,non recyclable,"['Bar For Salad', 'Florist', 'Ready Food', 'Video Store', 'Coffee Bar']",Full Free,Deluxe,4.38 Millions,1.533 Millions,1734.5,503.07,336.19,752.2309,sao 	pedro 	da 	aldeia,RJ,-22.85879545945832,measure: -42.05025992573866,osa5co,Sp,measure: -23.552456794881493,-46.78012559033992,5.0
mc_ID_7369,"Single Male with four children, education: high school degree working as manual, education: high school degree working as manual",30K+,"Paper Products from Household department, Ordered Brand : High Quality",36.85 lbs,13.8091,recyclable,"['Ready Food', 'Bar For Salad']",Save Price,Supermarket,14.24Ms,4.5568 Millions,2448.37,470.27,313.55,406.4756,5enges,PR,-24.11443747897362,-49.45979539247262,santa barbara d´oeste,sp,-22.760477687572443,-47.41281121951772,4.0
mc_ID_7371,"Single Male with three children, education: partial high school working as manual",10K+,"Dairy from Dairy department, Ordered Brand : Carlson",14.2452,9.8844,recyclable,"['Coffee Bar', 'Ready Food', 'Florist', 'Bar For Salad']",Bag Stuffer,Deluxe,"5.24 ,000,000illions",2.4628 Millions,,654.13,436.09,val: 367.7736,charqueada ,SP,-22.50146285970488,-47.77297461817962,sao paulo,SP,measure: -23.537511255832708,-46.63705730743676,4.0
mc_ID_7375,"Married Male wiht four children, education: High School degree working as manual",30K+,"Carbonated Beverages from Beverages department, Ordered Brand : Fabulous",27.0368,24.1296,recyclable,"['Ready Food', 'Coffee Bar', 'Florist', 'Bar For Salad']",Saving Days,DeIuxe,"7.41 ,000,000illions",3.6309 Millions,2055.29,654.13,436.09,352.0313,dionis1o,MG,-19.84065643232359,-42.77592393304548,belo horizonte ,###,-19.878513898894187,-43.95694702879617,val: 5.0
mc_ID_7376,Single Male with four children; education: bachelors degree working as management,50K+,"Electrical from Household department, Ordered Brand : Red Wing",28.1997,25.1472,recyclable,['Coffee Bar'],Big Time Saving,Supermarket,5.76 Millions,2.8224 Millions,1236.07,440.92,293.95,710.234,sao paulo,SP,-23.620065111486976,val: -46.72171512353275,Sao Paulo,sp,-23.57282057729816,-46.52329640383172,5.0
mc_ID_7377,"education: high school degree working as manual, Single Male with four children",30K+,"Canned Soup from Canned Foods department, Ordered Brand : Blue Label",16.2802,11.90 kg,non recyclable,['Florist'],Save Price,,7.95 Millions,3.5775 Millions,1319.9,523.32,350.58,data: 670.486,"francisco morato
",SP,-23.278086431118563,-46.7632788803458,sao paulo,SP,data: -23.56168119891244,amount: -46.50627110555333,5.0
mc_ID_7378,"Married Female with four children, education: high school degree working as management",110K+,"Baking Goods from Baking Goods department, Ordered Brand : Super",13.4312,10.5095,non recyclable,,Go For It,Supermarket,€7.5M,3.6408 Millions,1508,227.8,151.42,623.939,goiania,go,-16.65954925573188,-49.264668961165015,recife,PE,-8.063535009451277,-34.91839938834342,5.0
mc_ID_7379,"Married Male with four children, education: high school degree working as professional",90K+,"Meat from Deli department, Ordered Brand : Lake",-15.2627,12.3555,recyclable,,Sales Days,Supermarket,5.88 Millions,2.1756 Millions,1623.48,341.05,227.34,743.1307,belo  horizonte,MG,-19.938406212043407,-43.93702206884405,comchal,SP,-22.338621,-47.17603125,5.0
mc_ID_7380,"Married Female with two children, education: high school degree working as skilled manual",50K+,"Paper Products from Household department, Ordered Brand : Red Wing",measure: 27.4729,25.874,non recyclable,"['Coffee Bar', 'Florist', 'Ready Food', 'Bar For Salad', 'Video Store']",,Deluxe,"13.48 ,000,000illions",6.6052 Millions,2037.3,481.98,321.26,453.9117,duque de caxias,RJ,-22.666330008859266,-43.259745491140734,sao jose do rio preto,sp,-20.80243626346376,-49.39562406741489,measure: 2.0
mc_ID_7383,"Married Male with three children, education: bachelors degree working as professional",50K+,"Snack Foods from Snack Foods department, Ordered Brand : Fast",amount: 21.8039,amount: 17.4431,non recyclable,"['Bar For Salad', 'Coffee Bar', 'Florist', 'Ready Food']",Save It (Sale),Deluxe,2.4 Millions,0.84 Millions,2055.29,654.13,436.09,728.9051,sao paulo,SP,-23.7354855298344,-46.71254467929481,S4O Paulo,SP,-23.554079433810344,-46.53324185942636,5.0
mc_ID_7385,"Single Female with No children, education: high school degree working as professional",110K+,"Canned Shrimp from Canned Foods department, Ordered Brand : Better",12.4282,9.521,non recyclable,,Budget Bargains,suPeRMARK3t,4.6 Millions,2.024 Millions,1623.48,341.05,227.33,623.7298,PONTA  GROSSA,PR,-25.08679208232948,-50.127791387148,sao paulo,SP,-23.65250284762537,val: -46.66809535567546,5.0
mc_ID_7386,"Single Male with one kid, education: high school degree working as manual.",30K+,"Vegetables from Produce department, Ordered Brand : Ebony",measure: 31.543,-28.6358,recyclable,"['Video Store', 'Coffee Bar', 'Bar For Salad', 'Florist', 'Ready Food']",Sale Sale Sale,"Deluxe
",1.14 Millions,0.4446 Millions,1525.28,373.1,247.44,722.6814,Sao Paulo,Sp,-23.5978152850424,val: -46.76950914723872,ibi7inga,"SP
",-21.7664768468313,-48.83154737836604,3.0
mc_ID_7388,"Single Female with three children, education: partial HS working as professional",110 Thousand,"Paper Products from Household department, Ordered Brand : High Quality",10.5531,amount: 7.6459,non recyclable,['Coffee Bar'],Dimes Off,Small Grocery,3.32 Millions,1.3944 Millions,1423.37,400.93,267.3,444.3931,porto alegre,Rs,-30.08265056608161,-51.22237970599537,salvador,ba,-12.9018594223365,-38.404765463046026,5.0
mc_ID_7390,"Single Male with one child, education: bachelors degree working as professional",50K+,"Baking Goods from Baking Goods department, Ordered Brand : Super",25.4379,21.0771,recyclable,,Super Savers,Supermarket,"8.19 ,000,000illions",3.276 Millions,2049.72,457.36,304.91,339.8977,RIBEIRAU PRETO,SP,-21.1894024299152,-47.79295570344507,CAMPO LIMPO PAULISTA,sp_,-23.20706431353269,-46.760735214610754,data: 3.0
mc_ID_7392,"Single Female with four children, education: partial college working as clerical",50K+,"Meat from Deli department, Ordered Brand : Red Spade",17.30 kg,12.9224,recyclable,['Coffee Bar'],,,6.88Ms,2.5456 Millions,1236.07,442.92,293.29,309.5637,sao paulo,sP,amount: -23.53870848673374,-46.751072106753575,ibit1nga,SP ,-21.7664768468313,data: -48.83154737836604,1.0
mc_ID_7393,"Married Female with one child, education: high school degree working as management",130K+,"Magazines from Periodicals department, Ordered Brand : Robust",574.27 oz,measure: 14.6813,recyclable,"['Florist', 'Ready Food', 'Coffee Bar', 'Bar For Salad', 'Video Store']",Price Cutters,Gourmat,$4.94 Millions,2.47 Millions,1424.85,465.54,310.3,R$3716.44,curitiba,	pr,-25.43548786011886,-49.270213781291496, itatiba,SP,-22.99567770323237,-46.857106243157794,5.0
mc_ID_7395,"Married Female with five children, education: high school degree working as skilled manual",30K+ annually,"Kitchen Products from Household department, Ordered Brand : Denny",14.6813,-11.7741,non recyclable,['Florist'],Sale Sale Sale,,3.42 Millions,1.5048 Millions,,523.32,348.31,304.1768,brasilia,df,-15.71343955842804,-47.88547783028448,guarulhos,SP,-23.44007914793122,-46.51144923980033,5.0
mc_ID_7396,"Single Male with four children , education: high school degree working as manual",30000,"Baking Goods from Baking Goods department, Ordered Brand : Super",measure: 17.007,15.4081,recyclable,"['Florist', 'Video Store', 'Coffee Bar', 'Bar For Salad', 'Ready Food']",Green Light Special,DELUXE,6.24Ms,2.9952 Millions,1523.22,373.1,248.69,507.9899,santa maria, RS ,-29.70761096087477,measure: -53.80869747224308,	sao p@ulo,SP,-23.50875908021236,-46.602973042876144,5.0
mc_ID_7397,"Single Female with No children, education: partial college working as management",30K+,"Jams and Jellies from Baking Goods department, Ordered Brand : BBB Best",29.3626,25.0018,non recyclable,"['Florist', 'Ready Food', 'Coffee Bar', 'Bar For Salad', 'Video Store']",Super Duper Savers,deluxe,3.8 Millions,1.52 Millions,1525.69,373.1,248.79,266.73,porto alegre, RS,measure: -30.155818294217656,-51.18248335983039,SANTA BARBARA D´OESTE,Sp,-22.760477687572443,data: -47.41281121951772,60%
mc_ID_7398,"Single Male with one child, education: high school degree working as skilled manual",30 Thousand,"Electrical from Household department, Ordered Brand : Denny",22.8214,-19.7689,recyclable,,Full Free,Supermarket,$11.79 Millions,5.4234 Millions,1508,229.8,151.9,data: 660.2352,maua,SP,-23.65061675956269,-46.44785358938896,Ibitinga,SP,-21.7664768468313,-48.83154737836604,5.0/5.0
mc_ID_7399,"Maried Female with one child, education: High School degree working as skilled manual",30k,"Fruit from Produce department, Ordered Brand : Hermanos",25.0018,23.5482,non recyclable,"['Florist', 'Ready Food', 'Bar For Salad', 'Coffee Bar']",,Deluxe,4.92Ms,1.9188 Millions,2055.29,654.13,,728.9051,VO7ORANTIM,	sp,-23.5459163613596,measure: -47.43786045308448,ibit1nga_,sp,-21.7664768468313,-48.83154737836604,5.0
mc_ID_7400,"Single Male with one child, education: gradute degree working as professional",90K+,"Dairy from Dairy department, Ordered Brand : Gorilla",-14.1144,11.2072,recyclable,"['Bar For Salad', 'Ready Food', 'Florist', 'Coffee Bar', 'Video Store']",Price Winners,De1uxe,2.04 Millions,0.714 Millions,1872.79,595.93,394.58,436.9665, votuporanga ,SP,-20.399207577004216,-49.96964020815701,betim,MG,-19.941877521944868,-44.11327370697121,4.0
mc_ID_7401,"Single Female with three children, education: bachelors degree working as professional",90K+,"Snack Foods from Snack Foods department, Ordered Brand : Fast",9.5792,6.672,recyclable,['Florist'],Savings Galore,Supermarket,2.88 Millions,1.3824 Millions,1320.15,523.32,,322.4295,rio branc0,AC,-9.926145000000002,-67.83511725,brasilia,Df,,,5.0
mc_ID_7402,"Married Female with No children, education: high school degree working as manual",30 Thousand,"Candy from Snacks department, Ordered Brand : Atomic",23.1121,20.0596,recyclable,"['Bar For Salad', 'Ready Food', 'Florist', 'Coffee Bar']",Price Winners,Deluxe ,7.05 Millions,3.384 Millions,2055.29,654.13,435.47,data: 494.9149,Belo hOrizonte,	mg,-19.99903203442203,-44.00051765098964,brasilia, DF ,-15.840667480274698,-48.051942900348365,1.0
mc_ID_7403,"Single Male with one child, education: partial college working as management",Income: 70K+,"Pure Juice Beverages from Beverages department, Ordered Brand : Excellent",13.9254,11.0037,non recyclable,"['Bar For Salad', 'Florist', 'Video Store', 'Coffee Bar', 'Ready Food']",,DELUXE,4.8 Millions,1.584 Millions,1869.92,593.93,394.93,516.7763,itapira ,$P,-22.41871528680376,-46.82798216284088,sao paulo,$P,val: -23.53877907744238,-46.53648566833056,5.0
mc_ID_7404,"Married Female with two children, education: bachelors degree working as management",70K+,"Beer and Wine from Alcoholic Beverages department, Ordered Brand : Good",10.2769,8.8233,recyclable,"['Florist', 'Coffee Bar', 'Ready Food', 'Bar For Salad', 'Video Store']",Price Winners,DELUXA,11.73 Millions,3.8709 Millions,1871.16,593.93,,436.9665,sAo pAUlo,SP,-23.58705433389114,-46.64555835443469,criciuma,SC,-28.673779235468725,-49.37314563727728,5.0
mc_ID_7405,"Single Female with four children, education: partial high school working as professional",110K+,"Vegetables from Produce department, Ordered Brand : Hermanos",14.1725,11.2653,recyclable,"['Bar For Salad', 'Ready Food', 'Coffee Bar', 'Florist']",Sale : Double Down,Deluxe,$5.64 Millions,1.692 Millions,2054.43,654.13,436.79,amount: 500.7202,rio de janeiro,RJ,-22.91048789550255,-43.20189495797273,serre negra,SP,-22.596440207291085,-46.71196868822353,5.0
mc_ID_7406,"Married Female with No children, education: bachelors degree working as professional",70K+,"Snack Foods from Snack Foods department, Ordered Brand : Fort West",12.748,-11.2944,non recyclable,['Coffee Bar'],I Cant Believe It Sale,Small Grocery,"4.52 ,000,000illions",1.7176 Millions,1423.37,400.93,265.98,605.8955,guarulhos,SP,-23.4691433119626,-46.54714331225105,caxias do sul,R$,-29.16957635052199,-51.164852512339095,4.0
mc_ID_7407,"Married Male with No children , education: bachelors degree working as management",50K+,"Breakfast Foods from Breakfast Foods department, Ordered Brand : Johnson",15.2627,10.9019,non recyclable,"['Ready Food', 'Bar For Salad', 'Florist', 'Coffee Bar']",Save It (Sale),Deluxe,3.32 Millions,1.4276 Millions,2057.58,654.13,436.09,728.9051,foRtAlezA,çE,-3.811709996393315,-38.49416225728547,sao paulo,_SP,-23.65111484251016,-46.75521082321932,4.0
mc_ID_7409,"Married Male with two children, education: high school degree working as manual",30K+,"Vegetables from Produce department, Ordered Brand : Tri-State",data: 18.606,17.1524,non recyclable,"['Florist', 'Bar For Salad', 'Ready Food', 'Video Store', 'Coffee Bar']",I Cant Believe It Sale,Deluxe,7.86 Millions,3.2226 Millions,1525.28,373.1,248.79,535.9181,santiago, RS ,-29.18998882356588,-54.8719981328078,Sao paUlo, SP ,-23.56168119891244,data: -46.50627110555333,5.0
mc_ID_7410,"Single Female with one child, education: bachelors degree working as professional.",50K+,"Bathroom Products from Health and Hygiene department, Ordered Brand : Hilltop",13.4603,data: 12.0067,non recyclable,"['Bar For Salad', 'Ready Food']",Roller Savings (High) ,Supermarket,5.76 Millions,2.4192 Millions,2265.9,853.22,569.14,356.4245,	mendes,RJ,-22.525176465431056,-43.74058341826739,_SANTO ANDRE,$p,-23.665703457960586,-46.51808196779969,1.0
mc_ID_7411,"Single Male with four children, education: partial high school working as skilled manual",30K or more,"Magazines from Periodicals department, Ordered Brand : Gauss",19.3328,17.8792,non recyclable,['Florist'],Roller Savings (High) ,Supermarket,$3.22 Millions,1.3846 Millions,1319.84,525.32,348.85,532.6232,Sao Paulo, SP ,-23.61620895920133,-46.63529647960067,taboao da serra,_SP,-23.61030541993188,-46.78378189508913,5.0
mc_ID_7414,"Single Female with three children, education: partial high school working as skilled manual",10 Thousand,"Decongestants from Health and Hygiene department, Ordered Brand : Hilltop",31.2522,26.8915,recyclable,['Coffee Bar'],Shelf Clearing Days,Supermarket,€4.3M,2.1672 Millions,1236.07,440.92,293.95,amount: 521.7971,macae,RJ,-22.409683946328137,data: -41.80872105441502,ITATIBA,SP,val: -22.99567770323237,-46.857106243157794,4.0
mc_ID_7415,"single female with three kids, education: partial hs working as manual",30K or more,"Bread from Baked Goods department, Ordered Brand : Modell",data: 20.2049,18.606,recyclable,"['Florist', 'Coffee Bar', 'Ready Food', 'Video Store', 'Bar For Salad']",Price Smashers,DELUXE,$9.81 Millions,3.924 Millions,1525.28,373.1,248.79,499.2035, sao joao de meriti,RJ,-22.76858130568497,amount: -43.38321290201161,tiradentes,mg,-21.11155006081336,-44.18785451278384,5.0
mc_ID_7416,"Single Male with one child, education: high school degree working as skilled manual",30K+,"Vegetables from Produce department, Ordered Brand : High Top",15.5534,Not Available,non recyclable,['Florist'],Sale : Double Down,Supermarket,$4.56 Millions,1.7784 Millions,1320.15,523.32,349.72,measure: 292.6708,sao paulo,Sp_,-23.536185192336568,-46.67656522468111,SETE LAGOAS,MG,-19.46361254830593,-44.24441403023008,5.0
mc_ID_7418,"Married Female with four kidren, education: bachelor'ss degree working as professional",70K+,"Fruit from Produce department, Ordered Brand : Tell Tale",19.7689,16.8617,recyclable,['Coffee Bar'],,SUPERMARKET,"7.36 ,000,000illions",2.8704 Millions,1237.83,440.92,294.15,309.5637,sao juse de ribamar,MA,-2.5301297697332683,-44.08225830212763,dr4cena,SP,-21.4988715,-51.53786099999999,1.0
mc_ID_7419,"Married Male with two children, education: partial high school working as manual",120+ monthly,"Carbonated Beverages from Beverages department, Ordered Brand : Token",9.7827,6.8755,non recyclable,"['Ready Food', 'Bar For Salad']",Price Slashers,Supermarket,$3.87 Millions,1.1997 Millions,2448.37,472.27,313.55,402.7623,JUNDIAI,SP ,-23.179889672043977,-46.928510109318665,santa barbara d oeste,"SP
",-22.75967282783305,-47.364736674563375,5.0
mc_ID_7420,"SiNgLe  FeMaLe  WiTh  FoUr  ChIlDrEn,  eDuCaTiOn:  bAcHeLoRs  DeGrEe  WoRkInG  aS  mAnAgEmEnT",50K+,"Vegetables from Canned Foods department, Ordered Brand : Pleasant",14.5359,11.6287,non recyclable,,Weekend Discount,Supermarket,3.54 Millions,1.3452 Millions,1508,227.8,151.9,735.1811,lorana,sp,-22.75162984425566,-45.08964193252266,ribeirao preto,SP,-21.16850440882337,-47.79370519233655,2.0
-999,"Single Male with one child, education: high school degree working as professional",110K or more,"Dairy from Dairy department, Ordered Brand : Gorilla",19.3328,14.97 kg,recyclable,['Coffee Bar'],Pick Your Savings,Supermarket,6.68 Millions,3.006 Millions,1237.42,440.92,293.95,436.7573,a1fenas,MG,measure: -21.4228888193917,-45.9463673863649,sao paulo,SP,data: -23.567258514570952,-46.58312233236194,5.0
mc_ID_7422,"Maried Female with four children, education: bachelos degree working as management",50K+,"Jams and Jellies from Baking Goods department, Ordered Brand : BBB Best",13.6347,10.7275,recyclable,['Coffee Bar'],Best Price Savers,,$3.3 Millions,1.551 Millions,1236.07,442.92,293.8,720.5371,cUrLtIbANOS,sc,amount: -27.288614821408185,-50.57696646191445,sao paulo,_SP,-23.537511255832708,-46.63705730743676,3.0
mc_ID_7424,"Single Male with two children, education: high school degree working as skilled manual",€25K+,"Magazines from Periodicals department, Ordered Brand : Gauss",22.8214,-19.7689,recyclable,['Coffee Bar'],Pick Your Savings,Supermarket,1.66 Millions,0.6308 Millions,1236.07,440.92,293.95,436.7573,sao paulo,SP,-23.538068769086465,amount: -46.69659705565807,sAO PaulO,sp,-23.61208173105776,-46.62318025867047,4.0
mc_ID_7425,"Married Female with four children, education: bachelors degree working as professional",70K+,"Breakfast Foods from Frozen Foods department, Ordered Brand : Golden",amount: 11.4252,val: 9.9716,recyclable,"['Bar For Salad', 'Video Store', 'Coffee Bar', 'Ready Food', 'Florist']",Sale Winners,,1.72 Millions,0.7052 Millions,1869.25,593.93,395.95,519.7574,SANTO ANDRE,Sp,-23.69931254058364,-46.501432357095794,SaO paUlO,_5P,-23.472335179294816,-46.64636526449883,5.0
mc_ID_7427,"Married Female with three children, education: partial college working as management",130k,"Meat from Deli department, Ordered Brand : American",-12.2102,7.8349,non recyclable,"['Coffee Bar', 'Ready Food', 'Florist', 'Bar For Salad']",Two Day Sale,,"6.42 ,000,000illions",3.0174 Millions,2056.74,654.13,436.82,542.0895,bonfim paulista,	sp,-21.185944576067463,-47.81498292186677,guarulhos,SP,-23.44634995836461,measure: -46.54365549347912,5.0
mc_ID_7428,"Single Male with three children, education: bachelors degree working as management",70K+,"Specialty from Produce department, Ordered Brand : High Top",12.6753,9.7681,non recyclable,"['Coffee Bar', 'Bar For Salad', 'Florist', 'Video Store', 'Ready Food']",Roller Savings (High) ,gourmet,3.54 Millions,1.2036 Millions,1424.85,465.54,,499.7265,sao luis ,m@,-2.556161303032899,-44.25877930407758,sao paulo,SP,-23.65111484251016,val: -46.75521082321932,3.0
mc_ID_7429,"Married Female with two kids, education: bachelors degree working as professional",€59K+,"Canned Soup from Canned Foods department, Ordered Brand : Pleasant",24.5657,measure: 21.5132,recyclable,"['Bar For Salad', 'Florist', 'Ready Food', 'Coffee Bar', 'Video Store']",GLD,Deluxe,4.29Ms,1.287 Millions,1871.16,593.93,,484.1411,niteroi,RJ,amount: -22.944019808500155,amount: -43.06302670148316,UMUARAMA,PR,-23.757178599774967,-53.29107393545511,data: 4.0
mc_ID_7430,"Single Male with one child, education: high school degree working as manual",50K+,"Jams and Jellies from Baking Goods department, Ordered Brand : Landslide",-9.2739,4.9131,recyclable,"['Video Store', 'Florist', 'Ready Food', 'Bar For Salad', 'Coffee Bar']",Discount Frenzy,Gourmet,2.43 Millions,1.0449 Millions,1424.85,,310.3,555.2168,santa luzia,MG,-19.78815328555472,-43.92950074388953,SAO PAULU,Sp,-23.65111484251016,-46.75521082321932,4.0
mc_ID_7433,"Married Female with two kids, education: bachelors degree working as professional",70K+,"Cleaning Supplies from Household department, Ordered Brand : Sunset",data: 23.8389,20.7864,recyclable,"['Ready Food', 'Coffee Bar', 'Bar For Salad', 'Florist', 'Video Store']",,Deluxe,$7.4 Millions,2.812 Millions,1871.16,593.93,395.95,484.1411,ribeirao preto_,sp,-21.132996952825216,-47.80896194364281,Sumere,SP,-22.828654864562257,-47.267296160568925,5.0
mc_ID_7434,"Married Male with four kidren, education: partial high school working as skilled manual",10K or more,"Meat from Deli department, Ordered Brand : Lake",11.3235,8.4018,recyclable,"['Video Store', 'Ready Food', 'Bar For Salad', 'Florist', 'Coffee Bar']",Big Time Saving,gourmet,1.28 Millions,0.3968 Millions,1427.07,465.54,310.3,404.3836,Racife,"PE
",-8.026644268942235,-34.90776042423104,sumare,SP,-22.828654864562257,-47.267296160568925,5.0
mc_ID_7435,"Single Female with one child, education: partial college working as skilled manual",50K+,"Snack Foods from Snack Foods department, Ordered Brand : Fort West",-17.7338,16.1349,recyclable,"['Florist', 'Bar For Salad', 'Coffee Bar', 'Ready Food']",Two Day Sale,Deluxe,3.78 Millions,1.134 Millions,2055.29,,436.09,542.0895,sao paulo,sp,-23.63146799477654,-46.43860499812637,	Sao Paulo,SP,-23.746252526227707,-46.677001782820696,amount: 1.0
mc_ID_7437,"Single Female with three children, education: partial high school working as skilled manual",30K+,"Snack Foods from Snack Foods department, Ordered Brand : Fast",-12.2393,9.3321,recyclable,"['Coffee Bar', 'Video Store', 'Ready Food', 'Florist', 'Bar For Salad']",,Deluxe,11.22 Millions,4.2636 Millions,1872.1,593.93,395.95,484.1411,brasilia,	DF,,,sao paulo,SP,,,4.0
mc_ID_7438,"married male with two children, education: partial college working as professional, education: partial college working as professional",90K+,"Breakfast Foods from Breakfast Foods department, Ordered Brand : Jeffers",12.937,10.0153,recyclable,"['Video Store', 'Coffee Bar', 'Bar For Salad', 'Ready Food', 'Florist']",Big Time Saving,_Deluxe,€2.6M,1.0472 Millions,1868.95,593.93,,676.6574,campinas,SP,-22.850658848462096,-47.071669269086456,CuRiTIbA,PR,-25.464029318048183,-49.30472794690424,3.0
mc_ID_7439,Single Female with four children + education: graduate degree working as professional,130K+ annually,"Magazines from Periodicals department, Ordered Brand : Robust",-28.3451,25.4379,recyclable,"['Coffee Bar', 'Florist', 'Ready Food', 'Bar For Salad', 'Video Store']",Green Light Special,Deluxe,€5.0M,2.1384 Millions,1525.28,373.1,248.79,507.9899,campina5,SP,-22.926904742714527,-47.067241683593984,PRESIDENTE PRUDANTE,SP,-22.11545190136955,-51.39640853541775,5.0
mc_ID_7440,"Married Female with two children, education: high school degree working as skilled manual",30K+,"Baking Goods from Baking Goods department, Ordered Brand : Plato",605.03 oz,15.6988,non recyclable,,Save It (Sale),,7.42 Millions,3.4132 Millions,2051.6,457.36,,val: 467.4051,niteroi, RJ,measure: -22.95950249166516,-43.054551923240766,SAO PAULO,$P,,,5.0
mc_ID_7442,Married Female with two children / education: bachelors degree working as professional,50K+,"Bread from Baked Goods department, Ordered Brand : Fantastic",8.7797,measure: 5.858,recyclable,"['Ready Food', 'Bar For Salad']",Shelf Clearing Days,Supermarket,10.26 Millions,4.617 Millions,2448.37,470.27,313.55,363.6942,sao paulo, Sp ,-23.68924295245188,-46.77704194190851,ib1tinga,SP,-21.7664768468313,measure: -48.83154737836604,5.0
mc_ID_7443,"Married Female with No children, education: bachelors degree working as professional",70K+,"Frozen Desserts from Frozen Foods department, Ordered Brand : PigTail",24.7111,21.8039,non recyclable,['Coffee Bar'],I Cant Believe It Sale,Small Grocery,2.64 Millions,0.924 Millions,1422.27,398.93,265.98,605.8955,sao paulo,_Sp,-23.65410704801203,-46.65027344379366,curitiba,pr,-25.464029318048183,-49.30472794690424,1.0
mc_ID_7444,"Married Female with four children, education: partial high school working as manual",10 Thousand,"Fruit from Produce department, Ordered Brand : Tri-State",19.9142,33.97 lbs,recyclable,['Coffee Bar'],Big Time Saving,Small Grocery,4.88 Millions,1.9032 Millions,1423.37,398.93,265.98,631.1041,be7im,MG,-19.931357672407383,-44.10148914476319,Capivari,5P,amount: -23.0122137105142,-47.52203973160603,5.0
mc_ID_7445,"Single Male with three children, education: bachelors degree working as professional",50K+,"Dairy from Dairy department, Ordered Brand : Even Better",-24.8564,-21.9493,recyclable,"['Coffee Bar', 'Ready Food', 'Bar For Salad', 'Florist']",GLD,gourmet,10.84 Millions,4.2276 Millions,1567.7,385.45,257.63,396.2248,sao paulo,SP,--,val: -46.63635372924009,campo limpo paulista_,5P ,-23.20706431353269,-46.760735214610754,4.0
mc_ID_7446,"Married Female with three children, education: partial high school working as manual",10K+,"Meat from Deli department, Ordered Brand : Cutting Edge",18.7513,17.15 kg,non recyclable,"['Video Store', 'Florist', 'Coffee Bar', 'Ready Food', 'Bar For Salad']",Money Savers,deluxe,9.48 Millions,4.6452 Millions,1525.26,373.1,248.79,560.656,tres Iagoas,MS,val: -20.79174970059468,-51.728950357950055,sao paulo,SP,-23.65111484251016,-46.75521082321932,amount: 4.0
mc_ID_7448,"Single Male with No children, education: partial high school working as professional",150K+,"Vegetables from Produce department, Ordered Brand : Tell Tale",28.4904,data: 27.0368,recyclable,"['Coffee Bar', 'Ready Food', 'Video Store', 'Bar For Salad', 'Florist']",Price Winners,Deluxe,€9.0M,5.0544 Millions,,593.93,395.95,436.9665,sao jose dos campos,sp,-23.221431461827063,amount: -45.888163895493165,sau paulo,SP,-23.54929199999999,-46.633559478233785,5.0
mc_ID_7450,"Single Female with five children, education: partial high school working as manual",10K+,"Vegetables from Produce department, Ordered Brand : High Top",9.9135,-999.0,recyclable,['Coffee Bar'],Discount Frenzy,,11.55 Millions,3.5805 Millions,1234.82,440.92,293.93,745.0135,santana de parnaiba,SP,-23.49413311227142,-46.97080924393411,betim,MG,-19.95866259017359,data: -44.19878943272789,-999
mc_ID_7452,"Married Male with two children, education: partial college working as management",90K+,"Specialty from Produce department, Ordered Brand : Ebony",30.3801,25.874,recyclable,"['Ready Food', 'Coffee Bar', 'Video Store', 'Florist', 'Bar For Salad']",Dimes Off,D3luxe,2.36 Millions,1.062 Millions,2038.11,481.98,321.26,550.6144,rio bonito,RJ,amount: -22.7072351350913,-42.62882877464098,campo limpo pau1ista,SP,-23.20706431353269,-46.760735214610754,unknown
mc_ID_7453,"Single Male with one child, education: graduate degree working as management",90K+,"Bathroom Products from Household department, Ordered Brand : Sunset",10.4368,8.9687,non recyclable,,Save Price,Superm4rket,2.12 Millions,0.8692 Millions,1508,227.8,151.9,325.6721,sao paulo,"SP
",data: -23.57467050043269,measure: -46.73328224562872,osasco,SP,-23.53751282051502,-46.802685846524746,2.0
mc_ID_7454,"Married Male with three children, education: partial high school working as management",130K+,"Pizza from Frozen Foods department, Ordered Brand : Big Time",19.7689,16.8617,recyclable,,Two Day Sale,,6.2 Millions,2.232 Millions,2819.7,449.7,296.63,495.7517,URUgUaianA,RS,data: -29.7653349603648,data: -57.08632042334778,sao paulo,5P,-23.606332072162274,val: -46.488808985429046,5.0
mc_ID_7456,"Married Female with two children, education: partial high school working as manual",10K+,"Bread from Baked Goods department, Ordered Brand : Modell",22.24,20.7864,non recyclable,"['Florist', 'Video Store', 'Ready Food', 'Coffee Bar', 'Bar For Salad']",Save Price,Deluxe,3.3 Millions,1.518 Millions,2038.21,481.98,321.26,284.3028,varzea paulista,SP,-23.21556855333337,-46.8459750798889,sao bernardo do campo,sp,-23.66148702746846,-46.56416174311855,5.0
mc_ID_7458,"Married Male with No kidren, education: partial high school working as manual",10K+ annually,"Decongestants from Health and Hygiene department, Ordered Brand : Faux Products",24.275,19.9142,recyclable,,Budget Bargains,,5.22 Millions,1.7226 Millions,2085.67,783.64,522.49,546.0643,jacui,MG,-21.01786479310424,data: -46.74056251508655,SAntO aNDre,"$P
",-23.665703457960586,-46.51808196779969,5.0
mc_ID_7460,"Single Male with No children, education: partial HS working as professional",150K+ annually,"Vegetables from Produce department, Ordered Brand : Tell Tale",24.7111,-20.3503,non recyclable,"['Ready Food', 'Bar For Salad', 'Video Store', 'Florist', 'Coffee Bar']",Shelf Clearing Days,Deluxe,10.64 Millions,5.2136 Millions,1871.12,593.93,395.95,516.7763,embu das artes,_sp,-23.66364846622004,-46.79594902419812,sao paulo, SP ,-23.46824404524207,,5.0
mc_ID_7461,"Married Male with four children, education: bachelors degree working as management",50K+ annually,"Breakfast Foods from Breakfast Foods department, Ordered Brand : Special",24.7111,23.2575,recyclable,"['Florist', 'Bar For Salad', 'Video Store', 'Coffee Bar', 'Ready Food']",I Cant Believe It Sale,Deluxe,10.96 Millions,4.932 Millions,1734.5,503.07,336.52,363.3281,campo grande,m$,-20.46823356538603,-54.5967813577572,beIo horizonte,	mg,-19.865544862340563,amount: -43.92052843242536,data: 5.0
mc_ID_7463,"Married Male with five children, education: partial high school working as manual",30K+,"Dairy from Dairy department, Ordered Brand : Booker",19.0421,16.1349,non recyclable,['Coffee Bar'],Savings Galore,sUpermARkEt,9.88 Millions,3.6556 Millions,1236.07,442.92,293.95,724.5119,araraquara,$P,-21.778926590339896,-48.15890478322473,PIRACICABA,sP,-22.71683928585045,-47.65736585405934,5.0
mc_ID_7464,"Single Male with four children, education: high school degree working as manual",30K+ annually,"Starchy Foods from Starchy Foods department, Ordered Brand : Shady Lake",15.9895,11.6287,recyclable,,Price Winners,Supermarket,11.24 Millions,4.3836 Millions,1623.48,341.05,227.05,543.397,rio de janeiro,Rj,-22.899753502914194,-43.17764601165675,RIo CLARO,sp,-22.43774874385965,amount: -47.5583294377924,5.0
mc_ID_7465,"Single Male with four children, education: partial high school working as skilled manual",10K+,"Frozen Desserts from Frozen Foods department, Ordered Brand : Golden",13.7946,12.3265,recyclable,['Florist'],Roller Savings (High) ,Supermarkat_,3.9 Millions,1.755 Millions,1320.44,523.32,348.85,532.6232,nilopulis,rj,-22.79956422482205,-43.414218925501736,sAo PAUlo,5P,-23.746252526227707,-46.677001782820696,2.0
mc_ID_7467,"Single Male with three children, education: partial high school working as skilled manual",10K+,"Candy from Snacks department, Ordered Brand : Thresher",27.3275,25.7286,recyclable,['Coffee Bar'],Two Day Sale,Supermarket,7.48 Millions,3.2912 Millions,1236.07,440.92,293.95,477.3944,peñapolis,SP,-21.43085925810377,-50.08987578961023,itatiba,SP,-22.99567770323237,amount: -46.857106243157794,5.0
mc_ID_7469,Married Female with three children - education: partial high school working as manual,$10K+,"Vegetables from Frozen Foods department, Ordered Brand : PigTail",-0.1,11.527,non recyclable,,,,3.24 Millions,1.3608 Millions,1508,227.8,151.9,325.6721,ribeirao preto,SP,-21.21227916180968,-47.78815176242136,batatais,SP,measure: -20.916468353698388,-47.574216767527176,2.0
mc_ID_7470,"Single Female with two children, education: partial high school working as skilled manual",30K+,"Baking Goods from Baking Goods department, Ordered Brand : CDR",23.4028,amount: 20.4957,recyclable,"['Florist', 'Bar For Salad', 'Video Store', 'Coffee Bar', 'Ready Food']",Sale Winners,Deluxe,9.52Ms,4.3792 Millions,1869.56,593.93,395.95,519.7574,sao jose dos c4mpos,SP,-23.22917289647413,-45.925893267413024, belo horizonte,"MG
",-19.878513898894187,amount: -43.95694702879617,5.0
mc_ID_7471,"Married Male with three children, education: bachelors degree working as professional",€59K+,"Kitchen Products from Household department, Ordered Brand : High Quality",30.0894,28.6358,recyclable,['Coffee Bar'],,Supermarket,5.62 Millions,2.0232 Millions,1236.07,,295.35,724.5119,angre dos reis,RJ,-23.01496402171552,-44.53016913262758,JAU,SP,-22.27568678711987,val: -48.542599749927895,measure: 4.0
mc_ID_7472,"Married Male with four children, education: high school degree working as skilled manual",30K+,"Bathroom Products from Health and Hygiene department, Ordered Brand : Bird Call",20.9317,16.4256,recyclable,['Florist'],Roller Savings (High) ,SUpErmaRKeT,8.28 Millions,3.5604 Millions,,523.32,348.85,val: 532.6232,"beLa VIsta DE gOIAS
",Gu,-16.969154699584582,-48.96010970583767,laranjal paulista,SP,-23.03582473318652,-47.8363026594829,5.0
mc_ID_7473,"Single Female with five kidren, education: bachelors degree working as professional",50K+,"Frozen Desserts from Frozen Foods department, Ordered Brand : Carrington",16.7163,13.8091,recyclable,"['Ready Food', 'Coffee Bar', 'Bar For Salad', 'Florist', 'Video Store']",Shelf Clearing Days,###,5.43 Millions,2.1177 Millions,1871.16,593.93,394.93,val: 516.7763,CAMPLNAS,SP,-22.943830511384977,-47.11233196480047,sao paulo,SP,val: -23.543135968636395,-46.62371555453289,5.0
mc_ID_7475,"MaRrIeD FeMaLe wItH TwO ChIlDrEn, EdUcAtIoN: bAcHeLoS DeGrEe wOrKiNg aS PrOfEsSiOnAl",50K+,"Snack Foods from Snack Foods department, Ordered Brand : Horatio",13.9981,11090.90 grams,recyclable,"['Coffee Bar', 'Ready Food', 'Video Store', 'Florist', 'Bar For Salad']",Two Day Sale,Deluxe,5.13 Millions,1.7955 Millions,1871.16,,395.95,402.0824,rio de janeiro,RJ,-22.906162445467107,-43.56901475728546,uba,MG ,-21.12574332854103,-42.92260482854105,3.0
mc_ID_7476,"Married Female with two children, education: high school degree working as skilled manual",30K+,"Hardware from Checkout department, Ordered Brand : James Bay",26.6008,23.5482,non recyclable,"['Florist', 'Bar For Salad', 'Coffee Bar', 'Video Store', 'Ready Food']",Dimes Off,deluxe,$11.34 Millions,5.5566 Millions,1871.16,593.93,395.95,474.7271,@rcos,MG,-20.2892027953416,-45.54189584918567,SAO GONCALO,RJ,-22.82787,-43.01969625000001,5.0
mc_ID_7477,"Single Male with three children, education: partial high school working as manual",10K+,"Electrical from Household department, Ordered Brand : Cormorant",24.5657,22.9668,recyclable,"['Ready Food', 'Bar For Salad', 'Video Store', 'Florist', 'Coffee Bar']",Super Duper Savers,deluxe,4.35Ms,1.5225 Millions,,373.1,248.79,318.3501,7eresopolis,RJ,-22.4152186200517,-42.96996546672412,Borda Da Mate,"mg
",amount: -22.264093569966427,-46.15856420525942,5.0
mc_ID_7478,Single Female with four children / education: high school degree working as skilled manual,30K+,"Jams and Jellies from Baking Goods department, Ordered Brand : Landslide",9.2739,4.9131,recyclable,"['Bar For Salad', 'Coffee Bar', 'Ready Food', 'Video Store', 'Florist']",Price Slashers,DeLuxe,3.24Ms,1.296 Millions,,503.07,336.47,282.9953,sao cAetANO dO Sul,SP,-23.625774,-46.56855299278663,sao paulo,SP,-23.53174394892955,-46.61395302123605,5.0
mc_ID_7480,"Single Female with three children, education: high school degree working as manual",30K+,"Kitchen Products from Household department, Ordered Brand : Sunset",-26.1647,21.8039,non recyclable,"['Florist', 'Video Store', 'Ready Food', 'Bar For Salad', 'Coffee Bar']",Shelf Clearing Days,Deluxe,10.84 Millions,4.878 Millions,1871.16,593.93,,516.7763,tatui,Sp,-23.313782623850443,-47.8240690156379, pir@cicaba ,5P,-22.71683928585045,data: -47.65736585405934,4.0
mc_ID_7481,"Married Male with one child, education: bachelors degree working as professional",70K+,"Vegetables from Produce department, Ordered Brand : Ebony",21.2225,16.8617,non recyclable,"['Florist', 'Video Store', 'Bar For Salad', 'Coffee Bar', 'Ready Food']",Bag Stuffer,,$8.13 Millions,2.9268 Millions,1734.5,503.07,336.01,662.2226,ataleia,MG,-18.039928640832454,-41.11079357543488,jundiai,SP,-23.148804478137823,measure: -46.92948882832884,5.0
mc_ID_7482,"Single Male with one child, education: partial high school working as skilled manual",10K+,"Snack Foods from Snack Foods department, Ordered Brand : Fast",10.7711,7.8494,non recyclable,"['Ready Food', 'Bar For Salad']",Super Wallet Savers,supermarket,5.73 Millions,2.3493 Millions,,853.22,568.75,570.8022,çaraguatatuba,5P,-23.64498629682881,-45.42645011145103,ibitinga,SP,-21.7664768468313,-48.83154737836604,4.0
mc_ID_7483,"Single Female with four children, education: partial high school working as professional",130K+,"Vegetables from Frozen Foods department, Ordered Brand : Carrington",val: 11.8468,8.9251,non recyclable,['Coffee Bar'],Shelf Clearing Days,Supermarket,"7.23 ,000,000illions",3.2535 Millions,,440.92,293.95,521.7971,apucarana ,pr,amount: -23.552512530494816,-51.46349357996916,SAO PAULO,SP,-23.47651943519532,-46.59554967707312,5.0
mc_ID_7484,"Married Male with two children, education: partial college working as skilled manual",30K+,"Fruit from Produce department, Ordered Brand : Tri-State",26.1647,-23.2575,recyclable,['Coffee Bar'],Double Your Savings,Supermarket,10.28 Millions,3.8036 Millions,1236.07,440.92,293.95,493.8689,Barreiras,BA,-12.147030551377815,-44.99609163741842,salvador,	BA,-12.985620726066106,-38.49167649249818,5.0
mc_ID_7487,"Married Male with two children, education: high school degree working as skilled manual",30K+,"Bread from Baked Goods department, Ordered Brand : Modell",14.972,data: 13.5184,recyclable,"['Bar For Salad', 'Ready Food']",Two for One,supermarket,3.78 Millions,1.7388 Millions,2265.9,853.22,568.22,555.426,recife,PE,-8.038133999999996,-34.909973999999984,niteroi,	RJ,-22.96338484831568,-43.03302455048608,1.0
mc_ID_7488,"Single Female w/ three children, education: High School degree working as skilled manual",30K+,"Dairy from Dairy department, Ordered Brand : Carlson",20.4957,17.5885,recyclable,"['Ready Food', 'Florist', 'Bar For Salad', 'Video Store', 'Coffee Bar']",Price Winners,,2.26 Millions,1.1074 Millions,2039.2,,321.26,453.9117,rio de janeiro,rJ,-22.89141262003006,-43.22976145989381,belo horizonte,MG,val: -19.878513898894187,-43.95694702879617,measure: 4.0
mc_ID_7489,"Married Male with two children, education: partial college working as management",30K+,"Breakfast Foods from Frozen Foods department, Ordered Brand : Imagine",24.275,-21.3678,recyclable,"['Coffee Bar', 'Florist', 'Bar For Salad', 'Ready Food']",Dollar Days,Deluxe,7.48 Millions,2.244 Millions,2055.29,654.13,,725.9763,rio de janeiro,RJ,-22.984848450458767,-43.20073414542106,sao 	paulo,5P,-23.551013388568272,-46.44848890729416,
mc_ID_7491,"Single Female with No childern, education: partial high school working as manual",10K+,"Frozen Desserts from Frozen Foods department, Ordered Brand : Golden",13.5911,10.68 kg,non recyclable,"['Florist', 'Coffee Bar', 'Bar For Salad', 'Video Store', 'Ready Food']",Lottery Cash Registerion,Deluxe,3.39 Millions,1.3221 Millions,1734.5,503.07,334.79,290.7357,rio de janeiro,RJ,-22.92531913366395,-43.25369631041029,sao bernardo do campo,Sp,-23.724134173502662,val: -46.57554561519289,5.0
mc_ID_7492,"Single Male with four children, education: partial high school working as management",130K+,"Dairy from Dairy department, Ordered Brand : Booker",9.1576,measure: 7.704,recyclable,"['Video Store', 'Ready Food', 'Bar For Salad', 'Florist', 'Coffee Bar']",One Day Sale,,4.02 Millions,1.6884 Millions,1732.33,503.07,335.38,689.0525,alcobaca,BE,-17.311654999999945,-39.63244499999996,SAO PAULO,SP,-23.59272363197529,-46.6315844403312,amount: 5.0
mc_ID_7493,"Single Male with No children, education: partial college working as professional",130K+,"Vegetables from Produce department, Ordered Brand : Tell Tale",19.6235,16.7163,non recyclable,,Save Price,SUPERMARKET,$4.08 Millions,1.7136 Millions,1508,227.8,151.9,325.6721,belo horlzonte ,mg,amount: -19.865544862340563,-43.92052843242536,VOLTA REDONDA,SP,-22.498182754371285,-44.12361371579433,amount: 4.0
mc_ID_7494,"Single Female wiht two children, education: high school degree working as manual",30K+,"Dairy from Dairy department, Ordered Brand : Carlson",measure: 12.6608,9.7536,recyclable,"['Ready Food', 'Video Store', 'Bar For Salad', 'Coffee Bar', 'Florist']",Sale : Double Down,Deluxe,3.64 Millions,1.092 Millions,1525.28,373.1,249.77,746.3733,ipatinga,MG,-19.4780955431646,val: -42.55679483097696,santos,SP,-23.944502325841068,-46.33124278031053,4.0
mc_ID_7495,"Single Male with three children, education: bachelors degree working as professional, Single Male with three children",50K+,"Vegetables from Produce department, Ordered Brand : Tri-State",-25.4379,amount: 21.0771,non recyclable,"['Coffee Bar', 'Bar For Salad', 'Florist', 'Ready Food']",Roller Savings (High) ,Gourmet,$2.01 Millions,0.7437 Millions,1564.86,385.45,256.97,637.6939,sao paulo,SP,-23.59111994532288,-46.72995539425242,SAO PAULO,_$P,-23.62358155176294,-46.61056007369148,5.0
mc_ID_7499,"Single Female with four children, education: partial high school working as manual",30K+,"Snack Foods from Snack Foods department, Ordered Brand : Best Choice",10.5967,6.2214,recyclable,"['Bar For Salad', 'Florist', 'Coffee Bar', 'Ready Food', 'Video Store']",One Day Sale,,$8.1 Millions,2.997 Millions,1732.18,503.07,,689.0525,Goiañia,GO,-16.597718710862782,-49.25496277140769,pradopolis,SP,-21.36757068180344,-48.06270442872158,5.0
mc_ID_7501,"Single Female with one child, education: high school degree working as professional",110K+,"Snack Foods from Snack Foods department, Ordered Brand : Fast",val: 9.5792,data: 6.672,recyclable,"['Florist', 'Bar For Salad', 'Video Store', 'Coffee Bar', 'Ready Food']",One Day Sale,gourmet,2.88 Millions,1.2096 Millions,1424.85,467.54,310.3,449.1524,rio de janeiro, RJ ,-22.898688716890845,-43.21711791782575,_guarulhos,Sp,-23.46530411469876,-46.51148732089968,5.0
mc_ID_7502,"Single Male with three children, education: bachelors degree working as professional",50K+,"Jams and Jellies from Baking Goods department, Ordered Brand : Landslide",31.8337,data: 28.7811,recyclable,,Go For It,Superm4rket,€2.3M,1.0374 Millions,1508,227.8,150.82,623.939,ribeirao preto,SP,val: -21.21227916180968,-47.78815176242136,Sau Paulo,SP,-23.693985995008337,-46.70188324132953,5.0
mc_ID_7503,"Single Female with No children, education: bachelors degree working as management",70K+,"Canned Soup from Canned Foods department, Ordered Brand : Just Right",19.6235,18.1699,recyclable,"['Ready Food', 'Coffee Bar', 'Bar For Salad', 'Florist', 'Video Store']",Two Day Sale, Deluxe,8.91 Millions,3.564 Millions,1870.77,593.93,395.95,402.0824, sorocaba ,SP,-23.50590292645274,data: -47.46270406757463,curitiba,pr,-25.43585833749783,-49.22158276824976,5.0
mc_ID_7506,"Married Female with two children, education: partial high school working as manual",$10K+,"Snack Foods from Snack Foods department, Ordered Brand : Fort West",24.8564,20.4957,non recyclable,['Florist'],You Save Days,SuPeRmArket,$10.32 Millions,4.8504 Millions,1317.79,523.32,348.85,689.3663,petropolis,RJ,-22.52225893204127,-43.165855143026526,piraçicaba,SP,-22.71683928585045,amount: -47.65736585405934,1.0
mc_ID_7507,"Single Female with four children, education: bachelors degree working as management",70K+,"Plastic Products from Household department, Ordered Brand : Red Wing",23.9843,22.5307,recyclable,"['Ready Food', 'Florist', 'Bar For Salad', 'Video Store', 'Coffee Bar']",Dimes Off,Deluxe,$10.38 Millions,3.7368 Millions,2038.11,481.98,321.26,550.6144,balneario camboriu,SC,-26.971835259507177,-48.63801471648682,Vicente De Carvalho,SP,data: -23.939318620030072,-46.30539278864907,5.0
mc_ID_7508,Married Female with one child; education: graduate degree working as professional,Income: 50K+,"Candy from Snacks department, Ordered Brand : Choice",amount: 31.543,30.0894,recyclable,"['Video Store', 'Ready Food', 'Florist', 'Coffee Bar', 'Bar For Salad']",Super Savers,_Deluxe,"7.95 ,000,000illions",3.021 Millions,1524.5,,,755.9442,Sao PaulO,SP ,-23.524334088810686,-46.60849704258767,Salto,SP,val: -23.19024365306712,-47.291570633360266,5.0
mc_ID_7509,"Single Male with two children, education: graduate degree working as professional",30K+,"Bread from Baked Goods department, Ordered Brand : Fantastic",data: 16.8617,data: 13.9545,non recyclable,"['Florist', 'Bar For Salad', 'Coffee Bar', 'Video Store', 'Ready Food']",Price Slashers,_D3luxe,1.89 Millions,0.756 Millions,1734.5,,335.84,282.9953, franca ,SP,amount: -20.57107411188894,-47.39074661841339,sao paulo,sp,-23.58667354731954,-46.61242320483004,3.0
mc_ID_7510,"Single Male with four children, education: high school degree working as manual",30K+,"Meat from Deli department, Ordered Brand : American",17.8792,14.972,recyclable,['Florist'],Price Destroyers,Supermarket,8.91 Millions,2.9403 Millions,1320.15,523.32,348.85,710.8616,Sao Leopoldo,R$,-29.764677078798385,val: -51.15238582550074,Vargem Grande Paulista,SP,-23.659233203083232,-46.99692810611056,amount: 5.0
mc_ID_7511,"Single Male with five kidren, education: high school degree working as skilled manual",30K or more,"Vegetables from Produce department, Ordered Brand : Hermanos",26.6008,-25.0018,non recyclable,,,Mid-Size,"10.9 ,000,000illions",5.123 Millions,2820.03,447.7,,€619.04,sao paulo,Sp,-23.59456298473655,-46.72783455314792,SAO PAULO,SP,measure: -23.58452319555432,-46.51460627909786,5.0
mc_ID_7512,"education: bachelors degree working as professional, Married Female with four children",50K+,"Snack Foods from Snack Foods department, Ordered Brand : Nationeel",23.6936,-19.1874,non recyclable,,Weekend Discount,Supermarket ,€5.8M,2.5308 Millions,1508,227.8,151.9,735.1811,PoRto aLeGrE,RS,-30.00191787642484,-51.12065583605986, sao paulo ,SP,-23.48934571357261,-46.47738070858095,1.0
mc_ID_7513,"Married Female with No children, education: partial high school working as manual",10K+,"Candy from Snacks department, Ordered Brand : Thresher",16.1349,11.7741,non recyclable,"['Ready Food', 'Bar For Salad']",Price Cutters,Supermarket,10.95 Millions,4.4895 Millions,2265.03,855.22,568.75,761.0696,santos,SP,-23.939026471333094,-46.3690744819988,sao paulo,SP,amount: -23.59798552039933,data: -46.55547278711988,5.0
mc_ID_7514,"Married Female with one child, education: graduate degree working as professional",70K+,"Canned Sardines from Canned Foods department, Ordered Brand : Blue Label",20.3503,15.9895,recyclable,"['Bar For Salad', 'Florist', 'Coffee Bar', 'Ready Food', 'Video Store']",Lottery Cash Registerion,,"5.4 ,000,000illions",1.998 Millions,1734.5,,335.02,measure: 290.7357,rio de janeiro,rJ,-22.93862838995325,-43.36065293880199,sao p4ulo,SP,-23.53877907744238,-46.53648566833056,5.0
mc_ID_7515,"SiNgLe mAlE WiTh tHrEe cHiLdReN, eDuCaTiOn: BaChElOr'sS DeGrEe wOrKiNg aS PrOfEsSiOnAl",50k,"Magazines from Periodicals department, Ordered Brand : Dollar",-23.8389,20.7864,recyclable,"['Bar For Salad', 'Coffee Bar', 'Florist', 'Ready Food']",Saving Days,Gourmat,"10.75 ,000,000illions",4.6225 Millions,1565.14,385.45,256.97,,NOVA IGUACU,RJ,-22.71077102329224,val: -43.472633668104216,rio de janeiro,RJ,-22.972956517889177,-43.39706327699233,
mc_ID_7516,"Married Female with four children, education: partial High School working as manual",10K+,"Hygiene from Health and Hygiene department, Ordered Brand : Bird Call",-26.8915,22.5307,non recyclable,['Coffee Bar'],Best Price Savers,Supermarket,3.7 Millions,1.295 Millions,1233.8,442.92,293.73,720.5371,ceceres,MT,-16.085822367663457,-57.696735618862974,limeira,sp,-22.564590914796,-47.40315315223038,4.0
mc_ID_7517,"Single Male with five children, education: partial high school working as professional",90K+,"Canned Soup from Canned Foods department, Ordered Brand : Better",383.02 oz,7.9366,non recyclable,"['Video Store', 'Coffee Bar', 'Florist', 'Ready Food', 'Bar For Salad']",One Day Sale,Deluxe,€6.8M,3.98 Millions,1734.5,503.07,335.38,689.0525,Mossoro,Rñ,-5.1707638883269045,-37.32973869130278,campo lImpO paUlIStA,SP,?,-46.760735214610754,4.0
mc_ID_7521,"Single Male with two children, education: high school degree working as management",70K+,"Jams and Jellies from Baking Goods department, Ordered Brand : BBB Best",amount: 24.7111,20.3503,recyclable,['Coffee Bar'],Weekend Discount,Supermarket,6.44 Millions,3.0912 Millions,1236.14,440.92,293.95,364.1649,salto,$P,-23.17588057617297,data: -47.31592004954123,borda da mata,"mg
",-22.264093569966427,-46.15856420525942,amount: 3.0
mc_ID_7522,Single Female with one child / education: partial high school working as skilled manual,10K+,"Hygiene from Health and Hygiene department, Ordered Brand : Faux Products",12.1084,7.7331,recyclable,"['Ready Food', 'Coffee Bar', 'Florist', 'Bar For Salad']",Promo Big,deluxe,11.91 Millions,5.1213 Millions,2055.29,654.13,,267.3576,sao paulo,sp,val: -23.7418545745282,-46.68272014585374,osasco,Sp,-23.50689076715323,-46.78586646309645,4.0
mc_ID_7523,Single Male with three kids; education: high school degree working as skilled manual,$30K+,"Hygiene from Health and Hygiene department, Ordered Brand : Faux Products",12.1084,7.7331,recyclable,"['Video Store', 'Bar For Salad', 'Ready Food', 'Coffee Bar', 'Florist']",Green Light Special,DeIuxe,11.91 Millions,5.955 Millions,1525.28,373.1,248.79,amount: 507.9899,brasilia,DF,-15.782105504364816,-47.93233498642118,SANTO ANGELO,RS,-28.281003423550747,data: -54.258283178397335,3.0
mc_ID_7526,"Married Male with three children, education: bachelors degree working as professional",50K+,"Pizza from Frozen Foods department, Ordered Brand : Golden",amount: 27.6183,24.7111,recyclable,['Coffee Bar'],Wallet Savers,SmaIl Grocery,1.78Ms,0.89 Millions,,330.83,220.55,728.8528,goiania,GO,-16.698842999999997,-49.26342825,sao paulo,SP,-23.52697217736158,-46.610979191240034,4.0
mc_ID_7527,"Single Male with one child, education: graduate degree working as professional",90K+,"Breakfast Foods from Frozen Foods department, Ordered Brand : Golden",10.3496,7.4279,non recyclable,"['Ready Food', 'Video Store', 'Coffee Bar', 'Florist', 'Bar For Salad']",Discount Frenzy,,€4.6M,1.8496 Millions,1871.16,593.93,394.24,326.352,loñtras,SC,amount: -27.17742018417554,-49.54348284272245,dracena,SP,data: -21.4988715,-51.53786099999999,4.0
mc_ID_7530,"Single Male with four children, education: partial college working as clerical",50K+,"Decongestants from Health and Hygiene department, Ordered Brand : Faux Products",24.275,19.9142,recyclable,['Coffee Bar'],Super Duper Savers,"Small Grocery
",€1.5M,0.8004 Millions,1394.66,534.29,356.19,611.4393,JABOTICABAL,$P,measure: -21.26560558210752,-48.33101720818392,sao pau1o,SP,-23.602162547319526,-46.52124572898028,amount: 1.0
mc_ID_7532,"Single Female with four children, education: graduate degree working as management",€110K+,"Pain Relievers from Health and Hygiene department, Ordered Brand : Faux Products",16.1349,val: 13.2277,non recyclable,"['Ready Food', 'Bar For Salad']",Sales Days,Supermarket,9.28 Millions,2.784 Millions,2263.49,853.22,568.75,amount: 327.9733,RIO DE JANEIRO,RJ,-22.87547049708581,-43.32412982183035,CURITIBA,	PR,-25.49503825145709,-49.29960146295223,5.0
mc_ID_7533,"Married Male with three children, education: high school degree working as skilled manual",Income: 30K+,"Dairy from Dairy department, Ordered Brand : Even Better",11.4979,10.0298,recyclable,"['Florist', 'Coffee Bar', 'Ready Food', 'Bar For Salad']",Saving Days,Deluxe,12.48 Millions,6.1152 Millions,2055.29,654.13,434.85,352.0313,campinas,Sp_,-22.850658848462096,-47.071669269086456,sao paulo,sp,measure: -23.693985995008337,-46.70188324132953,measure: 4.0
mc_ID_7534,"Married Female with one child, education: graduate degree working as professional",€59K+,"Snack Foods from Snack Foods department, Ordered Brand : Best Choice",21.3678,18.3153,recyclable,,Price Slashers,Supermarket,2.58 Millions,1.2642 Millions,1509.81,227.8,151.9,351.456,santo andre,SP,measure: -23.73067704424196,-46.47813835714726,sao paulo,SP,-23.545741270669254,-46.5926468408794,4.0
mc_ID_7535,"Married Male with three children, education: partial college working as professional",30K+,"Snack Foods from Snack Foods department, Ordered Brand : Fort West",26.7461,22.24,non recyclable,"['Video Store', 'Ready Food', 'Florist', 'Coffee Bar', 'Bar For Salad']",One Day Sale,Gourmet,5.04Ms,1.9656 Millions,1424.85,465.54,309.37,449.1524,	vitoria da conquista,Be,-14.875675438038172,-40.81060677124288,sao paulo,SP,-23.504769581649203,-46.62470303231384,5.0
mc_ID_7536,"Single Female with two children, education: partial college working as manual",$30K+,"Baking Goods from Baking Goods department, Ordered Brand : Landslide",28.0543,23548.20 grams,recyclable,,Sales Days,Supermarket,"8.4 ,000,000illions",3.276 Millions,2049.72,457.36,304.91,610.5502,Rio De Janeiro,RJ,-22.962511351924544,-43.17640771510184,sao paulo,5p,-23.65111484251016,-46.75521082321932,5.0
mc_ID_7537,"Marrie Female w/ one child, education: high school degree working as manual",30000,"Vegetables from Produce department, Ordered Brand : Tri-State",18.606,17.1524,non recyclable,"['Bar For Salad', 'Video Store', 'Coffee Bar', 'Ready Food', 'Florist']",Sale Sale Sale,Deluxe,10.48 Millions,4.716 Millions,1525.28,373.1,249.75,722.6814,SAO PAULO,SP,-23.60400209853421,-46.67823278143572,itaquaquecetuba,SP,-23.48262344063541,-46.37448952833195,5.0
mc_ID_7538,Single Male with one child and education: high school degree working as manual,30K+,"Pizza from Frozen Foods department, Ordered Brand : Big Time",measure: 22.5307,data: 18.1699,recyclable,['Coffee Bar'],Double Your Savings,Supermarket,€2.7M,0.992 Millions,1236.07,440.92,293.95,493.8689,sao paulo,SP,-23.59899552233257,-46.68358067332223,rio de janeiro,RJ,-22.920104850395337,unknown,5.0
mc_ID_7539,"Single Male with one child, education: partial high school working as manual",€8K+,"Frozen Desserts from Frozen Foods department, Ordered Brand : Imagine",27.7636,23.4028,non recyclable,,Price Winners,SUPERMARKET,2.52 Millions,0.7812 Millions,,457.36,304.91,amount: 497.9483,Rio Negro,Pr,amount: -26.08644812451248,-49.78075054841446,jacarei,SP,-23.29818595956356,-45.974828011182304,5.0
mc_ID_7541,"Single Female with two children, education: partial high school working as skilled manual",30K+,"Drinks from Beverages department, Ordered Brand : Washington",amount: 29.0719,27.6183,non recyclable,"['Coffee Bar', 'Florist', 'Bar For Salad', 'Ready Food']",Discount Frenzy,DELUXE,10.53 Millions,3.159 Millions,2055.29,654.13,436.09,779.6884, novo hamburgo ,"RS
",-29.690317947293,-51.12693819084448,santo 4ngelo,RS,-28.281003423550747,-54.258283178397335,5.0
mc_ID_7542,Single Male with five children; education: partial college working as manual,$30K+,"Meat from Deli department, Ordered Brand : Moms",26.1647,-24.7111,non recyclable,"['Bar For Salad', 'Ready Food']",Coupon Spectacular,_SUPERMARKET,8.4 Millions,2.94 Millions,2265.9,853.22,,269.1881,sao caetano do suI,SP ,-23.6436479625422,-46.56386065319333,salto,Sp,-23.20591698084141,-47.307845865803,3.0
mc_ID_7544,"Married Male with three children, education: partial high school working as skilled manual",10K+,"Meat from Deli department, Ordered Brand : Lake",9.6809,8.2128,non recyclable,"['Ready Food', 'Bar For Salad', 'Coffee Bar', 'Florist', 'Video Store']",Sale Sale Sale,Gourmet,9.6 Millions,3.84 Millions,1424.85,465.54,308.69,304.1768,Curitiba,PR,-25.45871651095423,-49.30218888165614,sao paulo,SP,val: -23.693985995008337,-46.70188324132953,5.0
mc_ID_7545,"Single Male with two children, education: partial high school working as professional",70K+,"Breakfast Foods from Breakfast Foods department, Ordered Brand : Best",22.3853,amount: 17.8792,non recyclable,"['Florist', 'Ready Food', 'Bar For Salad', 'Video Store', 'Coffee Bar']",Sale Sale Sale,deluxe,14.0 Millions,4.34 Millions,1525.28,373.1,248.79,722.6814,aracatuba,SP,-21.220110815654674,-50.43765462630489,sao bernardo do campo,SP,measure: -23.71933860892157,-46.5517479343586,5.0
mc_ID_7546,"Married Male with three children, education: high school degree working as skilled manual",30K+,"Vegetables from Produce department, Ordered Brand : Tri-State",-9.6373,8.1837,recyclable,"['Bar For Salad', 'Ready Food']",Price Cutters,supermarket,2.43 Millions,0.9963 Millions,,853.22,567.93,761.0696,belo horizonte,MG,val: -19.89328670774424,-43.97195292532757,sao paulo,5p,-23.539494799586286,-46.63284391414975,5.0
mc_ID_7547,"Single Male with two children, education: partial high school working as skilled manual",10K+,"Baking Goods from Baking Goods department, Ordered Brand : BBB Best",20.7864,17.8792,recyclable,"['Ready Food', 'Video Store', 'Coffee Bar', 'Florist', 'Bar For Salad']",Discount Frenzy,Gourmet,"7.12 ,000,000illions",2.7768 Millions,1422.92,465.54,310.3,555.2168,londrina,Pr,-23.362527183156548,-51.15813509735721,saIto,$P,amount: -23.20591698084141,measure: -47.307845865803,5.0
mc_ID_7548,"Married Female with three children, education: partial high school working as skilled manual",10K+,"Eggs from Eggs department, Ordered Brand : Urban",data: 28.0543,25.0018,recyclable,['Florist'],Big Time Discounts,"Supermarket
",7.05Ms,3.4545 Millions,1320.15,523.32,348.85,765.7243,campos dos goytacazes,RJ,-21.752686105920883,-41.342931617164176,belo horizonte,MG,-19.878513898894187,amount: -43.95694702879617,data: 5.0
mc_ID_7549,"education: high school degree working as professional, Single Female with five children",90K+,"Paper Products from Household department, Ordered Brand : Cormorant",30.6708,-29.2172,recyclable,"['Ready Food', 'Florist', 'Video Store', 'Coffee Bar', 'Bar For Salad']",Price Winners,Deluxe,5.6 Millions,2.576 Millions,2038.11,481.98,322.19,478.9634,caibate,_r$,-28.293521367886463,-54.637295352589966,sao paulo,SP,-23.539824031911863,val: -46.434679443937874,1.0
mc_ID_7551,"Single Female with four children, education: partial high school working as manual",10K+,"Dairy from Dairy department, Ordered Brand : Club",20.9317,measure: 17.8792,recyclable,"['Ready Food', 'Video Store', 'Coffee Bar', 'Bar For Salad', 'Florist']",Lottery Cash Registerion,Deluxe,10.32 Millions,4.4376 Millions,1734.5,,335.38,313.0678,Indaiatuba,SP,-23.063410662849176,val: -47.16948905182437,FLORIANOPOLIS,$C,-27.60731306466045,-48.59058002775691,5.0
mc_ID_7553,"Single Male with one child, education: high school degree working as manual",30K+,"Canned Soup from Canned Foods department, Ordered Brand : Blue Label",24.8564,23.4028,non recyclable,"['Florist', 'Coffee Bar', 'Bar For Salad', 'Video Store', 'Ready Food']",Big Time Discounts,,5.34Ms,1.869 Millions,1734.5,503.07,335.38,583.1973,SAo PAuLO,SP,-23.678985771856432,-46.678985470858095,sañto andre,sp,-23.624784000000005,-46.53954225000001,5.0
mc_ID_7555,"married female with one child, education: partial college working as management",50K+,"Canned Anchovies from Canned Foods department, Ordered Brand : Better",15.2627,10.9019,recyclable,"['Bar For Salad', 'Ready Food']",Super Duper Savers,Supermarket,9.12 Millions,3.8304 Millions,2265.9,853.22,569.9,677.285,sao paulo,SP,-23.61364433686972,-46.60079079905067,jakarei,SP,-23.30139631473257,-45.96172658840667,5.0
mc_ID_7558,"Married Female with three children, education: bachelors degree working as professional",€59K+,"Pizza from Frozen Foods department, Ordered Brand : PigTail",8.8088,4.4335,non recyclable,"['Bar For Salad', 'Florist', 'Coffee Bar', 'Video Store', 'Ready Food']",Go For It,deLuXE,6.72 Millions,2.7552 Millions,2038.11,481.98,321.26,455.3761, Curitiba,"PR
",-25.432110597005,-49.25976793963871,joinville, SC,-26.330548143460163,-48.88090174304856,4.0
mc_ID_7559,"Marrie Female with one child,education: high school degree working as manual",30K+,"Meat from Deli department, Ordered Brand : Red Spade",29.5079,26.4554,recyclable,"['Ready Food', 'Bar For Salad']",Wallet Savers,Supermarket,5.9 Millions,2.714 Millions,2449.85,470.27,313.55,324.8876,belo horizonte,MG,-19.897675641051563,-43.92073141014801,guaruihos,sp,data: -23.496488565250488,measure: -46.54671310832206,5.0
mc_ID_7560,"Single Female with one child, education: partial college working as manual",€42K+,"Vegetables from Produce department, Ordered Brand : Tri-State",9.6809,measure: 6.7592,recyclable,"['Florist', 'Video Store', 'Ready Food', 'Coffee Bar', 'Bar For Salad']",Big Time Saving,	Deluxe,7.5 Millions,2.85 Millions,1734.5,503.07,335.38,measure: 279.5435,s4lto do ceu,MT,-15.128437776292612,-58.12916901648826,,,,,4.0
mc_ID_7564,"Single Male with four children, education: partial high school working as skilled manual",10 Thousand,"Bread from Baked Goods department, Ordered Brand : Colony",27.4729,24.4204,recyclable,"['Ready Food', 'Bar For Salad']",Mystery Sale,suPErMArKET,4.26 Millions,1.8318 Millions,2265.9,853.22,,444.3931,belo horizonte,MG,-19.902939296150898,-43.988673262709824,campo limpo paulista ,SP,-23.20706431353269,-46.760735214610754,5.0
mc_ID_7566,"Married Female with No children, education: bachelors degree working as professional",30K+,"Canned Sardines from Canned Foods department, Ordered Brand : Better",17.1524,12.7916,non recyclable,"['Coffee Bar', 'Bar For Salad', 'Florist', 'Ready Food', 'Video Store']",Super Duper Savers,Deluxe,€3.1M,1.656 Millions,1527.3,373.1,250.03,data: 266.73,macae,RJ,-22.393295596667784,-41.78899694961882,betim,mG,-19.941877521944868,-44.11327370697121,4.0
mc_ID_7567,"Married Female with three children, education: partial college working as skilled manual",30K+,"Eggs from Eggs department, Ordered Brand : Giant",13.155,10247.80 grams,non recyclable,"['Bar For Salad', 'Ready Food', 'Video Store', 'Florist', 'Coffee Bar']",Big Time Discounts,Deluxe,5.13 Millions,2.5137 Millions,2036.23,481.98,321.26,328.1302,SAO bErnaRdO Do CAmpO,Sp,-23.71933860892157,-46.5517479343586,SAO C4ETANO DO SUL,sp,-23.62105546378897,-46.56510050291419,amount: 4.0
mc_ID_7570,"MaRrIiEd fEmAlE WiTh tWo cHiLdReN, eDuCaTiOn: PaRtIaL HiGh sChOoL WoRkInG As mAnUaL",10 Thousand,"Beer and Wine from Alcoholic Beverages department, Ordered Brand : Top Measure",23.9843,19.6235,recyclable,['Florist'],,Supermarket,€1.8M,0.798 Millions,1320.15,,348.85,427.7617,sao paulu,Sp,amount: -23.54029947071385,-46.66278360519932,CAMPINAS,SP,-22.90081444463038,-46.99864279239999,val: 1.0
mc_ID_7571,"Single Female with one child, education: high school degree working as manual",30K+,"Vegetables from Produce department, Ordered Brand : Tri-State",11.1345,8.2128,recyclable,,Shelf Clearing Days,Supermarket,6.34 Millions,3.17 Millions,1623.48,341.05,228.86,288.8006,alvorada,RS,-30.00478849471316,-51.05249422841804,ibitinga,SP,-21.7664768468313,-48.83154737836604,5.0
mc_ID_7572,"Single Female with four children, education: partial high school working as manual",10K+,"Meat from Deli department, Ordered Brand : Moms",21.3678,-18.3153,recyclable,"['Ready Food', 'Bar For Salad', 'Coffee Bar', 'Florist', 'Video Store']",Shelf Emptiers,gourmet,1.62 Millions,0.7452 Millions,1426.28,465.54,310.88,564.2647,rio de janeiro,RJ,-22.92086016847478,-43.38858678005074,sao paulo,5P,-23.49517247515727,-46.50119464071786,5.0
mc_ID_7573,"Single Female with one child, education: partial High School working as skilled manual",10K+,"Fruit from Produce department, Ordered Brand : Ebony",10.6984,7.7913,non recyclable,,,SUPERMARKET,2.1 Millions,0.945 Millions,2049.72,457.36,304.91,310.662,SAO PAULO,sp,-23.49788624202203,-46.37201669248079,seo paulo, 5P,-23.555682314184303,-46.63309991286275,5.0
mc_ID_7576,"Single Female with one kid, education: graduate degree working as professional",110K+,"Vegetables from Produce department, Ordered Brand : High Top",10.2624,-7.3406,recyclable,"['Video Store', 'Coffee Bar', 'Bar For Salad', 'Ready Food', 'Florist']",Two Day Sale,,7.23 Millions,2.9643 Millions,1424.85,465.54,310.3,588.4796,governador valadares,MG,-18.873519360519715,-41.96920602047174,GUARIBA,SP,-21.36235769739203,-48.232975701561735,5.0
mc_ID_7577,"Single Female with No children, education: partial college working as professional",30K+,"Jams and Jellies from Baking Goods department, Ordered Brand : Super",val: 26.4554,22.0946,non recyclable,"['Florist', 'Coffee Bar', 'Video Store', 'Ready Food', 'Bar For Salad']",Save Price,Gourmet,5.92 Millions,1.8352 Millions,1424.07,465.54,310.3,670.486,campo bum,RS,-29.68100117648876,-51.07531051934418,caxias do sul,R$,-29.17682210847989,data: -51.15690685509721,4.0
mc_ID_7578,"Married Male with two children, education: partial high school working as manual",Income: 10K+,"Breakfast Foods from Breakfast Foods department, Ordered Brand : Johnson",26.6008,23.5482,recyclable,['Florist'],Sale : Double Down,Supermarket,2.4Ms,0.792 Millions,1320.15,523.32,348.85,292.6708,cempinas,SP,-22.933200411915568,-47.04106490766075,SAO PAULO,5P,-23.55684999916328,-46.56941527477062,5.0
mc_ID_7580,"Single Male with three children, education: bachelors degree working as professional",50K+,"Starchy Foods from Starchy Foods department, Ordered Brand : Shady Lake",12.9951,8.6198,non recyclable,['Coffee Bar'],,Supermarket,7.53 Millions,2.4849 Millions,1236.07,440.92,,473.7334,Tubarao,Sk,-28.46951928224586,measure: -48.99324969252177,campo limpo paulista,SP,-23.20706431353269,-46.760735214610754,5.0
mc_ID_7581,"Married Female with four kidren, education: bachelors degree working as professional",70K+,"Eggs from Eggs department, Ordered Brand : Giant",13.155,10.2478,non recyclable,,Budget Bargains,,6.84 Millions,2.394 Millions,2049.72,457.36,306.86,708.665,porto alegre,rS,-30.03215040714993,data: -51.2325516998384,belo horizonte,mg,-19.878513898894187,-43.95694702879617,5.0
mc_ID_7582,"Married Female with five children, education: partial high school working as skilled manual",10K+,"Vegetables from Canned Foods department, Ordered Brand : Just Right",-12.5881,9.6664,recyclable,,Two for One,Mid-Size,$5.22 Millions,2.349 Millions,2819.7,447.7,298.5,646.5849,M4Rituba,pa,-1.3614698897066804,amount: -48.34930091963961,curitiba,Pr,-25.43328294393789,-49.28042347446478,amount: 5.0
mc_ID_7584,"Single Female with four children, education: partial high school working as skilled manual.",10K+,"Snack Foods from Snack Foods department, Ordered Brand : Best Choice",28.7811,24.275,non recyclable,"['Bar For Salad', 'Video Store', 'Ready Food', 'Florist', 'Coffee Bar']",Two Day Sale,Deluxe ,$11.67 Millions,3.9678 Millions,1871.16,,395.95,data: 402.0824,sao paulo,SP_,-23.496403578683147,amount: -46.44510648389983,BeLo hoRiZONTE,MG,-19.878513898894187,-43.95694702879617,missing
mc_ID_7587,"Single Male with No children, education: bachelors degree working as professional",840+ monthly,"Snack Foods from Snack Foods department, Ordered Brand : Fast",15.5534,12.6317,non recyclable,['Florist'],Price Winners,Supermarket,9.6 Millions,4.128 Millions,1320.15,523.32,348.85,data: 640.7273,guaruja,$P,-24.014614278217262,-46.274569798459225,jacarei,SP,-23.29818595956356,-45.974828011182304,3.0
mc_ID_7588,"Single Female with two children, education: high school degree working as skilled manual",30K+,"Packaged Vegetables from Produce department, Ordered Brand : Hermanos",10.117,5.7562,recyclable,,You Save Days,Supermarket,4.34 Millions,1.6926 Millions,1508,227.8,151.9,565.9906,s@o paulo,_$p,-23.45900988018955,data: -46.68595580638013, sao paulo ,5P,amount: -23.539824031911863,-46.434679443937874,5.0
mc_ID_7589,"Single Male with two children, education: bachelors degree working as professional",50K+,"Vegetables from Produce department, Ordered Brand : Tell Tale",19.4781,16.4256,non recyclable,"['Bar For Salad', 'Ready Food', 'Coffee Bar', 'Florist']",Shelf Emptiers,Gourmet,4.95Ms,2.079 Millions,1564.86,385.45,256.97,data: 773.0986,VERA CRUZ,SP,-22.21809435900965,-49.819059875867154,itaquaquecetuba,SP,-23.48262344063541,-46.37448952833195,1.0
mc_ID_7590,"Married Female with four children, education: high school degree working as skilled manual",30K+,"Carbonated Beverages from Beverages department, Ordered Brand : Excellent",19.0421,16.1349,recyclable,"['Bar For Salad', 'Ready Food']",, Supermarket,"10.9 ,000,000illions",4.578 Millions,2265.9,853.22,,measure: 570.8022,carazinho,RS,-28.28944621405989,-52.79412331824494,diadema,SP,val: -23.687830870996216,-46.61065511474994,5.0
mc_ID_7591,"Married Male with No children, education: bachelors degree working as professional",70k,"Kitchen Products from Household department, Ordered Brand : Cormorant",30.9615,27.909,recyclable,,Mystery Sale,SUPERMARKET,8.16Ms,3.0192 Millions,1623.48,343.05,227.33,718.9681,santo andre,SP,amount: -23.61571809769749,-46.53118432278263,sao paulo,5P,-23.540316757429707,-46.63735536871719,5.0
mc_ID_7592,"Married Female with three childern , education: partial college working as clerical",30K+,"Beer and Wine from Alcoholic Beverages department, Ordered Brand : Portsmouth",23.5482,19.1874,recyclable,"['Bar For Salad', 'Ready Food']",,,8.64 Millions,3.2832 Millions,2448.37,470.27,312.32,324.8876,Aracoiaba,Pa,-7.787579863225949,data: -35.092311494352266,osasco,SP,-23.552456794881493,-46.78012559033992,1.0
mc_ID_7593,"Single Female with one child, education: partial high school working as manual",10K+,"Pain Relievers from Health and Hygiene department, Ordered Brand : Bird Call",27.6183,24.7111,recyclable,"['Coffee Bar', 'Video Store', 'Ready Food', 'Florist', 'Bar For Salad']",Sale : Double Down,Gourmet,7.14 Millions,2.5704 Millions,1424.85,465.54,310.3,292.6708,estancia velha,R$,,,Guarulhos,sp,-23.44007914793122,-46.51144923980033,5.0
mc_ID_7594,"Single Female with two children, education: high school degree working as skilled manual",30K+,"Vegetables from Produce department, Ordered Brand : High Top",val: 27.1822,25.7286,recyclable,"['Video Store', 'Bar For Salad', 'Ready Food', 'Coffee Bar', 'Florist']",,,7.48 Millions,3.1416 Millions,1524.35,373.1,248.79,755.9442,corumba,MS,-19.02431121603502,-57.640965655621486,bauru,5p,-22.33137826421038,-49.096775499711526,4.0
mc_ID_7595,"Single Female with No childern, education: partial high school working as manual",10K+,"Snack Foods from Snack Foods department, Ordered Brand : Fast",15.2627,13.8091,recyclable,['Coffee Bar'],Weekend Discount,,6.72 Millions,2.352 Millions,1233.14,440.92,294.24,data: 364.1649,$ao paulo,SP,-23.57666859616828,-46.75063383735358, SAO PAULO,SP_,-23.51674732944774,-46.54818243075192,measure: 5.0
mc_ID_7596,Single Female with four children - education: partial high school working as manual,10000,"Dairy from Dairy department, Ordered Brand : Even Better",11.4979,10.0298,recyclable,"['Florist', 'Video Store', 'Ready Food', 'Coffee Bar', 'Bar For Salad']",,Deluxe,6.24 Millions,1.9968 Millions,,593.93,395.95,608.772,rio de janeiro,RJ,-22.916702672883986,-43.57893967565988,sao jose do rio preto,SP,-20.80243626346376,-49.39562406741489,4.0
mc_ID_7598,"Single Female with two children, education: partial high school working as skilled manual",10K+,"Drinks from Beverages department, Ordered Brand : Excellent",data: 18.606,15.6988,non recyclable,"['Bar For Salad', 'Ready Food']",Coupon Spectacular,Supermarket,"11.92 ,000,000illions",5.96 Millions,2265.9,853.22,,269.1881,SANTOS,sp,-23.962449666397312,-46.31498829170751,santo andre,SP,-23.665703457960586,-46.51808196779969,1.0
mc_ID_7599,"Married Female with five children, education: bachelors degree working as professional",50K+,"Dairy from Dairy department, Ordered Brand : Gorilla",-14.1144,data: 11.2072,recyclable,['Coffee Bar'],Dimes Off,Supermarket,2.72 Millions,1.2512 Millions,1235.87,440.92,293.95,688.1634,saO JOse Do Rio preTo,"sP
",-20.852451581621605,val: -49.41914539705164,Sau Paulo ,SP,measure: -23.54507217346644,-46.68438057799065,5.0
mc_ID_7600,"Married Male with three children, education: bachelors degree working as professional",90K+,"Paper Products from Household department, Ordered Brand : Denny",25001.80 grams,22.0946,recyclable,['Coffee Bar'],Bag Stuffer,Small Grocery,2.89 Millions,1.3005 Millions,2069.04,330.83,222.15,616.7739,sao paulo,SP,-23.538275277540578,-46.67064290481267,sarandi,PR,-23.431481257369107,-51.85490851643521,4.0
mc_ID_7602,"Married Female wiht four children, education: Bachelors degree working as professional",50K+,"Dairy from Dairy department, Ordered Brand : Gorilla",30.8162,val: 29.3626,recyclable,"['Ready Food', 'Bar For Salad', 'Video Store', 'Coffee Bar', 'Florist']",Price Destroyers,	Deluxe,10.64 Millions,3.8304 Millions,,,320.66,777.2826,sao bernardo do campo_,SP,measure: -23.73039812934955,-46.594048579231405,VOTORANTIM,SP,-23.540699932021333,-47.45842622799934,4.0
mc_ID_7603,"Single Female with No children, education: partial high school working as manual",10K+,"Candy from Snacks department, Ordered Brand : Gulf Coast",19.1874,val: 14.6813,non recyclable,,Full Free,,10.29 Millions,4.3218 Millions,,,,660.2352,sao paulO,SP,-23.4823915320561,-46.64281243352188,Curitiba,PR,amount: -25.46921399278664,measure: -49.29393514695028,5.0
mc_ID_7604,Married Female with four children; education: high school degree working as professional,150K+,"Meat from Deli department, Ordered Brand : Lake",28.1997,23693.60 grams,recyclable,,Two for One,Supermarket,15.68 Millions,6.5856 Millions,2052.4,457.36,304.91,300.8296,votuporanga,SP,-20.405604560394835,-49.99195266803888,çongonhal,MG,-22.15937587770692,-46.04402732344177,5.0
mc_ID_7606,"Single Female with No children, education: bachelors degree working as management",50K+,"Fruit from Produce department, Ordered Brand : Ebony",11.12,8.2128,recyclable,"['Bar For Salad', 'Ready Food']",Big Time Discounts,SUPERMARKET,5.73 Millions,2.5785 Millions,2448.37,470.27,,amount: 501.9754,tres lagoas,MS,-20.09482147183894,-51.09659273946854,cuiaba, MT ,-15.60297857178555,-56.10296014321507,3.0
mc_ID_7607,"Single Female with four children, education: partial high school working as skilled manual",10000,"Baking Goods from Baking Goods department, Ordered Brand : BBB Best",20.7864,17.8792,recyclable,"['Video Store', 'Bar For Salad', 'Florist', 'Coffee Bar', 'Ready Food']",Super Duper Savers,Deluxe,7.12 Millions,3.4888 Millions,1525.28,373.1,247.17,266.73,aNGRA dOS rEis,RJ_,amount: -22.974517828715573,-44.44355450504452,atibaia,SP,-23.112774381969185,-46.5488845105504,5.0
mc_ID_7608,"Married Male with two children, education: high school degree working as manual",30 Thousand,"Jams and Jellies from Baking Goods department, Ordered Brand : Plato",9.3321,4.9713,non recyclable,['Florist'],Price Winners,Supermarket,5.96Ms,2.8608 Millions,,523.32,348.58,640.7273,CORNELIO PROCOPIO,PR,-23.179392166202167,-50.63492242974283,rio grande,rs,-32.0795133795473,-52.15767795961282,4.0
mc_ID_7611,"Single Male with one child, education: bachelors degree working as professional",110K+,"Paper Products from Household department, Ordered Brand : Sunset",14.8266,10.4513,non recyclable,['Florist'],Weekend Discount,,2.86 Millions,0.858 Millions,1319.95,523.32,349.02,279.1251,Teixeira De Freitas,BA,val: -17.561900518882013,-39.74438214149063,sao jose do rio preto,$P,measure: -20.8186365094994,-49.36992583875571,5.0
mc_ID_7612,Married Female with five children and education: high school degree working as manual,30K+,"Baking Goods from Baking Goods department, Ordered Brand : Super",24.4204,21.3678,recyclable,"['Bar For Salad', 'Video Store', 'Ready Food', 'Coffee Bar', 'Florist']",Shelf Clearing Days,Deluxa,8.82 Millions,3.528 Millions,,593.93,395.95,516.7763,guarulhos,SP,data: -23.46000272745108,-46.49469066847478,_curitiba,PR,val: -25.44145496502972,-49.31273063488947,5.0
mc_ID_7615,"Single Male with four children, education: bachelors degree working as professional",130 Thousand,"Bread from Baked Goods department, Ordered Brand : Fantastic",11.5415,7.1807,recyclable,"['Bar For Salad', 'Coffee Bar', 'Video Store', 'Ready Food', 'Florist']",,_gourmet,3.0 Millions,1.08 Millions,1424.85,465.54,310.3,val: 360.0332,brusque,SC,amount: -27.14437151542649,-48.89989759099819,SANTOS,Sp,-23.96112504302036,-46.32316061267247,5.0
mc_ID_7616,"Married Female with four children, education: partial high school working as manual",Income: 30K+,"Carbonated Beverages from Beverages department, Ordered Brand : Fabulous",17.8792,-13.5184,non recyclable,"['Coffee Bar', 'Ready Food', 'Bar For Salad', 'Video Store', 'Florist']",Sale Winners,Deluxe,"6.84 ,000,000illions",2.3256 Millions,1871.16,593.93,395.95,519.7574,sao paulo,SP,val: -23.530243903687488,-46.65091042186511,sao paulo,sp,-23.59798552039933,-46.55547278711988,2.0
mc_ID_7617,"Married Female with three children, education: bachelors degree working as management",600+ monthly,"Pure Juice Beverages from Beverages department, Ordered Brand : Skinner",11.44 kg,8.5181,recyclable,,,Supermarket,7.76 Millions,3.7248 Millions,1623.48,341.05,228.96,288.8006,	santa barbara d'oeste, SP ,-22.74909427716957,val: -47.42443670394211,guarulhos,_SP,-23.453200132516344,amount: -46.484469408993874,5.0 stars
mc_ID_7618,"Single Male with one child, education: partial college working as clerical",30K+,"Fruit from Produce department, Ordered Brand : Ebony",11.7886,10.3205,non recyclable,"['Coffee Bar', 'Video Store', 'Bar For Salad', 'Florist', 'Ready Food']",Save Price, Deluxe ,7.35 Millions,2.352 Millions,2038.11,481.98,321.26,284.3028,Uruguaiana,RS,measure: -29.76565129507203,-57.05383477839022,Limeir@,sP,-22.57487785152052,-47.416177053147926,5.0
mc_ID_7619,"MARRIED MALE WITH ONE CHILD, EDUCATION: BACHELORS DEGREE WORKING AS PROFESSIONAL",150K+,"Fruit from Canned Products department, Ordered Brand : Green Ribbon",25.4379,22.5307,recyclable,"['Florist', 'Video Store', 'Coffee Bar', 'Bar For Salad', 'Ready Food']",Bag Stuffer,Deluxe,9.33 Millions,3.732 Millions,1734.5,503.07,335.38,662.2226,Marechal Çandido Rondon,PR,measure: -24.549059297396184,-54.05157641917936,ibitinga,sP,-21.7664768468313,-48.83154737836604,5.0
mc_ID_7622,"Married Male with two children, education: partial high school working as manual",10K+,"Fruit from Produce department, Ordered Brand : High Top",17.1524,val: 12.7916,non recyclable,"['Bar For Salad', 'Coffee Bar', 'Florist', 'Video Store', 'Ready Food']",Super Savers,DELUXE,$4.47 Millions,1.4751 Millions,1523.5,--,248.79,755.9442,belo horizonte,MG,-19.95954610294896,-43.93549305303234,rio de janeiro,rj,-22.93125598447676,-43.17881321481337,4.0
mc_ID_7623,"Single Male with four children, education: partial high school working as skilled manual",120+ monthly,"Canned Soup from Canned Foods department, Ordered Brand : Pleasant",24.5657,21.5132,recyclable,"['Ready Food', 'Florist', 'Bar For Salad', 'Coffee Bar']",Save Price,Deluxe,5.72Ms,2.4596 Millions,,654.13,436.09,584.191,saO PAULo,SP,amount: -23.60663166028048,-46.66806552178432,TrES cOrAcoeS,MG,-21.69216794221008,-45.25804903964345,5.0
mc_ID_7624,"Single Female with four children, education: bachelors degree working as professional",50K+,"Bathroom Products from Health and Hygiene department, Ordered Brand : Steady",val: 16.4256,-13.5184,non recyclable,"['Bar For Salad', 'Ready Food']",,Supermarket,7.05 Millions,2.82 Millions,2448.37,470.27,313.55,656.2604,mogi das cruzes,SP,-23.556059201998668,,sao jose,sC,-27.562633674958704,-48.63782800645296,5.0
mc_ID_7625,"Single Female with three children, education: partial high school working as skilled manual",10K+,"Snack Foods from Snack Foods department, Ordered Brand : Nationeel",16.571,14.972,non recyclable,,Saving Days,Supermarket,6.36Ms,3.1164 Millions,1508,227.8,151.9,619.0228,araxa,MG,-19.571173048293257,-46.940679726851926,limeira,SP,-22.56835042131686,amount: -47.44743947974489,4.0
mc_ID_7626,"MaRrIeD_MaLe_w/_OnE_ChIlD,_eDuCaTiOn:_GrAdUaTe_dEgReE_WoRkInG_As_pRoFeSsIoNaL",€59K+,"Snack Foods from Snack Foods department, Ordered Brand : Horatio",26.0193,22.9668,recyclable,"['Ready Food', 'Bar For Salad', 'Video Store', 'Coffee Bar', 'Florist']",Sale : Double Down,Gourmet,8.8 Millions,3.52 Millions,1421.89,465.54,310.3,,ribeirao preto,SP,-21.1774515925616,-47.79583295337295,Santa Terezinha De Goias,GO,,-49.70519241955994,2.0
mc_ID_7628,"Single Male with one child, education: partial college working as manual",50000,"Frozen Entrees from Frozen Foods department, Ordered Brand : Big Time",22.8214,21.2225,recyclable,['Coffee Bar'],TBD,SmallGrocery,$4.4 Millions,1.804 Millions,1423.37,398.93,265.98,363.0666,uBAtUba,SP,measure: -23.43162669109582,-45.07722870122336,seo paulo,SP,-23.53689213711117,-46.71311138051819,4.0
mc_ID_7630,"Single Male with No children, education: partial high school working as manual",10K or more,"Fruit from Produce department, Ordered Brand : Tri-State",26.1647,23.2575,recyclable,"['Video Store', 'Ready Food', 'Florist', 'Bar For Salad', 'Coffee Bar']",Lottery Cash Registerion,DeluXE,$7.71 Millions,2.6214 Millions,1737.28,,336.97,313.0678,sapiranga,RS,-29.645176899762305,-51.02025736303104,,,,,1.0
mc_ID_7631,"Single Male with three children, education: partial high school working as manual",€8K+,"Snack Foods from Snack Foods department, Ordered Brand : Fort West",16.2802,13.3585,recyclable,"['Coffee Bar', 'Florist', 'Ready Food', 'Video Store', 'Bar For Salad']",Big Time Saving,dELUxE,1.32 Millions,0.4224 Millions,1871.16,595.93,,676.6574,BELO HORIZONTE,MG,-19.938406212043407,-43.93702206884405,ibitinga ,5P,-21.7664768468313,-48.83154737836604,3.0
mc_ID_7632,"Single Female with No children, education: bachelors degree working as professional",50K+,"Carbonated Beverages from Beverages department, Ordered Brand : Washington",-15.4081,13.9545,recyclable,,Go For It,Supermarket,€6.2M,2.8392 Millions,2050.76,457.36,304.91,525.8765, capao da canoa ,rS_,-29.750130537873627,-50.02052715523322,cascevel,PR,-24.966371460470743,-53.46488320191585,4.0
mc_ID_7633,"SiNgLe fEmAlE WiTh tHrEe kIdS, eDuCaTiOn: PaRtIaL CoLlEgE WoRkInG As cLeRiCaL",30K+,"Bread from Baked Goods department, Ordered Brand : Modell",31.8337,28.7811,recyclable,"['Ready Food', 'Bar For Salad']",Shelf Clearing Days,Supermerket,7.8 Millions,2.34 Millions,2265.9,853.22,567.61,554.903,niteroi,RJ,-22.896755634456788,-43.09981143435861,presidente prudante,SP,-22.13392715785725,-51.36875322173029,5.0
mc_ID_7634,"Married Female with four children, education: high school degree working as management",1800+ monthly,"Bread from Baked Goods department, Ordered Brand : Modell",22.24,20.7864,non recyclable,,,Supermarket,"4.95 ,000,000illions",2.277 Millions,1507.01,227.8,151.9,613.4267,limeira,SP,-22.541719708891844,-47.427681190013296,Guariba,$P,-21.36235769739203,-48.232975701561735,5.0
mc_ID_7636,"Single Female with No children, education: bachelors degree working as professional",50K+ annually,"Snack Foods from Snack Foods department, Ordered Brand : Fast",26.7461,22.24,non recyclable,"['Coffee Bar', 'Bar For Salad', 'Ready Food', 'Florist']",Shelf Emptiers,Gourmet,4.08 Millions,1.3872 Millions,1564.86,385.45,256.97,773.0986,brasilia,DF,-15.814491028077605,-48.08785351403879,Sa0 Luis,MA,-2.546079233971952,-44.3089863702464,4.0
mc_ID_7637,"Single Female with three children, education: partial high school working as manual",360+ monthly,"Eggs from Eggs department, Ordered Brand : Urban",20.4957,17.5885,non recyclable,['Coffee Bar'],Big Time Saving,Small Grocery,1.79 Millions,0.5549 Millions,1423.37,398.93,264.58,631.1041,Santa Maria,RS,-29.689198816146927,-53.8064289212743,curitIbA,PR,-25.4727349417162,-49.30563836747645,5.0
mc_ID_7640,"Married Female with three children , education: partial high school working as skilled manual",10 Thousand,"Electrical from Household department, Ordered Brand : Cormorant",30.5255,29.0719,non recyclable,"['Ready Food', 'Bar For Salad']",Save It (Sale),Supermarket,1.77 Millions,0.6549 Millions,2266.35,853.22,570.46,339.1132,campos novos,SC,-27.40306200418821,-51.22967409631809,sao paulo,SP,-23.59798552039933,-46.55547278711988,1.0
mc_ID_7641,"Married Female with one child, education: partial high school working as skilled manual",€8K+,"Paper Products from Household department, Ordered Brand : High Quality",28.9265,25.874,non recyclable,"['Coffee Bar', 'Bar For Salad', 'Florist', 'Ready Food']",Weekend Discount,,"14.72 ,000,000illions",7.2128 Millions,,385.45,256.97,amount: 470.177,juazeiro,BA,-9.452400905207126,-40.514550974327136,sao paulo,SP,-23.693985995008337,-46.70188324132953,1.0
mc_ID_7643,"Single Male with No kids, education: partial high school working as manual",$10K+,"Vegetables from Frozen Foods department, Ordered Brand : Carrington",31.6883,data: 28.6358,recyclable,"['Video Store', 'Ready Food', 'Coffee Bar', 'Bar For Salad', 'Florist']",One Day Sale,Deluxe,$10.84 Millions,3.5772 Millions,1871.16,593.93,396.37,360.3993,rio  de  janeiro,RJ,-22.931508341392973,-43.18179399042069,_SAO JOSE DO RIO PRETO,$P,-20.80243626346376,-49.39562406741489,5.0
mc_ID_7645,"Married_Female_with_three_children,_education:_High_School_degree_working_as_manual",10K+,"Bathroom Products from Health and Hygiene department, Ordered Brand : Faux Products",29.2172,27.7636,non recyclable,,Weekend Discount,Supermarket,"6.84 ,000,000illions",2.394 Millions,1509.02,227.8,152.75,val: 735.1811,serra,ES,-20.21372452070291,-40.268236780212206,serra negra,$P,-22.596440207291085,-46.71196868822353,5.0
mc_ID_7646,"Single Male with four children, education: partial high school working as management",90K+,"Beer and Wine from Alcoholic Beverages department, Ordered Brand : Top Measure",25.1472,23.5482,recyclable,"['Florist', 'Video Store', 'Coffee Bar', 'Bar For Salad', 'Ready Food']",,Gourmet,3.24 Millions,1.3608 Millions,1424.85,,310.3,£364.80,ituiutaba,	Mg,-18.95211041971708,-49.45749467634344,mogi das cruzes,SP,-23.516913648399584,-46.10417245526518,5.0
mc_ID_7647,"Married_Female_with_five_kids,_education:_bachelors_degree_working_as_professional",Income: 70K+,"Breakfast Foods from Frozen Foods department, Ordered Brand : Carrington",11.1054,8.1837,non recyclable,['Coffee Bar'],Weekend Discount,Small Grocery,1.14 Millions,0.4788 Millions,1426.25,398.93,266.23,278.3929,Campinas,SP,-22.92841942957608,-47.03706900304376,guarulhos,SP,-23.46530411469876,-46.51148732089968,5.0
mc_ID_7648,"Married  Female  with  one  child,  education:  high  school  degree  working  as  professional",130K+,"Cold Remedies from Health and Hygiene department, Ordered Brand : Faux Products",13.7946,-1.0,recyclable,['Coffee Bar'],Double Your Savings,SUPERMARKET,4.65 Millions,2.325 Millions,1236.07,440.92,,493.8689,sao pauIo,SP,-23.51661167998731,measure: -46.59476458159733,Mococa,SP,-21.46569907614626,-47.00475479474461,5.0
mc_ID_7650,"Married Female with three children, education: partial high school working as skilled manual",10000,"Plastic Products from Household department, Ordered Brand : Red Wing",29.2172,26.31,non recyclable,,Price Winners,Supermarket,10.36 Millions,4.9728 Millions,1623.48,341.05,227.33,measure: 586.7537,sanTO aNdre,SP,-23.651624713572616,-46.548151575076446,bOrDa DA mATA,"MG
",-22.264093569966427,-46.15856420525942,1.0
mc_ID_7652,"Single Male with No children, education: bachelors degree working as professional",70K+,"Canned Oysters from Canned Foods department, Ordered Brand : Bravo",28.7811,27.1822,non recyclable,"['Ready Food', 'Florist', 'Video Store', 'Bar For Salad', 'Coffee Bar']",Price Slashers,,"4.24 ,000,000illions",1.3144 Millions,1734.5,503.07,,282.9953,piracicaba,SP,-22.735810383836405,-47.53812019649149, campo limpo paulista ,5P,-23.20706431353269,-46.760735214610754,4.0
mc_ID_7653,"Married Male with three children, education: high school degree working as skilled manual",30K+,"Magazines from Periodicals department, Ordered Brand : Gauss",measure: 23.4028,21.9493,recyclable,['Florist'],Saving Days,Supermarket,€7.1M,3.336 Millions,,525.32,348.85,435.4498,Sao Paulo,SP,-23.63539120245054,-46.69683581334274, MINEIROS DO TIETE,SP,-22.40983742501461,-48.45042421567509,measure: 5.0
mc_ID_7654,"Single Male with No kids, education: high school degree working as manual",30K or more,"Baking Goods from Baking Goods department, Ordered Brand : BBB Best",data: 23.4028,20.4957,non recyclable,,Super Wallet Savers,supermarket,"2.7 ,000,000illions",1.269 Millions,1505.74,227.8,149.9,733.1937,cuiaba,Mt,-15.610560168573553,-56.09593096965,itAQuAQuecETuba,5P,-23.48262344063541,-46.37448952833195,1.0
mc_ID_7655,"Married Male with No kidren, education: high school degree working as professional",90K+,"Vegetables from Produce department, Ordered Brand : Tri-State",23.4028,21.9493,non recyclable,['Florist'],Shelf Emptiers,suPERMaRkET,5.13Ms,2.3598 Millions,1320.15,523.32,349.83,564.2647,Resende Costa,MG,-20.930198743267827,-44.23231424670052,SAO JOSE DO RIO PRETO,sp,data: -20.80243626346376,-49.39562406741489,amount: 3.0
mc_ID_7657,"Married Female with one child, education: graduate degree working as professional",Income: 70K+,"Snack Foods from Snack Foods department, Ordered Brand : Fast",28054.30 grams,26.4554,recyclable,,Full Free,Supermarket,11.52 Millions,4.8384 Millions,,229.8,151.9,measure: 272.2738,florianopolis,SC,-27.59186031447276,-48.54902548765073,scao jose do rio pardo,SP,data: -21.592175195884263,-46.89389599036144,4.0
mc_ID_7662,"Married Female with No children, education: high school degree working as manual",30K+,"Snack Foods from Snack Foods department, Ordered Brand : Nationeel",27.4729,24.4204,recyclable,,One Day Sale,SUPERMARKET,9.6 Millions,4.608 Millions,2049.72,457.36,304.07,486.7561,muriae,MG,-21.134822699694155,-42.36197237093891,sao paulo,SP,-23.554079433810344,-46.53324185942636,100%
mc_ID_7664,"Single Female with four children, education: partial college working as professional",50K+,"Side Dishes from Deli department, Ordered Brand : Lake",19.6235,16.7163,non recyclable,"['Florist', 'Video Store', 'Coffee Bar', 'Bar For Salad', 'Ready Food']",Bag Stuffer,_Deluxe,13.24 Millions,5.8256 Millions,1734.5,503.07,335.8,432.1026,campinas,SP,-22.931095563908823,measure: -47.05470585586861, saLTU ,SP,-23.20591698084141,-47.307845865803,5.0
mc_ID_7666,"Single Male with one child, education: partial high school working as manual",10k,"Starchy Foods from Starchy Foods department, Ordered Brand : Colossal",12.5009,9.5937,non recyclable,,,suparmarket,7.68 Millions,2.5344 Millions,2049.72,457.36,,339.8977,jundiai,SP,measure: -23.179889672043977,val: -46.928510109318665,ibitinga,SP,Not Available,amount: -48.83154737836604,amount: 1.0
mc_ID_7668,"Single Male with four children, education: partial high school working as skilled manual",10K+,"Vegetables from Produce department, Ordered Brand : Ebony",27.1822,-24.275,recyclable,['Florist'],Save It (Sale),Supermarket,2.44 Millions,1.1224 Millions,1320.15,523.32,348.85,$427.76,secramento,Mg,-19.866903334981423,-47.44051696090157,"san7o andre
",$P,measure: -23.70007597807146,--,measure: 1.0
mc_ID_7669,"Married Female with No children, education: high school degree working as manual",30K+,"Beer and Wine from Alcoholic Beverages department, Ordered Brand : Pearl",14.972,data: 12.0648,non recyclable,"['Video Store', 'Ready Food', 'Coffee Bar', 'Florist', 'Bar For Salad']",Price Smashers,Deluxe,5.58 Millions,2.1204 Millions,,373.1,249.79,499.2035,juiz de fora,MG,-21.790687704137564,-43.35245517499566,CaSCAVEl,PR,-24.961400882504734,measure: -53.45816618100577,1.0
mc_ID_7670,"MARRIIED_MALE_WITH_THREE_CHILDREN,_EDUCATION:_PARTIAL_HIGH_SCHOOL_WORKING_AS_MANUAL",10000,"Canned Soup from Canned Foods department, Ordered Brand : Bravo",9.3175,7.8494,non recyclable,"['Coffee Bar', 'Ready Food', 'Bar For Salad', 'Florist', 'Video Store']",Save It (Sale),,16.6 Millions,6.64 Millions,1525.28,373.1,248.79,393.4006,sao paulo,$P,-23.551840037191976,measure: -46.65455309547579,	Piracicaba,SP,-22.75010052735289,-47.6459038030758,val: 5.0
mc_ID_7672,"Married Female with four children, education: partial High School working as skilled manual",10K+,"Bread from Baked Goods department, Ordered Brand : Fantastic",11.5415,7180.70 grams,recyclable,,Save It (Sale),,4.5 Millions,1.755 Millions,2049.72,457.36,304.91,467.4051,piracicaba,sp,-22.72880404359728,-47.63173831975289,sao paulo,sp,-23.606332072162274,-46.488808985429046,val: 1.0
mc_ID_7674,"Married Male with three children, education: bachelors degree working as professional",50K+,"Vegetables from Produce department, Ordered Brand : Tri-State",17.2978,14.376,recyclable,"['Ready Food', 'Florist', 'Bar For Salad', 'Coffee Bar']",Weekend Discount,gourmet,"5.86 ,000,000illions",2.93 Millions,1564.86,385.45,256.97,R$2585.97,sao paulo,_SP,-23.73212028656901,-46.699791939017445,ribeirao preto,SP,-21.174925033585303,-47.7686162776848,measure: 3.0
mc_ID_7675,"Married Female with three children, education: partial high school working as skilled manual",10000,"Breakfast Foods from Frozen Foods department, Ordered Brand : PigTail",21.3678,18.3153,non recyclable,['Coffee Bar'],Weekend Discount,,1.53 Millions,0.4743 Millions,1236.07,440.92,295.24,364.1649,congonhas,MG,-20.50410692238407,-43.858586415220174,rio de jan3iro,_RJ,-22.93781597002137,-43.17619884430715,4.0
mc_ID_7676,"Married Female with three childern, education: high school degree working as skilled manual",€25K+,"Jams and Jellies from Baking Goods department, Ordered Brand : Landslide",14.8266,data: 11.9049,recyclable,"['Video Store', 'Coffee Bar', 'Bar For Salad', 'Florist', 'Ready Food']",One Day Sale,Deluxe,3.4 Millions,1.054 Millions,2038.11,481.98,321.26,767.3456,belo horizoñte,Mg,-19.941422270327216,measure: -43.932338543308816,curitiba,PR,-25.401775500000003,-49.22824049999999,5.0
mc_ID_7677,"Married Male with three children, education: bachelors degree working as management",70000,"Vegetables from Frozen Foods department, Ordered Brand : Big Time",20.641,17.5885,recyclable,"['Coffee Bar', 'Bar For Salad', 'Florist', 'Ready Food']",Super Savers,_Deluxe,13.6 Millions,5.168 Millions,2055.29,654.13,436.09,373.9973,sao p4ulo,sp,measure: -23.632892237261945,-46.66113040804333,carmo da mata,MG,-20.560695251372668,-44.86750449963131,1.0
mc_ID_7678,"Single Male with one kid, education: graduate degree working as management",90K or more,"Fruit from Produce department, Ordered Brand : Tell Tale",30.3801,27.3275,recyclable,,Super Wallet Savers,Supermarket,7.6Ms,3.572 Millions,1508,227.8,,733.1937,SAO paUlo,SP,-23.59936558006812,-46.64609756924807,rio de janeiro,RJ,-22.93781597002137,data: -43.17619884430715,val: 4.0
mc_ID_7679,"Single Male with two children, education: partial high school working as manual",30K+,"Vegetables from Produce department, Ordered Brand : Hermanos",27.1822,22.8214,recyclable,"['Bar For Salad', 'Video Store', 'Coffee Bar', 'Ready Food', 'Florist']",Super Savers,De1uxe,13.44Ms,6.048 Millions,1525.28,373.1,248.79,755.9442,bras1lia,Df,measure: -15.840667480274698,-48.051942900348365,sao luis,Ma,-2.546079233971952,-44.3089863702464,5.0
mc_ID_7680,"Single Female with three children, education: bachelors degree working as professional",10K+,"Candy from Snacks department, Ordered Brand : Thresher",16.1349,val: 11.7741,non recyclable,['Coffee Bar'],Price Slashers,"Supermarket
",10.95 Millions,3.6135 Millions,,440.92,293.27,525.3012,Rio Brilhante,Ms,-21.784207571148777,-54.52942519947917,jacutlnga,MG,Data Missing,-46.613499420805184,5.0
mc_ID_7681,"Married Male with four children, education: high school degree working as professional",90K+,"Fruit from Produce department, Ordered Brand : Tri-State",13.9836,11.0618,non recyclable,,Price Winners,Supermarket,4.26 Millions,2.0448 Millions,1623.48,341.05,227.14,543.397,SANTO ANTONIO DA POSSE,SP,-22.607003040200272,val: -46.91414970477579,SAO PAUIO,	SP,-23.554079433810344,-46.53324185942636,val: 5.0
mc_ID_7685,"Single Female with No children, education: bachelors degree working as professional",50K+,"Snack Foods from Snack Foods department, Ordered Brand : Fast",30.3801,27.3275,recyclable,,Sales Days,,€3.2M,1.674 Millions,2049.72,457.36,,610.5502,sao paulo,Sp,-23.61573639078998,-46.6637504454671,curitiba,PR,val: -25.401775500000003,-49.22824049999999,4.0
mc_ID_7687,"Married Male with two children, education: bachelors degree working as professional",30K+,"Pure Juice Beverages from Beverages department, Ordered Brand : Token",28.6358,25.7286,recyclable,"['Ready Food', 'Bar For Salad', 'Florist', 'Coffee Bar']",Bag Stuffer,DELUXE,2.34 Millions,1.0998 Millions,2054,654.13,434.6,367.7736,loNDrinA,PR,val: -23.33472238190318,-51.14522312378098,atibaia,Sp,-23.118714,-46.537147034380986,4.0
mc_ID_7688,"Single Female with five children, education: high school degree working as skilled manual",10K+,"Bread from Baked Goods department, Ordered Brand : Fantastic",19.6235,measure: 16.7163,recyclable,,,,8.97 Millions,4.3953 Millions,2085.67,783.64,522.49,739.4697,_sao paulo,Sp,-23.604413427145243,-46.74862600833853,sao paulo,5p,-23.539494799586286,-46.63284391414975,3.0
mc_ID_7690,"Married Female with three children, education: high school degree working as manual",360+ monthly,"Fruit from Produce department, Ordered Brand : Tri-State",-22.0946,19.0421,non recyclable,"['Video Store', 'Coffee Bar', 'Bar For Salad', 'Ready Food', 'Florist']",I Cant Believe It Sale,Deluxe,8.85 Millions,4.248 Millions,1525.28,,248.79,535.9181,rio de janeiro,rj,-22.923409610046747,-43.20650332223439,praia grande,SP,-24.011288218359883,-46.41873374429398,5.0
mc_ID_7691,"Married Male with five children, education: HS degree working as professional",$90K+,"Fruit from Produce department, Ordered Brand : Tell Tale",20.2049,17.1524,recyclable,['Coffee Bar'],Weekend Discount,Supermarket,11.37 Millions,5.4576 Millions,1234.68,440.92,293.95,698.728,sao luis,MA,-2.5545282652192807,-44.21309341470791,sao paulo,_SP,-23.50869470774424,-46.48672956633388,amount: 4.0
mc_ID_7692,"Single Female with four kids, education: partial HS working as professional",1320+ monthly,"Snack Foods from Snack Foods department, Ordered Brand : Nationeel",-27.4729,24.4204,recyclable,"['Coffee Bar', 'Ready Food', 'Bar For Salad', 'Florist']",Save It (Sale),deluxe,6.4 Millions,2.24 Millions,2055.29,654.13,436.09,val: 728.9051,	sao paulo,SP,-23.64684593421437,-46.6660547231519,itatiba,$P,-22.988874545477703,-46.84197558882967,4.0
mc_ID_7695,"Single Female with three children, education: graduate degree working as professional",70K+,"Electrical from Household department, Ordered Brand : Denny",29.0719,-26.1647,recyclable,"['Bar For Salad', 'Video Store', 'Coffee Bar', 'Ready Food', 'Florist']",Price Destroyers,Deluxe,"7.68 ,000,000illions",3.84 Millions,2038.11,481.98,321.26,777.2826,niteroi,RJ,-22.90581654870452,-43.106988856771984,sao bernardo do campo,Sp,-23.71933860892157,-46.5517479343586,5.0
mc_ID_7696,"Married Female with four children, education: partial High School working as skilled manual",10K+,"Dairy from Dairy department, Ordered Brand : Booker",19.0421,-16.1349,non recyclable,,Super Savers,,9.88 Millions,3.5568 Millions,,457.36,304.91,339.8977,porto aIegre,RS,-30.028941461278805,-51.18007165696225,s@o paulo,5p,-23.59798552039933,-46.55547278711988,1.0
mc_ID_7698,"Married Female with two childran, education: Bachelors degree working as professional",840+ monthly,"Hardware from Household department, Ordered Brand : Red Wing",13.7655,12.3119,recyclable,"['Video Store', 'Coffee Bar', 'Florist', 'Bar For Salad', 'Ready Food']",Sale Winners,Deluxe_,2.46Ms,0.7872 Millions,1871.16,593.93,395.95,519.7574,_sao jose,5C,-27.61752312265431,-48.62818614385562,SAO PAULO,SP,val: -23.4719444074384,-46.59864459256161,2.0
mc_ID_7700,"Single Female with five children, education: partial high school working as professional",90K+,"Dairy from Dairy department, Ordered Brand : Booker",val: 26.6008,23.5482,non recyclable,"['Ready Food', 'Bar For Salad', 'Florist', 'Video Store', 'Coffee Bar']",Price Cutters,GouRMEt,10.32Ms,3.7152 Millions,1424.85,465.54,,675.716,campinas,Sp,-22.905552142939563,-47.04944755176294,sao paulo,SP,-23.60143752899768,-46.644092916180966,5.0
mc_ID_7702,Married Male with four children and education: high school degree working as skilled manual,50K+,"Canned Tuna from Canned Foods department, Ordered Brand : Just Right",10.8002,7.8785,non recyclable,"['Coffee Bar', 'Florist', 'Bar For Salad', 'Ready Food', 'Video Store']",Super Duper Savers,,$5.28 Millions,2.0592 Millions,1525.28,373.1,247.87,318.3501,guarulhos,SP,-23.46957611878932,-46.53809007799066,"ibitinga
",$p,-21.7664768468313,-48.83154737836604,5.0
mc_ID_7703,"Married  Male  with  four  children,  education:  high  school  degree  working  as  management",70K+,"Meat from Deli department, Ordered Brand : Moms",26.1647,24.7111,non recyclable,,Big Time Discounts,Supermarket,"8.4 ,000,000illions",2.772 Millions,1508,227.8,151.9,574.9339,JAPERL,RJ,-22.64793979925404,-43.65475805500689,assls,SP,-22.6796532539352,-50.44287891853987,data: 4.0
mc_ID_7706,"Single Male with two children, education: bachelors degree working as professional",50K+,"Meat from Frozen Foods department, Ordered Brand : PigTail",data: 18.1699,15.2627,recyclable,"['Bar For Salad', 'Coffee Bar', 'Florist', 'Ready Food']",Promo Big,Deluxe,"3.02 ,000,000illions",1.359 Millions,2057.47,654.13,436.41,267.3576,indaiatuba,SP,-23.09232014212125,-47.19741214338984,cURITiba,PR,amount: -25.46921399278664,-49.29393514695028,5.0
mc_ID_7707,"Married Female with one child, education: bachelors degree working as management",130k,"Canned Oysters from Canned Foods department, Ordered Brand : Bravo",28.7811,27.1822,non recyclable,['Coffee Bar'],Double Your Savings,Small 	Grocery,€1.8M,0.7844 Millions,2069.04,330.83,220.95,638.8968,porto alegre,RS,-30.04023920511851,-51.16414789716661,SAO PAULO,SP,-23.611654194010004,-46.63258761587511,val: 3.0
mc_ID_7708,"Married Male with No children, education: bachelors degree working as management",50K+,"Fruit from Produce department, Ordered Brand : Hermanos",902.42 oz,val: 24.1296,recyclable,"['Florist', 'Bar For Salad', 'Ready Food', 'Coffee Bar']",Dollar Days,Deluxe,12.44 Millions,5.4736 Millions,2055.29,654.13,435.43,725.9763,claudio,MG,-20.43773362250285,-44.75914024487753, jaboticabal,_SP,-21.250592999999995,val: -48.31762049999999,data: 5.0
mc_ID_7709,"Single Male with three children, education: high school degree working as manual",30K+,"Snack Foods from Snack Foods department, Ordered Brand : Best Choice",data: 23.2575,20.3503,recyclable,"['Ready Food', 'Coffee Bar', 'Florist', 'Bar For Salad']",Saving Days,Gourmet,1.36Ms,0.476 Millions,1565.04,385.45,258.38,474.0995,sao paulo,"Sp
",-23.69081489425242,-46.70642512406944,IBITINGA,SP,-21.7664768468313,-48.83154737836604,5.0 stars
mc_ID_7712,"Single Male with two children, education: bachelors degree working as professional",50000,"Bathroom Products from Health and Hygiene department, Ordered Brand : Bird Call",22.24,20.7864,recyclable,['Florist'],You Save Days,Supermarket,€7.5M,4.3071 Millions,1320.15,523.32,348.85,amount: 689.3663,sao paulo,5P,-23.45543839716661,-46.74349258148175,s@o paulo,SP,-23.58452319555432,-46.51460627909786,5.0
mc_ID_7713,"Single Male with one child, education: partial high school working as manual",10K+,"Snack Foods from Snack Foods department, Ordered Brand : Nationeel",-999.0,val: 10.7421,recyclable,['Florist'],,supermarket,"7.4 ,000,000illions",3.7 Millions,1320.15,523.32,348.85,748.0992,NATA1,"rN
",-5.760520566141271,-35.27974187776145,sao jose do rio preto,SP,-20.80243626346376,-49.39562406741489,5.0
mc_ID_7714,"Married Male with two children , education: partial high school working as skilled manual",10K+,"Vegetables from Produce department, Ordered Brand : Ebony",10.8729,6.5121,non recyclable,"['Coffee Bar', 'Video Store', 'Florist', 'Ready Food', 'Bar For Salad']",Bag Stuffer,_Daluxe,6.63 Millions,2.1216 Millions,,503.07,335.38,662.2226,contag3m,MG,-19.931008601177325,-44.08770705040729,Sete Lagoas,MG,-19.46361254830593,-44.24441403023008,10.0/10
mc_ID_7715,"SiNgLe fEmAlE WiTh tHrEe cHiLdReN, eDuCaTiOn: PaRtIaL HiGh sChOoL WoRkInG As pRoFeSsIoNaL",90K+,"Vegetables from Produce department, Ordered Brand : Ebony",31.1069,28.0543,non recyclable,,Weekend Discount,supermarket,14.04 Millions,6.1776 Millions,1508,227.8,151.9,614.002,rio de janeiro,rj,-22.972956517889177,-43.39706327699233,laranjal paulista,"SP
",-23.03582473318652,-47.8363026594829,5.0
mc_ID_7716,"single male with four kids, education: high school degree working as manual",30K+,"Vegetables from Produce department, Ordered Brand : Tell Tale",23.8389,19.3328,recyclable,"['Coffee Bar', 'Florist', 'Bar For Salad', 'Ready Food']",Price Cutters,Gourme7,7.23 Millions,2.4582 Millions,1564.86,385.45,256.78,729.2712,Aracaju,SE,-10.93845747328291,-37.06200040883412,fortaleza,CE,measure: -3.74398789869582,-38.51979040161001,5.0
mc_ID_7719,"Married Male with two children, education: high school degree working as skilled manual",30K+,"Fruit from Produce department, Ordered Brand : High Top",17.1524,12.7916,non recyclable,"['Ready Food', 'Coffee Bar', 'Video Store', 'Florist', 'Bar For Salad']",Sale Sale Sale,Deluxe,4.47 Millions,2.1456 Millions,,373.1,248.79,data: 722.6814, curitiba ,pr_,val: -25.45871651095423,-49.30218888165614,maringa,PR,-23.38219409935399,-51.95529780691714,val: 5.0
mc_ID_7721,"Married Male with two children, education: partial college working as management",1080+ monthly,"Electrical from Household department, Ordered Brand : High Quality",31.3976,29.944,non recyclable,"['Coffee Bar', 'Video Store', 'Bar For Salad', 'Ready Food', 'Florist']",Dimes Off,,10.53 Millions,3.5802 Millions,2038.11,481.98,,602.7575,	CAIAPONIA,GO,-16.963282126552002,-51.81279264064655,queImAdOs,_RJ,-22.75207045168108,-43.57632171567059,5.0
mc_ID_7722,"Single Male with three children, education: bachelors degree working as professional",70K+,"Jams and Jellies from Baking Goods department, Ordered Brand : Landslide",20.2049,15.6988,recyclable,"['Florist', 'Coffee Bar', 'Video Store', 'Ready Food', 'Bar For Salad']",Lottery Cash Registerion,dELUX3,3.48 Millions,1.566 Millions,1734.5,503.07,335.38,290.7357,nova iguacu,RJ,val: -22.69228267013796,-43.423044864619456,cerqueira cesar,sP,-23.037596029379426,-49.163361189515406,4.0
mc_ID_7726,"SiNgLe mAlE WiTh fOuR ChIlDrEn, EdUcAtIoN: bAcHeLoRs dEgReE WoRkInG As mAnAgEmEnT",50K+,"Cleaning Supplies from Household department, Ordered Brand : Denny",data: 29.5079,26.4554,recyclable,,GLD,Supermarket,1.02 Millions,0.3366 Millions,1508,227.8,152.25,measure: 727.9637,maceio,al,measure: -9.66563067554392,-35.718308303768296,araguari,MG,-18.65223568071188,-48.19343213192182,2.0
mc_ID_7727,"Single Male with four children, education: partial high school working as manual",10K+,"Beer and Wine from Alcoholic Beverages department, Ordered Brand : Portsmouth",14.972,12.0648,recyclable,"['Ready Food', 'Bar For Salad']",Save It (Sale),Supermarket,11.48 Millions,4.8216 Millions,2265.9,853.22,568.75,339.1132,mariana,mG,-20.375271220093484,-43.41210118734492,	Curitiba,pr,val: -25.496876096024057,-49.232400160424696,5.0
mc_ID_7728,"Married Female with one child, education: partial high school working as manual, education: partial high school working as manual",€8K+,"Snack Foods from Snack Foods department, Ordered Brand : Fast",data: 28.9265,25.874,non recyclable,"['Bar For Salad', 'Coffee Bar', 'Florist', 'Ready Food']",Super Duper Savers,DELUXE,7.56 Millions,3.3264 Millions,,654.13,436.09,364.2695,tunas do parana,PR,-24.9763055633229,-49.09226407989016,petropolis,RJ,-22.549033360244323,-43.210094724044055,5.0
mc_ID_7729,"Married Male with one child, education: high school degree working as management",€110K+,"Bathroom Products from Household department, Ordered Brand : Cormorant",13.1114,val: 10.2042,recyclable,"['Florist', 'Coffee Bar', 'Bar For Salad', 'Ready Food']",Save Price,DELUXE,9.36 Millions,3.744 Millions,2055.29,654.13,436.09,602.1299,Rio Fortuna,SC,-28.140568524046284,-49.11591185095567,CAsCaVeL,pR,-24.961400882504734,-53.45816618100577,4.0
mc_ID_7731,"Married Male with two children, education: bachelors degree working as professional",150K+,"Fruit from Produce department, Ordered Brand : High Top",-999.0,18.3153,non recyclable,"['Bar For Salad', 'Ready Food']",Go For It,Supermarket,$6.75 Millions,2.295 Millions,2446.96,470.27,313.49,347.1151,campos borges,Rs,-28.885857570303028,-52.999547413079,Sao Paulo,SP,-23.693985995008337,-46.70188324132953,5.0
-999,"Single Male with three children, education: high school degree working as manual",30K+,"Canned Soup from Canned Foods department, Ordered Brand : Better",12.123,-10.6694,recyclable,"['Ready Food', 'Coffee Bar', 'Video Store', 'Bar For Salad', 'Florist']",Two Day Sale,DELUXE,2.25 Millions,0.7875 Millions,,481.98,320.65,495.7517,CamPo grAmde,Ms,amount: -20.52299249850393,data: -54.58910569730416,rio de janeiro,RJ,-22.984848450458767,-43.20073414542106,5.0
mc_ID_7733,"Single Female with two children, education: high school degree working as skilled manual",30K+,"Dairy from Dairy department, Ordered Brand : Gorilla",19.3328,14.972,recyclable,"['Florist', 'Bar For Salad', 'Video Store', 'Ready Food', 'Coffee Bar']",Save It (Sale),Deluxe,10.02 Millions,4.2084 Millions,1734.5,503.07,337.27,755.1074,Maringa,PR,-23.4233863529364,data: -51.95203743140284,GUARIBA,5P_,-21.36235769739203,-48.232975701561735,val: 5.0
mc_ID_7734,"Maried Female with one child, education: high school degree working as manual",30k,"Cleaning Supplies from Household department, Ordered Brand : Cormorant",23.1121,20.0596,non recyclable,"['Ready Food', 'Coffee Bar', 'Video Store', 'Bar For Salad', 'Florist']",Price Winners,,$11.43 Millions,4.2291 Millions,2038.11,483.98,320.58,478.9634,praia grande,$P,-24.02000597668648,measure: -46.45837671648681,blumenau,SC,-26.91141069525076,-49.11143612738765,5.0
mc_ID_7735,"Single Male with three children, education: high school degree working as manual",50000,"Bread from Baked Goods department, Ordered Brand : Fantastic",31.1069,-26.6008,recyclable,"['Ready Food', 'Bar For Salad']",Savings Galore,Supermarket,5.04 Millions,2.3184 Millions,2445.77,470.27,314.82,data: 550.1437,rio de janeiro,RJ,-22.949217347820927,-43.35077284348652,5AO PAULO,Sp,-23.541074779906506,val: -46.69219306549716,3.0
mc_ID_7737,"Single Female with No children, education: bachelors degree working as professional",50K+ annually,"Dairy from Dairy department, Ordered Brand : Club",29.944,27.0368,recyclable,"['Bar For Salad', 'Coffee Bar', 'Ready Food', 'Florist', 'Video Store']",Roller Savings (High) ,DELUXE,$2.13 Millions,0.9159 Millions,1731.76,503.07,336.34,440.1568,patus,PB,-7.01885408301656,val: -37.28096338237764,SANTU ANDRE,SP,-23.665703457960586,-46.51808196779969,val: 3.0
mc_ID_7739,"Married Male with two kids, education: high school degree working as skilled manual",30K+,"Jams and Jellies from Baking Goods department, Ordered Brand : Landslide",10.3787,7.4569,recyclable,"['Ready Food', 'Coffee Bar', 'Florist', 'Bar For Salad', 'Video Store']",Sale Winners,Deluxe,6.81 Millions,2.1111 Millions,1871.16,593.93,395.95,519.7574,dianopolis,7O,-11.627906717256852,-46.82146777001999,sao paulo,SP,-23.554079433810344,-46.53324185942636,5.0
mc_ID_7740,"Single Male with two children, education: high school degree working as professional",€110K+,"Breakfast Foods from Breakfast Foods department, Ordered Brand : Jeffers",31.3976,29.944,recyclable,"['Ready Food', 'Bar For Salad', 'Florist', 'Coffee Bar']",Save Price,Deluxe,3.86 Millions,1.3896 Millions,2055.29,654.13,436.09,584.191,vigia,PA,measure: -0.847952530861682,-48.13872661529727,ibitinga,SP,-21.7664768468313,-48.83154737836604,5.0
mc_ID_7741,"Single Male with two kidren, education: HS degree working as manual",50000,"Fruit from Produce department, Ordered Brand : Tell Tale",29.6533,26.6008,recyclable,"['Ready Food', 'Florist', 'Bar For Salad', 'Coffee Bar', 'Video Store']",Full Free,Delux3,€6.5M,3.7191 Millions,1734.5,503.07,334.37,data: 752.2309,taboao da serra,SP,-23.62527254443769,-46.77949146270542,Marilia,Sp,-22.193082052455427,-49.948926747706174,1.0
mc_ID_7743,"Married Female with three children, education: partial college working as professional",1320+ monthly,"Canned Soup from Canned Foods department, Ordered Brand : Better",19.0421,16.1349,recyclable,"['Ready Food', 'Video Store', 'Florist', 'Bar For Salad', 'Coffee Bar']",I Cant Believe It Sale,Deluxe,3.45Ms,1.1385 Millions,,373.1,248.79,535.9181,santOS,SP,-23.9678895545329,-46.34412123980033,S4O BERNARDO DO CAMPO ,SP,-23.67170527422236,-46.58997464458433,4.0
mc_ID_7744,"Single Female with five children , education: high school degree working as skilled manual",30K+ annually,"Baking Goods from Baking Goods department, Ordered Brand : CDR",29.6533,26.6008,recyclable,,Full Free, Supermarket,$9.92 Millions,3.8688 Millions,,227.8,151.9,data: 660.2352,SAO CARLOS,SP,-22.03342996672426,-47.91371971353119,sau paulo,sp,-23.56168119891244,-46.50627110555333,5.0
mc_ID_7745,"Single Male with four children, education: partial college working as skilled manual, education: partial college working as skilled manual",30000,"Snack Foods from Snack Foods department, Ordered Brand : Fort West",data: 23.4028,20.4957,recyclable,"['Ready Food', 'Bar For Salad']",Three for One,Supermarket,15.52 Millions,5.8976 Millions,2448.37,470.27,315.26,656.2604,SAo paulO,SP,-23.60520201165676,-46.61844120275258,osasco,SP,-23.528128203061986,-46.77680754732808,4.0
mc_ID_7746,"Married Female with No kids, education: partial high school working as manual",10K+,"Fruit from Produce department, Ordered Brand : Ebony",28.0543,val: 23.5482,recyclable,"['Ready Food', 'Bar For Salad']",,Supermarket,4.22Ms,1.9834 Millions,2265.9,853.22,,327.9733,indeiatuba,SP,-23.1144961851232,-47.22977576894223,videira,SC,-27.00086872288371,-51.14532022116548,2.0
mc_ID_7747,"Married Female with three children, education: partial high school working as skilled manual",50K or more,"Canned Soup from Canned Foods department, Ordered Brand : Better",23.2575,18.8967,recyclable,"['Video Store', 'Ready Food', 'Bar For Salad', 'Coffee Bar', 'Florist']",Best Savings,Gourmet,"2.52 ,000,000illions",0.9828 Millions,1422.82,465.54,309.9,281.4786,	maceI0,AL,-9.560246286042164,-35.74411720707219,sao pauIo,Sp,val: -23.54029947071385,-46.66278360519932,5.0
mc_ID_7748,"Married Female with three children, education: partial high school working as skilled manual",50000,"Dairy from Dairy department, Ordered Brand : Club",13.9254,11.0037,non recyclable,"['Coffee Bar', 'Ready Food', 'Bar For Salad', 'Florist', 'Video Store']",Super Savers,Deluxa,5.86 Millions,2.2268 Millions,1525.28,373.1,248.79,755.9442,flOriaNOpolIS,SC,-27.57865911904912,-48.50709600207745,blumenau,_SC,-26.91141069525076,-49.11143612738765,4.0
mc_ID_7749,"Single Female with No children, education: bachelors degree working as management",70K+,"Breakfast Foods from Frozen Foods department, Ordered Brand : Imagine",21.5132,17.1524,recyclable,"['Video Store', 'Ready Food', 'Coffee Bar', 'Bar For Salad', 'Florist']",,Deluxe,6.78 Millions,3.1188 Millions,,481.98,321.26,416.2557,$ao luis,MA,-2.4862449081308884,-44.250924892723205,sao bernardo do campo,_Sp,-23.71688471949829,-46.54199108267673,2.0
mc_ID_7750,"Single Female with five children, education: high school degree working as skilled manual",360+ monthly,"Dairy from Dairy department, Ordered Brand : Gorilla",21.0771,18.1699,non recyclable,,Saving Days,"Supermarket
",2.67 Millions,1.1214 Millions,1508,227.8,151.9,619.0228,Sao Paulo,SP,-23.600995072162263,-46.63496187621901,sao paulu,SP,data: -23.56788988703906,-46.57394821510183,5.0
mc_ID_7752,"Married Female with four children, education: bachelors degree working as professional",50K+,"Beer and Wine from Alcoholic Beverages department, Ordered Brand : Top Measure",25.1472,23.5482,recyclable,"['Bar For Salad', 'Ready Food']",Shelf Clearing Days,5upermarket,1.62 Millions,0.648 Millions,,472.27,312.41,measure: 363.6942,gu@rulhos_,SP,-23.457157219256768,-46.56012296350051,carapicuiba,5P,-23.57241932843741,-46.81653106742156,5.0
mc_ID_7753,"Married Male with one child, education: partial college working as professional",30K+,"Paper Products from Household department, Ordered Brand : Sunset",amount: 19.1874,16.1349,recyclable,"['Bar For Salad', 'Ready Food', 'Video Store', 'Coffee Bar', 'Florist']",Two Day Sale,,5.25 Millions,2.2575 Millions,1871.16,593.93,,402.0824,belo horizonte,MG,-20.00554148626576,-44.01389665445209,franca,SP,-20.53193450696372,-47.399446711253766,5.0
mc_ID_7754,"Married Female with two children, education: partial high school working as skilled manual",$10K+,"Pure Juice Beverages from Beverages department, Ordered Brand : Excellent",23.8389,20.7864,non recyclable,"['Ready Food', 'Florist', 'Bar For Salad', 'Coffee Bar', 'Video Store']",Price Destroyers,Deluxe,9.78 Millions,4.7922 Millions,2040.53,481.98,321.26,777.2826,flOriaNOPOLiS,SC,-27.57865911904912,-48.50709600207745,CuriTIba,PR,-25.4727349417162,data: -49.30563836747645,5.0
mc_ID_7755,"Married Female with one child, education: HS degree working as skilled manual",30K+,"Vegetables from Canned Foods department, Ordered Brand : Bravo",-13.9981,11.0909,non recyclable,,Best Price Savers,,10.36 Millions,4.7656 Millions,1505.6,227.8,151.9,650.4028,indaiatuba,SP,-23.12851459612905,val: -47.2406058481293,sao paulo,SP,-23.528716250620374,-46.62026515958797,4.0
mc_ID_7757,"Married Male with five children, education: bachelors degree working as management",30K+,"Beer and Wine from Alcoholic Beverages department, Ordered Brand : Good",val: 10.1461,7.2389,non recyclable,"['Coffee Bar', 'Bar For Salad', 'Ready Food', 'Florist']",Bag Stuffer, Deluxe ,"3.32 ,000,000illions",1.494 Millions,2055.29,654.13,436.09,367.7736,belem,pa,-1.4653900588320616,val: -48.49932165791454,sao paulo,SP,amount: -23.631758958364607,-46.69967548098564,4.0
mc_ID_7758,"Single Male with four kids, education: high school degree working as skilled manual",30K+,"Kitchen Products from Household department, Ordered Brand : Red Wing",val: 20.3503,17.4431,non recyclable,"['Florist', 'Bar For Salad', 'Video Store', 'Coffee Bar', 'Ready Food']",I Cant Believe It Sale,Deluxe,€1.9M,0.7008 Millions,1731.95,505.07,335.38,363.3281,goiatuba,GO,-18.01160236768934,-49.37530856207008,iBitiNga,5P,-21.7664768468313,-48.83154737836604,3.0
mc_ID_7759,"Single Female with three children, education: high school degree working as manual",360+ monthly,"Breakfast Foods from Frozen Foods department, Ordered Brand : PigTail",20.4957,19.0421,non recyclable,"['Ready Food', 'Florist', 'Coffee Bar', 'Bar For Salad']",Super Duper Savers,Deluxe,4.92 Millions,2.1648 Millions,2055.29,654.13,,364.2695,ollMPIA,SP,data: -20.73348478239254,measure: -48.88823835248024,cAMP1NAS,SP,-22.88255076242137,-47.04691965736627,val: 4.0
mc_ID_7760,"Single Male with No children, education: partial high school working as management",Income: 90K+,"Snack Foods from Snack Foods department, Ordered Brand : Best Choice",11.9776,9.0559,non recyclable,###,Price Cutters,Deluxe,$5.19 Millions,1.8165 Millions,1524.78,373.1,249.38,642.0871,SAo P@uLO,SP,-23.528595017485145,-46.68529559700499,sao paulo,SP,-23.6442788484621,-46.66304850360666,5.0
mc_ID_7761,"Married Female with one child, education: Bachelors degree working as management",50K+,"Decongestants from Health and Hygiene department, Ordered Brand : Faux Products",24.275,19914.20 grams,recyclable,"['Video Store', 'Coffee Bar', 'Ready Food', 'Bar For Salad', 'Florist']",Go For It,Deluxe,5.22 Millions,2.088 Millions,2037.12,481.98,,455.3761,DUQUE DE CAXIAS,rj,-22.735679490767343,val: -43.31184633532655,jacarei,5P,-23.29818595956356,-45.974828011182304,val: 5.0
mc_ID_7762,"MaRrIeD FeMaLe wItH ThReE ChIlDrEn, EdUcAtIoN: hIgH ScHoOl dEgReE WoRkInG As mAnUaL",30K+,"Pain Relievers from Health and Hygiene department, Ordered Brand : Faux Products",18.0246,measure: 13.6492,non recyclable,"['Florist', 'Bar For Salad', 'Ready Food', 'Coffee Bar']",Best Price Savers,GOURMET,11.52 Millions,4.7232 Millions,1564.86,,257.75,558.1979,nova iguacu,rj,-22.76349068629001,-43.48523296340309,maringa,PR,-23.41848622413047,-51.92625934548862,val: 1.0
mc_ID_7763,"Single Male with three kidren, education: partial high school working as manual",10K+,"Canned Soup from Canned Foods department, Ordered Brand : Pleasant",29.7987,26.8915,recyclable,['Coffee Bar'],,Supermarket,$5.38 Millions,2.3672 Millions,1236.07,440.92,293.95,309.5637,rio de janeiro,RJ,-22.96555273382772,-43.2162783326504,sao paulo,SP,-23.577073040798663,-46.7199426382077,5.0
mc_ID_7764,"Single Female with three children, education: partial high school working as management",130K+,"Dairy from Dairy department, Ordered Brand : Carlson",-0.1,15.6988,recyclable,['Coffee Bar'],Savings Galore,supermarket,11.04 Millions,3.4224 Millions,1235.99,440.92,To Be Determined,724.5119,curitiba,PR,-25.354224471002325,-49.26115428573488,ponta grossa,PR,-25.11134715283512,-50.14605173867332,3.0
mc_ID_7765,"Married Female with three children, education: partial high school working as manual",$10K+,"Eggs from Eggs department, Ordered Brand : Giant",amount: 13.155,10.2478,non recyclable,,Coupon Spectacular,,$6.84 Millions,2.1204 Millions,2085.67,783.64,522.49,658.0909,jundiai,Sp,-23.1886382132707,measure: -46.87453437279828,sAlTO,SP,-23.18458241445101,measure: -47.328649797768485,5.0
mc_ID_7766,"Single Male with one child, education: high school degree working as manual",30K+,"Vegetables from Canned Foods department, Ordered Brand : Better",26.0193,24.4204,non recyclable,['Coffee Bar'],Big Time Saving,,2.64 Millions,0.8976 Millions,1236.07,,293.85,amount: 710.234,ARCOS,MG,-20.2892027953416,data: -45.54189584918567,pradopolis,SP,-21.36757068180344,-48.06270442872158,5.0
mc_ID_7767,"Single Male with No children, education: partial high school working as manual",10K+,"Canned Clams from Canned Foods department, Ordered Brand : Better",25583.20 grams,24.1296,recyclable,,Budget Bargains,SuPERmARket,6.33Ms,2.532 Millions,1623.48,341.05,226.25,623.7298,$ao paulo,SP,-23.484378981129872,val: -46.75592935775292,curit1ba,pR,-25.56660371995524,-49.28299262236466,5.0
mc_ID_7769,"Single Male with one child, education: Bachelors degree working as professional",$70K+,"Fruit from Produce department, Ordered Brand : High Top",14.2161,11.2944,non recyclable,"['Video Store', 'Coffee Bar', 'Florist', 'Bar For Salad', 'Ready Food']",Shelf Clearing Days,,6.64 Millions,3.1872 Millions,1871.16,593.93,395.95,516.7763,Cambe,pr,-23.296055526046462,amount: -51.24057710872764,saO paulo,SP,-23.693985995008337,-46.70188324132953,4.0
mc_ID_7770,"Married Female with four children, education: partial HS working as skilled manual",10K+ annually,"Vegetables from Produce department, Ordered Brand : Ebony",30.3801,27.3275,recyclable,"['Ready Food', 'Bar For Salad']",Super Savers,,10.02 Millions,4.008 Millions,2447.79,470.27,313.55,719.3865,sao paulo,"SP
",-23.767630470713865,-46.72150166472386,araguari,MG,-18.65223568071188,-48.19343213192182,4.0
mc_ID_7771,"Single Male with four children, education: high school degree working as skilled manual",360+ monthly,"Vegetables from Produce department, Ordered Brand : High Top",-23.4028,20.4957,non recyclable,"['Ready Food', 'Bar For Salad', 'Florist', 'Coffee Bar']",Sale : Double Down,Deluxe,13.28 Millions,5.7104 Millions,,654.13,436.09,500.7202,PARANATINGA,MT_,-14.435183928082909,-54.05670746737458,SAO BERNArDo DO caMPo,SP,-23.71688471949829,val: -46.54199108267673,amount: 5.0
mc_ID_7773,Single Male with No children; education: bachelors degree working as professional,50K+,"Snack Foods from Snack Foods department, Ordered Brand : Nationeel",12.5445,9.6373,non recyclable,,Price Slashers,,2.07 Millions,1.035 Millions,1508,227.8,153.65,351.456, NITEROI ,RJ,-22.91127038161472,-43.10515133611283,sao paulo, SP,-23.537511255832708,-46.63705730743676,5.0
mc_ID_7777,"Single Male with four children, education: high school degree working as manual",30K+,"Baking Goods from Baking Goods department, Ordered Brand : Super",11.1054,8.1837,non recyclable,,Two for One,supermarket,7.24 Millions,3.1132 Millions,,457.36,306.55,300.8296,nanuque,MG,-17.835724850535197,-40.34435355557466,SAO PAUL0,Sp,-23.541941545934563,val: -46.49095488842404,3.0
mc_ID_7778,"sINGLE mALE WITH nO CHILDREN, EDUCATION: hs DEGREE WORKING AS PROFESSIONAL",70K+,"Cold Remedies from Health and Hygiene department, Ordered Brand : Bird Call",18.606,data: 15.6988,recyclable,['Coffee Bar'],Price Smashers,Supermarket,5.22 Millions,1.6182 Millions,,440.92,293.95,722.9429,maringa,PR,-23.42880633856904,-51.97183135000928,curitiba ,Pr,-25.496876096024057,-49.232400160424696,100%
mc_ID_7779,"Single Female with five children, education: partial high school working as skilled manual",10K+,"Snack Foods from Snack Foods department, Ordered Brand : Fast",31.6883,30.0894,recyclable,"['Ready Food', 'Florist', 'Video Store', 'Bar For Salad', 'Coffee Bar']",Sale : Double Down,Deluxe,9.1 Millions,3.003 Millions,1736.07,503.07,,265.6317,PArAGUAcu,mg,-21.54470587015242,-45.73121311833969,Belo Horizonte,mg,-19.878513898894187,-43.95694702879617,5.0
mc_ID_7780,"Married Male with two children, education: partial high school working as management",90K+,"Frozen Desserts from Frozen Foods department, Ordered Brand : Imagine",19.9142,15.4081,non recyclable,,Full Free,,11.43Ms,5.2578 Millions,,227.8,,272.2738,valparaiso de goias,GO,-16.07525306359139,-48.0037471483984,sao paulo,SP,-23.49517247515727,-46.50119464071786,5.0
mc_ID_7781,"Married Female with four childern, education: partial high school working as skilled manual",10K+,"Specialty from Produce department, Ordered Brand : Tell Tale",22.676,19.7689,recyclable,,,Supermarket,4.89 Millions,1.8582 Millions,1508,227.8,,428.0755,be1o horizonte,MG_,-19.828081277829032,-43.95874393658031, uba ,Mg,-21.120087446232457,-42.91067895264525,4.0
mc_ID_7783,"Married Male with three children, education: bachelors degree working as professional",€42K+,"Fruit from Canned Products department, Ordered Brand : Swell",,-17.8792,recyclable,"['Coffee Bar', 'Florist', 'Bar For Salad', 'Ready Food']",Roller Savings (High) ,GOURMET,3.26 Millions,1.1736 Millions,,385.45,255.25,637.6939,brasilia,DF,amount: -15.838387228836044,-48.01147928126522,Ibitinga,SP,-21.7664768468313,-48.83154737836604,4.0
mc_ID_7784,"Single Female with two children, education: bachelors degree working as professional",70K+,"Snack Foods from Snack Foods department, Ordered Brand : Fort West",22.24,17.8792,recyclable,['Coffee Bar'],Price Winners,"Small Grocery
",6.96Ms,2.436 Millions,1394.66,534.29,355.03,647.0556,sao joaquim da barra,SP,-20.58117744270148,-47.858931261277824,PIRACICABA,	SP,-22.71683928585045,Not Specified,5.0
mc_ID_7785,Single Female with three children + education: partial high school working as manual,10K+,"Snack Foods from Snack Foods department, Ordered Brand : Horatio",18.3153,13.9545,non recyclable,['Coffee Bar'],Green Light Special,Small Grocery,2.63Ms,1.2361 Millions,1423.37,398.93,265.98,665.2037,rio de janeiro,RJ,-22.878151522072766,-43.444642919095145,Sao Paulo,SP,-23.54516769470249,-46.63224867958328,5.0
mc_ID_7787,"Married Female with five kids, education: HS degree working as professional",130K+,"Packaged Vegetables from Produce department, Ordered Brand : Hermanos",-10.117,5.7562,recyclable,,Big Time Discounts,,"8.68 ,000,000illions",2.8644 Millions,2049.72,457.36,304.91,310.662,SEO PAULO,SP,-23.56180201082004,-46.47968149264242,Limeira,5P,-22.599254430886607,-47.37980963550319,5.0
mc_ID_7788,"married male with five children, education: high school degree working as skilled manual",30K+,"Bread from Baked Goods department, Ordered Brand : Fantastic",31.1069,-26.6008,recyclable,"['Bar For Salad', 'Ready Food']",Price Slashers,supermarket,5.04 Millions,2.016 Millions,2265.9,853.22,568.75,450.8783,rio de janeiro,RJ,measure: -22.93276755785112,-43.17834623036526,hortolandia,Sp,-22.887514996879027,-47.19573904628551,val: 3.0
mc_ID_7789,"Single Male with three children, education: partial High School working as manual",Income: 10K+,"Dairy from Dairy department, Ordered Brand : Carlson",-17.7338,13.3585,recyclable,"['Ready Food', 'Florist', 'Bar For Salad', 'Coffee Bar']",Promo Big,Deluxe,7.2 Millions,3.096 Millions,2055.5,654.13,436.09,267.3576,LINDOIA,SP,-22.523688000000003,-46.64738025,ibitinga,SP,-21.7664768468313,-48.83154737836604,data: 5.0
mc_ID_7790,"Single Male with one child, education: partial college working as clerical",$30K+,"Frozen Desserts from Frozen Foods department, Ordered Brand : PigTail",23.9843,21.0771,non recyclable,"['Florist', 'Ready Food', 'Coffee Bar', 'Bar For Salad', 'Video Store']",Bag Stuffer,Deluxe,2.22 Millions,0.8658 Millions,1734.5,503.07,336.09,432.1026,Diadema,sp,-23.68674443213689,-46.62957957175823,saopaulo,"SP
",-23.58620844962204,-46.53589144310119,5.0
mc_ID_7791,"Married_Female_with_three_kids,_education:_partial_HS_working_as_management",70K+,"Vegetables from Produce department, Ordered Brand : Tri-State",amount: 27.909,25.0018,non recyclable,"['Florist', 'Bar For Salad', 'Ready Food', 'Coffee Bar']",,GOURMET,€1.4M,0.792 Millions,1564.86,,256.97,486.9653,sao paulo,SP,-23.55948466195392,-46.61446206064973,Florianopolis,SK ,-27.42517433269942,-48.426350651572776,5.0
mc_ID_7792,"Single Male with three children, education: high school degree working as skilled manual",30K+,"Jams and Jellies from Baking Goods department, Ordered Brand : CDR",31.543,amount: 27.1822,recyclable,,Price Winners,Supermarket,11.8 Millions,5.546 Millions,2049.72,457.36,304.91,599.358,	rio de janeiro, RJ ,-22.89681893672453,-43.28130819579902,sao paulo, SP,-23.543135968636395,-46.62371555453289,5.0
mc_ID_7794,Married Male with three children + education: partial high school working as manual,10K+,"Jams and Jellies from Baking Goods department, Ordered Brand : Super",25.2925,20.7864,non recyclable,,,,$3.6 Millions,1.512 Millions,1508.13,227.8,,619.0228,RioBonito,RJ,-22.7072351350913,measure: -42.62882877464098,guarulhos,SP,-23.44007914793122,-46.51144923980033,5.0
mc_ID_7796,"Single Female with two children, education: bachelors degree working as professional",€76K+,"Jams and Jellies from Baking Goods department, Ordered Brand : CDR",31.543,27.1822,recyclable,,Sales Days,Supermarket,5.9Ms,2.891 Millions,2049.72,457.36,303.88,610.5502,sao paulo,SP,-23.548781693029053,-46.65745981155857,SAO PAULO,Sp,amount: -23.541074779906506,-46.69219306549716,5.0
mc_ID_7797,"Single Female with one child, education: partial high school working as manual",10K+,"Magazines from Periodicals department, Ordered Brand : Robust",15.1174,amount: 12.1956,non recyclable,"['Video Store', 'Coffee Bar', 'Florist', 'Ready Food', 'Bar For Salad']",Save Price,Gourmet,"5.04 ,000,000illions",1.5624 Millions,1424.85,467.54,310.3,670.486,salvador, Ba ,val: -12.98158709241737,-38.45526521634257,sao paulo,sp,-23.537511255832708,-46.63705730743676,amount: 4.0
mc_ID_7799,"Married Male with one child, education: bachelors degree working as professional",110K+,"Carbonated Beverages from Beverages department, Ordered Brand : Token",-23.8389,20.7864,recyclable,,,Supermarket,2.8 Millions,0.896 Millions,2049.72,457.36,306.48,486.7561,s4o goncalo, RJ,-22.836641319825965,-43.01364263147119,ribeirao preto,SP,-21.17121748495008,-47.81941847157649,5.0
mc_ID_7800,"Married Male with two children, education: partial high school working as skilled manual",$10K+,"Vegetables from Frozen Foods department, Ordered Brand : Carrington",9.9862,-8.5181,non recyclable,"['Bar For Salad', 'Coffee Bar', 'Florist', 'Ready Food']",Promo Big,Deluxe,1.84 Millions,0.8832 Millions,2056.62,,436.39,267.3576, blumenau ,Sc,-26.98596047100232,-49.08572167055226,blumenau,SC,-26.91141069525076,-49.11143612738765,5.0
mc_ID_7802,"Married Female with four children, education: high school degree working as skilled manual",30K+,"Snack Foods from Snack Foods department, Ordered Brand : Nationeel",val: 10.1461,8.6925,non recyclable,,Full Free,,8.88 Millions,3.996 Millions,2085.67,783.64,522.49,778.5901,franca,sp,-20.54822779974972,-47.395897060007975,Guariba,SP_,data: -21.36235769739203,-48.232975701561735,5.0
mc_ID_7803,"Single Female with three children, education: bachelors degree working as professional",90 Thousand,"Hardware from Checkout department, Ordered Brand : James Bay",-26.6008,23.5482,non recyclable,"['Bar For Salad', 'Florist', 'Video Store', 'Coffee Bar', 'Ready Food']",Roller Savings (High) ,,11.34 Millions,4.9896 Millions,1422.37,465.54,310.3,499.7265,sao carlos,"SP
",-22.01139055955482,-47.886487092764376,sao ca3tano do sul,SP,-23.6198894454671,-46.554964747302144,5.0
mc_ID_7805,"Married Male with two children, education: high school degree working as skilled manual",30K+,"Pure Juice Beverages from Beverages department, Ordered Brand : Washington",13.0387,10.1315,recyclable,"['Bar For Salad', 'Ready Food']",Budget Bargains,,$10.36 Millions,3.626 Millions,2265.9,853.22,,amount: 346.1214,mogi mirim,SP,-22.438121280598992,data: -46.973524736049406,presidente prudente,5P,-22.131826190859822,-51.450761316949546,5.0
mc_ID_7806,Married Male with three children | education: bachelors degree working as professional,50K+,"Frozen Desserts from Frozen Foods department, Ordered Brand : Imagine",27.7636,23.4028,non recyclable,['Coffee Bar'],Weekend Discount,Supermarke7,2.52 Millions,0.8568 Millions,1236.07,,295.24,measure: 364.1649,conceicao do coite,BA,-11.562045316983504,-39.29494232788801,sao paulo,SP,,,data: 5.0
mc_ID_7807,"Married Male with two children, education: bachelos degree working as management",70K+,"Vegetables from Produce department, Ordered Brand : Ebony",9.1431,7.675,recyclable,"['Coffee Bar', 'Ready Food', 'Florist', 'Video Store', 'Bar For Salad']",,Gourmet,5.28 Millions,2.2704 Millions,1424.85,465.54,310.3,val: 689.3663,santo antonio do monte,MG,-20.09237458645483,data: -45.30021165360361,rio do sul,SC,-27.20981137280685,-49.63292048422235,4.0
mc_ID_7810,"Married Female with No kidren, education: partial HS working as skilled manual",30K+,"Paper Products from Household department, Ordered Brand : Denny",25.5832,24.1296,recyclable,,Full Free,,9.96 Millions,3.984 Millions,1508,227.8,149.97,272.2738,itabira,MG,val: -19.63165621067063,-43.212335433135365,maringa,PR,-23.377396999935016,-51.93100618003307,val: 4.0
mc_ID_7812,"Single Female with two children, education: partial college working as manual",50K+,"Paper Products from Household department, Ordered Brand : Denny",17.8792,14.972,recyclable,"['Coffee Bar', 'Video Store', 'Bar For Salad', 'Ready Food', 'Florist']",Sale : Double Down, Deluxe,8.73 Millions,4.2777 Millions,1734.5,,334.77,265.6317,sao mateus,ES,-18.71612614379366,-39.85372735218946,sao paulo,sp,-23.61411790980433,val: -46.60034800222169,5.0
mc_ID_7813,"married female with one child, education: high school degree working as professional",90K+,"Jams and Jellies from Baking Goods department, Ordered Brand : Plato",21.6585,17.1524,recyclable,['Coffee Bar'],Shelf Clearing Days,Supermarket,4.14 Millions,1.3248 Millions,,440.92,293.95,521.7971,Olimpia,Sp,-20.73348478239254,-48.88823835248024,cur1tiba,PR,-25.44384908076061,-49.25520561183576,10.0/10
mc_ID_7814,"Married Female with four children, education: partial high school working as skilled manual",€8K+,"Cold Remedies from Health and Hygiene department, Ordered Brand : Steady",amount: 31.6883,30.0894,recyclable,,Weekend Discount,Supermarket,7.0 Millions,2.8 Millions,1508,227.8,151.9,735.1811,guarulhos,sp,-23.444360601996667,-46.551058040798665,sao paulo,SP,-23.55156260866176,-46.64021297307979,5.0/5.0
mc_ID_7815,"Married Female with one child, education: partial high school working as skilled manual",10K+,"Jams and Jellies from Baking Goods department, Ordered Brand : Plato",17.4431,13.0823,recyclable,['Florist'],Two for One,unknown,7.35 Millions,2.2785 Millions,1320.15,525.32,347.9,360.7131,rio de janeiro,"RJ
",-22.97180239967678,-43.18744649443143,rio de janeiro_,RJ,-22.842290284753936,-43.29762071175495,val: 5.0
mc_ID_7816,"Married Male with No children, education: partial high school working as manual",$10K+,"Breakfast Foods from Breakfast Foods department, Ordered Brand : Radius",12.2102,10.7421,non recyclable,['Coffee Bar'],Weekend Discount,,1.72 Millions,0.602 Millions,1237.04,442.92,293.95,val: 364.1649,Taquaracu De Minas,mG,-19.66216163717186,-43.69174985958121,sao paulo,SP,amount: -23.485253731057767,-46.73312974854289,1.0
mc_ID_7817,"Single Female with No kids, education: partial college working as professional",70K+,"Packaged Vegetables from Produce department, Ordered Brand : Hermanos",10117.00 grams,amount: 5.7562,recyclable,"['Florist', 'Bar For Salad', 'Video Store', 'Ready Food', 'Coffee Bar']",,GOURMET_,6.51Ms,3.255 Millions,1424.85,465.54,309.68,427.7617,rio de janeiro,Rj,-23.01373315958797,amount: -43.31153889592586,Sao Paulo,SP,-23.554079433810344,-46.53324185942636,5.0
mc_ID_7818,"Single Female with three children, education: bachelors degree working as professional",50K+,"Canned Soup from Canned Foods department, Ordered Brand : Just Right",13.5329,9.1722,recyclable,"['Florist', 'Coffee Bar', 'Bar For Salad', 'Ready Food']",Price Cutters,gourmet,5.61 Millions,2.5806 Millions,1564.86,385.45,255.58,729.2712,noVO cruZEIRo,MG,-17.468251148683827,-41.87960133836853,baependi,MG,-21.956309999999995,amount: -44.882378788136165,5.0
mc_ID_7819,"married female with one kid, education: bachelor'ss degree working as management",50K+,"Dairy from Dairy department, Ordered Brand : Carlson",amount: 28.4904,24.1296,recyclable,['Florist'],Roller Savings (High) ,Supermarket,"7.08 ,000,000illions",2.5488 Millions,1319.97,523.32,348.85,532.6232,holambra,SP,-22.61429565168213,-47.06761188787577,RioDeJaneiro,RJ,-22.900055909515867,amount: -43.5630434682037,5.0
mc_ID_7820,"Married Female with No children, education: high school degree working as manual",50K+,"Canned Soup from Canned Foods department, Ordered Brand : Blue Label",13.7801,12.3119,recyclable,"['Bar For Salad', 'Florist', 'Ready Food', 'Video Store', 'Coffee Bar']",Sale : Double Down,Deluxe,4.65 Millions,1.6275 Millions,1525.28,373.1,248.79,746.3733,cApETinGa,_MG,-20.61672156031421,-47.056545202941805,sao jose do rio preto,SP,-20.80243626346376,-49.39562406741489,amount: 5.0
mc_ID_7821,"Single Male with four children, education: graduate degree working as professional, education: graduate degree working as professional",70K+,"Breakfast Foods from Frozen Foods department, Ordered Brand : PigTail",-0.1,measure: 18.3153,non recyclable,,Go For It,Supermarket,2.04 Millions,0.714 Millions,2049.72,457.36,304.91,525.8765,brasilia,DF,amount: -15.812449473573292,-48.07349588375061,sa1to,$p,-23.20591698084141,-47.307845865803,1.0
mc_ID_7822,"Married Female with one child, education: high school degree working as professional",110K+ annually,"Starchy Foods from Starchy Foods department, Ordered Brand : Shady Lake",15.9895,11.6287,recyclable,['Florist'],Save It (Sale),Supermarket,8.43 Millions,3.7935 Millions,1320.15,523.32,349.69,427.7617,ribeirao preto,$P,-21.1575781634253,-47.81743621509692,sao paulo,SP,-23.65281620260835,-46.59941026824976,5.0
mc_ID_7823,"Married Female with four kids, education: high school degree working as management",110K+,"Beer and Wine from Alcoholic Beverages department, Ordered Brand : Top Measure",15.1174,10.7421,recyclable,,Save Price,Supermarket,17.6 Millions,8.096 Millions,,227.8,151.49,428.0755,TIJUCAS,SC,-27.24191068154528,-48.61743425899997,sao paulo,SP,-23.65111484251016,-46.75521082321932,5.0
mc_ID_7824,"Married Female with four kids, education: bachelor'ss degree working as professional",50K+,"Jams and Jellies from Baking Goods department, Ordered Brand : BBB Best",17.7338,14.6813,non recyclable,,Saving Days,_Supermarket,6.36 Millions,3.1164 Millions,1508,227.8,153.9,619.0228,	TABOAO DA SERRA, sp,-23.60638684095836,measure: -46.76874080680691,sao pAuLO,Sp,-23.58343069747245,-46.50203424424373,5.0
mc_ID_7825,"Single Male with four children, education: HS degree working as professional",90K+,"Canned Soup from Canned Foods department, Ordered Brand : Pleasant",29.3626,27.909,recyclable,['Coffee Bar'],Pick Your Savings,,3.93Ms,1.2576 Millions,1236.07,440.92,293.95,436.7573,sao paulo,5P,-23.496199082434053,-46.65484326395059,guarulhos,SP,-23.42207596280801,-46.49318406994056,5.0
mc_ID_7829,Single Male wiht No children; education: high school degree working as skilled manual,30000,"Electrical from Household department, Ordered Brand : Denny",30.8162,29.3626,non recyclable,"['Coffee Bar', 'Bar For Salad', 'Ready Food', 'Video Store', 'Florist']",Fantastic Discounts,Gourmet,$6.81 Millions,3.1326 Millions,1423.35,465.54,310.3,718.9158,FLORIANOPOLIS,SC,-27.609381931838456,-48.52161978907573,santo andre,SP ,-23.637285303364266,-46.519363822926856,5.0
mc_ID_7830,SiNgLe mAlE WiTh tHrEe kIdS; eDuCaTiOn: PaRtIaL HiGh sChOoL WoRkInG As mAnUaL,10K+ annually,"Fruit from Produce department, Ordered Brand : Tell Tale",15.9895,14.5359,recyclable,"['Florist', 'Coffee Bar', 'Ready Food', 'Bar For Salad']",Dollar Days,D3luxe,1.74 Millions,0.609 Millions,2056.47,654.13,436.09,725.9763,sao paulo,5P,-23.653652752149583,-46.63635748917997,maringa,PR,-23.38219409935399,-51.95529780691714,4.0
mc_ID_7831,"Married Male with one child, education: bachelors degree working as professional",$30K+,"Electrical from Household department, Ordered Brand : High Quality",13.969,12.5009,recyclable,"['Ready Food', 'Bar For Salad']",Save Price,Supermarket,1.5 Millions,0.585 Millions,2448.37,470.27,313.55,406.4756,santu andre,sp,val: -23.653211574239744,amount: -46.55446338438468,sao paulo,$P,-23.693985995008337,-46.70188324132953,5.0
mc_ID_7832,"Married Male with two children, education: graduate degree working as management",110000,"Pain Relievers from Health and Hygiene department, Ordered Brand : Faux Products",-16.1349,13.2277,non recyclable,"['Ready Food', 'Bar For Salad']",Best Savings,SUPERMARKAT,6.96 Millions,2.8536 Millions,2445.85,470.27,312.25,576.1891,teresopolis, RJ,-22.412321627424333,-42.95283099994093,Ilicinea,MG,data: -20.944705621834668,-45.82709818233235,4.0
mc_ID_7834,"Married Male with three children, education: high school degree working as manual",30K or more,"Magazines from Periodicals department, Ordered Brand : Dollar",27.7636,26.31,recyclable,,,Supermarket,3.44 Millions,1.1352 Millions,2049.68,459.36,303.72,527.7593,sao paulu,Sp,-23.55021019790515,-46.55646739716662,Salto,Sp,-23.20591698084141,data: -47.307845865803,5.0
mc_ID_7836,"Married Male with four kids, education: HS degree working as skilled manual",30K+,"Hot Beverages from Beverages department, Ordered Brand : CDR",16.4256,14.972,recyclable,"['Florist', 'Coffee Bar', 'Ready Food', 'Video Store', 'Bar For Salad']",Sale Sale Sale,_Deluxe,17.9 Millions,7.339 Millions,1524.2,373.1,248.79,722.6814,campo mourao,PR,-24.037123500000003,data: -52.39895399999999,"Porto Alegre
",RS,-30.03215040714993,-51.2325516998384,5.0
mc_ID_7837,"Married Female with one child, education: bachelors degree working as professional",110K+,"Paper Products from Household department, Ordered Brand : Sunset",-19.1874,16.1349,recyclable,['Coffee Bar'],Tip Top Savings,Small Grocery,3.5 Millions,1.085 Millions,1424.11,398.93,265.98,708.4558,sao 	paulo,Sp,-23.558694767701493,amount: -46.67321481960865, sao paulo,SP,-23.646246311207523,-46.66349868836885,5.0
mc_ID_7838,"Married Male with five children, education: high school degree working as skilled manual",$30K+,"Hardware from Household department, Ordered Brand : Sunset",28.4904,25.5832,recyclable,,Big Time Discounts,Supermarket_,7.32 Millions,2.7084 Millions,1508,227.8,151.9,574.9339,florianopolis,SC,-27.590329257833734,-48.52015089439666,sao  jose  dos  campos,SP,-23.221431461827063,-45.888163895493165,3.0
mc_ID_7839,"Single Male with two children, education: high school degree working as skilled manual",30K+,"Candy from Snacks department, Ordered Brand : Gulf Coast",31.8337,28.7811,recyclable,"['Video Store', 'Bar For Salad', 'Ready Food', 'Coffee Bar', 'Florist']",Price Winners,dELUxE,8.82 Millions,3.7044 Millions,2038.11,481.98,321.1,453.9117,sao paulo,SP,-23.67803834110451,-46.648862088262426,curitiba,Pr,-25.464029318048183,-49.30472794690424,5.0
mc_ID_7840,"Married Female with three children, education: high school degree working as skilled manual",30K+,"Fruit from Canned Products department, Ordered Brand : Big City",16.8617,val: 12.5009,recyclable,"['Florist', 'Ready Food', 'Bar For Salad', 'Coffee Bar']",Sale : Double Down,Deluxe,3.04 Millions,1.4288 Millions,2055.29,654.13,435.44,500.7202,serra,ES,-20.21682736389826,-40.24697369558151,praia granda,SP,-24.026786758814687,-46.49304889148245,5.0
mc_ID_7841,"Married Male with two children, education: partial high school working as manual",10K+,"Dairy from Dairy department, Ordered Brand : Carlson",14.2452,9.8844,recyclable,"['Ready Food', 'Bar For Salad']",Shelf Clearing Days,Supermarket,2.62Ms,0.8908 Millions,2450.7,,313.55,363.6942,sao paulo,sp_,-23.63556170468581,-46.73325836124404,campo limpo paulista,Sp,-23.20706431353269,-46.760735214610754,val: 4.0
mc_ID_7842,"Married Male with one child, education: graduate degree working as management",$70K+,"Dairy from Dairy department, Ordered Brand : Even Better",11.6578,8.7506,non recyclable,"['Coffee Bar', 'Ready Food', 'Bar For Salad', 'Video Store', 'Florist']",One Day Sale,Gourmet,€2.1M,1.175 Millions,1426.94,465.54,311.9,449.1524,santa rosa,RS,-36.6053744107061,data: -64.28394645581311,Petropolis,rj,-22.549033360244323,-43.210094724044055,5.0
mc_ID_7844,"SINGLE MALE WITH FIVE CHILDREN, EDUCATION: PARTIAL COLLEGE WORKING AS CLERICAL",30K+,"Vegetables from Canned Foods department, Ordered Brand : Blue Label",18.3153,15.4081,recyclable,,Tip Top Savings,Mid-Size,10.68 Millions,3.8448 Millions,2821.01,,298.36,416.2557, vitori@ ,3S,-20.296512281724183,-40.29620870064644,RIO DE JANEIRO,RJ,-22.93125598447676,-43.17881321481337,val: 5.0
mc_ID_7845,"Single Female with two children, education: high school degree working as manual",360+ monthly,"Cleaning Supplies from Household department, Ordered Brand : Cormorant",28.4904,24.1296,non recyclable,"['Bar For Salad', 'Ready Food']",Price Destroyers,Supermarket,$7.68 Millions,2.8416 Millions,2267.66,853.22,570.23,304.7521,ibicare,SC,-27.08700367520803,-51.3680581500336,lajeado,"RS
",-29.44175457955597,-51.96130964790591,measure: 5.0
mc_ID_7847,"sINGLE fEMALE WITH TWO CHILDREN, EDUCATION: PARTIAL HIGH SCHOOL WORKING AS SKILLED MANUAL",10K+,"Vegetables from Produce department, Ordered Brand : Ebony",21.2225,16.8617,non recyclable,,Go For It,Supermarket,10.84 Millions,4.336 Millions,2049.72,457.36,304.91,525.8765,rio b0nito do iguacu,PR,data: -25.49325683267302,-52.52537824900953,penapolis_,Sp,-21.426570046543283,-50.06791761043272,4.0
mc_ID_7849,"Single Female with four children, education: partial high school working as professional",130k,"Breakfast Foods from Breakfast Foods department, Ordered Brand : Radius",17.7338,13.3585,non recyclable,['Coffee Bar'],Weekend Discount,Supermarket,10.56 Millions,4.5408 Millions,1236.07,,293.95,data: 364.1649,UBERAB@,mg,-19.73866515681802,-47.93897911197998,votorantim,	sp,val: -23.540699932021333,-47.45842622799934,5.0
mc_ID_7851,"Single Male with three kidren, education: partial college working as professional",30 Thousand,"Snack Foods from Snack Foods department, Ordered Brand : Fast",646.05 oz,15.4081,non recyclable,['Coffee Bar'],Price Cutters,SmaIl Grocery,$3.38 Millions,1.2168 Millions,1423.37,398.93,264.9,363.0666,Not Available,RJ,amount: -22.672179499134955,-43.16685190372415,serra negra,5P,-22.596440207291085,-46.71196868822353,amount: 3.0
mc_ID_7852,"MARRIED MALE WITH FOUR CHILDREN, EDUCATION: HS DEGREE WORKING AS SKILLED MANUAL",360+ monthly,"Fruit from Produce department, Ordered Brand : Tri-State",19.9142,18.3153,non recyclable,,Savings Galore,Supermarket,4.8 Millions,1.968 Millions,2051.2,457.36,304.91,714.2611,sao goñcalo,RJ,-22.85777099884785,measure: -43.0954005110372,sao paulo,Sp,data: -23.577073040798663,-46.7199426382077,1.0
mc_ID_7853,"Married Male with three children, education: high school degree working as management",130K+,"Hardware from Checkout department, Ordered Brand : Framton",28.7811,25.7286,recyclable,"['Florist', 'Ready Food', 'Coffee Bar', 'Video Store', 'Bar For Salad']",Big Time Discounts,dELuXe,6.42 Millions,2.568 Millions,2037.48,481.98,319.78,328.1302,rio de janeiro,RJ,-22.91512664796404,-43.40987975082128,"SAO PAULO
",SP,-23.478102779882025,-46.71737617425583,2.0
mc_ID_7854,"Married Female with No children, education: partial high school working as skilled manual",10K+ annually,"Baking Goods from Baking Goods department, Ordered Brand : Super",25.4379,-21.0771,recyclable,"['Florist', 'Video Store', 'Bar For Salad', 'Ready Food', 'Coffee Bar']",Price Winners,,5.46 Millions,2.2932 Millions,2038.11,481.98,320.65,453.9117,salvador_,BA,-12.971431320169538,-38.501911289786,curitiba,PR ,-25.453155877315545,-49.2850395992267,1.0
mc_ID_7855,"Single Female w/ five children, education: High School degree working as skilled manual",30K+,"Starchy Foods from Starchy Foods department, Ordered Brand : Colossal",12.5009,9.5937,non recyclable,"['Bar For Salad', 'Coffee Bar', 'Florist', 'Ready Food', 'Video Store']",, deluxe,7.68 Millions,3.2256 Millions,1525.28,373.1,248.79,755.9442,belem,"PA
",-1.3973467554453018,-48.46038326448761,Ribeirao Preto,$P,-21.174925033585303,-47.7686162776848,4.0
mc_ID_7858,"SINGLE MALE WITH TWO CHILDREN , EDUCATION: PARTIAL HIGH SCHOOL WORKING AS MANAGEMENT",90K+,"Magazines from Periodicals department, Ordered Brand : Dollar",19.1874,17.5885,non recyclable,"['Coffee Bar', 'Bar For Salad', 'Ready Food', 'Florist']",, Deluxe ,$5.07 Millions,2.3829 Millions,2055.29,654.13,436.85,382.0515,osasco,SP,-23.569732058283808,-46.794309966703146,guarulhos,$P,-23.48378507576896,-46.54155402025511,3.0
mc_ID_7860,"Married Female with No kids, education: partial high school working as management",110000,"Hygiene from Health and Hygiene department, Ordered Brand : Consolidated",16.8617,13.9545,recyclable,"['Bar For Salad', 'Ready Food']",Price Slashers,	Suparmarket,5.12 Millions,1.9456 Millions,2448.37,470.27,313.44,402.7623,ribelrao preto,SP,-21.18626056036128,-47.84034554440533,sao paulo,"SP
",val: -23.50636475575626,amount: -46.58066375575627,5.0
mc_ID_7861,"Married Male with three kidren, education: HS degree working as professional",130K+,"Frozen Desserts from Frozen Foods department, Ordered Brand : Imagine",-10.6548,7.7331,non recyclable,"['Bar For Salad', 'Florist', 'Coffee Bar', 'Ready Food']",Super Duper Savers,Deluxa,4.47 Millions,2.0562 Millions,2055.29,654.13,435.98,475.93,sao luis,MA,-2.551552019706844,-44.26103761296093,sao paulo ,Sp,-23.541941545934563,-46.49095488842404,Rating: 4.0
mc_ID_7862,"Married Female with one child, education: high school degree working as manual",30K or more,"Bread from Baked Goods department, Ordered Brand : Colony",-999.0,amount: 14.5359,recyclable,['Coffee Bar'],Super Duper Savers,,1.87 Millions,0.8228 Millions,1394.66,,356.19,$611.44,cuRiTiBa,Pr,-25.41420518595992,measure: -49.259492785590666,	sao paulo,SP,-23.693985995008337,-46.70188324132953,4.0
mc_ID_7864,"Married Female with five children, education: bachelors degree working as professional",50K+,"Cleaning Supplies from Household department, Ordered Brand : Cormorant",19.90 lbs,6.1196,recyclable,"['Video Store', 'Bar For Salad', 'Coffee Bar', 'Ready Food', 'Florist']",Money Savers,Deluxe,$11.67 Millions,3.7344 Millions,1871.16,593.93,396.96,343.611,"rio de janeiro
",rj,-22.99399656731484,-43.23396766206948,salto, SP,-23.20591698084141,-47.307845865803,5.0
mc_ID_7865,"Single Male with one child, education: partial high school working as manual",10k,"Candy from Snacks department, Ordered Brand : Musial",14.972,-10.6112,non recyclable,,,Supermarket,$12.56 Millions,5.5264 Millions,1506.03,,151.9,623.939,salesopolis,SP,measure: -23.53017186184537,-45.85395965939973,ibit1nga,SP,-21.7664768468313,-48.83154737836604,1.0
mc_ID_7869,"Married Male with No children, education: bachelors degree working as professional, education: bachelors degree working as professional",50K+,"Frozen Entrees from Frozen Foods department, Ordered Brand : Imagine",-13.344,10.4368,non recyclable,"['Bar For Salad', 'Ready Food', 'Coffee Bar', 'Florist']",GLD,Gourmat,2.58 Millions,1.1094 Millions,1564.86,387.45,255.13,396.2248,rio de janeiro,RJ,amount: -23.0043086872296,-43.32450783783356,sAO PaUlo,	SP,-23.60143752899768,-46.644092916180966,4.0
mc_ID_7870,Single Female with five children - education: partial college working as manual,30K+,"Bathroom Products from Health and Hygiene department, Ordered Brand : Steady",30.6708,29.2172,non recyclable,"['Coffee Bar', 'Video Store', 'Bar For Salad', 'Florist', 'Ready Food']",Two Day Sale,missing,8.96 Millions,2.8672 Millions,1871.16,595.93,395.95,402.0824,sao paulu,SP,-23.54377251788917,-46.6482729970858,IBITINGA, SP,-21.7664768468313,-48.83154737836604,1.0
mc_ID_7872,"Married Female with one child, education: bachelors degree working as professional",70k,"Canned Tuna from Canned Foods department, Ordered Brand : Just Right",13.7801,12.31 kg,non recyclable,,,,5.12 Millions,1.9968 Millions,,227.8,151.18,735.1811,"sao paulo
",SP,-23.55217944962204,-46.652991998615015,sao paulo,"SP
",-23.693985995008337,amount: -46.70188324132953,5.0
mc_ID_7875,"Married Female w/ No children, education: bachelors degree working as professional",50K+,"Vegetables from Produce department, Ordered Brand : Hermanos",19.9142,15.4081,non recyclable,"['Bar For Salad', 'Ready Food', 'Coffee Bar', 'Florist']",Price Winners,Deluxe ,€4.8M,2.4992 Millions,2055.29,654.13,,494.9149,MONTES CLAROS,Mg,-16.682043505353082,-43.8286815604386,sao paulo,SP,-23.58343069747245,-46.50203424424373,5.0
mc_ID_7878,"Single Female with two children, education: graduate degree working as professional",90000,"Bread from Baked Goods department, Ordered Brand : Sphinx",23.2575,20.3503,recyclable,,Super Wallet Savers,Supermarket,5.49 Millions,2.1411 Millions,1508,227.8,150.38,733.1937,juquitiba,SP,-23.931406546387684,-47.07199584429756,sao jose dos campos,SP,-23.20178111878932,-45.89567007799064,5.0
mc_ID_7879,"Single Male with one kid, education: HS degree working as professional",Income: 90K+,"Jams and Jellies from Baking Goods department, Ordered Brand : Landslide",11.5561,7.1807,recyclable,"['Coffee Bar', 'Ready Food', 'Florist', 'Bar For Salad']",Dollar Days,Deluxe,4.26 Millions,1.3632 Millions,2055.29,654.13,436.09,725.9763,pOJucA,BA,-12.416113588108985,-38.31997129441237,belu horizonte,MG,-19.878513898894187,-43.95694702879617,4.0
mc_ID_7880,"Single Male with four kids, education: high school degree working as professional",$130K+,"Frozen Desserts from Frozen Foods department, Ordered Brand : Imagine",29.3626,26.4554,non recyclable,"['Florist', 'Ready Food', 'Bar For Salad', 'Coffee Bar']",Super Duper Savers,_Deluxe,5.66 Millions,2.2074 Millions,2055.29,654.13,436.09,475.93,itapema,sC,-27.13197710454484,-48.599233840908056, sau paulo ,SP,-23.49517247515727,-46.50119464071786,5.0
mc_ID_7881,"Married Female with four children, education: high school degree working as skilled manual",30K+,"Vegetables from Produce department, Ordered Brand : Tell Tale",10.8002,7.88 kg,recyclable,"['Ready Food', 'Bar For Salad', 'Video Store', 'Coffee Bar', 'Florist']",Pick Your Savings,Deluxe,7.92 Millions,3.7224 Millions,1871.16,593.93,395.95,295.4427,belo horizonte, MG ,-19.887380574792505,measure: -43.89661243917136,ibitinga,SP,-21.7664768468313,measure: -48.83154737836604,5.0
mc_ID_7886,"Single Female with three children, education: bachelors degree working as professional",€42K+,"Vegetables from Produce department, Ordered Brand : Ebony",31.1069,28.0543,non recyclable,"['Ready Food', 'Bar For Salad']",,Supermarket,10.53 Millions,4.9491 Millions,2447.8,470.27,315.19,406.4756,FORTALEZA,ce,-3.771737794696039,amount: -38.61871704336607,$p,Sp,-23.689300411593344,-46.70065806950787,5.0
mc_ID_7887,"Married Female with two children, education: bachelors degree working as professional",50K+,"Magazines from Periodicals department, Ordered Brand : Robust",16.2802,-14.6813,recyclable,"['Ready Food', 'Bar For Salad']",Super Savers,Supermarket,7.41 Millions,3.4086 Millions,2448.37,,311.84,719.3865,sao luis,MA,-2.5070346576439486,-44.21214992867017,SaO pAulo,SP,amount: -23.53174394892955,data: -46.61395302123605,5.0
mc_ID_7889,"Single Male with No children, education: partial high school working as manual",10K+,"Dairy from Dairy department, Ordered Brand : Gorilla",12.8788,9.9571,recyclable,"['Ready Food', 'Bar For Salad', 'Video Store', 'Coffee Bar', 'Florist']",Big Time Discounts,_DELUXE,6.58 Millions,2.961 Millions,1734.5,503.07,336.65,583.1973,barra da estiva,BA,-13.626367667837362,-41.32333173748239,praia grande,sp,-24.026786758814687,-46.49304889148245,5.0
mc_ID_7891,"Married Female with four children, education: partial high school working as manual",10K+,"Snack Foods from Snack Foods department, Ordered Brand : Best Choice",17.7338,14.6813,non recyclable,['Florist'],Weekend Discount,Supermarket,7.65 Millions,2.5245 Millions,1322.39,523.32,348.85,279.1251,Suzano,Sp,-23.552826070523995,-46.3066973449648,campo limpo paulis7a,sp,-23.20706431353269,-46.760735214610754,5.0
mc_ID_7892,"Married Female with one child, education: high school degree working as management",70K+,"Dairy from Dairy department, Ordered Brand : Carlson",28.1997,25.1472,non recyclable,,Price Slashers,Supermarket,6.9 Millions,3.036 Millions,,227.8,150.98,data: 351.456,Sao Paulo,SP,-23.74114011740434,measure: -46.69050874493624,Sao Paulo,	SP,-23.65250284762537,-46.66809535567546,Rating: 4.0
mc_ID_7893,"Married Female with two children, education: bachelors degree working as professional, education: bachelors degree working as professional",50K+,"Vegetables from Produce department, Ordered Brand : Ebony",data: 20.7864,16.4256,recyclable,,Mystery Sale,supermarket,4.35 Millions,1.8705 Millions,1623.48,,226.53,measure: 718.9681,osasco,SP,amount: -23.585668711350923,-46.81450391286273,curitiba,PR,-25.4727349417162,-49.30563836747645,5.0
mc_ID_7894,"Married Female with No children, education: partial High School working as management",$110K+,"Snack Foods from Snack Foods department, Ordered Brand : Fast",-26.7461,22.24,non recyclable,['Florist'],Roller Savings (High) ,supeRmaRket,5.44 Millions,2.2848 Millions,1320.15,523.32,,532.6232,joinviIle,SC,-26.287890550358416,-48.778370341304736,maringa,PR,measure: -23.41382198370398,-51.90777440824636,5.0
mc_ID_7895,"Single Female with five children, education: High School degree working as skilled manual",30K+,"Bathroom Products from Health and Hygiene department, Ordered Brand : Steady",16.7163,12.3555,recyclable,"['Ready Food', 'Florist', 'Coffee Bar', 'Bar For Salad', 'Video Store']",,Deluxe,7.2 Millions,2.736 Millions,,?,250.16,755.9442,fernandopolis,SP,-20.28599742780295,-50.26063395418952,sao pauIo,SP,-23.52399579739165,-46.51294318734492,5.0
mc_ID_7896,"Married Female with two children, education: high school degree working as manual",30K+,"Dairy from Dairy department, Ordered Brand : Gorilla",-20.7864,19.3328,recyclable,"['Florist', 'Bar For Salad', 'Coffee Bar', 'Ready Food', 'Video Store']",Big Time Discounts,Deluxe,11.07Ms,4.9815 Millions,1734.5,503.07,335.66,583.1973, sao paulo, $P,-23.625255719401,measure: -46.69674106647811,PORTO ALEGRE,RS_,measure: -30.01895817707312,-51.16296204564608,amount: 5.0
mc_ID_7897,"Married Female with three children, education: high school degree working as manual",€25K+,"Meat from Deli department, Ordered Brand : Moms",23.5482,20.641,recyclable,"['Bar For Salad', 'Ready Food', 'Florist', 'Video Store', 'Coffee Bar']",I Cant Believe It Sale,Deluxe,7.7 Millions,3.08 Millions,1525.28,373.1,,535.9181,brasilia,DF,-15.800587776316478,-48.12119762231989,rio de janeiro,RJ,measure: -22.89002472433818,-43.23590644033692,5.0
mc_ID_7898,"Married Female with three children, education: high school degree working as professional",70K+,"Canned Soup from Canned Foods department, Ordered Brand : Better",12.123,-10.6694,recyclable,"['Ready Food', 'Florist', 'Bar For Salad', 'Coffee Bar']",Roller Savings (High) ,,"3.0 ,000,000illions",1.23 Millions,1564.86,,258.69,637.6939,sao paulo,SP,-23.52287030474924,-46.51178079378496,santa barbara d'oeste,SP,-22.75967282783305,-47.364736674563375,4.0
mc_ID_7901,"Single Male with two children, education: partial high school working as manual",30K+ annually,"Paper Products from Household department, Ordered Brand : Denny",25.0018,22094.60 grams,recyclable,,,sUpERMArkEt,8.67 Millions,4.1616 Millions,,457.36,306.34,300.8296,Uruara,Pa,-3.714541388976968,-53.74081309218767,aparecida de goiania,GO,-16.77015400112626,-49.34004189470734,2.0
mc_ID_7902,"Married Female with one child, education: high school degree working as manual",30K+,"Pure Juice Beverages from Beverages department, Ordered Brand : Skinner",22.0946,amount: 19.0421,non recyclable,"['Ready Food', 'Bar For Salad', 'Florist', 'Coffee Bar', 'Video Store']",One Day Sale,Deluxe,2.44 Millions,1.0492 Millions,1734.5,503.07,,val: 689.0525,embu-guacu,SP,-23.82852167738724,-46.814795982633896,sao paulo,$P,-23.62358155176294,-46.61056007369148,5.0
mc_ID_7904,"Single Female with No children, education: graduate degree working as professional",70K+,"Pizza from Frozen Foods department, Ordered Brand : PigTail",data: 8.8088,4.4335,non recyclable,"['Ready Food', 'Bar For Salad']",Go For It,Supermarket,5.04 Millions,2.268 Millions,,853.22,568.75,553.0202,urupa,RO,-11.121836170891562,amount: -62.37150309079386,SAo BErNARDo dO CaMpO,SP,-23.70899726008409,-46.54812620982171,3.0/5.0
mc_ID_7905,"Married Male with five children, education: partial High School working as professional",90K+,"Baking Goods from Baking Goods department, Ordered Brand : Super",-25.7286,22.8214,non recyclable,"['Ready Food', 'Bar For Salad', 'Coffee Bar', 'Video Store', 'Florist']",Money Savers,,11.32 Millions,5.4336 Millions,1869.81,593.93,397.68,amount: 343.611,contagem,MG,-19.893454436332657,-44.03400171616229,sao paulo,SP,-23.59798552039933,-46.55547278711988,5.0
mc_ID_7906,"Married Female with four children, education: High School degree working as manual",30K+,"Frozen Desserts from Frozen Foods department, Ordered Brand : Imagine",17.7338,471.21 oz,non recyclable,['Florist'],You Save Days,Supermarket ,$3.52 Millions,1.0912 Millions,1320.15,523.32,348.85,689.3663,BaurU,SP,-22.296469236850484,-49.03471065377948,SAo JosE DO riO PRETO,$P,measure: -20.80243626346376,-49.39562406741489,4.0
mc_ID_7907,"Married Male with three children, education: partial college working as management",70K+,"Pizza from Frozen Foods department, Ordered Brand : Imagine",23.5482,22.0946,recyclable,"['Coffee Bar', 'Bar For Salad', 'Ready Food', 'Florist']",Discount Frenzy,,5.4 Millions,2.43 Millions,2057.99,654.13,436.84,measure: 779.6884,ribeirao preto,SP,-21.17251937246812,-47.83483973397196,sao bernardo do campo,SP,-23.71457923606073,data: -46.54581156219319,5.0
mc_ID_7909,"Single Female with two children, education: graduate degree working as management",70K+,"Hot Beverages from Beverages department, Ordered Brand : BBB Best",23.5482,20.641,non recyclable,"['Bar For Salad', 'Florist', 'Ready Food', 'Coffee Bar']",Super Duper Savers,deluxe,2.88 Millions,1.152 Millions,2055.29,654.13,,475.93,taboao da serra,SP,-23.612294462020333,-46.76578686529368,sau paulo,$p,data: -23.52915073382772,measure: -46.64042336234055,5.0
mc_ID_7910,"Single Male with three children, education: partial college working as professional",Income: 130K+,"Side Dishes from Deli department, Ordered Brand : Red Spade",amount: 24.275,21.3678,recyclable,"['Coffee Bar', 'Bar For Salad', 'Ready Food', 'Florist']",Promo Big,Deluxe,6.2 Millions,2.604 Millions,2057.28,654.13,436.09,val: 267.3576,	feira de santana,BA,-12.244947317790988,-38.98031811740434,limeira,	5P,-22.541719708891844,-47.427681190013296,5.0
mc_ID_7911,"Single Female with one child, education: partial high school working as manual",10K+,"Canned Soup from Canned Foods department, Ordered Brand : Pleasant",29.7987,26.8915,non recyclable,"['Ready Food', 'Bar For Salad']",,Supermarket,5.2 Millions,1.612 Millions,2265.9,855.22,567.85,677.285,recife,Pe,-8.038133999999996,-34.909973999999984,Teresopolis,RJ,-22.428725888669057,amount: -42.97556752642736,5.0
mc_ID_7913,"Married Male with No kids, education: HS degree working as manual",€25K+,"Paper Products from Household department, Ordered Brand : Sunset",14.8266,11.9049,non recyclable,"['Coffee Bar', 'Video Store', 'Bar For Salad', 'Ready Food', 'Florist']",Price Slashers,DELUXE,"6.36 ,000,000illions",2.862 Millions,1734.5,505.07,335.38,282.9953,uberlandia,MG,-18.925348871775626,-48.24236513543774,LBITINGA,SP,-21.7664768468313,-48.83154737836604,5.0
mc_ID_7914,"single male w/ two children, education: partial college working as skilled manual",$30K+,"Snack Foods from Snack Foods department, Ordered Brand : Fort West",17.007,12.6317,recyclable,"['Bar For Salad', 'Ready Food']",Best Savings,,$5.4 Millions,2.106 Millions,2448.37,470.27,313.55,R$3169.04,itajai,SC,-26.89105185843889,-48.70160775209466,sao paulo,SP,-23.56625832001269,-46.51841724632121,4.0
mc_ID_7915,"Married Male with five children, education: partial high school working as professional",130K+ annually,"Baking Goods from Baking Goods department, Ordered Brand : Super",13.4312,10.5095,non recyclable,"['Florist', 'Coffee Bar', 'Video Store', 'Bar For Salad', 'Ready Food']",Save Price,Deluxe,8.88 Millions,4.2624 Millions,1736.48,503.07,334.52,419.9167,GOIANESIA,go,-15.308464456723188,-49.12746143114073,santos,Sp,-23.944502325841068,-46.33124278031053,val: 5.0
mc_ID_7916,"Married Female with two kidren, education: partial college working as clerical",$30K+,"Pain Relievers from Health and Hygiene department, Ordered Brand : Steady",9.1867,6.2795,non recyclable,['Coffee Bar'],,Supermarket,4.59 Millions,2.0655 Millions,1234.45,440.92,,493.8689,sao paulo,SP,-23.533965429366937,-46.6787591924808,SAO PAULO,5P,-23.539824031911863,-46.434679443937874,4.0
mc_ID_7920,"Married Female with five children, education: high school degree working as professional",130K+,"Hot Beverages from Beverages department, Ordered Brand : Landslide",14.2307,11.309,recyclable,,GLD,Supermarket,$9.28 Millions,4.3616 Millions,2049.72,457.36,305.18,697.7866,saO rOqUe,SP,-23.59535458112465,-47.150677930073314,ibitinga,sp,-21.7664768468313,-48.83154737836604,4.0
mc_ID_7921,"Single Male with one child, education: partial high school working as skilled manual",10K+,"Snack Foods from Snack Foods department, Ordered Brand : Horatio",28.4904,measure: 25.5832,non recyclable,"['Bar For Salad', 'Ready Food']",,Supermarket,6.81 Millions,3.2007 Millions,2265.9,853.22,568.75,761.0696,sao paulo,	SP,-23.46079739938832,-46.68686361379766,sao peulo,Sp,-23.537511255832708,-46.63705730743676,3.0
mc_ID_7922,"Married Male with five children, education: partial college working as management, education: partial college working as management",Income: 30K+,"Hygiene from Health and Hygiene department, Ordered Brand : Steady",12.9224,8.5617,non recyclable,"['Coffee Bar', 'Bar For Salad', 'Ready Food', 'Florist']",Bag Stuffer,,6.42 Millions,Not Available,2055.29,654.13,436.09,R$2022.75,Belem,PA,-1.398302853453761,-48.45359410502642,sao paulo,5P,-23.66897161033521,-46.70251155358061,amount: 4.0
mc_ID_7923,"Single Female w/ four children, education: partial college working as manual",50K+,"Vegetables from Canned Foods department, Ordered Brand : Better",15.8442,12.9224,recyclable,"['Ready Food', 'Bar For Salad', 'Florist', 'Coffee Bar', 'Video Store']",,Deluxe,6.96 Millions,3.2712 Millions,1734.5,503.07,336.85,662.2226,SETE LAGOAS,MG,-19.447338587123927,-44.21712257170282,mogi mirim,SP,data: -22.438121280598992,-46.973524736049406,data: 5.0
mc_ID_7926,"sINGLE fEMALE WITH TWO CHILDREN, EDUCATION: PARTIAL COLLEGE WORKING AS MANUAL",30K+,"Meat from Deli department, Ordered Brand : Lake",-999.0,19.3328,non recyclable,,Wallet Savers,Supermarket,$5.34 Millions,2.5098 Millions,2049.72,457.36,304.91,418.1385,foz do iguacu,pr,-25.547820027528623,-54.55713292529019, itauna ,MG,data: -20.08212660423176,-44.5732983518722,amount: 4.0
mc_ID_7927,"Single Female with two children, education: partial high school working as skilled manual",30K+,"Meat from Frozen Foods department, Ordered Brand : Carrington",data: 14.4196,12.966,recyclable,"['Coffee Bar', 'Bar For Salad', 'Ready Food', 'Florist']",,Deluxe,$3.72 Millions,1.3392 Millions,2052.52,654.13,434.28,364.2695,missal,PR,-25.09255022865972,-54.24551883757829,mogi guacu,SP,val: -22.3970091627978,amount: -46.94545202732525,5.0
mc_ID_7928,"Married Male with five children, education: high school degree working as professional",70K+,"Baking Goods from Baking Goods department, Ordered Brand : Super",15.8442,11.4688,non recyclable,"['Ready Food', 'Video Store', 'Coffee Bar', 'Florist', 'Bar For Salad']",Roller Savings (High) ,GOURMET,5.28 Millions,2.2704 Millions,1424.85,465.54,309.44,499.7265,barretos,SP,-20.55352180460502,-48.57715926810552,osasco,SP,-23.544421691355613,-46.78839877935824,5.0
mc_ID_7931,"Married  Female  with  four  children,  education:  partial  college  working  as  skilled  manual",30K+,"Eggs from Eggs department, Ordered Brand : Blue Medal",24.8564,20.4957,non recyclable,,Go For It,Suparmarket,7.26 Millions,3.4848 Millions,1508,227.8,151.9,350.4623,diadema,SP,-23.72352908497024,-46.62390085855207,,,,,5.0
mc_ID_7933,"Single Male with four children, education: bachelors degree working as professional",50000,"Dairy from Dairy department, Ordered Brand : Booker",26.6008,23.5482,non recyclable,,Two Day Sale,Mid-Size,$7.74 Millions,3.483 Millions,2082.9,,522.49,734.9719,sao paulo,sp,-23.56281094772712,-46.64538049222014,sao bernardo do campo,SP,-23.66148702746846,-46.56416174311855,5.0
mc_ID_7934,"Single Male with three children, education: bachelors degree working as professional",€42K+,"Canned Oysters from Canned Foods department, Ordered Brand : Blue Label",26.4554,23.5482,non recyclable,,Roller Savings (High) ,Supermarket,4.42 Millions,1.547 Millions,1510.96,227.8,151.9,379.7503,votuporanga,SP,val: -20.433488753848312,-49.97851439170862,sAo jose Do rIO prETo,SP,-20.80243626346376,-49.39562406741489,val: 4.0
mc_ID_7935,"Single Male with No children, education: bachelors degree working as management",$110K+,"Frozen Desserts from Frozen Foods department, Ordered Brand : PigTail",22.24,19.3328,recyclable,['Coffee Bar'],Bag Stuffer,Small Grocery,€2.2M,0.9216 Millions,2066.5,330.83,220.55,616.7739, BRESILIA,DF,val: -15.807534439535994,-48.14563393118026,porto alegre,RS,-30.06838880309298,-51.22319513873832,5.0
mc_ID_7937,"Singlee Female with four children, education: high school degree working as management",110K+,"Vegetables from Frozen Foods department, Ordered Brand : PigTail",10.0007,7.0935,recyclable,,One Day Sale,Supermarket,6.93 Millions,3.465 Millions,1508,227.8,151.62,613.4267,s4o paulo,SP,-23.498158714409342,-46.573211734116185,SAO PaULO,sP,-23.4719444074384,-46.59864459256161,5.0
mc_ID_7939,"Single Female with three children, education: partial high school working as manual",10K+,"Jams and Jellies from Baking Goods department, Ordered Brand : Plato",val: 26.6008,25.0018,non recyclable,"['Video Store', 'Ready Food', 'Coffee Bar', 'Bar For Salad', 'Florist']",Super Savers,Deluxe,"4.64 ,000,000illions",2.088 Millions,,373.1,247.07,755.9442,Goiania,-999,-16.657373999999948,-49.23936799999996,SAO PAULO,Sp,-23.5300706924808,-46.56414335887811,4.0
mc_ID_7940,"Single Male with three children, education: bachelors degree working as professional",€59K+,"Snack Foods from Snack Foods department, Ordered Brand : Nationeel",23.6936,val: 20.641,non recyclable,,Full Free,Mid-Size,3.93 Millions,1.8078 Millions,2085.67,783.64,522.49,778.5901,trindade,Go,-16.657287462537937,-49.4950523203432, PEDREIRA ,SP,-22.73824150585765,-46.8958585777586,5.0
mc_ID_7941,"Married Male with three children, education: partial college working as clerical",30k,"Fruit from Produce department, Ordered Brand : Ebony",-10.6984,7.7913,non recyclable,"['Ready Food', 'Bar For Salad']",Two for One,Supermarket,2.8 Millions,1.288 Millions,2265.1,853.22,567.38,555.426,BRASILIA,DF,-15.790438613105168,-47.88065505785112,guarulhos,SP,-23.478156,measure: -46.5416505,5.0
mc_ID_7943,"Married Female with three children, education: high school degree working as manual",€42K+,"Kitchen Products from Household department, Ordered Brand : High Quality",30.3801,27.3275,recyclable,"['Florist', 'Ready Food', 'Video Store', 'Coffee Bar', 'Bar For Salad']",Sale : Double Down,GOURMET ,"1.44 ,000,000illions",0.5328 Millions,1423.4,465.54,308.31,292.6708,Taubate,SP,-23.02953434000798,-45.5778979314444, Amparo,$P,-22.72282092806635,-46.84179829244856,4.0
mc_ID_7944,"Single Male with three children, education: high school degree working as manual",30K+,"Hardware from Household department, Ordered Brand : Cormorant",13.9981,12.5445,recyclable,,Price Winners,,6.84Ms,3.2832 Millions,1623.48,,227.34,586.7537,florianopolis,SC,-27.57865911904912,-48.50709600207745,londrina,pr,-23.331043778111702,-51.17743350000001,5.0
mc_ID_7945,"Single Female with three children, education: bachelors degree working as professional",10K+,"Pain Relievers from Health and Hygiene department, Ordered Brand : Bird Call",22.3853,19.3328,non recyclable,"['Coffee Bar', 'Florist', 'Ready Food', 'Bar For Salad']",Discount Frenzy,Deluxe,3.32 Millions,1.1288 Millions,2052.93,654.13,436.09,779.6884,domingos martins,E5,-20.36457821981136,-40.65951846538821,campo limpo paulista,SP,-23.20706431353269,-46.760735214610754,1.0
mc_ID_7946,Married Male with two children + education: high school degree working as manual,30K+,"Kitchen Products from Household department, Ordered Brand : Cormorant",30.9615,27.909,recyclable,"['Bar For Salad', 'Ready Food']",Super Savers,Supermarket,5.44 Millions,1.8496 Millions,2448.37,470.27,313.55,754.7413,rio de janeiro,RJ,measure: -22.93276021149516,data: -43.19785123743439,jaçarei, Sp,-23.29818595956356,-45.974828011182304,5.0
mc_ID_7947,"Married Female with No kidren, education: partial HS working as manual",10K+,"Vegetables from Produce department, Ordered Brand : Hermanos",25.0018,23.5482,non recyclable,"['Bar For Salad', 'Ready Food']",, Supermarket ,"5.44 ,000,000illions",2.448 Millions,2265.9,853.22,568.75,554.903,sao paulo,SP,-23.7836170269202,-46.68314048987244,GUARIBA,SP,-21.36235769739203,-48.232975701561735,1.0
mc_ID_7948,"Married Male with one child, education: bachelors degree working as professional",Income: 50K+,"Vegetables from Produce department, Ordered Brand : Tri-State",-1.0,12.0648,non recyclable,['Florist'],Roller Savings (High) ,Supermarket,4.02 Millions,1.7688 Millions,1320.15,523.32,348.85,val: 532.6232,sao paulo,SP,-23.538068769086465,-46.69659705565807,sa1to,sp,val: -23.20591698084141,-47.307845865803,5.0
mc_ID_7950,"Married Female with two children, education: high school degree working as skilled manual",30K+,"Candy from Snacks department, Ordered Brand : Thresher",16.7163,13.8091,recyclable,"['Bar For Salad', 'Florist', 'Video Store', 'Ready Food', 'Coffee Bar']",Two for One,,4.98 Millions,1.5438 Millions,1426.95,465.54,310.3,360.7131,novo mundo,MT,-9.975387390303156,-55.17068079333467, iBiTiNGa,Sp,-21.7664768468313,-48.83154737836604,5.0
mc_ID_7952,"Married Female with two children, education: graduate degree working as professional",90K+,"Specialty from Produce department, Ordered Brand : Hermanos",18.0246,13.6492,recyclable,"['Florist', 'Ready Food', 'Bar For Salad', 'Coffee Bar']",Sale : Double Down,Deluxe,3.96Ms,1.386 Millions,2054.47,654.13,436.09,500.7202,saopaulo,SP,-23.43235638273989,-46.75211054954124,guariba,SP,-21.36235769739203,amount: -48.232975701561735,5.0
mc_ID_7953,"Single Female with two children, education: partial high school working as manual",10 Thousand,"Snack Foods from Snack Foods department, Ordered Brand : Nationeel",15.4081,12.5009,non recyclable,['Florist'],Roller Savings (High) ,Supermarket,11.64 Millions,4.5396 Millions,1320.15,523.32,348.85,532.6232,balsa nova,PR,-25.5870663114133,-49.633257191575794,5ao paulo,SP ,,,5.0
mc_ID_7959,"Married Female with No children, education: high school degree working as manual",30K+,"Bread from Baked Goods department, Ordered Brand : Fantastic",27.0368,-24.1296,recyclable,,Super Savers,Supermarket,$2.76 Millions,1.0764 Millions,2049.72,457.36,304.91,339.8977,alegrete,RS,-29.78530482202707,-55.79110885322128,londrina,pr,-23.331043778111702,-51.17743350000001,3.0
mc_ID_7961,"Married Female with one child, education: partial high school working as skilled manual",120+ monthly,"Jams and Jellies from Baking Goods department, Ordered Brand : BBB Best",24.7111,20.3503,recyclable,"['Ready Food', 'Bar For Salad']",Green Light Special,Supermarket,3.22 Millions,1.0948 Millions,2265.9,853.22,568.75,643.3946,sao paulo,SP,-23.602550384015583,-46.473299846987366,riberAo prETO,"sp
",-21.16850440882337,-47.79370519233655,5.0
mc_ID_7962,MARRIED MALE WITH ONE CHILD; EDUCATION: BACHELORS DEGREE WORKING AS PROFESSIONAL,70000,"Breakfast Foods from Frozen Foods department, Ordered Brand : PigTail",25.5832,24.1296,recyclable,"['Ready Food', 'Bar For Salad', 'Coffee Bar', 'Video Store', 'Florist']",Bag Stuffer,	Deluxe,4.48 Millions,1.6128 Millions,1734.5,503.07,335.38,662.2226,cakapava, Sp,-23.098284219545235,-45.70330750943507,BAURU, sp,-22.32817929115924,data: -49.02886625465973,5.0
mc_ID_7964,"Married Male with four children, education: partial high school working as manual",30K+,"Bread from Baked Goods department, Ordered Brand : Modell",22.24,20.7864,non recyclable,"['Bar For Salad', 'Coffee Bar', 'Ready Food', 'Florist', 'Video Store']",One Day Sale,deluxe,4.95 Millions,1.782 Millions,2036.26,,322.18,767.3456,gurupi,7O,-11.72334022559505,-49.08583363427194,sao paulo,SP,-23.693985995008337,-46.70188324132953,amount: 5.0
mc_ID_7965,"education: partial college working as professional, Married Female with two children",Income: 30K+,"Paper Products from Household department, Ordered Brand : Denny",30.6708,27.7636,non recyclable,"['Bar For Salad', 'Florist', 'Coffee Bar', 'Ready Food']",Two Day Sale,Deluxa,3.58Ms,1.074 Millions,2052.61,654.13,436.09,542.0895,Luis Eduardo Magalhaes,BA,-12.08678562555841,-45.79992414323213,bomblnhas_,SC,-27.14294161449014,-48.50728684609616,5.0
mc_ID_7966,"Married Female with three children, education: partial high school working as management",70K+,"Dairy from Dairy department, Ordered Brand : Club",15.5534,14.0853,non recyclable,['Coffee Bar'],Sale Sale Sale,Supermarket,5.86 Millions,2.5198 Millions,1236.07,440.92,292.58,473.7334,piracicaba,sp,-22.71683928585045,-47.65736585405934,seRRaNa,Sp,-21.21594896945095,-47.59002511568736,5.0
mc_ID_7967,"MARRIED FEMALE WITH FOUR CHILDREN, EDUCATION: PARTIAL HIGH SCHOOL WORKING AS SKILLED MANUAL",10K+,"Frozen Desserts from Frozen Foods department, Ordered Brand : PigTail",23.9843,21.0771,non recyclable,,Saving Days,sUperMArKET,3.7 Millions,1.517 Millions,1508,227.8,151.9,619.0228,santa teresa,ES,-19.93508981123009,-40.6015994827909,JACAREI,SP,-23.29818595956356,-45.974828011182304,data: 1.0
mc_ID_7968,"Single Male with three children, education: partial high school working as manual",10K+,"Kitchen Products from Household department, Ordered Brand : Red Wing",12.1084,10.6403,recyclable,['Coffee Bar'],Weekend Discount,Supermarket,11.43 Millions,4.8006 Millions,,440.92,,364.1649,rio  de  janeiro,	Rj,-22.88650136386977,-43.26883386620703,5anto andre,SP,-23.665703457960586,val: -46.51808196779969,amount: 5.0
mc_ID_7969,"sINGLE mALE WITH ONE CHILD, EDUCATION: PARTIAL HIGH SCHOOL WORKING AS PROFESSIONAL",110K+,"Meat from Deli department, Ordered Brand : Red Spade",19.1874,17.5885,recyclable,,Go For It,,$4.83 Millions,1.7388 Millions,,227.8,151.64,623.939,cachoeira do sul,RS,-30.032271535261707,val: -52.901199902750456,cascavel,	PR,-24.966371460470743,val: -53.46488320191585,3.0
mc_ID_7970,"Married Male with five children, education: high school degree working as professional",€110K+,"Specialty from Produce department, Ordered Brand : Tell Tale",16.7163,12.3555,recyclable,,You Save Days,Supermarket,14.72 Millions,5.4464 Millions,1508,227.8,151.58,val: 565.9906,SAo joSE dOs pINHaiS,	PR,val: -25.56923324562871,-49.20791101387846, SAO PAULO,	SP,measure: -23.54331467943905,-46.52124670344508,4.0
mc_ID_7971,"Married Male with one child, education: partial high school working as skilled manual",30K+,"Snack Foods from Snack Foods department, Ordered Brand : Fort West",23.5482,20.641,non recyclable,['Coffee Bar'],Two Day Sale,Supermarket,$14.24 Millions,6.1232 Millions,1236.09,440.92,293.95,477.3944,belo horizonte,MG,-19.881438098245752,-43.91679121149515,RIO DO SUL,SC,-27.20981137280685,-49.63292048422235,5.0
mc_ID_7972,"Single Female with one child, education: partial high school working as skilled manual",10K+,"Vegetables from Produce department, Ordered Brand : Ebony",31.1069,28.0543,non recyclable,['Florist'],,Superm@Rket,7.02 Millions,2.3868 Millions,1320.15,523.32,,427.7617,limeira,SP,-22.564590914796,-47.40315315223038,sao paulo,Sp,-23.50126797890817,-46.73964800083672,1.0
mc_ID_7973,Single Female with one child - education: partial high school working as skilled manual,10K+,"Cold Remedies from Health and Hygiene department, Ordered Brand : Bird Call",18.606,15.6988,recyclable,,Full Free,Supermarket,3.48 Millions,1.3224 Millions,1508,227.8,151.9,660.2352,sao paulo,SP,-23.631396027053583,-46.604518383488205,sao bernardo do campo,5P,-23.71457923606073,-46.54581156219319,data: 4.0
mc_ID_7975,"Married Female with one child, education: graduate degree working as professional",€42K+,"Vegetables from Produce department, Ordered Brand : Tri-State",11.1345,8.2128,recyclable,"['Video Store', 'Bar For Salad', 'Ready Food', 'Florist', 'Coffee Bar']",Super Savers,Deluxe,6.34 Millions,2.6628 Millions,1526.04,373.1,248.79,755.9442, rio da janeiro ,rj,-22.869890328899483,-43.26506321065844,sao luis,MA,-2.546079233971952,-44.3089863702464,3.0
mc_ID_7976,"Single Female with three children, education: partial high school working as professional",70K+,"Canned Oysters from Canned Foods department, Ordered Brand : Pleasant",12.2974,10.8438,non recyclable,"['Florist', 'Ready Food', 'Coffee Bar', 'Bar For Salad']",Price Winners,,7.29 Millions,3.0618 Millions,2055.29,,436.09,R$2722.03,belo horizonte,MG,-19.90048618619375,-43.985055952458026,ITAQUAQUECETUBA,SP,-23.48262344063541,measure: -46.37448952833195,measure: 5.0
mc_ID_7977,"Married Male with one child, education: bachelors degree working as management",50K+,"Eggs from Eggs department, Ordered Brand : Giant",13.155,10.2478,non recyclable,"['Bar For Salad', 'Florist', 'Coffee Bar', 'Video Store', 'Ready Food']",Shelf Emptiers,Gourmet,5.13 Millions,2.1546 Millions,1424.75,465.54,308.94,616.4078,campo l@rgo,PR,-25.466635468752123,val: -49.53576575000499,Rio De Janeiro, RJ ,-22.83891259127456,-43.34313234341075,5.0
mc_ID_7978,"Single Female with one child, education: bachelors degree working as professional",€93K+,"Candy from Snacks department, Ordered Brand : Gulf Coast",28.0543,25.0018,recyclable,"['Florist', 'Ready Food', 'Coffee Bar', 'Bar For Salad']",Weekend Discount,GOURmEt,11.92 Millions,3.9336 Millions,1564.86,387.45,255.74,470.177, sao bernardo do campo ,	SP,-23.71688471949829,-46.54199108267673,petropolis,RJ,-22.549033360244323,-43.210094724044055,3.0
mc_ID_7980,"Single Female with No children, education: bachelors degree working as professional",50K+,"Snack Foods from Snack Foods department, Ordered Brand : Fast",24.5657,21.5132,non recyclable,,Price Destroyers,Supermarket,1.8 Millions,0.756 Millions,2049.72,457.36,304.91,325.6198,liberdade,MG,-22.03048299446066,measure: -44.31809570716372,Santos,sp,-23.944502325841068,-46.33124278031053,4.0
mc_ID_7981,"mARRIED mALE WITH nO CHILDREN, EDUCATION: PARTIAL hs WORKING AS MANUAL",$10K+,"Electrical from Household department, Ordered Brand : Cormorant",9.1867,7.7331,recyclable,['Coffee Bar'],Dimes Off,SUPERMARKET,7.65 Millions,3.366 Millions,1236.07,440.92,293.95,688.1634,sao paulo,SP,-23.4823915320561,-46.64281243352188,sao paulo,SP,-23.693985995008337,-46.70188324132953,5.0
mc_ID_7982,"married female with four children, education: graduate degree working as management",70K+,"Canned Soup from Canned Foods department, Ordered Brand : Pleasant",29.7987,59.29 lbs,recyclable,"['Bar For Salad', 'Ready Food']",Three for One,Supermarket,8.07 Millions,2.7438 Millions,2265.9,853.22,,618.4475,sao paulo,SP,-23.480055932281125,data: -46.569816911189314,pedreira,SP,-22.73824150585765,-46.8958585777586,5.0
mc_ID_7983,"Single Male with two children, education: high school degree working as manual",30 Thousand,"Canned Tuna from Canned Foods department, Ordered Brand : Better",20.641,19.0421,recyclable,"['Bar For Salad', 'Florist', 'Ready Food', 'Video Store', 'Coffee Bar']",Sale : Double Down,De1uxe,€3.8M,1.98 Millions,1525.28,373.1,248.79,278.2883, manga ,MG,-14.649527999999949,measure: -44.09588149999996,_pIrAcicaba,sp,-22.71683928585045,-47.65736585405934,5.0
mc_ID_7984,"Single Male with three children, education: bachelors degree working as professional",50K+,"Candles from Household department, Ordered Brand : Red Wing",15.4081,13.9545,recyclable,"['Coffee Bar', 'Florist', 'Video Store', 'Bar For Salad', 'Ready Food']",Bag Stuffer,Deluxe,6.96 Millions,3.4104 Millions,1733.4,503.07,,432.1026,JUNDIAI,SP,-23.211714582578274,-46.8753760355472,IBITINGA,$p,-21.7664768468313,-48.83154737836604,3.0
mc_ID_7985,"Married Female with four children, education: high school degree working as manual",50K+,"Snack Foods from Snack Foods department, Ordered Brand : Fort West",27.6183,26.1647,recyclable,"['Video Store', 'Ready Food', 'Bar For Salad', 'Florist', 'Coffee Bar']",Price Slashers,Deluxe,5.34 Millions,2.1894 Millions,1732.81,503.07,,data: 282.9953,Votuporanga,SP,-20.433488753848312,-49.97851439170862,sao jose do rio preto,$P,amount: -20.80243626346376,-49.39562406741489,4.0
mc_ID_7986,"Married Female with two children, education: high school degree working as skilled manual",30K+,"Bread from Baked Goods department, Ordered Brand : Sphinx",26.31,23.4028,non recyclable,['Coffee Bar'],,Supermarket,3.81 Millions,1.2192 Millions,1236.07,440.92,293.95,754.0614,uberlandia,MG,-18.91595976602804,-48.278974174995646,campo limp0 paulista,SP,-23.20706431353269,-46.760735214610754,5.0
mc_ID_7987,"Singlee Female with one child, education: bachelors degree working as management",50K+ annually,"Vegetables from Produce department, Ordered Brand : Hermanos",20.4957,19.0421,non recyclable,"['Florist', 'Coffee Bar', 'Video Store', 'Bar For Salad', 'Ready Food']",You Save Days,	Gourmet,€8.1M,3.2232 Millions,1427.54,465.54,309.59,689.3663,belo horizonte,MG,-19.91536512294426,-43.89890719539499,sao paulo,Sp,-23.693985995008337,-46.70188324132953,4.0 stars
mc_ID_7989,"Married Female with one child, education: partial high school working as skilled manual",10 Thousand,"Side Dishes from Deli department, Ordered Brand : American",28.9265,-25.874,non recyclable,['Coffee Bar'],,_Supermarket,2.67 Millions,1.3083 Millions,1233.7,440.92,295.37,720.5371,sao paulO,sp,-23.57861883014024,-46.790503354982974,sumare,	$P,-22.828654864562257,-47.267296160568925,data: 5.0
mc_ID_7990,"Married Male with three children, education: bachelors degree working as management, education: bachelors degree working as management",50K+,"Snack Foods from Snack Foods department, Ordered Brand : Nationeel",29.0719,26.1647,recyclable,"['Coffee Bar', 'Video Store', 'Florist', 'Bar For Salad', 'Ready Food']",Save It (Sale),Deluxe,7.88 Millions,3.3884 Millions,1732.28,503.07,333.5,755.1074,rio de janeiro,RJ,-22.886944522072778,data: -43.30459252553521,sao paulo,_$P,data: -23.59798552039933,-46.55547278711988,3.0
mc_ID_7991,"Single Female wiht two children, education: High School degree working as skilled manual",30K+ annually,"Vegetables from Produce department, Ordered Brand : Ebony",-31.3976,29.944,non recyclable,"['Ready Food', 'Coffee Bar', 'Bar For Salad', 'Video Store', 'Florist']",,DELUXE,2.88 Millions,0.9504 Millions,1734.76,503.07,335.38,val: 646.4803,farroupilha,RS,-29.89134817854229,-50.27310902841568,pre5idente prudente,sp,-22.131826190859822,amount: -51.450761316949546,4.0
mc_ID_7992,"Single Male with four children, education: bachelors degree working as management",600+ monthly,"Vegetables from Frozen Foods department, Ordered Brand : Carrington",23.4028,20.4957,recyclable,"['Coffee Bar', 'Ready Food', 'Bar For Salad', 'Florist']",Super Duper Savers,Deluxe,€7.5M,2.664 Millions,2052.39,654.13,436.09,measure: 364.2695,ROND0NOPOLIS,Mt,-16.42765330427509,measure: -54.64678459745193,MARINGA,PR,val: -23.437975269077903,-51.91385959802448,5.0
mc_ID_7994,"Married Male with one child, education: graduate degree working as professional",110K+,"Hardware from Household department, Ordered Brand : Red Wing",data: 13.7655,12.3119,recyclable,"['Ready Food', 'Coffee Bar', 'Florist', 'Bar For Salad']",Save Price,Deluxe,"3.28 ,000,000illions",1.3448 Millions,2055.29,654.13,436.09,584.191,balneario camboriu,sc,-26.999696999999948,-48.63513949999995,piracicaba,SP,-22.71683928585045,-47.65736585405934,1.0
mc_ID_7995,"Married Female with three children, education: graduate degree working as management",130K+,"Breakfast Foods from Frozen Foods department, Ordered Brand : Carrington",21.0771,19.6235,non recyclable,"['Ready Food', 'Bar For Salad']",Three for One,Supermarket,9.88 Millions,4.2484 Millions,2446.25,470.27,313.55,656.2604,viamao,RS,-30.06527822380848,-51.10253137982866,indaia7uba,SP,data: -23.141554810215275,-47.23811647179686,5.0
mc_ID_7997,"Married Female with five kids, education: bachelors degree working as management",840+ monthly,"Kitchen Products from Household department, Ordered Brand : High Quality",13.0969,11.6433,non recyclable,"['Ready Food', 'Bar For Salad']",Price Slashers,Superm@rket,4.3 Millions,2.15 Millions,2448.37,472.27,313.55,402.7623,jacarei,sP,-23.28798077892242,-45.9570349350898,SAO PaUlO,$P,-23.53108125950717,-46.51791357132556,5.0
mc_ID_7998,Single Female with two children and education: bachelors degree working as professional,90K+,"Electrical from Household department, Ordered Brand : Red Wing",amount: 16.1349,11.7741,non recyclable,,Sales Days, Supermarket,7.44Ms,3.2736 Millions,2049.72,457.36,306.7,610.5502,sao bernardo do çampo,5P,-23.69676708964741,-46.571862503895126,piraclcaba,SP,amount: -22.71683928585045,-47.65736585405934,3.0
mc_ID_7999,"Married Female with two children, education: high school degree working as manual",360+ monthly,"Beer and Wine from Alcoholic Beverages department, Ordered Brand : Top Measure",amount: 17.1524,14.2452,recyclable,,Money Savers,Supermarket,5.5 Millions,2.64 Millions,1510.93,229.8,151.9,277.2423,cacoaI ,RO,-11.434213945940844,-61.462924297325365,pOrTo alEGrE,RS,-30.01895817707312,data: -51.16296204564608,
mc_ID_8000,"Married Female with three children, education: high school degree working as manual",30K+,"Eggs from Eggs department, Ordered Brand : Giant",17733.80 grams,14.6813,non recyclable,['Florist'],Sale : Double Down,SUPERMARKET,$9.04 Millions,3.7064 Millions,1320.15,523.32,348.85,292.6708,sao paULo,SP,-23.53896305912053,-46.55576711004673,SAnTa BArbaRa d´oEStE,SP,-22.760477687572443,-47.41281121951772,5.0
To Be Determined,"Single Male with one child, education: partial HS working as manual",10K+,"Dairy from Dairy department, Ordered Brand : Club",27.3275,22.8214,non recyclable,"['Ready Food', 'Florist', 'Video Store', 'Coffee Bar', 'Bar For Salad']",One Day Sale,GOuRmEt,5.6Ms,2.016 Millions,1424.85,465.54,310.3,449.1524,santos,Sp,data: -23.9678895545329,-46.34412123980033,sao 	jose 	do 	rio 	preto,SP,-20.80243626346376,-49.39562406741489,5.0
mc_ID_8003,"Single Male with three children, education: high school degree working as skilled manual",30000,"Bathroom Products from Health and Hygiene department, Ordered Brand : Faux Products",18751.30 grams,14.376,non recyclable,"['Coffee Bar', 'Bar For Salad', 'Ready Food', 'Florist']",Super Duper Savers,DELUXE,6.78 Millions,3.051 Millions,2056.75,654.13,437.05,475.93,sao paulo,sp ,-23.713052505361883,-46.61991569705063,guare,SP,-20.43399042630061,-47.81416224047547,5.0
mc_ID_8004,"Single Male with five children, education: high school degree working as manual",30 Thousand,"Vegetables from Produce department, Ordered Brand : Hermanos",25.1472,23.5482,non recyclable,"['Ready Food', 'Bar For Salad']",Budget Bargains,Supermarket,11.58 Millions,3.5898 Millions,2264.35,853.22,568.75,346.1214,belo horizonte,mg,amount: -19.99903203442203,-44.00051765098964,SAO PAULO,SP,-23.49517247515727,-46.50119464071786,5.0
mc_ID_8005,"Single Female with three children, education: high school degree working as manual",€25K+,"Baking Goods from Baking Goods department, Ordered Brand : CDR",Not Available,9.0413,recyclable,"['Florist', 'Video Store', 'Bar For Salad', 'Coffee Bar', 'Ready Food']",Money Savers,,1.9 Millions,0.646 Millions,1869.16,593.93,395.95,343.611,contagem,MG,-19.970246474757243,-44.06128882747794,sa0 paulo - sp,5P,-23.57828270774424,amount: -46.65102362378097,val: 3.0
mc_ID_8006,"Married Male with five children, education: partial high school working as manual",10k,"Bathroom Products from Health and Hygiene department, Ordered Brand : Faux Products",16.8617,12.5009,recyclable,"['Florist', 'Video Store', 'Ready Food', 'Coffee Bar', 'Bar For Salad']",Big Time Saving,Gourmet,11.92 Millions,4.768 Millions,1424.85,465.54,310.3,404.3836,campos dos goytacazes,RJ,-21.753758653386228,-41.33389901937112,çuritiba,pR,-25.4727349417162,val: -49.30563836747645,5.0
mc_ID_8008,"Maried Female wiht one child, education: High School degree working as skilled manual",30K+,"Starchy Foods from Starchy Foods department, Ordered Brand : Shady Lake",15.9895,11.6287,recyclable,"['Video Store', 'Ready Food', 'Florist', 'Bar For Salad', 'Coffee Bar']",,,"11.24 ,000,000illions",5.058 Millions,1871.16,593.93,395.95,484.1411,serra,ES,-20.122131245781656,-40.31609533585067,campinas,SP,data: -22.90081444463038,-46.99864279239999,5.0
mc_ID_8010,"Married Female with five children, education: bachelors degree working as professional",unknown,"Pizza from Frozen Foods department, Ordered Brand : PigTail",8.8088,data: 4.4335,non recyclable,"['Ready Food', 'Bar For Salad', 'Coffee Bar', 'Florist']",Price Winners,	Deluxe,6.72 Millions,3.2928 Millions,2055.29,654.13,436.09,494.9149,bento goncalves,RS,-29.190008917676018,-51.50806143040303,sao paulo,SP,-23.554079433810344,-46.53324185942636,3.0
mc_ID_8011,"Married Female with four children, education: high school degree working as professional",70K+,"Pain Relievers from Health and Hygiene department, Ordered Brand : Faux Products",18.1699,15.2627,non recyclable,"['Ready Food', 'Video Store', 'Coffee Bar', 'Florist', 'Bar For Salad']",Discount Frenzy,,"5.97 ,000,000illions",2.0298 Millions,1873.82,593.93,395.95,326.352,sorocaba,SP,-23.497758429915205,-47.45587542936695,guara_,SP,-20.43399042630061,-47.81416224047547,4.0
mc_ID_8012,"Single Male with three childran, education: bachelors degree working as professional",50K+,"Carbonated Beverages from Beverages department, Ordered Brand : Washington",9.6809,6.7592,recyclable,"['Florist', 'Ready Food', 'Coffee Bar', 'Bar For Salad']",Roller Savings (High) ,Gourmet,8.76 Millions,3.066 Millions,1566.1,385.45,255.28,637.6939,sAo PEuLo,$P,measure: -23.46048082737028,-46.57585219747245,ribeirao preto_,SP,measure: -21.17121748495008,-47.81941847157649,1.0
mc_ID_8013,"Married Male with two children, education: high school degree working as skilled manual",$30K+,"Snack Foods from Snack Foods department, Ordered Brand : Nationeel",15.4081,12.5009,non recyclable,,One Day Sale,Supermarket,11.64 Millions,4.1904 Millions,1508,,151.9,613.4267,santo antonio de padua,RJ,-21.53063424894017,-42.19299779303212,laranj4l paulista,sp,-23.03582473318652,-47.8363026594829,5.0
mc_ID_8015,"MaRrIeD MaLe wItH FiVe cHiLdReN, eDuCaTiOn: PaRtIaL HiGh sChOoL WoRkInG As mAnAgEmEnT",70K+,"Snack Foods from Snack Foods department, Ordered Brand : Horatio",data: 17.1524,12.7916,non recyclable,,GLD,Supermarke7,3.9 Millions,1.794 Millions,2049.42,457.36,303.49,697.7866,SAO PAULO,SP,-23.61744914654625,-46.65815128795659,Praia Grande,SP,-24.026786758814687,-46.49304889148245,measure: 5.0
mc_ID_8017,"Single Male with four kidren, education: bachelors degree working as professional",50K+,"Dairy from Dairy department, Ordered Brand : Even Better",12.9224,10.0153,non recyclable,['Florist'],Save It (Sale),SUPERMARKET,7.16 Millions,3.2936 Millions,1320.15,523.32,348.85,427.7617,RIO DE JANEIRO,RJ,-23.00927096142304,-43.42940927644404,belo horizonte,MG,-19.946082656673784,-43.96674583291018,5.0
mc_ID_8019,"Single Male with four children, education: High School degree working as manual",30K+,"Vegetables from Frozen Foods department, Ordered Brand : Imagine",13.6492,-10.7421,recyclable,"['Bar For Salad', 'Video Store', 'Florist', 'Coffee Bar', 'Ready Food']",Green Light Special,Deluxe,5.16 Millions,1.9092 Millions,1525.28,373.1,,507.9899,macae,RJ,-22.33224074792101,-41.74882256573231,IBITINGA,SP,-21.7664768468313,data: -48.83154737836604,2.0
mc_ID_8020,"Single Female with one child, education: Bachelors degree working as management",30K+,"Snack Foods from Snack Foods department, Ordered Brand : Best Choice",23.9843,21.0771,recyclable,['Coffee Bar'],Dimes Off,Supermarket,$6.63 Millions,2.3868 Millions,1236.3,440.92,293.95,688.1634,mogi das cruzes,SP,amount: -23.517127104923187,-46.19066721624193,RIO DE JANEIRO,Rj,-22.83126885651217,-43.34816039829178,measure: 5.0
mc_ID_8022,"Married Female with three children, education: bachelors degree working as management",70K+,"Cold Remedies from Health and Hygiene department, Ordered Brand : Consolidated",15.9895,13.0823,non recyclable,"['Coffee Bar', 'Video Store', 'Florist', 'Bar For Salad', 'Ready Food']",Lottery Cash Registerion,,6.57Ms,3.1536 Millions,1735.64,,335.06,amount: 313.0678, RiO DE janeIRO,RJ,-22.91880981294356,-43.26535370468581,CARIACICA / ES,ES,-20.360647716191004,-40.36954639525296,5.0
mc_ID_8023,"Singlee Female with three children, education: High School degree working as manual",30K+,"Breakfast Foods from Frozen Foods department, Ordered Brand : Golden",30.9615,amount: 26.4554,non recyclable,"['Florist', 'Coffee Bar', 'Ready Food', 'Bar For Salad', 'Video Store']",Price Winners,Deluxe,8.1 Millions,3.969 Millions,1873.63,593.93,,436.9665,guarulhos,sp,-23.42863214293956,-46.52196811296093,sau paulo,SP,amount: -23.48934571357261,data: -46.47738070858095,1.0
mc_ID_8024,"single female with one kid, education: bachelors degree working as professional",1320+ monthly,"Breakfast Foods from Breakfast Foods department, Ordered Brand : Best",-22.3853,-17.8792,non recyclable,"['Coffee Bar', 'Florist', 'Ready Food', 'Bar For Salad']",Full Free,DELUXE,14.0 Millions,4.48 Millions,2055.29,654.13,436.09,288.5914,rio de janeiro,RJ,-22.945175455450418,-43.18674295048741,sao caetano do $ul,SP,data: -23.637496609498484,-46.57411344809283,1.0
mc_ID_8025,"Married Male with one kid, education: high school degree working as skilled manual",30K+,"Dairy from Dairy department, Ordered Brand : Booker",26.8915,22.5307,non recyclable,"['Florist', 'Bar For Salad', 'Coffee Bar', 'Ready Food', 'Video Store']",,G0URMET,9.99 Millions,2.997 Millions,1424.85,465.54,310.73,$663.58,_florianopolis,$C,-27.68485354690382,-48.55820629045023,sao paulo,$P,-23.667843855675457,-46.66038973120199,1.0
mc_ID_8027,"Single Male with three children, education: partial HS working as skilled manual",€8K+,"Bread from Baked Goods department, Ordered Brand : Great",12.3555,10.9019,non recyclable,"['Ready Food', 'Bar For Salad', 'Coffee Bar', 'Video Store', 'Florist']",Sales Days,Deluxe,14.96 Millions,5.5352 Millions,1871.16,593.93,395.95,608.772, camaqua,	RS,-30.854791704826045,-51.814217582551855,rolandia,"pr
",-23.31259824896755,val: -51.36894941889966,1.0
mc_ID_8029,Married Female with five children / education: partial high school working as manual,120+ monthly,"Snack Foods from Snack Foods department, Ordered Brand : Fort West",12.748,11.2944,non recyclable,"['Coffee Bar', 'Florist']",Save It (Sale),Mid-Size,€3.8M,1.9888 Millions,2551.4,389.54,259.66,394.5512,sao joao da boa v1sta,SP,-21.96762672836732,data: -46.787603701128894,congonhas,MG,-20.50410692238407,-43.858586415220174,4.0
mc_ID_8031,"Single Male with four kids, education: partial college working as skilled manual",30K+,"Snack Foods from Snack Foods department, Ordered Brand : Nationeel",15.4081,12.5009,non recyclable,"['Ready Food', 'Bar For Salad']",Price Slashers,SUPERMARKET,"7.76 ,000,000illions",3.6472 Millions,2448.37,470.27,313.55,402.7623,itu,Sp,-23.26608248211083,-47.31279244463039,_ribeirao preto,sp,-21.174925033585303,val: -47.7686162776848,5.0
mc_ID_8032,"Single Male with one child, education: partial college working as management",Income: 110K+,"Snack Foods from Snack Foods department, Ordered Brand : Horatio",27.0368,24.1296,recyclable,"['Video Store', 'Florist', 'Coffee Bar', 'Bar For Salad', 'Ready Food']",,D3luxe,5.37 Millions,2.2554 Millions,1734.5,503.07,,313.0678,macapa,4P,0.004616999999996,-51.08630074488575,sao paulo,SP,-23.58667354731954,-46.61242320483004,4.0
mc_ID_8035,"Single Female with four children, education: high school degree working as skilled manual, education: high school degree working as skilled manual",30K+,"Jams and Jellies from Baking Goods department, Ordered Brand : BBB Best",13.6347,10.7275,recyclable,"['Bar For Salad', 'Ready Food', 'Coffee Bar', 'Video Store', 'Florist']",Lottery Cash Registerion,deluxe,4.95Ms,1.8315 Millions,1734.5,,335.38,313.0678,santu antonio da patrulha,RS,val: -29.8278405,-50.5234755,petropolis,	rj,val: -22.549033360244323,-43.210094724044055,5.0
mc_ID_8037,"Married Male with three children, education: high school degree working as professional",150K+,"Vegetables from Produce department, Ordered Brand : Tri-State",data: 18.606,17.1524,non recyclable,['Coffee Bar'],Weekend Discount,SUPERMARKET,5.24Ms,2.5152 Millions,1236.07,442.92,292.02,364.1649,rio de janeiro,_RJ,-22.89344332944775,-43.22413070370488,Belo Horizonte,MG,-19.809042328611024,amount: -43.99006964195861,5.0
mc_ID_8038,"Married Female with two children, education: partial high school working as skilled manual",10K+ annually,"Snack Foods from Snack Foods department, Ordered Brand : Fort West",12.0939,9.1722,non recyclable,"['Florist', 'Ready Food', 'Bar For Salad', 'Coffee Bar']",Promo Big,Deluxe,"6.9 ,000,000illions",2.277 Millions,2055.29,654.13,?,267.3576,brasilia,DF,-15.738763274370337,-47.88726421096283,rio de janeiro,RJ,-22.86933515510882,-43.21992800026346,3.0
mc_ID_8040,"Married Female with three children, education: partial college working as clerical",30K+,"Vegetables from Produce department, Ordered Brand : Hermanos",measure: 26.6008,-999.0,recyclable,"['Ready Food', 'Bar For Salad']",,,$3.72 Millions,1.86 Millions,2448.37,470.27,313.55,406.4756,CAMPO GRANDE,MS,-20.457467847469584,amount: -54.57264622973501,petropolis,RJ,data: -22.549033360244323,-43.210094724044055,5.0
mc_ID_8043,"Single Male with four children, education: high school degree working as manual",30k,"Bread from Baked Goods department, Ordered Brand : Colony",-18.4606,16.8617,recyclable,"['Bar For Salad', 'Ready Food']",Save Price,Supermarket,"7.44 ,000,000illions",3.0504 Millions,2448.37,470.27,315.15,406.4756,5ao paulo,SP,-23.46016520927345,-46.65066418373822,SAO JosE dO rIO PreTo,Sp,-20.84380119949777,-49.36891118527178,5.0
mc_ID_8045,"Single Male with No children, education: bachelors degree working as professional, education: bachelors degree working as professional",50K+,"Vegetables from Canned Foods department, Ordered Brand : Blue Label",18.3153,15.4081,recyclable,"['Coffee Bar', 'Florist']",Double Your Savings,Mid-Size,$8.01 Millions,3.4443 Millions,2551.4,389.54,259.66,599.9856, cARApICuIBA ,SP,-23.549127420811832,-46.84347909144322,Sao Paulo,SP,measure: -23.62358155176294,-46.61056007369148,5.0
mc_ID_8046,"Single Male with one child, education: bachelors degree working as professional",50K+,"Snack Foods from Snack Foods department, Ordered Brand : Nationeel",27.4729,24.4204,recyclable,"['Video Store', 'Coffee Bar', 'Ready Food', 'Florist', 'Bar For Salad']",I Cant Believe It Sale,Deluxe,9.6 Millions,3.648 Millions,1734.5,503.07,,363.3281,	Guanambi,BA,-14.224788977578138,-42.77686614606025,guarulhos,Sp,-23.46530411469876,-46.51148732089968,4.0
mc_ID_8047,Single Female with three children; education: high school degree working as professional,110K+,"Hot Beverages from Beverages department, Ordered Brand : Landslide",14.2307,val: 11.309,recyclable,,,Supermarket,9.28 Millions,3.6192 Millions,1623.48,341.05,227.33,amount: 623.7298,patrocin1o,MG,val: -18.9460898157912,-46.98595529644953,lbitinga,sp,-21.7664768468313,-48.83154737836604,5.0
mc_ID_8048,"Married Male with three children, education: partial high school working as manual",10K+,"Bread from Baked Goods department, Ordered Brand : Fantastic",27.0368,24.1296,recyclable,,Full Free,,2.76 Millions,1.104 Millions,2085.67,783.64,522.45,778.5901,olinda,pe,-8.016726310029359,-34.86213840922739,mAge ,RJ,-22.65894387253605,-43.03681018346885,5.0
mc_ID_8049,"Single Female with two children, education: high school degree working as skilled manual",30K+,"Starchy Foods from Starchy Foods department, Ordered Brand : Medalist",30.5255,29.0719,recyclable,"['Video Store', 'Ready Food', 'Bar For Salad', 'Florist', 'Coffee Bar']",Lottery Cash Registerion,Deluxe,5.36 Millions,1.608 Millions,1734.5,503.07,335.38,313.0678,	varzea alegre,CE,-6.791794185919147,-39.30021891805819,araguari,MG,-18.65223568071188,-48.19343213192182,measure: 3.0
mc_ID_8050,"Single Female with two children, education: graduate degree working as professional",Income: 70K+,"Baking Goods from Baking Goods department, Ordered Brand : BBB Best",9.8263,5.4655,recyclable,"['Florist', 'Coffee Bar', 'Video Store', 'Ready Food', 'Bar For Salad']",,Deluxe,"4.92 ,000,000illions",2.3616 Millions,1871.16,593.93,395.95,data: 688.3726,Santo Andre,SP,-23.675037359389663,-46.524784094929146,sao PaUlO,SP,-23.65111484251016,-46.75521082321932,Rating: 4.0
mc_ID_8051,"Married Male with four children, education: partial college working as professional",360+ monthly,"Snack Foods from Snack Foods department, Ordered Brand : Best Choice",29.0719,26.1647,non recyclable,,Weekend Discount,Supermarket,6.36 Millions,2.226 Millions,1508,229.8,151.9,735.1811,CURITIBA,Pr,-25.46921399278664,-49.29393514695028,videira,SC,-27.00086872288371,-51.14532022116548,5.0
mc_ID_8053,"Married_Male_with_three_kidren,_education:_partial_college_working_as_professional",90K+,"Meat from Meat department, Ordered Brand : Gerolli",28.3451,25.4379,recyclable,"['Florist', 'Video Store', 'Ready Food', 'Coffee Bar', 'Bar For Salad']",Lottery Cash Registerion,Deluxe,2.68 Millions,1.0452 Millions,,503.07,335.38,290.7357,S@O PAULO,	Sp,-23.50081050929084,-46.60427196058632,sao paulo,SP,-23.554133203993324,-46.53048959908248,5.0
mc_ID_8055,"Married Female with two children, education: partial high school working as manual",10K or more,"Pain Relievers from Health and Hygiene department, Ordered Brand : Steady",17.1524,-1.0,recyclable,"['Florist', 'Ready Food', 'Coffee Bar', 'Video Store', 'Bar For Salad']",, De1uxe,14.15 Millions,4.3865 Millions,2038.11,481.98,322.52,358.9349,S@O PAULO,SP,-23.489125655104345,-46.57563101727822,San7A Barbara D'Oeste, SP,-22.75967282783305,-47.364736674563375,3.0
mc_ID_8056,Single Female with four children | education: bachelors degree working as professional,70K+,"Breakfast Foods from Frozen Foods department, Ordered Brand : PigTail",25.5832,24.1296,recyclable,"['Florist', 'Ready Food', 'Coffee Bar', 'Bar For Salad', 'Video Store']",Bag Stuffer,Deluxe,6.72 Millions,3.1584 Millions,1734.5,503.07,335.38,662.2226,reGiStRO,Sp,-24.49203032806276,-47.83413137913321,rio de janeiro,Rj,-22.87459850346245,-43.477731000000006,4.0
mc_ID_8059,"Married Male with two kidren, education: partial high school working as skilled manual",10K+,"Fruit from Produce department, Ordered Brand : Hermanos",25.4379,21.0771,recyclable,"['Florist', 'Coffee Bar', 'Bar For Salad', 'Ready Food']",Tip Top Savings,deluxe,2.61 Millions,1.1745 Millions,2055.29,656.13,436.09,745.6934,USASCO_, sp,-23.55001323680969,val: -46.79182616233078,presidente prudente,SP,-22.09785593377639,-51.40156940368525,3.0
mc_ID_8061,"Single Male with one child, education: bachelors degree working as management",50K or more,"Breakfast Foods from Breakfast Foods department, Ordered Brand : Johnson",26.6008,23.5482,recyclable,,Price Destroyers,Supermarket,1.2 Millions,0.372 Millions,1508,227.8,151.9,588.3227,brusque,SC_,-27.082320621703506,-48.93028666250217,SAU pauLO,SP,data: -23.50875908021236,-46.602973042876144,5.0
mc_ID_8062,"Single Female with two children, education: high school degree working as skilled manual",30 Thousand,"Paper Products from Household department, Ordered Brand : High Quality",28.9265,25.874,non recyclable,"['Florist', 'Bar For Salad', 'Ready Food', 'Coffee Bar']",Price Winners,,11.04 Millions,4.5264 Millions,1564.86,387.45,256.97,769.7514,santa rita do ibitip0ca,MG,-21.561865936488346,-43.91529005817311,Curltiba,pr,-25.464029318048183,-49.30472794690424,4.0
mc_ID_8063,"Married Male with four children, education: partial high school working as professional",70K+,"Meat from Deli department, Ordered Brand : Cutting Edge",data: 31.8337,28.7811,recyclable,,,mid-size,7.04 Millions,3.168 Millions,2083.98,783.64,523.36,778.5901,paraty,rj,amount: -23.226942512091888,-44.72617217705374,pompeia,SP_,-22.105021567709144,measure: -50.1738866856198,measure: 5.0
mc_ID_8064,"SiNgLe fEmAlE WiTh oNe cHiLd, EdUcAtIoN: pArTiAl cOlLgE WoRkInG As pRoFeSsIoNaL",90K+,"Canned Soup from Canned Foods department, Ordered Brand : Better",-24.5657,21.5132,recyclable,['Coffee Bar'],Weekend Discount,Supermarket,-1,0.6156 Millions,1238.12,440.92,293.95,data: 698.728,Curitiba,PR,-25.400645308904185,-49.27690618220902,sao jose do rio preto,Sp,-20.81842802837701,measure: -49.39248776604019,1.0
mc_ID_8065,"Single Female with three children, education: partial high school working as skilled manual",10k,"Candy from Snacks department, Ordered Brand : Atomic",11.3235,8.40 kg,recyclable,,Price Cutters,Mid-Size,12.64 Millions,6.1936 Millions,2086.79,783.64,522.49,324.7307, SAO PAULO,sp,-23.6270649708581,-46.63218002262104,guarulhos,SP,-23.40802531933689,val: -46.47133305879546,3.0
mc_ID_8066,"Married Male with one child, education: graduate degree working as professional",110K+,"Dairy from Dairy department, Ordered Brand : Carlson",amount: 17.7338,16.1349,non recyclable,"['Bar For Salad', 'Florist', 'Ready Food', 'Coffee Bar', 'Video Store']",Money Savers,Deluxe,3.24 Millions,1.5876 Millions,1871.16,595.93,395.95,343.611,salvador,ba,-12.94150972522938,-38.40461312683939,SAO PAULO,Sp,-23.61424927422236,amount: -46.68844105482136,4.0
mc_ID_8067,"Single Male with four children, education: partial college working as clerical",50K+,"Bathroom Products from Health and Hygiene department, Ordered Brand : Bird Call",19.4781,16.4256,non recyclable,"['Bar For Salad', 'Coffee Bar', 'Ready Food', 'Florist']",Price Winners,,1.56 Millions,0.6084 Millions,1564.86,385.45,256.97,769.7514,biguacu,SC,data: -27.49432999699404,amount: -48.66242401404204,curitiba,PR,-25.434899979456432,data: -49.28320625116862,3.0
mc_ID_8068,"Married Female with three children, education: partial college working as professional",30K+,"Vegetables from Produce department, Ordered Brand : High Top",17.8792,16.4256,non recyclable,"['Ready Food', 'Florist', 'Coffee Bar', 'Video Store', 'Bar For Salad']",Shelf Emptiers,Gourmet_,2.07 Millions,0.9729 Millions,--,465.54,###,Not Available,iPaTiNgA,Mg,-19.4609515387212,-42.525487901061766,sa1to,$P,-23.20591698084141,-47.307845865803,val: 4.0
mc_ID_8069,"Single  Male  with  two  children,  education:  partial  high  school  working  as  professional",70K+ annually,"Electrical from Household department, Ordered Brand : Sunset",31.3976,29.944,non recyclable,"['Coffee Bar', 'Bar For Salad', 'Video Store', 'Florist', 'Ready Food']",Sale Sale Sale,Deluxe,8.68 Millions,4.0796 Millions,1525.28,373.1,,722.6814,gaROPaba,_SC,-28.03172040884407,-48.62388672140172,sAo jOSE,Sk,-27.543786658615705,-48.62567962615467,5.0
mc_ID_8070,"Married Male with four children, education: graduate degree working as management",110K+,"Vegetables from Frozen Foods department, Ordered Brand : Big Time",12.3555,9.4484,non recyclable,['Florist'],Savings Galore,	Supermarket,10.71 Millions,3.7485 Millions,1317.37,523.32,348.85,322.4295,sao paulo,SP,val: -23.58359782304825,-46.50714769338705,belo horizonte,Mg,-19.878513898894187,-43.95694702879617,val: 4.0
mc_ID_8071,"Married Female with one child, education: high school degree working as skilled manual",Income: 30K+,"Decongestants from Health and Hygiene department, Ordered Brand : Steady",28.9265,912.68 oz,non recyclable,"['Florist', 'Bar For Salad', 'Coffee Bar', 'Video Store', 'Ready Food']",GLD,Deluxe,3.94 Millions,1.3396 Millions,1871.16,,396.71,484.1411,sao caetano do sul, SP,-23.61776447100232,-46.574964586733216,cachoeira do sul,RS,val: -30.02360801408486,-52.91332609031451,3.0
mc_ID_8072,"MARRIED MALE WITH ONE CHILD, EDUCATION: BACHELORS DEGREE WORKING AS PROFESSIONAL",150K+,"Paper Products from Household department, Ordered Brand : Denny",27.0368,24.1296,recyclable,"['Ready Food', 'Florist', 'Video Store', 'Bar For Salad', 'Coffee Bar']",One Day Sale,Delux3,$10.35 Millions,4.14 Millions,1731.84,503.07,335.38,689.0525,flOrianoPoLis,5C,-27.442080754371283,-48.48344901581171,rio do sul,5C,-27.20981137280685,-49.63292048422235,4.0
mc_ID_8073,"Married Male with one child, education: partial high school working as management",110K+,"Baking Goods from Baking Goods department, Ordered Brand : Plato",23.9843,19.6235,recyclable,"['Video Store', 'Bar For Salad', 'Ready Food', 'Coffee Bar', 'Florist']",,Gourme7,13.28Ms,5.5776 Millions,1424.85,,310.3,783.1925,"sao paulo
",SP,val: -23.53092205635057,-46.555643089243375,sao paulo,SP,amount: -23.746252526227707,-46.677001782820696,5.0
mc_ID_8074,"Single Male wiht three children, education: partial high school working as manual",10K+,"Vegetables from Produce department, Ordered Brand : Ebony",31.3976,29.944,non recyclable,"['Video Store', 'Ready Food', 'Coffee Bar', 'Florist', 'Bar For Salad']",Shelf Clearing Days,Deluxe,3.84 Millions,1.8432 Millions,1871.16,,397.76,516.7763,mafra,SC,-26.11990678126073,-49.803153488260165,sao paulo,SP,-23.554079433810344,-46.53324185942636,4.0/5.0
mc_ID_8076,"Married Male with five children, education: partial high school working as management",70000,"Bathroom Products from Health and Hygiene department, Ordered Brand : Faux Products",30.9615,-999.0,recyclable,Not Specified,Save It (Sale),_Supermarket,6.69 Millions,2.9436 Millions,2047.24,459.36,306.53,467.4051,paranagua,PR,val: -25.5327393775075,data: -48.52054372415031, SAO PAUIO,SP,-23.537511255832708,-46.63705730743676,val: 4.0
mc_ID_8077,"Married Male with three children, education: bachelors degree working as professional",1320+ monthly,"Bread from Baked Goods department, Ordered Brand : Great",19.7689,16.8617,recyclable,,Budget Bargains,Supermarket,1.86 Millions,0.5952 Millions,2049.72,457.36,303.39,708.665,j4u,SP,-22.30436171187744,-48.54644509493053,sao paulo,sp,-23.54268733028447,-46.59453248320733,4.0
mc_ID_8080,"Married Male with three children, education: bachelors degree working as management, education: bachelors degree working as management",50 Thousand,"Snack Foods from Snack Foods department, Ordered Brand : Fort West",10.4368,8.9687,non recyclable,"['Coffee Bar', 'Video Store', 'Bar For Salad', 'Ready Food', 'Florist']",,D3luxe,4.17 Millions,1.2927 Millions,1871.61,593.93,395.95,578.2288,belo horizonte,MG,data: -19.878513898894187,-43.95694702879617,ibitinga,SP,-21.7664768468313,-48.83154737836604,1.0
mc_ID_8081,Married Female with one child | education: bachelors degree working as management,70K+,"Carbonated Beverages from Beverages department, Ordered Brand : Skinner",12.0794,10.6258,recyclable,"['Bar For Salad', 'Ready Food', 'Florist', 'Coffee Bar', 'Video Store']",Two Day Sale,Deluxe,14.68 Millions,4.5508 Millions,2038.11,481.98,321.26,measure: 495.7517,Sao paUlO,SP,-23.588520600611684,val: -46.67186251595593, sao pau1o,SP,-23.43263929087077,data: -46.79012446488549,5.0
mc_ID_8082,"Single Male with two children, education: bachelors degree working as management",70K+,"Snack Foods from Snack Foods department, Ordered Brand : Fort West",30.8162,27.909,non recyclable,['Florist'],,Supermarket,"4.32 ,000,000illions",1.512 Millions,1320.15,,349.29,435.4498,Uberaba,MG,-19.7623484583414,-47.90222723224095,belo horizonte,mg,-19.94244782041672,-43.91448426755726,4.0
mc_ID_8083,"Married Female with two children, education: partial HS working as skilled manual",10K+,"Electrical from Household department, Ordered Brand : Sunset",26.0193,measure: 21.5132,recyclable,,Two Day Sale, mId-SIze,"5.9 ,000,000illions",2.655 Millions,2820.72,447.7,297.39,495.7517,PAULINIA,SP,-22.77928239439665,amount: -47.17683629156326,jau ,sP,-22.27568678711987,-48.542599749927895,5.0
mc_ID_8084,"Married Male with two children, education: high school degree working as skilled manual",30K+,"Canned Soup from Canned Foods department, Ordered Brand : Better",val: 23.2575,-18.8967,recyclable,"['Bar For Salad', 'Coffee Bar', 'Video Store', 'Ready Food', 'Florist']",Price Slashers,Deluxe,2.52 Millions,0.8064 Millions,1734.5,503.07,335.38,282.9953,	liñs,SP,-21.67955763252355,-49.76205252276527,PetROPOlis,Rj,-22.549033360244323,-43.210094724044055,1.0
mc_ID_8086,"Single Male w/ four children, education: batchelors degree working as professional",90K+,"Hygiene from Health and Hygiene department, Ordered Brand : Consolidated",10.3496,5.9743,recyclable,"['Coffee Bar', 'Ready Food', 'Bar For Salad', 'Florist', 'Video Store']",Sale Sale Sale,Deluxe,"7.4 ,000,000illions",3.108 Millions,1523.02,373.1,247.14,722.6814,campina grande do sul,PR,-25.365855480212275,-49.10538897664281,sao paulo,sp,-23.4719444074384,-46.59864459256161,5.0
mc_ID_8088,"Married Female with one child, education: partial high school working as manual",Income: 50K+,"Kitchen Products from Household department, Ordered Brand : Sunset",14.4196,11.5125,non recyclable,"['Ready Food', 'Bar For Salad']",Price Destroyers,	SUPERMARKET,5.3 Millions,2.173 Millions,2267.96,853.22,,304.7521,joinville,SC,-26.27254649125743,-48.87520336219632,Sao paULO,SP,val: -23.693985995008337,-46.70188324132953,5.0
mc_ID_8091,"Single Female with three children, education: high school degree working as management",90K+,"Breakfast Foods from Breakfast Foods department, Ordered Brand : Johnson",15.2627,10.9019,non recyclable,"['Bar For Salad', 'Ready Food']",Shelf Clearing Days,Supermarket,1.66 Millions,0.5312 Millions,2448.37,470.27,314.16,363.6942,caraguatatuba,$P,-23.69791999999996,-45.44616999999994,recife,pe,data: -8.138173275583135,-34.9322264583223,4.0
mc_ID_8094,"Single Male with four children, education: partial college working as skilled manual",30000,"Baking Goods from Baking Goods department, Ordered Brand : CDR",26.0193,24.4204,non recyclable,"['Coffee Bar', 'Florist', 'Video Store', 'Bar For Salad', 'Ready Food']",Lottery Cash Registerion,Deluxe,6.08 Millions,2.736 Millions,1734.5,503.07,335.38,500.9294,Sao Paulo,_SP,-23.491899953372947,-46.76073601748513,Sao Paulo,SP,-23.52399579739165,amount: -46.51294318734492,4.0 stars
mc_ID_8095,"Single Female with two children, education: high school degree working as manual",Income: 10K+,"Vegetables from Canned Foods department, Ordered Brand : Blue Label",amount: 21.8039,20.3503,non recyclable,['Florist'],Shelf Emptiers,Supermarket,9.16 Millions,4.122 Millions,1320.15,523.32,349.63,564.2647,sao bernardo do campo,SP,-23.71128768249748,-46.5875374675112,sERRA negrA, SP,-22.596440207291085,-46.71196868822353,5.0
mc_ID_8096,Married Female wiht one child; education: high school degree working as skilled manual,30K+,"Decongestants from Health and Hygiene department, Ordered Brand : Steady",28.3451,23.9843,recyclable,"['Video Store', 'Ready Food', 'Florist', 'Coffee Bar', 'Bar For Salad']",Promo Big,DeIuxe,$5.79 Millions,2.0265 Millions,1868.72,,395.95,578.2288,rio de janeiro,RJ,-22.7900427676602,-43.17825078957146,sao paulo,SP,-23.56168119891244,-46.50627110555333,3.0
mc_ID_8097,"Single Female with three kids, education: graduate degree working as professional",130K+,"Snack Foods from Snack Foods department, Ordered Brand : Fort West",9.71,6.7883,non recyclable,"['Florist', 'Video Store', 'Bar For Salad', 'Coffee Bar', 'Ready Food']",Big Time Discounts,"deluxe
",9.44Ms,4.72 Millions,1734.5,503.07,335.61,583.1973,belo horizonte,MG,-20.00554148626576,-44.01389665445209,curitiba,_pr,amount: -25.46921399278664,-49.29393514695028,data: 5.0
mc_ID_8103,"Married Female with four children, education: partial high school working as management",110K+,"Eggs from Eggs department, Ordered Brand : Giant",15.8442,amount: 14.376,recyclable,"['Florist', 'Coffee Bar', 'Ready Food', 'Video Store', 'Bar For Salad']",,Deluxe,2.66 Millions,1.2236 Millions,2039.65,481.98,321.26,453.9117,sao p4ulo,5P,-23.6701429730798,-46.72916299624908,joinville,SC,measure: -26.28314924562872,-48.85128463059032,1.0
mc_ID_8104,"Married Female w/ five children, education: high school degree working as manual",30K+,"Carbonated Beverages from Beverages department, Ordered Brand : Excellent",-10.5822,-7.675,recyclable,"['Bar For Salad', 'Ready Food', 'Coffee Bar', 'Florist']",,GOURMET,5.24 Millions,2.5676 Millions,,385.45,256.97,729.2712,s4o paulo,SP,-23.549360699694148,-46.65412441687346,sao paULo,$P,-23.575745041924048,-46.74085825118136,Rating: 5.0
mc_ID_8106,"Single Male with four children, education: high school degree working as manual",30K+,"Baking Goods from Baking Goods department, Ordered Brand : BBB Best",16.571,13.6492,non recyclable,,,Supermarket ,3.04Ms,1.1248 Millions,1623.48,,227.33,718.9681,Osasco,SP,-23.53538565178984,-46.76092361691542,TRES Rios,RJ,-22.114931849301893,-43.20418377871129,5.0
mc_ID_8107,"Single Male with three children, education: high school degree working as manual",€25K+,"Canned Soup from Canned Foods department, Ordered Brand : Better",23.2575,18.8967,recyclable,,Three for One,Mid-Size,2.52 Millions,1.1592 Millions,2085.67,783.64,522.49,570.5407,campo largo,Pr,-25.4640211403478,-49.550451239912576,maringa,,-23.41848622413047,-51.92625934548862,4.0
mc_ID_8108,"Married Male with four children, education: high school degree working as manual",$30K+,"Canned Soup from Canned Foods department, Ordered Brand : Just Right",13.5329,9.1722,recyclable,"['Florist', 'Coffee Bar', 'Video Store', 'Bar For Salad', 'Ready Food']",Dimes Off,DELUXE,5.61 Millions,1.8513 Millions,2038.77,481.98,319.48,602.7575,San7aNA dE parNAIBa, SP ,-23.45958665954217,measure: -46.81783648621917,sao paulo,$P,-23.55860361532686,-46.43116232924525,5.0
mc_ID_8109,"Single Female with two children, education: partial college working as professional",30K+,"Bathroom Products from Health and Hygiene department, Ordered Brand : Steady",16.7163,12.3555,recyclable,"['Bar For Salad', 'Video Store', 'Florist', 'Coffee Bar', 'Ready Food']",Best Savings,,7.2 Millions,2.52 Millions,1424.85,465.54,310.3,281.4786,sao paulo,SP,val: -23.594043310577625,-46.67182462975359,presidente prudente,SP,-22.131826190859822,-51.450761316949546,5.0
mc_ID_8111,"Married Female with three children, education: bachelors degree working as professional",70K+,"Jams and Jellies from Baking Goods department, Ordered Brand : Landslide",-14.8266,-11.9049,recyclable,"['Bar For Salad', 'Florist', 'Video Store', 'Coffee Bar', 'Ready Food']",Big Time Discounts,Deluxe,3.4 Millions,1.326 Millions,2035.13,481.98,321.72,328.1302,Rlbeirao Bonito,SP,amount: -22.064129300100667,val: -48.17887518860225,sao goncalo,RJ,data: -22.82787,-43.01969625000001,5.0
mc_ID_8112,"Single Female with two children, education: bachelors degree working as professional",50K+,"Meat from Deli department, Ordered Brand : Cutting Edge",11.1491,6.7883,non recyclable,"['Video Store', 'Coffee Bar', 'Ready Food', 'Florist', 'Bar For Salad']",Money Savers,Deluxe,1.94Ms,0.9506 Millions,1525.58,373.1,247.32,560.656,rondonopolis,M7,-16.43064706440065,-54.61854276395058,indalatuba,SP,-23.141554810215275,-47.23811647179686,1.0
mc_ID_8113,"marrie_female_with_three_childern,_education:_high_school_degree_working_as_manual",Income: 30K+,"Bathroom Products from Health and Hygiene department, Ordered Brand : Steady",30.6708,29.2172,non recyclable,"['Florist', 'Ready Food', 'Coffee Bar', 'Bar For Salad', 'Video Store']",Lottery Cash Registerion,Deluxe,6.72 Millions,3.2256 Millions,,503.07,335.38,313.0678,belem,PA,-1.4490947274224149,val: -48.484601999451726,cuiaba,mt,-15.672887529119013,-56.06797233297959,4.0
mc_ID_8114,"Single Female with three children, education: graduate degree working as professional",70K+ annually,"Starchy Foods from Starchy Foods department, Ordered Brand : Monarch",19.3328,16.4256,recyclable,"['Florist', 'Ready Food', 'Coffee Bar', 'Bar For Salad', 'Video Store']",Roller Savings (High) ,Deluxe,4.14 Millions,1.4904 Millions,,503.07,335.38,440.1568,Florianopolis,5C,-27.60731306466045,-48.59058002775691,ribeirao pires,$P,-23.73407261059953,amount: -46.44241000920845,5.0
mc_ID_8115,"Married Female with one child, education: partial high school working as manual",10k,"Snack Foods from Snack Foods department, Ordered Brand : Best Choice",15.1174,10.7421,recyclable,"['Florist', 'Ready Food', 'Bar For Salad', 'Coffee Bar', 'Video Store']",,Gourmet,1.52 Millions,0.4864 Millions,1424.85,465.54,310.3,504.9565,barra mansa, RJ,amount: -22.54303759117662,-44.17532044976627,sao goncalo,Rj,-22.82787,-43.01969625000001,5.0
mc_ID_8116,"Single Male with four children, education: bachelors degree working as management",€42K+,"Vegetables from Produce department, Ordered Brand : Ebony",9.1431,7.675,recyclable,['Coffee Bar'],Big Time Saving,Supermarket,3.96 Millions,1.2276 Millions,1238.47,440.92,293.95,710.234,sorocaba,SP,-23.514805626303925,-47.46355489723096,salto,SP,-23.19024365306712,-47.291570633360266,2.0
mc_ID_8119,"mARRIED mALE WITH FIVE CHILDREN, EDUCATION: HIGH SCHOOL DEGREE WORKING AS SKILLED MANUAL",30K+,"Beer and Wine from Alcoholic Beverages department, Ordered Brand : Portsmouth",28.0543,25.0018,non recyclable,"['Ready Food', 'Bar For Salad']",Money Savers,Supermarket,"13.0 ,000,000illions",5.85 Millions,2264.52,853.22,568.75,432.0503,sao joao da boa vista,SP,-21.97841480270819,-46.79561480625737,santo andre,SP,-23.66033225007211,-46.52820295475792,5.0
mc_ID_8120,"Married Male with five children, education: high school degree working as skilled manual",30K+,"Fruit from Produce department, Ordered Brand : High Top",17.1524,12.7916,non recyclable,"['Ready Food', 'Bar For Salad']",Money Savers,"sUpeRMArKet
",$5.96 Millions,2.1456 Millions,2265.9,855.22,568.75,amount: 432.0503,nova friburgo,RJ ,-22.23589659345668,-42.51877495711116,colombo,PR,-25.371298736141743,-49.18823376385825,5.0
mc_ID_8121,"Single Female with two children, education: partial high school working as manual",10K+,"Snack Foods from Snack Foods department, Ordered Brand : Horatio",17.1524,12.7916,non recyclable,"['Ready Food', 'Video Store', 'Coffee Bar', 'Florist', 'Bar For Salad']",Save It (Sale),Deluxe,3.9 Millions,1.638 Millions,1734.5,503.07,335.12,755.1074,rio de janeiro,RJ,-22.94391056014081,amount: -43.254772993992525,Sao Paulo,Sp,-23.488133029141903,-46.60765995712386,4.0
mc_ID_8123,Married Male with one child; education: bachelors degree working as professional,50K+ annually,"Carbonated Beverages from Beverages department, Ordered Brand : Washington",15.4081,13.9545,recyclable,"['Video Store', 'Bar For Salad', 'Coffee Bar', 'Florist', 'Ready Food']",Super Duper Savers,Deluxe,10.92 Millions,5.3508 Millions,1525.28,373.1,248.79,data: 318.3501,belo horizonta,	MG,-19.8530362758958,-43.95277064446877,brasilia,DF,-15.84494561197996,-47.98527498130505,3.0
mc_ID_8125,"Single Female with one child, education: partial HS working as skilled manual",50K+,"Canned Anchovies from Canned Foods department, Ordered Brand : Bravo",12.1084,-999.0,non recyclable,"['Bar For Salad', 'Coffee Bar', 'Florist', 'Video Store', 'Ready Food']",Lottery Cash Registerion,DElUXe,$6.93 Millions,2.5641 Millions,1734.5,503.07,336.96,amount: 313.0678,cAbO DE 5anTo agoSTInHO,PE ,-8.239274779906507,-34.98167772245942,curitiba,PR,-25.393345281980704,val: -49.35098627800838,2.0
mc_ID_8127,"Married Male with five children, education: HS degree working as skilled manual",30 Thousand,"Dairy from Dairy department, Ordered Brand : Gorilla",30.8162,29.3626,recyclable,,Big Time Discounts, Suparmarket ,7.98 Millions,2.8728 Millions,2049.72,457.36,304.21,310.662,sapucaia do sul,Rs_,-29.83400066105778,-51.15660258374496,pitanga,Pr,-24.75751269190114,-51.76142521085123,5.0
mc_ID_8128,"Married Female wiht one child, education: partial high school working as skilled manual",10 Thousand,"Vegetables from Produce department, Ordered Brand : High Top",12.3701,9.4629,recyclable,"['Florist', 'Bar For Salad', 'Ready Food', 'Coffee Bar']",Saving Days,Gourmet,6.9 Millions,2.898 Millions,1564.86,385.45,256.97,474.0995,Rio De Janeiro,RJ,measure: -22.962511351924544,-43.17640771510184,muqui,ES,measure: -20.954686439913583,-41.35082239421584,1.0
mc_ID_8129,"Single Male with three children, education: high school degree working as manual",10K or more,"Fruit from Produce department, Ordered Brand : Ebony",14.4778,11.5706,non recyclable,"['Ready Food', 'Coffee Bar', 'Florist', 'Bar For Salad']",Tip Top Savings,DELUXE,14.8 Millions,7.252 Millions,,654.13,435.49,745.6934,Luziania,GO,-16.130234115673762,-47.966305231347526,"sao paulo
", SP ,data: -23.539824031911863,-46.434679443937874,5.0
mc_ID_8131,"Single Female with three children, education: partial high school working as manual",10K+,"Jams and Jellies from Baking Goods department, Ordered Brand : CDR",data: 16.4256,14.972,non recyclable,"['Bar For Salad', 'Ready Food']",Three for One,Supermarket,1.83 Millions,0.6039 Millions,Not Specified,853.22,568.75,618.4475,sao paulo,SP,-23.590853517081115,measure: -46.54139756148647,Sao Paulo,SP,-23.62358155176294,-46.61056007369148,Rating: 5.0
mc_ID_8132,"Single Male with five children, education: high school degree working as skilled manual",Income: 30K+,"Canned Soup from Canned Foods department, Ordered Brand : Bravo",8.9832,6.0615,recyclable,"['Bar For Salad', 'Florist', 'Ready Food', 'Coffee Bar']",GLD,,2.56 Millions,1.0752 Millions,1564.19,385.45,256.97,396.2248,sao paulo,sp,-23.48576555759132,-46.67394941548847,sa0 paulo,SP,val: -23.58667354731954,-46.61242320483004,3.0
mc_ID_8134,"Single Male with one child, education: graduate degree working as professional",70K+,"Snack Foods from Snack Foods department, Ordered Brand : Nationeel",24.7111,data: 21.8039,recyclable,"['Coffee Bar', 'Bar For Salad', 'Ready Food', 'Florist', 'Video Store']",Bag Stuffer,Deluxe,8.48 Millions,4.1552 Millions,1734.5,503.07,335.38,662.2226,campinas,SP ,-22.950289907294163,-47.182224818627695,ibitinga,5P,-21.7664768468313,-48.83154737836604,4.0
mc_ID_8135,"Single Female with two children, education: graduate degree working as professional",70K+,"Meat from Deli department, Ordered Brand : Moms",16.4256,13.5184,non recyclable,"['Bar For Salad', 'Ready Food']",,Supermarket,$6.24 Millions,2.4336 Millions,2448.37,470.27,,406.4756,FLORIANUPOLIS,SC,-27.60066334139297,-48.51412134485542,sao paulo,	SP,-23.537511255832708,-46.63705730743676,5.0/5.0
mc_ID_8136,"Married Female with five children, education: partial college working as manual",50K+,"Breakfast Foods from Frozen Foods department, Ordered Brand : Imagine",-12.2247,10.7566,recyclable,['Coffee Bar'],Shelf Clearing Days,Supermarket,3.26Ms,1.4018 Millions,1236.07,440.92,293.95,521.7971,guarulhos_,Sp,amount: -23.401157533417454,-46.430387580925895,praia grande,SP,-24.026786758814687,-46.49304889148245,4.0
mc_ID_8139,"Single Female with No children, education: bachelors degree working as professional",50K+,"Meat from Deli department, Ordered Brand : Lake",20.9317,19.3328,non recyclable,,Sales Days,,5.34 Millions,2.5098 Millions,2049.72,457.36,303.75,610.5502,maceio,	AL,-9.673522969999963,-35.75954999999993,barueri,SP,val: -23.491791912543025,measure: -46.94733309700014,5.0
mc_ID_8140,"Married Male with four children, education: bachelors degree working as professional",70K+,"Vegetables from Canned Foods department, Ordered Brand : Blue Label",21803.90 grams,20.3503,non recyclable,"['Ready Food', 'Bar For Salad', 'Coffee Bar', 'Florist']",Dollar Days,Delux3,4.58 Millions,2.2442 Millions,2055.29,654.13,436.09,725.9763,carapicuiba,SP,-23.533474292941296,-46.83775058563052,itaquaquecetuba,SP,-23.48262344063541,-46.37448952833195,4.0
mc_ID_8141,"Married Male with four children, education: high school degree working as skilled manual",30K+,"Frozen Desserts from Frozen Foods department, Ordered Brand : Carrington",29.3626,26.4554,non recyclable,['Coffee Bar'],Weekend Discount,Supermarket,6.68 Millions,2.8056 Millions,,440.92,294.31,364.1649,jundiai,SP,-23.17589664637174,-46.886594495206815,sao paulo,sp,-23.65111484251016,-46.75521082321932,5.0
mc_ID_8142,"Single Male with five children, education: bachelors degree working as management",150K+,"Dairy from Dairy department, Ordered Brand : Even Better",21.2225,18.3153,non recyclable,"['Florist', 'Bar For Salad', 'Coffee Bar', 'Video Store', 'Ready Food']",Money Savers, deluxe ,17.5 Millions,6.825 Millions,1870.96,593.93,395.95,343.611,GUARULHOS,5P,-23.47114052622772,-46.545920847769615,PinHAis,PR,-25.44071444991049,-49.188443906024766,4.0
mc_ID_8146,"Married Female with No children, education: bachelors degree working as professional",50K+ annually,"Breakfast Foods from Frozen Foods department, Ordered Brand : PigTail",20.2049,17.1524,recyclable,"['Florist', 'Coffee Bar', 'Ready Food', 'Bar For Salad']",,Deluxe,$1.74 Millions,0.5916 Millions,2053.55,654.13,436.09,725.9763,SA0 PAULO,sp,-23.5078065,amount: -46.55110950000001,lauRo de fReitAs,BA,-12.895112589380958,val: -38.33895999999978,1.0 stars
mc_ID_8155,"Married Male with five children, education: partial college working as professional",30 Thousand,"Vegetables from Canned Foods department, Ordered Brand : Bravo",9.8844,8.4308,recyclable,,,,$12.6 Millions,5.292 Millions,2049.72,457.36,304.91,$339.90,jundiai,Sp,-23.1886382132707,measure: -46.87453437279828,sao paulo,$P,-23.48029674271453,-46.71122495337295,5.0
mc_ID_8157,"Single Female with four kids, education: partial high school working as professional",$90K+,"Beer and Wine from Alcoholic Beverages department, Ordered Brand : Portsmouth",23.6936,22.0946,recyclable,,Save Price,SUPERMARKET,11.37 Millions,5.4576 Millions,1508,227.8,151.9,325.6721,NITEROI,RJ,-22.901359568959617,-43.1241522171793,praia grande,Sp ,-24.026786758814687,-46.49304889148245,5.0
mc_ID_8158,"Single Male with five kids, education: partial high school working as skilled manual",10K+,"Bathroom Products from Health and Hygiene department, Ordered Brand : Bird Call",22.24,20.7864,recyclable,"['Video Store', 'Coffee Bar', 'Florist', 'Ready Food', 'Bar For Salad']",Go For It,Deluxe,11.72Ms,4.8052 Millions,2038.11,481.98,321.26,455.3761,SAO PAULO,SP,-23.516640708270582,-46.44751393882982,sao paulo,SP,-23.481059081597326,data: -46.64630746073055,3.0
mc_ID_8159,"Married Female with three children, education: high school degree working as manual",30K+,"Kitchen Products from Household department, Ordered Brand : Sunset",57.68 lbs,21.8039,non recyclable,,Sale Winners,Supermarket,10.84 Millions,4.4444 Millions,,227.8,,amount: 720.171,santo andre,SP,-23.627599742714523,-46.49554835636796,Guariba,$p,-21.36235769739203,-48.232975701561735,5.0
mc_ID_8160,"married female with one child, education: bachelors degree working as professional",$50K+,"Fruit from Produce department, Ordered Brand : Hermanos",21.8039,20.3503,recyclable,,Saving Days,Supermerket,$10.24 Millions,3.1744 Millions,1508,227.8,151.9,619.0228,BRASILIA,DF,data: -15.78404999999995,-47.91689999999997,cuRItIbA,PR,-25.496876096024057,-49.232400160424696,5.0
mc_ID_8161,"Single Male with two children, education: partial high school working as skilled manual",30K+,"Cold Remedies from Health and Hygiene department, Ordered Brand : Consolidated",15.9895,amount: 13.0823,non recyclable,,Big Time Discounts,Supermarket,€5.6M,3.1536 Millions,1508.85,227.8,151.9,574.9339,Brasilia, DF ,-15.790700843643224,-47.9348514181837,patos de minas,MG,-18.60497691187199,-46.52154885505743,5.0
mc_ID_8162,"Single Male with one child, education: partial high school working as skilled manual",10K+,"Frozen Desserts from Frozen Foods department, Ordered Brand : Imagine",27.7636,23.4028,non recyclable,"['Bar For Salad', 'Ready Food']",Super Duper Savers,Supermarket,1.89 Millions,0.9261 Millions,2265.9,853.22,568.75,677.285,PraT4,MG,-19.305543300980283,measure: -48.93407917705181,Sao Paulo,sp,-23.485253731057767,-46.73312974854289,5.0
mc_ID_8163,"single female with four children, education: high school degree working as skilled manual",30K+,"Vegetables from Produce department, Ordered Brand : Tri-State",13.8818,9.521,recyclable,,Go For It,SUPERMARKET,11.61 Millions,4.1796 Millions,2049.72,457.36,304.91,509.6635,taboao da serra,$P,-23.631791720785976,-46.80447093588782,sañto andre ,SP,-23.66033225007211,-46.52820295475792,5.0
mc_ID_8164,"Single Male with No children, education: partial college working as professional",50K+,"Starchy Foods from Starchy Foods department, Ordered Brand : Discover",28.0543,25.0018,non recyclable,"['Ready Food', 'Bar For Salad']",Super Savers,Supermarket,7.41 Millions,3.705 Millions,2448.37,472.27,313.55,754.7413, itatiba ,$P,-23.005474434298936,-46.84112811740003,SAO PAULO,SP,-23.55487039661836,-46.5943762934965,4.0
mc_ID_8165,"Married Female with two children, education: partial college working as clerical",30K+,"Vegetables from Produce department, Ordered Brand : Tell Tale",measure: 20.2049,17.1524,recyclable,"['Florist', 'Ready Food', 'Video Store', 'Coffee Bar', 'Bar For Salad']",Price Smashers,Deluxe,$5.92 Millions,2.6048 Millions,1526.35,,250.06,499.2035,saopaulo,SP,-23.48817852178432,-46.62869344463039,$Ao PaUlo, SP ,-23.53108125950717,measure: -46.51791357132556,1.0
mc_ID_8166,"Married Male with three children, education: bachelors degree working as professional",70 Thousand,"Snack Foods from Snack Foods department, Ordered Brand : Nationeel",13009.70 grams,10.0879,non recyclable,"['Ready Food', 'Bar For Salad', 'Video Store', 'Florist', 'Coffee Bar']",,DELUXE,7.35 Millions,2.2785 Millions,1871.16,593.93,395.95,measure: 519.7574,reclfe,PE,-8.035457003721227,-34.89245369438057,teresopolis,Rj,-22.428725888669057,-42.97556752642736,4.0
mc_ID_8169,"Single Male with three children, education: partial college working as management",30K+,"Snack Foods from Snack Foods department, Ordered Brand : Nationeel",24.7111,21.8039,recyclable,"['Ready Food', 'Florist', 'Coffee Bar', 'Bar For Salad']",Roller Savings (High) ,Gourmet,$4.68 Millions,2.0592 Millions,1563.41,385.45,256.97,637.6939,sao paulo,SP,-23.70689244546711,data: -46.69166124271453,rio de janeiro,rj,-23.00927096142304,-43.42940927644404,1.0
mc_ID_8170,"Single Female with No children, education: high school degree working as skilled manual",€25K+,"Beer and Wine from Alcoholic Beverages department, Ordered Brand : Good",-10.0153,8.5471,non recyclable,,Price Winners,Mid-Size,€2.8M,1.5228 Millions,2819.7,447.7,298.5,478.9634,RuY baRbosA,B@,-12.286438949954182,-40.50143616163704,SAO PAULO_,SP,-23.59798552039933,val: -46.55547278711988,3.0
mc_ID_8171,"Married Male with two children, education: partial high school working as manual",30K+,"Vegetables from Canned Foods department, Ordered Brand : Just Right",14.5359,13.0823,recyclable,"['Ready Food', 'Bar For Salad']",Save It (Sale),Supermarket,$3.6 Millions,1.188 Millions,2265.9,853.22,568.75,339.1132,guarulhos,SP,-23.46307610751172,-46.51553610303015,sao paulo,SP,-23.53877907744238,-46.53648566833056,3.0
mc_ID_8173,"SINGLE MALE WITH THREE CHILDREN, EDUCATION: HIGH SCHOOL DEGREE WORKING AS MANUAL",50K+ annually,"Jams and Jellies from Baking Goods department, Ordered Brand : Plato",-13.5184,-10.6112,recyclable,['Florist'],Price Destroyers,Superm@rket,4.44 Millions,1.6428 Millions,1317.94,523.32,348.85,710.8616,sao paulo,SP,-23.53813408465576,-46.58549886150382, ibitinga,SP,-21.7664768468313,-48.83154737836604,5.0
mc_ID_8174,"single male with no children, education: partial high school working as manual",10 Thousand,"Hygiene from Health and Hygiene department, Ordered Brand : Bird Call",20.3503,15.9895,non recyclable,"['Coffee Bar', 'Ready Food', 'Bar For Salad', 'Video Store', 'Florist']",GLD,Deluxe,€3.8M,1.9536 Millions,1871.16,###,395.95,484.1411,ITAJA,go,-19.06516079784339,amount: -51.54703879034617,ASSIS,sp,-22.64961538190318,-50.406862966414685,data: 5.0
mc_ID_8175,"Married Female with three children, education: graduate degree working as professional",70K+,"Starchy Foods from Starchy Foods department, Ordered Brand : Monarch",18.8967,14.5359,non recyclable,"['Ready Food', 'Video Store', 'Bar For Salad', 'Coffee Bar', 'Florist']",Lottery Cash Registerion,Deluxe,10.4 Millions,4.576 Millions,1734.5,503.07,334.38,313.0678,SEREFINA CORREA,R5,-28.707950159505703,-51.93015348071435,maringa,PR,-23.437975269077903,-51.91385959802448,val: 5.0
mc_ID_8179,"Married Female with two children, education: high school degree working as professional",70K+,"Jams and Jellies from Baking Goods department, Ordered Brand : BBB Best",13.6347,10.73 kg,recyclable,"['Florist', 'Ready Food', 'Coffee Bar', 'Bar For Salad']",Save Price,Deluxe,3.3 Millions,1.32 Millions,2055.29,654.13,434.33,584.191,be7im_,MG,-19.859018919787648,-44.15551948098565,rio de janeiro,RJ,-22.87459850346245,data: -43.477731000000006,5.0
mc_ID_8180,"Married Female with No children, education: high school degree working as skilled manual",360+ monthly,"Snack Foods from Snack Foods department, Ordered Brand : Best Choice",22.8214,21.2225,non recyclable,"['Florist', 'Bar For Salad', 'Coffee Bar', 'Ready Food']",Price Cutters,Gourmet,5.94Ms,2.3166 Millions,1564.86,385.45,256.97,729.2712,tres de maio,R5,amount: -27.713180999999945,-54.26528299999997,osasco,Sp,-23.5168573377747,-46.770197196975495,5.0
mc_ID_8181,"married  female  with  four  children,  education:  bachelors  degree  working  as  professional",50K+,"Canned Soup from Canned Foods department, Ordered Brand : Bravo",8.9832,6.0615,recyclable,"['Ready Food', 'Florist', 'Coffee Bar', 'Bar For Salad', 'Video Store']",Save It (Sale),Deluxe,2.56 Millions,0.9216 Millions,1524.01,373.1,248.79,measure: 393.4006,sao carlos do ivai,PR,-23.31526677301588,data: -52.47872760611005,santo andre,SP,-23.70007597807146,-46.512702481822366,10.0/10
mc_ID_8182,"Single Female with four children, education: partial high school working as skilled manual",10K+,"Hygiene from Health and Hygiene department, Ordered Brand : Faux Products",-29.944,28.4904,non recyclable,"['Florist', 'Coffee Bar', 'Bar For Salad', 'Ready Food']",Two Day Sale,Gourmet,3.68 Millions,1.3248 Millions,1564.86,,256.97,R$2678.31,ferraz de vasconcelos,SP,-23.517399656673792,-46.37005904079865,assis,SP,-22.66791333527613,-50.41920174522468,5.0
mc_ID_8184,"Married  Female  with  five  children,  education:  batchelors  degree  working  as  professional",130K+,"Hot Beverages from Beverages department, Ordered Brand : Plato",9.8554,6.9482,non recyclable,"['Bar For Salad', 'Ready Food']",Full Free,SUPERMARKET,6.57 Millions,1.971 Millions,2265.9,,568.75,736.907,cAmPINas,SP,-22.908292093622787,-47.09417761615002,marilia,SP,-22.193082052455427,-49.948926747706174,5.0
mc_ID_8185,"Married Female with one child, education: bachelors degree working as professional",70K+ annually,"Pure Juice Beverages from Beverages department, Ordered Brand : Skinner",measure: 11.4398,8.5181,recyclable,,Go For It,Supermarket,5.82 Millions,1.746 Millions,,,304.9,525.8765,pRiMAverA DO leSTe,MT,amount: -15.572155522371638,amount: -54.305904302386686,saopau1o,Sp,-23.626269,-46.586534475523,5.0
mc_ID_8187,"Married Female with three children, education: bachelors degree working as management",90K+,"Vegetables from Produce department, Ordered Brand : Tri-State",23.4028,21949.30 grams,non recyclable,"['Ready Food', 'Video Store', 'Florist', 'Bar For Salad', 'Coffee Bar']",One Day Sale,GOURMET,5.13 Millions,2.2059 Millions,1424.85,465.54,310.3,449.1524,CUritiBa,PR,-25.432110597005,-49.25976793963871,novo 	hamburgo,rs,-29.6881809883103,-51.0915608374261,5.0
mc_ID_8188,"Married Male with two childran, education: graduate degree working as management",70 Thousand,"Snack Foods from Snack Foods department, Ordered Brand : Best Choice",-23.5482,20.641,non recyclable,,,Supermarket,6.88Ms,2.2016 Millions,2049.72,457.36,304.91,610.5502,MoNTeS cLArOS,MG,amount: -16.718833477927223,-43.8691627456287,curitib4,PR,-25.464029318048183,-49.30472794690424,measure: 5.0
mc_ID_8189,"Married Male with three children, education: high school degree working as management",130K+,"Meat from Deli department, Ordered Brand : Moms",23.5482,20.641,recyclable,,Price Winners,"Mid-Size
",€6.5M,2.541 Millions,2822.05,449.7,297.89,478.9634,praia grande,SP,-24.016283558765817,-46.39843570349071,araraquara,SP,-21.760806096824155,-48.17228519205648,5.0
mc_ID_8190,"Married Female with four children, education: partial high school working as manual",10 Thousand,"Cleaning Supplies from Household department, Ordered Brand : Cormorant",29.2172,26.31,recyclable,"['Ready Food', 'Coffee Bar', 'Florist', 'Bar For Salad', 'Video Store']",Shelf Clearing Days,deluxe,2.48 Millions,0.992 Millions,1871.16,593.93,397.91,516.7763,	JUNDIAI,5P,-23.211714582578274,-46.8753760355472,BRUSQUE,SC,-27.14105704919435,-48.96146112936535,5.0
mc_ID_8191,"Married Male with No children, education: bachelors degree working as management",50K or more,"Vegetables from Produce department, Ordered Brand : Tri-State",measure: 23.1121,-20.0596,recyclable,"['Florist', 'Bar For Salad', 'Ready Food', 'Coffee Bar', 'Video Store']",,Gourmet,$5.06 Millions,2.4288 Millions,1424.85,,310.3,360.7131,Quixada,Ce,-4.986897848566919,-39.0178861675105,Sao PAul0,5P,-23.4719444074384,-46.59864459256161,5.0
mc_ID_8192,"Married Female with two children, education: high school degree working as professional",70K+,"Snack Foods from Snack Foods department, Ordered Brand : Fort West",13.5329,10.6258,non recyclable,"['Video Store', 'Florist', 'Coffee Bar', 'Bar For Salad', 'Ready Food']",You Save Days,Gourmet,10.64 Millions,5.32 Millions,1422.04,465.54,310.73,689.3663,corinto,MG,-18.37274023725631,-44.44528162699128,penapolls,SP,-21.426570046543283,measure: -50.06791761043272,5.0
mc_ID_8193,"Single Male with No children, education: graduate degree working as professional",70K+,"Candy from Snacks department, Ordered Brand : Gulf Coast",-27.4729,24.4204,recyclable,,Weekend Discount,,7.36 Millions,2.576 Millions,1510.69,227.8,,val: 735.1811,campos dos goytacazes,rj,-21.753758653386228,-41.33389901937112,sao paulo,SP,-23.54029947071385,-46.66278360519932,5.0
mc_ID_8195,"Married Male with one child, education: bachelors degree working as professional",70K+,"Candy from Snacks department, Ordered Brand : Musial",28.6358,-0.1,recyclable,"['Bar For Salad', 'Florist', 'Coffee Bar', 'Ready Food']",Full Free,deluxe,8.4Ms,3.024 Millions,2055.29,656.13,436.09,288.5914,sao paulo,SP,-23.60400209853421,val: -46.67823278143572,iBiTinGa,SP,-21.7664768468313,-48.83154737836604,5.0
mc_ID_8196,"Single Male with No children, education: high school degree working as skilled manual",30K+,"Vegetables from Produce department, Ordered Brand : Tell Tale",13.2132,312.26 oz,non recyclable,['Florist'],,suPErMaRkET,7.8 Millions,3.588 Millions,1320.15,523.32,348.85,R$3791.51,sorokaba,SP,-23.50804657201805,-47.438707709821706, ribeirao preto,Sp,-21.17121748495008,val: -47.81941847157649,5.0
mc_ID_8197,"MARRIED MALE WITH FOUR CHILDREN, EDUCATION: PARTIAL HIGH SCHOOL WORKING AS MANUAL",10K+,"Meat from Meat department, Ordered Brand : Footnote",19187.40 grams,16.1349,non recyclable,"['Florist', 'Coffee Bar', 'Bar For Salad', 'Video Store', 'Ready Food']",,Gourmet,3.88 Millions,1.2804 Millions,1424.85,465.54,310.7,404.3836,Governador Cel5O Ramos,sc,-27.377327999999945,-48.577062499999954,SaoPaulo,Sp,-23.554079433810344,-46.53324185942636,5.0
mc_ID_8198,"Married Male with two children, education: partial high school working as skilled manual",10K+,"Bathroom Products from Household department, Ordered Brand : Sunset",10.4368,8.9687,non recyclable,"['Bar For Salad', 'Florist', 'Video Store', 'Ready Food', 'Coffee Bar']",, Gourmet,1.06 Millions,0.3922 Millions,,465.54,310.3,281.4786,DOIS IRMAOS ,RS,-29.58769365168213,val: -51.09061000331821,guarulhos,SP,-23.44634995836461,-46.54365549347912,4.0
mc_ID_8199,"SiNgLe fEmAlE WiTh fIvE ChIlDrEn, EdUcAtIoN: bAcHeLoR'Ss dEgReE WoRkInG As pRoFeSsIoNaL",50K+,"Hot Beverages from Beverages department, Ordered Brand : Super",11.5706,8.6634,non recyclable,['Coffee Bar'],Discount Frenzy,Small Grocery,"2.74 ,000,000illions",0.8494 Millions,2069.04,,220.23,570.2269,BELAM,Pa,-1.4224300521669595,-48.46335636193654,Ponte Nova,mg,-20.415339248383304,measure: -42.89153741877715,5.0
mc_ID_8200,"mARRIED mALE WITH TWO CHILDREN, EDUCATION: PARTIAL COLLEGE WORKING AS PROFESSIONAL",130K+,"Snack Foods from Snack Foods department, Ordered Brand : Fast",12.1956,7.8349,recyclable,"['Bar For Salad', 'Ready Food', 'Florist', 'Video Store', 'Coffee Bar']",Save It (Sale),DELUXE,"8.7 ,000,000illions",3.132 Millions,1734.5,503.07,335.38,R$4153.09,5ao paulo,SP,-23.65677048182236,measure: -46.71340468220902,santo  andre,5P,-23.665703457960586,-46.51808196779969,
mc_ID_8201,"Single Male with three childran, education: bachelors degree working as professional",50K+,"Kitchen Products from Household department, Ordered Brand : Sunset",25.0018,20.641,non recyclable,"['Video Store', 'Florist', 'Coffee Bar', 'Bar For Salad', 'Ready Food']",Price Slashers,DeluXe,2.67 Millions,1.2015 Millions,1526.45,373.1,248.79,val: 403.9652,rio de janeiro,RJ,-22.99920563249489,-43.2722509879392,sao jose dos campos,SP,-23.221587583126546,-45.90665169219235,5.0
mc_ID_8202,"Single Male with one child, education: graduate degree working as management",90K+,"Snack Foods from Snack Foods department, Ordered Brand : Best Choice",10.5967,amount: 6.2214,recyclable,"['Coffee Bar', 'Ready Food', 'Bar For Salad', 'Florist']",Dollar Days,DELUXE,8.1 Millions,3.321 Millions,2055.29,654.13,436.09,725.9763,porto alegre,RS,-30.01789974937962,-51.097314656673774,sao paulo,SP,,,4.0
mc_ID_8203,"Married Female with two children, education: high school degree working as skilled manual",30k,"Canned Sardines from Canned Foods department, Ordered Brand : Better",17.1524,12.7916,non recyclable,,Budget Bargains,,2.4 Millions,0.816 Millions,,341.05,227.33,623.7298,niquelandia,Go,-14.459445822167028,-48.45623655811772,itaquaquecetuba,SP,-23.48262344063541,-46.37448952833195,4.0
mc_ID_8204,"Married Female with two children, education: high school degree working as skilled manual",30K+,"Meat from Frozen Foods department, Ordered Brand : Golden",21.2225,-16.8617,non recyclable,,Sales Days,SUPERMARKET,"11.24 ,000,000illions",3.4844 Millions,2048.39,459.36,304.91,610.5502,OSASCO,SP,-23.53814645424444,,sao paulo,sp,-23.479316999999995,-46.5904340471753,5.0
mc_ID_8206,"Single Male with four children, education: partial college working as skilled manual",30K+,"Meat from Deli department, Ordered Brand : Moms",25.7286,24.275,recyclable,"['Bar For Salad', 'Video Store', 'Coffee Bar', 'Florist', 'Ready Food']",Big Time Saving,Deluxe,12.05Ms,4.579 Millions,1735.27,503.07,333.57,data: 279.5435,sales,SP,-21.339803136118363,-49.4954618429649,itaquaquecetuba,SP,-23.48262344063541,amount: -46.37448952833195,5.0
mc_ID_8207,"Single Female with four children, education: bachelors degree working as management",70K+,"Electrical from Household department, Ordered Brand : Sunset",558.89 oz,12.9224,recyclable,"['Bar For Salad', 'Video Store', 'Florist', 'Coffee Bar', 'Ready Food']",Tip Top Savings,Deluxe,10.47 Millions,4.188 Millions,2038.11,483.98,321.26,416.2557,paulinia,SP,-22.77928239439665,-47.17683629156326,maua,$P,-23.656676689970634,-46.44420755410021,5.0
mc_ID_8208,"Maried Female with four children, education: high school degree working as skilled manual",30K or more,"Beer and Wine from Alcoholic Beverages department, Ordered Brand : Portsmouth",12.2247,10.7566,non recyclable,"['Florist', 'Coffee Bar', 'Video Store', 'Bar For Salad', 'Ready Food']",One Day Sale,,10.29 Millions,4.6305 Millions,1424.85,465.54,310.3,449.1524,kabo frio,RJ,-22.87819893069184,-42.0153349507779,CURiTIBa ,PR,measure: -25.4727349417162,amount: -49.30563836747645,measure: 3.0
mc_ID_8209,"Single Female with three children, education: partial college working as professional",30K+,"Pure Juice Beverages from Beverages department, Ordered Brand : Excellent",19.1874,17.5885,recyclable,['Coffee Bar'],Savings Galore,Supermarket,4.82 Millions,2.0726 Millions,1236.07,440.92,293.95,724.5119,5anta maria,RS,-29.691002326389324,-53.80623715543304,Sao Bernardo Do Campo,"$P
",-23.699353075768943,data: -46.5600310818858,4.0
mc_ID_8210,"MARRIED MALE WITH FOUR CHILDREN, EDUCATION: PARTIAL HIGH SCHOOL WORKING AS MANUAL",10K or more,"Fruit from Produce department, Ordered Brand : Hermanos",21.8039,20.3503,recyclable,"['Bar For Salad', 'Ready Food', 'Coffee Bar', 'Florist']",Weekend Discount,"Gourmet
",10.24 Millions,4.3008 Millions,1567.81,385.45,256.97,470.177,palotina_,PR,-24.2874063973452,-53.83883336666032,sau paulo,SP,-23.611144809596667,-46.66417225200534,5.0
mc_ID_8211,"Single Male with two children , education: partial high school working as skilled manual",$10K+,"Dairy from Dairy department, Ordered Brand : Club",29.944,27.0368,recyclable,,Price Slashers,supermarket,1.42 Millions,0.497 Millions,1508,227.8,151.9,351.456,sao paulo,sp,-23.7716282231164,-46.68156962761963,goiania_,GO,-16.7130367660346,-49.30127628290576,5.0
mc_ID_8213,"married female with three kidren, education: bachelors degree working as professional.",50K+,"Vegetables from Frozen Foods department, Ordered Brand : Carrington",13.344,11.8904,non recyclable,['Florist'],Best Savings,Supermarket,7.4 Millions,2.368 Millions,1322.52,523.32,347.25,281.4786,sobral ,CE,-3.684198248162681,-40.31643184069993,Sao Paulo,sp,data: -23.71992046378896,-46.693208556754605,5.0
mc_ID_8214,"Married Female with five children, education: high school degree working as management, education: high school degree working as management",110000,"Bread from Baked Goods department, Ordered Brand : Great",25.2925,20.7864,recyclable,"['Florist', 'Ready Food', 'Coffee Bar', 'Bar For Salad']",Roller Savings (High) ,Gourmet,9.81 Millions,4.2183 Millions,1564.86,385.45,257.88,637.6939,"SAO PAULO
",SP,-23.569353157366287,-46.63690014002537,sao paulo,Sp,-23.55684999916328,-46.56941527477062,5.0
mc_ID_8215,"Married Male with one child, education: bachelor'ss degree working as professional",50K or more,"Dairy from Dairy department, Ordered Brand : Club",19.4781,16.4256,non recyclable,"['Ready Food', 'Bar For Salad', 'Video Store', 'Florist', 'Coffee Bar']",You Save Days,"Gourmet
",2.22 Millions,0.7548 Millions,1424.85,465.54,310.3,689.3663,guaru1hos,SP,-23.465607904524205,-46.55524175728547,piracicaba,SP,-22.71683928585045,val: -47.65736585405934,3.0
mc_ID_8217,"Single Male with three children, education: bachelors degree working as professional",70K+,"Canned Oysters from Canned Foods department, Ordered Brand : Bravo",28.7811,27.1822,non recyclable,['Coffee Bar'],,Supermarket,8.48 Millions,4.24 Millions,1236.07,,293.95,688.1634,taquaritinga,SP,data: -21.40988100649633,-48.49689418444743, BELO HORIZOÑTE ,MG,-19.91624655709342,measure: -43.93623364096637,4.0
mc_ID_8218,"Married Male with one child, education: high school degree working as skilled manual",50K+,"Starchy Foods from Starchy Foods department, Ordered Brand : Jardon",25.2925,20.7864,non recyclable,"['Bar For Salad', 'Florist', 'Ready Food', 'Coffee Bar']",Saving Days,Gourmet,2.32 Millions,0.9048 Millions,1565.55,385.45,,474.0995,Timb0,sC,-26.83365489702238,-49.26170944102369,Cascavel,PR,-24.966371460470743,-53.46488320191585,4.0
mc_ID_8219,"Single Female w/ one child, education: partial High School working as manual",10K+,"Pizza from Frozen Foods department, Ordered Brand : Imagine",data: 10.0007,7.0935,recyclable,"['Video Store', 'Florist', 'Bar For Salad', 'Coffee Bar', 'Ready Food']",Big Time Discounts,Deluxe,4.65Ms,1.7205 Millions,,481.98,321.26,328.1302,sao paulo,sp,-23.57744523619365,-46.58928864723873, piracicaba,	Sp,-22.71683928585045,data: -47.65736585405934,5.0 stars
mc_ID_8221,"Married Female with two children, education: partial college working as clerical",30K+,"Baking Goods from Baking Goods department, Ordered Brand : Landslide",1087.01 oz,29.3626,recyclable,['Florist'],Pick Your Savings,Supermarke7,7.08 Millions,3.0444 Millions,1320.15,523.32,349.54,769.6991,LARANJAL PAULISTA,SP,-23.03582473318652,-47.8363026594829,Sao Bernardo Do Campo,SP,-23.71688471949829,-46.54199108267673,5.0
mc_ID_8222,"Single Male with two children, education: graduate degree working as professional",70K+,"Carbonated Beverages from Beverages department, Ordered Brand : Washington",22.9668,20.0596,non recyclable,"['Bar For Salad', 'Ready Food', 'Video Store', 'Florist', 'Coffee Bar']",Lottery Cash Registerion,Deluxe,"3.45 ,000,000illions",1.242 Millions,1734.5,503.07,336.23,313.0678,suzano,sp,-23.540654596710155,-46.3020791995823,s4o paulo,SP,-23.605673521784304,-46.618990239800326,5.0
mc_ID_8224,"Married Male with two children, education: partial college working as professional",30K+ annually,"Meat from Deli department, Ordered Brand : Lake",-11.3235,8.4018,recyclable,"['Florist', 'Ready Food', 'Bar For Salad', 'Coffee Bar']",Budget Bargains,Deluxe,$1.28 Millions,0.4864 Millions,2055.29,,435.25,715.1502,caxias do sul_,RS,-29.17928910622808,measure: -51.19211762043794,BLUMEN@U,SC,measure: -26.91141069525076,val: -49.11143612738765,5.0
mc_ID_8225,"Married Male with three children, education: bachelors degree working as management",50K+,"Plastic Products from Household department, Ordered Brand : Cormorant",24.8564,data: 23.4028,recyclable,['Florist'],,Supermarket,10.72 Millions,4.824 Millions,,523.32,350.35,€452.73,rio de janeiro,RJ,-22.84519497945644,-43.30289927961805,penapolis,SP,-21.426570046543283,measure: -50.06791761043272,5.0
mc_ID_8226,"Singlee Male with five children, education: partial High School working as skilled manual",10K+,"Breakfast Foods from Breakfast Foods department, Ordered Brand : Radius",amount: 11.5125,8.6053,non recyclable,['Coffee Bar'],Discount Frenzy,sUpermArKET,4.14 Millions,1.8216 Millions,1236.07,440.92,293.55,val: 760.4943,VARZELANDIA,Mg,-15.697271568597944,-44.04028615351945,borda da mat@,MG,-22.264093569966427,-46.15856420525942,4.0
mc_ID_8227,"Single Female with four children,education: partial high school working as skilled manual",10K+,"Dairy from Dairy department, Ordered Brand : Even Better",19.0421,-0.1,recyclable,"['Video Store', 'Bar For Salad', 'Ready Food', 'Florist', 'Coffee Bar']",Two Day Sale,gourmet,3.36 Millions,1.2096 Millions,,,311.73,588.4796,caxias d0 sul,RS_,-29.151517655694896,-51.22367778576782,sao paulo,SP,data: -23.62358155176294,-46.61056007369148,5.0
mc_ID_8228,Single Male with four childran; education: High School degree working as manual,Income: 30K+,"Fruit from Produce department, Ordered Brand : Tri-State",22.676,21.2225,recyclable,"['Florist', 'Bar For Salad', 'Ready Food', 'Coffee Bar', 'Video Store']",,Gourmet,1.86 Millions,0.8184 Millions,1426.92,465.54,311.23,304.1768,lavras,_mg,-21.24898018734491,-44.99817928074323,rio de janeiro,rj,-22.842290284753936,-43.29762071175495,amount: 5.0
mc_ID_8229,Married Male with two children and education: bachelors degree working as management,70K+,"Cleaning Supplies from Household department, Ordered Brand : Sunset",30.5255,26.1647,non recyclable,['Florist'],,SupeRMarkeT,3.32 Millions,1.4276 Millions,1321.38,523.32,348.85,769.6991,jundia1,SP,-23.17965058485729,-46.90576352862229,sao paulo,SP,-23.611144809596667,-46.66417225200534,5.0
mc_ID_8230,"Single Female with four children, education: high school degree working as skilled manual",30K+,"Bread from Baked Goods department, Ordered Brand : Fantastic",8.7797,5.858,recyclable,"['Ready Food', 'Florist', 'Bar For Salad', 'Coffee Bar', 'Video Store']",Sale Winners,deluXe,13.68 Millions,6.7032 Millions,1871.16,593.93,395.95,519.7574,rio branco,AC,-9.957252211014918,-67.78634877607972,sao p4ulo, Sp,-23.59272363197529,-46.6315844403312,3.0
mc_ID_8231,"Married Female with three kidren, education: partial high school working as manual",10K or more,"Pizza from Frozen Foods department, Ordered Brand : Big Time",19.7689,16.8617,recyclable,,Sales Days,,4.65 Millions,1.674 Millions,1623.48,,225.79,743.1307,guarulhos,SP,-23.45380367638063,-46.45145445920133,sao paulo,Sp,-23.4719444074384,-46.59864459256161,5.0
mc_ID_8232,"Married Male with two children, education: high school degree working as manual",30K+,"Paper Products from Household department, Ordered Brand : Sunset",19.1874,16.1349,recyclable,"['Bar For Salad', 'Coffee Bar', 'Florist', 'Ready Food']",GLD,Gourmet,3.5 Millions,1.155 Millions,1564.86,385.45,255.46,396.2248,sao luis,M4,-2.554310210658427,-44.23478518942236,Santo Andre, SP ,-23.665703457960586,-46.51808196779969,4.0
mc_ID_8233,"Single Male with one child, education: high school degree working as professional",130K+,"Vegetables from Produce department, Ordered Brand : High Top",17.5885,14.6813,recyclable,['Coffee Bar'],Two Day Sale,supermarket,€7.7M,2.9056 Millions,1236.53,442.92,293.95,477.3944,sao luis,MA,-2.508543046667356,amount: -44.303019926805405,bombinhas,SC,-27.14294161449014,-48.50728684609616,data: 3.0
mc_ID_8234,"Marriied Female with No children, education: high school degree working as manual",50K+,"Side Dishes from Deli department, Ordered Brand : Cutting Edge",12.3119,10.8583,recyclable,['Coffee Bar'],Weekend Discount,,3.99 Millions,1.5561 Millions,1236.9,440.92,293.95,364.1649,guarulhos,sp,-23.4967913119626,-46.555892863725546,Itaqu4QUeCEtuBA,SP,-23.48262344063541,-46.37448952833195,4.0
mc_ID_8235,"Married Female with two children, education: bachelors degree working as professional",$50K+,"Fruit from Produce department, Ordered Brand : Hermanos",31.3976,-27.0368,recyclable,"['Bar For Salad', 'Coffee Bar', 'Ready Food', 'Florist']",,Deluxe,"11.6 ,000,000illions",4.64 Millions,2055.29,654.13,436.65,725.9763,jatai,Go,-17.8856069719365,-51.719640227882586,sao p4ulo,_SP,-23.71992046378896,-46.693208556754605,5.0
mc_ID_8236,"Married Female with two children, education: bachelors degree working as professional",50K+,"Fruit from Produce department, Ordered Brand : Tell Tale",14.32 kg,11.4107,non recyclable,"['Video Store', 'Florist', 'Coffee Bar', 'Bar For Salad', 'Ready Food']",Price Cutters,Gourmet,10.96 Millions,5.2608 Millions,1424.85,465.54,310.3,675.716,praia grande,Sp,-24.016283558765817,val: -46.39843570349071,rio de janeiro,RJ,amount: -22.93125598447676,-43.17881321481337,1.0
mc_ID_8237,"sINGLE fEMALE WITH FIVE CHILDREN,EDUCATION: BATCHELORS DEGREE WORKING AS PROFESSIONAL",$50K+,"Frozen Desserts from Frozen Foods department, Ordered Brand : Carrington",25.7286,21.3678,recyclable,"['Coffee Bar', 'Bar For Salad', 'Florist', 'Ready Food', 'Video Store']",I Cant Believe It Sale,Deluxe,5.3Ms,2.544 Millions,1736.79,503.07,335.38,363.3281, brasilia,Df,-15.64492951615352,-47.79056891423037,ibitinga,$P,-21.7664768468313,-48.83154737836604,4.0
mc_ID_8239,"Single Female with No children, education: bachelors degree working as professional",70K+,"Bathroom Products from Household department, Ordered Brand : Sunset",10.4368,8.9687,non recyclable,"['Florist', 'Ready Food', 'Video Store', 'Coffee Bar', 'Bar For Salad']",Shelf Clearing Days,deluxe,$1.06 Millions,0.4134 Millions,1869.08,593.93,395.95,516.7763,cachoeiras de macacu,Rj,-22.46501185656128,amount: -42.657960353794586,sao pauIo,$P,-23.62358155176294,-46.61056007369148,4.0
mc_ID_8240,"Single Male with two children, education: bachelors degree working as professional",90K+,"Vegetables from Produce department, Ordered Brand : Tell Tale",21.5132,18.606,recyclable,"['Coffee Bar', 'Ready Food', 'Video Store', 'Bar For Salad', 'Florist']",,Daluxe,3.42 Millions,1.5048 Millions,1869.52,593.93,395.95,484.1411,sao pau1o,SP,-23.6274328395753,-46.683821588118185, LOUVEIRA,SP,-23.08412527710581,-46.98121307089687,4.0
mc_ID_8241,"Single Female with two children, education: bachelors degree working as professional",$50K+,"Hygiene from Health and Hygiene department, Ordered Brand : Steady",-13.344,8.9832,non recyclable,"['Bar For Salad', 'Florist', 'Ready Food', 'Coffee Bar']",Three for One,,3.84 Millions,1.344 Millions,2055.68,654.13,436.86,640.5181,codo,_MA,-4.459910932714865,-43.880692216944,braganca paulista,SP,-22.95750491772243,-46.52488623678449,5.0
mc_ID_8242,"Single Male with three children, education: high school degree working as skilled manual",Income: 30K+,"Kitchen Products from Household department, Ordered Brand : Denny",30.6708,26310.00 grams,non recyclable,,Savings Galore,Supermarket,6.32 Millions,3.0968 Millions,2048.26,457.36,,714.2611,belo horizonte,MG_,-19.92159682447856,-43.95817411951201, sao paulo ,SP,-23.62880268351412,-46.69123743429186,5.0
,Single Male with five children + education: bachelors degree working as professional,Income: 70K+,"Dairy from Dairy department, Ordered Brand : Booker",12.2393,7.8785,recyclable,"['Ready Food', 'Bar For Salad']",Money Savers,_Supermarket,4.7 Millions,1.551 Millions,2268.69,853.22,568.75,432.0503,londrina,PR,-23.29629750275249,-51.18570169059656,FAZENDA RIO GRANDE, Pr ,-25.665981910215244,-49.32886111300174,Not Specified
mc_ID_8244,"Single Female with one child, education: bachelors degree working as management",50000,"Snack Foods from Snack Foods department, Ordered Brand : Fast",31.69 kg,30.0894,recyclable,"['Bar For Salad', 'Coffee Bar', 'Ready Food', 'Video Store', 'Florist']",Best Savings,Gourmat,€6.2M,2.9848 Millions,1424.85,467.54,309.93,281.4786,PapAgaIos,MG,-19.44022546096705,data: -44.752428646173385,sao paulo_,$P,amount: -23.62358155176294,-46.61056007369148,1.0
mc_ID_8245,"Married Female with three children, education: bachelors degree working as professional",70K+,"Fruit from Produce department, Ordered Brand : Hermanos",31.3976,data: 27.0368,recyclable,,Sales Days,SUPERMARKET,11.6 Millions,5.336 Millions,2048.04,457.36,,610.5502,rio grande,RS,-32.06167451342092,-52.16588860914919,dracena,SP,-21.4988715,data: -51.53786099999999,3.0
mc_ID_8247,"Maried Male with No children,education: Bachelors degree working as professional",110K+,"Snack Foods from Snack Foods department, Ordered Brand : Nationeel",10.4223,8.9687,non recyclable,"['Ready Food', 'Bar For Salad']",Big Time Discounts,Supermarket,3.99 Millions,1.5561 Millions,2448.37,470.27,313.55,501.9754,sao paulo,5P_,measure: -23.61118969331752,-46.44720347362805,SANTA BARBARA D'OESTE,SP,-22.75967282783305,-47.364736674563375,5.0
mc_ID_8248,"Married Female with one child, education: partial college working as clerical",30K+,"Magazines from Periodicals department, Ordered Brand : Excel",10.3205,7.3988,recyclable,"['Video Store', 'Florist', 'Coffee Bar', 'Bar For Salad', 'Ready Food']",Save Price,Deluxe,6.39 Millions,2.7477 Millions,1734.5,503.07,335.71,419.9167,Curitiba,PR,-25.424755962259752,-49.2010723395753,Laj3Ado,RS,-29.44175457955597,-51.96130964790591,amount: 3.0
mc_ID_8249,"Married Male with two children, education: high school degree working as manual.",30K+,"Vegetables from Produce department, Ordered Brand : Tell Tale",23.8389,val: 19.3328,recyclable,['Coffee Bar'],,SUPERMARKET,$4.82 Millions,1.7352 Millions,1236.07,440.92,,722.9429,santarem,pa,-2.417575154949091,amount: -54.71288661845902,sao paulo,SP,-23.71992046378896,-46.693208556754605,1.0
mc_ID_8252,"Single Female with No children, education: bachelors degree working as professional",50K+,"Canned Shrimp from Canned Foods department, Ordered Brand : Pleasant",23.2575,20.3503,non recyclable,"['Bar For Salad', 'Florist', 'Coffee Bar', 'Ready Food']",Roller Savings (High) ,GOURMET,11.08 Millions,3.5456 Millions,1564.86,385.45,256.97,measure: 637.6939,campina grande,	PB,-7.245618873160597,amount: -35.89097554010618,sao p4ulo,SP,-23.537511255832708,-46.63705730743676,1.0
mc_ID_8253,"Single Male with five children, education: high school degree working as skilled manual",Income: 30K+,"Seafood from Seafood department, Ordered Brand : Kiwi",26.7461,23.6936,recyclable,"['Ready Food', 'Bar For Salad', 'Coffee Bar', 'Florist']",GLD,Gourmet,9.0 Millions,3.6 Millions,1564.86,385.45,257.41,measure: 396.2248,iLIciNeA,mg,-20.944705621834668,data: -45.82709818233235,IBIT1NGA,sp,-21.7664768468313,-48.83154737836604,4.0
mc_ID_8257,"Single Female with five children, education: high school degree working as manual",30K+,"Canned Soup from Canned Foods department, Ordered Brand : Pleasant",19.6235,18169.90 grams,recyclable,,Budget Bargains,,$4.68 Millions,2.1528 Millions,2087.82,783.64,,546.0643,cubatao,sp,-23.91910635295328,-46.428526747007865,jakarei ,Sp,-23.29818595956356,-45.974828011182304,amount: 5.0
mc_ID_8258,"Married Male with four children, education: partial high school working as skilled manual",€8K+,"Magazines from Periodicals department, Ordered Brand : Mighty Good",19.9142,15.4081,non recyclable,['Coffee Bar'],Pick Your Savings,,7.4 Millions,3.034 Millions,1238.08,440.92,293.95,436.7573,curltiba,PR,-25.43871208756084,-49.24089260093047,santo andre,SP,-23.665703457960586,-46.51808196779969,3.0
mc_ID_8259,"Married Female with one child, education: partial college working as clerical",360+ monthly,"Cold Remedies from Health and Hygiene department, Ordered Brand : Hilltop",15.4081,12.5009,recyclable,"['Bar For Salad', 'Ready Food']",Price Destroyers,Supermarket,"8.49 ,000,000illions",3.3111 Millions,2265.9,853.22,568.75,601.7115,CAmpinaS,SP,-22.943830511384977,-47.11233196480047,,,,amount: nan,1.0
mc_ID_8260,"Married Male with five children, education: partial high school working as management",70K+,"Breakfast Foods from Frozen Foods department, Ordered Brand : Carrington",11.1054,8.1837,non recyclable,,Save It (Sale),$upermarket,1.71 Millions,0.684 Millions,2049.24,457.36,306.31,467.4051,barreiras,BA,-12.147030551377815,-44.99609163741842,uberlandia,MG,measure: -18.925348871775626,-48.24236513543774,5.0
mc_ID_8262,"Marriied Female wiht two children , education: bachelors degree working as management",50K+,"Beer and Wine from Alcoholic Beverages department, Ordered Brand : Pearl",15.5534,measure: 12.6317,non recyclable,"['Ready Food', 'Bar For Salad']",Shelf Clearing Days,Supermarket,€6.8M,3.8592 Millions,2265.9,853.22,568.48,554.903,SAO PauLO,Sp,-23.607327066515605,-46.50857706075226,piracicaba,SP,-22.71683928585045,val: -47.65736585405934,5.0
mc_ID_8263,"Married Female with one child, education: partial high school working as manual",€8K+,"Eggs from Eggs department, Ordered Brand : Jumbo",31.543,28.6358,non recyclable,"['Bar For Salad', 'Ready Food', 'Coffee Bar', 'Florist']",Weekend Discount,Gourme7,€3.6M,1.5336 Millions,1564.04,387.45,256.97,470.177,joao pessoa,Pb,-7.15209141661366,-34.83820211212422,_uba,MG,val: -21.120087446232457,-42.91067895264525,5.0
mc_ID_8264,"Married Male with three children, education: high school degree working as management",€127K+,"Snack Foods from Snack Foods department, Ordered Brand : Horatio",23.8389,22.24,recyclable,"['Video Store', 'Florist', 'Coffee Bar', 'Ready Food', 'Bar For Salad']",Bag Stuffer,Deluxe,2.46 Millions,1.107 Millions,1734.62,503.07,335.23,measure: 432.1026,ParAnapANEmA,SP,data: -23.385586077409,-48.71884722663808,sao bernardo do campo,SP,-23.723129438830654,-46.557639356367936,3.0
mc_ID_8265,Married Male with three children | education: high school degree working as management,150K+,"Dairy from Dairy department, Ordered Brand : Even Better",17.4431,13.0823,recyclable,"['Video Store', 'Bar For Salad', 'Ready Food', 'Coffee Bar', 'Florist']",I Cant Believe It Sale,Deluxe,2.16 Millions,0.7128 Millions,1734.5,503.07,335.67,363.3281,nilopolis,RJ,-22.81300526223381,-43.41178862420687,Rio De Janeiro,RJ,-22.920104850395337,data: -43.22138202997862,5.0
mc_ID_8267,Married Female with four children and education: bachelors degree working as professional,50K+,"Fruit from Produce department, Ordered Brand : Ebony",21.8039,data: 18.8967,non recyclable,"['Coffee Bar', 'Florist', 'Ready Food', 'Video Store', 'Bar For Salad']",Dimes Off,Deluxe,"9.72 ,000,000illions",4.2768 Millions,1873.11,593.93,395.95,474.7271,tereslna,Pi,data: -5.080876624947028,-42.819395080925325,sao paulo,SP,-23.543135968636395,-46.62371555453289,data: 1.0
mc_ID_8268,"Married Male with one child, education: partial high school working as skilled manual",10K+,"Snack Foods from Snack Foods department, Ordered Brand : Fort West",31.6883,28.6358,recyclable,"['Coffee Bar', 'Bar For Salad', 'Ready Food', 'Florist']",Weekend Discount,Deluxe,4.82 Millions,1.5424 Millions,2055.29,654.13,436.09,382.0515,venturosa,Pa,-8.58155669496958,-36.87812529015714,sumare,$P,-22.828654864562257,-47.267296160568925,5.0
mc_ID_8270,"Married Male with three children, education: bachelors degree working as management",50K+,"Electrical from Household department, Ordered Brand : Cormorant",24.5657,22.9668,recyclable,"['Bar For Salad', 'Coffee Bar', 'Florist', 'Video Store', 'Ready Food']",Go For It,Deluxe,4.35 Millions,1.653 Millions,2038.11,481.98,321.26,455.3761,Sao PaulO,sp,data: -23.725829378296496,-46.69231989286743,campo limpo paulista,5P,-23.20706431353269,-46.760735214610754,4.0
mc_ID_8271,"Married Female with one child, education: Bachelors degree working as professional",50K+,"Snack Foods from Snack Foods department, Ordered Brand : Fast",16.4256,12.0648,recyclable,"['Bar For Salad', 'Ready Food']",Three for One,,9.75 Millions,4.095 Millions,2448.93,470.27,311.58,656.2604,pariquera-acu,SP_,-24.72923631512427,-47.8751448746274,RIBEIRAO PRETO ,SP,-21.174925033585303,-47.7686162776848,5.0
mc_ID_8273,"education: partial high school working as manual, single female with four children",10K+,"Bread from Baked Goods department, Ordered Brand : Great",19.7689,16.8617,recyclable,,GLD,Supermarket,2.79 Millions,1.2555 Millions,2048.6,457.36,303.84,amount: 697.7866,curitiba,_Pr,-25.40283336663972,-49.24723070413756,atibaia,Sp,-23.112774381969185,-46.5488845105504,5.0
mc_ID_8274,"Single Female with two children, education: high school degree working as professional",110K+,"Hygiene from Health and Hygiene department, Ordered Brand : Hilltop",28.7811,25.7286,recyclable,"['Bar For Salad', 'Coffee Bar', 'Ready Food', 'Florist']",Save Price,DALUXE,$4.8 Millions,1.584 Millions,2055.29,,436.09,584.191,sao paulo,	SP,-23.52122103136361,-46.65296293450282, santo andre , 5P,-23.665703457960586,-46.51808196779969,5.0
mc_ID_8275,"Single Female with four children, education: high school degree working as skilled manual",Income: 30K+,"Starchy Foods from Starchy Foods department, Ordered Brand : Colossal",12.5009,9.5937,non recyclable,"['Video Store', 'Bar For Salad', 'Coffee Bar', 'Ready Food', 'Florist']",I Cant Believe It Sale,Deluxe,"5.12 ,000,000illions",2.0992 Millions,1734.5,503.07,335.38,363.3281,belo horizonte,MG,measure: -19.938406212043407,-43.93702206884405,mavegantes,SC,-26.88690680838387,-48.66214683641898,val: 5.0
mc_ID_8279,"Married_Male_with_one_kid,_education:_HS_degree_working_as_management",130000,"Vegetables from Canned Foods department, Ordered Brand : Blue Label",30.9615,-27.909,non recyclable,"['Bar For Salad', 'Florist', 'Coffee Bar', 'Ready Food']",Save Price,D3luxe,8.34Ms,3.5862 Millions,2056.03,,436.09,$584.19,Capitao Poco,Not Specified,-1.7550814598296698,-47.07094230837638,sao jose do rio preto,	SP,-20.81842802837701,-49.39248776604019,5.0
mc_ID_8280,"Married Female with one child, education: partial college working as professional",TBD,"Dairy from Dairy department, Ordered Brand : Club",56.72 lbs,22.8214,recyclable,['Coffee Bar'],Best Savings,,3.34 Millions,1.1022 Millions,1236.07,440.92,293.95,596.2723,sao bernardo do campo,$p,data: -23.745017999999945,amount: -46.572645499999965,sao pauIo,SP,-23.472335179294816,-46.64636526449883,10.0/10
mc_ID_8281,"Single Female with two children, education: high school degree working as skilled manual",€25K+,"Bread from Baked Goods department, Ordered Brand : Colony",27.4729,24.4204,recyclable,"['Florist', 'Ready Food', 'Coffee Bar', 'Bar For Salad']",Save It (Sale),DELUXE,4.26Ms,1.278 Millions,,654.13,436.09,728.9051,mogi das cruzes,5P,-23.535324166918866,-46.1906669977593,	mairipora,SP,data: -23.32358162262788,-46.571516434161296,5.0
mc_ID_8282,"Married Female with three children, education: bachelors degree working as professional",Income: 50K+,"Snack Foods from Snack Foods department, Ordered Brand : Nationeel",15.1174,10.7421,recyclable,,Price Winners,Supermarket,5.55 Millions,2.4975 Millions,2049.72,457.36,304.91,497.9483, BeLo HOriZoNtE ,MG,-19.935201059120523,data: -43.9567957307693,	sAO PAULo,5P,val: -23.500094175688144,-46.39903692936692,3.0
mc_ID_8286,"Married Female with four children, education: bachelors degree working as professional",50K+,"Starchy Foods from Starchy Foods department, Ordered Brand : Jardon",19.6235,16.7163,recyclable,"['Ready Food', 'Bar For Salad']",Money Savers,,5.7 Millions,1.767 Millions,,470.27,,290.0035,Votuporanga,Sp,-20.42166389708112,-49.96336392178048,bombinhas,SC,-27.14294161449014,-48.50728684609616,5.0
mc_ID_8292,"Single Female with two children, education: high school degree working as manual",30K+,"Hygiene from Health and Hygiene department, Ordered Brand : Hilltop",measure: 25.0018,22.0946,non recyclable,"['Bar For Salad', 'Ready Food']",,_Supermarket,5.52 Millions,2.0424 Millions,2265.9,855.22,568.75,677.285,ipira,BA,-12.157899638207386,-39.7404365008309,	belo horizonte,MG,-19.878513898894187,-43.95694702879617,5.0
mc_ID_8294,"Single Female with two children, education: partial HS working as manual",120+ monthly,"Kitchen Products from Household department, Ordered Brand : Red Wing",-11.0037,8.0965,recyclable,['Florist'],Sale : Double Down,Supermarket,5.8 Millions,2.088 Millions,1320.98,523.32,348.85,292.6708,Guarulhos,SP,-23.43435209908248,amount: -46.54289717277396,mineiros do tiete,SP,-22.40983742501461,-48.45042421567509,5.0
mc_ID_8295,"Married Male with five children, education: high school degree working as skilled manual",30K+ annually,"Vegetables from Frozen Foods department, Ordered Brand : Carrington",14.376,11.4688,recyclable,"['Ready Food', 'Bar For Salad']",Price Cutters,Superm@rket,4.56 Millions,1.7328 Millions,2265.9,853.22,568.28,761.0696,sao pauio,SP,-23.555706273913376,-46.74931041523619,cuiaba, M7 ,-15.60297857178555,measure: -56.10296014321507,4.0
mc_ID_8296,"Single Female with one child, education: partial high school working as manual",10K+ annually,"Breakfast Foods from Breakfast Foods department, Ordered Brand : Jeffers",-31.3976,data: 29.944,recyclable,"['Ready Food', 'Coffee Bar', 'Bar For Salad', 'Video Store', 'Florist']",Price Cutters,GOURMET,€4.9M,1.737 Millions,1424.85,,310.3,data: 675.716,NOVO BARREIRO,RS,-27.918713999999945,-53.11694149999997,VO7UPORANGA,Sp,-20.405604560394835,-49.99195266803888,val: 5.0
mc_ID_8297,"Single Female with four children, education: bachelors degree working as professional",50 Thousand,"Candy from Snacks department, Ordered Brand : Musial",20.06 kg,15.6988,non recyclable,"['Ready Food', 'Bar For Salad']",,Supermarket,2.67 Millions,0.8277 Millions,,470.27,313.55,501.9754,angra dos reis_,RJ,-22.98902901652846,-44.23437112055439,sao paulo,SP,-23.65250284762537,-46.66809535567546,5.0
mc_ID_8298,"Married Male with three children, education: bachelors degree working as management",70K+,"Vegetables from Produce department, Ordered Brand : Ebony",10.5531,9.10 kg,non recyclable,"['Bar For Salad', 'Coffee Bar', 'Florist', 'Ready Food']",Two for One,DELUXE,4.8 Millions,2.064 Millions,2055.29,654.13,,312.9109,aruja,SP,amount: -23.38527609065766,-46.31301787468516,guara,5P,-20.43399042630061,-47.81416224047547,5.0
mc_ID_8300,"mARRIED mALE WITH THREE CHILDREN, EDUCATION: PARTIAL COLLEGE WORKING AS CLERICAL",50K+,"Side Dishes from Deli department, Ordered Brand : American",30.0894,27.1822,recyclable,"['Bar For Salad', 'Video Store', 'Ready Food', 'Florist', 'Coffee Bar']",,Gourmet,"4.65 ,000,000illions",2.232 Millions,1424.85,465.54,310.3,360.0332,	jundiai,SP,measure: -23.211714582578274,val: -46.8753760355472,sao pauIo,$P,-23.693985995008337,-46.70188324132953,5.0
mc_ID_8301,"Married Female with No children, education: bachelors degree working as professional",50K+,"Bread from Baked Goods department, Ordered Brand : Colony",23.8389,22.24,recyclable,"['Coffee Bar', 'Ready Food', 'Bar For Salad', 'Florist']",Sale : Double Down,Deluxe,7.95 Millions,2.862 Millions,2055.29,654.13,436.09,500.7202,assis,SP,-22.66968006093573,measure: -50.43328802800281,sao paulo,sp,-23.59539756425642,-46.55163738273989,4.0
mc_ID_8302,"MARRIED FEMALE WITH FOUR CHILDREN, EDUCATION: BACHELORS DEGREE WORKING AS PROFESSIONAL",50K+,"Beer and Wine from Alcoholic Beverages department, Ordered Brand : Pearl",22385.30 grams,-17.8792,non recyclable,"['Bar For Salad', 'Ready Food', 'Florist', 'Coffee Bar']",Full Free,Deluxe,3.48 Millions,1.3224 Millions,2055.29,654.13,436.09,570.3838,sao paulo,sp,-23.6119461648681,-46.68121078074323,?,SP,-21.7664768468313,-48.83154737836604,1.0
mc_ID_8303,"Married Male with three children, education: bachelors degree working as management",70 Thousand,"Bread from Baked Goods department, Ordered Brand : Modell",22.24,-20.7864,non recyclable,,Shelf Clearing Days,Supermarket,4.95 Millions,2.2275 Millions,1508,227.8,151.9,399.6243,extrema,mg,val: -22.843339095273503,-46.320408988369685,recife,pe,-8.138173275583135,data: -34.9322264583223,4.0
mc_ID_8305,"Single Male with one child, education: high school degree working as manual",30K or more,"Dairy from Dairy department, Ordered Brand : Club",25.7286,val: 22.8214,recyclable,"['Bar For Salad', 'Video Store', 'Ready Food', 'Florist', 'Coffee Bar']",Bag Stuffer,Deluxe,5.01Ms,2.4048 Millions,1733.48,503.07,335.38,662.2226,sao paulo,$P,-23.64005026311385,-46.77842218067981,SAo paULo,SP,data: -23.50869470774424,-46.48672956633388,5.0
mc_ID_8306,"education: bachelors degree working as professional, Married Female with four children",50K+,"Pain Relievers from Health and Hygiene department, Ordered Brand : Bird Call",22.3853,-0.1,non recyclable,,,mid-size,"4.98 ,000,000illions",1.6434 Millions,2085.67,783.64,522.49,531.4203,campos dos goytacazes,Rj,-21.752686105920883,-41.342931617164176,sEntoS,Sp,amount: -23.96112504302036,measure: -46.32316061267247,4.0
mc_ID_8308,"SiNgLe mAlE W/ tHrEe cHiLdReN, eDuCaTiOn: PaRtIaL HiGh sChOoL WoRkInG As pRoFeSsIoNaL",70K+,"Bathroom Products from Health and Hygiene department, Ordered Brand : Faux Products",29217.20 grams,,non recyclable,"['Video Store', 'Bar For Salad', 'Florist', 'Ready Food', 'Coffee Bar']",Sale Winners,DeLuxe,$6.84 Millions,3.0096 Millions,1871.16,593.93,395.95,519.7574,RIO DE JANEIRO,_Rj,-22.962079980841413,data: -43.1679761924808,sao paulo,SP,val: -23.52399579739165,-46.51294318734492,5.0
mc_ID_8310,"Married Male with one child, education: HS degree working as manual",30K+,"Snack Foods from Snack Foods department, Ordered Brand : Best Choice",19.7689,15.4081,non recyclable,['Coffee Bar'],Weekend Discount,Small Grocery,4.46 Millions,2.1854 Millions,1425.28,398.93,265.98,353.0773,canoas,Rs,-29.914668849530724,-51.14844143722624,Cascavel,PR,-24.966371460470743,-53.46488320191585,5.0
mc_ID_8312,Married Female with four children + education: high school degree working as skilled manual,Income: 30K+,"Dairy from Dairy department, Ordered Brand : Even Better",11.4979,10.0298,recyclable,,Big Time Discounts,SUPERMARKET,€5.3M,2.2464 Millions,2051.53,457.36,304.91,310.662,sao paulo,SP,-23.578480690701483,-46.562867111340616,ibitinga,_SP,data: -21.7664768468313,val: -48.83154737836604,4.0
mc_ID_8313,"Single Male with one child, education: partial high school working as skilled manual",$10K+,"Canned Anchovies from Canned Foods department, Ordered Brand : Just Right",14.6813,-10.3205,recyclable,['Coffee Bar'],Price Smashers,Small Grocery,"5.7 ,000,000illions",2.394 Millions,1423.37,398.93,265.98,759.6052,rIo De JanEiRO,Rj,-22.871499338334544,-43.41181417262971,contagem,MG,-19.88575709625392,-44.01809003760589,5.0
mc_ID_8316,"Single Female with two children, education: graduate degree working as professional",Income: 90K+,"Vegetables from Canned Foods department, Ordered Brand : Better",26.0193,24420.40 grams,non recyclable,"['Bar For Salad', 'Video Store', 'Ready Food', 'Florist', 'Coffee Bar']",Shelf Clearing Days,,3.96Ms,1.6632 Millions,1873.9,593.93,395.95,516.7763,JanDIRA, Sp ,-23.55933678143786,-46.90478111014794,ibitinga,SP,-21.7664768468313,-48.83154737836604,5.0
mc_ID_8319,"Married Male with five children, education: high school degree working as skilled manual",30K+,"Bread from Baked Goods department, Ordered Brand : Sphinx",23.2575,20.3503,recyclable,"['Ready Food', 'Bar For Salad']",Three for One,,7.32 Millions,2.2692 Millions,2263.45,853.22,568.75,618.4475,pinha0,pr,-25.695269014822784,-51.659730246596006,Sao pAuIO,_SP,measure: -23.59798552039933,-46.55547278711988,4.0
mc_ID_8320,"Married Male with three kids, education: high school degree working as manual",30K+,"Electrical from Household department, Ordered Brand : Red Wing",19.1874,16.1349,recyclable,,Price Destroyers,Supermark3t,11.3 Millions,3.39 Millions,2050.18,457.36,304.32,$325.62,RlbeirAo prEto,SP,-21.15613133316094,-47.74568764755373,apUcAranA,pr,-23.552512530494816,amount: -51.46349357996916,3.0
mc_ID_8321,"Single Female with one child, education: partial high school working as manual",10K+,"Vegetables from Produce department, Ordered Brand : Tell Tale",24.7111,20.3503,non recyclable,,,MID-SIZE,10.64 Millions,unknown,2819.7,447.7,298.5,data: 416.2557,sao pau1o,$P,-23.419660725229377,-46.75236755759133,sao paulo,SP,-23.539824031911863,-46.434679443937874,data: nan
mc_ID_8322,"Married Male with two kids, education: partial HS working as manual",50K+,"Snack Foods from Snack Foods department, Ordered Brand : Nationeel",27.4729,-24.4204,recyclable,,Promo Big, Supermarket,6.4 Millions,3.008 Millions,,457.36,304.59,515.2596,PORTO ALEGRE,RS,val: -30.02772762392521,-51.1870826147786,maringa,PR,-23.41848622413047,-51.92625934548862,4.0
mc_ID_8323,"mARRIED fEMALE WITH THREE CHILDREN, EDUCATION: PARTIAL COLLEGE WORKING AS SKILLED MANUAL",€25K+,"Snack Foods from Snack Foods department, Ordered Brand : Fast",15.5534,12.6317,non recyclable,"['Ready Food', 'Coffee Bar', 'Florist', 'Video Store', 'Bar For Salad']",,,9.6 Millions,4.32 Millions,,481.98,321.86,328.1302,amontada,çE,-3.3622239743473004,-39.83323645071004,Volta Redonde,Sp,-22.498182754371285,-44.12361371579433,5.0
mc_ID_8324,"Married Female with four children, education: partial college working as professional",130K+,"Hardware from Household department, Ordered Brand : Sunset",-28.4904,25.5832,recyclable,"['Ready Food', 'Coffee Bar', 'Florist', 'Video Store', 'Bar For Salad']",Fantastic Discounts,Gourmet,7.32 Millions,2.2692 Millions,1424.85,465.54,310.3,718.9158,MORRO AGUDO,5P,amount: -20.73906887829901,-48.06389922635336,sao paulo,5p,-23.693985995008337,-46.70188324132953,5.0
mc_ID_8325,"Single Male with three children, education: high school degree working as manual",30K+,"Vegetables from Canned Foods department, Ordered Brand : Just Right",22.0946,measure: 19.0421,non recyclable,"['Ready Food', 'Bar For Salad', 'Florist', 'Coffee Bar']",GLD,Gourmet,"7.66 ,000,000illions",2.6044 Millions,1564.86,385.45,256.04,396.2248,sao BErnardo DO CAMpO, SP,data: -23.695889045942334,-46.58174395098847,itajai,SP,-26.91626999999994,-48.65245999999996,4.0
mc_ID_8326,"Single Female with three children, education: partial college working as clerical",50K+,"Miscellaneous from Checkout department, Ordered Brand : Black Tie",12.7625,11.2944,recyclable,['Coffee Bar'],Double Your Savings, Supermarket,6.28 Millions,2.3864 Millions,1235.91,,293.95,493.8689,sao paulo, SP,measure: -23.67605454870451,data: -46.679325825292814,Praia Grande,SP,-24.011288218359883,-46.41873374429398,5.0
mc_ID_8327,"Married Female with one kid, education: HS degree working as skilled manual.",30K+,"Vegetables from Produce department, Ordered Brand : Hermanos",22.0946,17.5885,non recyclable,"['Florist', 'Coffee Bar', 'Bar For Salad', 'Ready Food']",,DeIuxe,5.19 Millions,2.2317 Millions,2055.29,654.13,436.09,475.93,Sao Paulo, $P ,data: -23.51951949653755,amount: -46.4264544446304,sao paulo,SP,measure: -23.611654194010004,amount: -46.63258761587511,4.0
mc_ID_8329,"Married Female with four childern, education: high school degree working as skilled manual",30K+,"Jams and Jellies from Baking Goods department, Ordered Brand : Super",measure: 14.0562,12.6027,non recyclable,"['Video Store', 'Ready Food', 'Florist', 'Bar For Salad', 'Coffee Bar']",Big Time Discounts,Deluxe,8.6 Millions,2.666 Millions,1734.5,503.07,335.59,583.1973,delmiro gouveia,AL,-9.371842515484014,-38.00205479029997,FRANCA,SP,-20.530671079410943,-47.39851931627846,5.0
mc_ID_8331,"Single Male with No children, education: bachelors degree working as professional",70K+,"Vegetables from Canned Foods department, Ordered Brand : Pleasant",14.5359,11.6287,non recyclable,"['Bar For Salad', 'Coffee Bar', 'Ready Food', 'Florist', 'Video Store']",Lottery Cash Registerion,,3.54Ms,1.239 Millions,1734.5,,334.12,313.0678,PalhOCa,SC,-27.62380141184608,-48.67428578001718,campinas,Sp,-22.908292093622787,-47.09417761615002,1.0
mc_ID_8333,"Single Female with one child, education: high school degree working as manual, education: high school degree working as manual",30 Thousand,"Candy from Snacks department, Ordered Brand : Atomic",15.1174,amount: 12.1956,non recyclable,"['Bar For Salad', 'Ready Food', 'Florist', 'Video Store', 'Coffee Bar']",Big Time Saving,deluxe,3.75 Millions,1.35 Millions,1871.16,593.93,395.95,676.6574,SAO PAU1O,SP,-23.61620895920133,-46.63529647960067,piracicaba,5P,-22.726257875353635,-47.63781138952056,5.0
mc_ID_8337,"Single Male with two kids, education: partial college working as management",30 Thousand,"Baking Goods from Baking Goods department, Ordered Brand : Super",37.49 lbs,15408.10 grams,recyclable,['Coffee Bar'],Two Day Sale,Supermarket,3.12Ms,1.5288 Millions,1236.07,440.92,293.95,477.3944,valinhos,SP,-22.976619071841363,-47.01071509319301,ribeirao preto,sp,-21.17121748495008,-47.81941847157649,data: 5.0
mc_ID_8338,"Married Female with five kidren, education: high school degree working as professional",90K+,"Vegetables from Produce department, Ordered Brand : Tell Tale",13.2132,8.8524,non recyclable,['Coffee Bar'],Price Smashers,Supermarket,€6.6M,3.822 Millions,1236.07,440.92,292.08,722.9429,saO paULO,SP,-23.48535959449485,-46.624283978908174,,,,,val: 1.0
mc_ID_8339,"Married Female with one child, education: bachelors degree working as professional",€42K+,"Baking Goods from Baking Goods department, Ordered Brand : Super",measure: 11.1054,8.1837,non recyclable,"['Bar For Salad', 'Ready Food', 'Coffee Bar', 'Florist', 'Video Store']",Bag Stuffer,,7.24 Millions,2.6064 Millions,1734.5,503.07,335.1,432.1026,baCABaL,MA,-4.24012275790623,-44.786714105913,montenegro,RS,-29.67034898140752,-51.46146829327502,5.0
mc_ID_8340,"Single Female with two children, education: graduate degree working as professional",70K+,"Meat from Deli department, Ordered Brand : Cutting Edge",22.676,-21.2225,non recyclable,"['Bar For Salad', 'Ready Food']",Save Price,Supermarket,5.97 Millions,2.9253 Millions,2448.37,470.27,313.55,406.4756,sao paulo,SP,-23.602765475237977,-46.63530842279597,piracicaba,sp ,-22.71683928585045,-47.65736585405934,4.0
mc_ID_8343,"Married Female with one child, education: partial high school working as skilled manual",10K+,"Canned Soup from Canned Foods department, Ordered Brand : Pleasant",24.5657,21.5132,recyclable,"['Bar For Salad', 'Florist', 'Ready Food', 'Coffee Bar']",Discount Frenzy,Deluxe,2.86 Millions,1.287 Millions,2055.29,654.13,436.09,779.6884,rio de janeiro,RJ,-22.91164391140948,measure: -43.67900649132533,MaRINGa,PR,val: -23.437975269077903,-51.91385959802448,4.0 stars
mc_ID_8347,"Married Male with one child , education: partial High School working as manual",30K+,"Pizza from Frozen Foods department, Ordered Brand : Golden",18.606,15.6988,recyclable,,You Save Days,,10.72 Millions,5.1456 Millions,,227.8,151.38,data: 565.9906,RIO DE JANEIRO,RJ,-22.93264121120669,-43.23915878100303,Goiania,GO,data: -16.671296999999946,-49.23724849999997,5.0
mc_ID_8349,"Married Female with No children, education: partial high school working as manual",10K+,"Vegetables from Frozen Foods department, Ordered Brand : PigTail",14.4487,11.527,non recyclable,['Coffee Bar'],Sale : Double Down,Supermarket,3.24 Millions,1.3608 Millions,1236.07,440.92,293.95,data: 309.5637,bandEiRa,MG,measure: -15.884554499999997,-40.56399449999999,it@quaquecetuba,SP,-23.48262344063541,-46.37448952833195,1.0
mc_ID_8350,"Single Male with four children, education: high school degree working as skilled manual",50K+,"Bathroom Products from Health and Hygiene department, Ordered Brand : Consolidated",23.9843,19.6235,recyclable,"['Florist', 'Bar For Salad', 'Coffee Bar', 'Ready Food']",Weekend Discount,Gourmet,$5.67 Millions,1.9278 Millions,1564.86,385.45,258.13,470.177,canuas,Rs,val: -29.898716481245444,-51.16985096863638,porto alegre,RS,-30.110020899532547,-51.23162798932419,4.0
mc_ID_8353,"Single Female with two children, education: bachelors degree working as management",50K+,"Hot Beverages from Beverages department, Ordered Brand : BBB Best",24.8564,21.9493,non recyclable,"['Bar For Salad', 'Florist', 'Coffee Bar', 'Ready Food', 'Video Store']",GLD,Deluxe,11.48 Millions,4.1328 Millions,,503.07,334.07,346.5921,FLORESTAL,MG,data: -19.887875859874217,-44.43538917946817,limeira,SP,-22.541719708891844,-47.427681190013296,3.0
mc_ID_8354,Single Female with one child | education: partial high school working as skilled manual,120+ monthly,"Seafood from Seafood department, Ordered Brand : Curlew",9.9862,5.6109,non recyclable,['Coffee Bar'],Best Savings,Small Grocery,2.58 Millions,0.8256 Millions,1397.18,536.29,356.19,765.2536,Sao  Paulo,SP,-23.53399869525075,-46.68496714377629,maringa,Pr,-23.437975269077903,-51.91385959802448,val: 5.0
mc_ID_8355,Married Female with two children | education: bachelors degree working as management,50K+,"Dairy from Dairy department, Ordered Brand : Gorilla",21.0771,18.1699,non recyclable,"['Ready Food', 'Bar For Salad']",Roller Savings (High) ,Supermarket,3.56 Millions,1.1036 Millions,2265.9,853.22,568.75,356.4245,ribeirao das neves,MG,-19.756505870390644,-44.07255925714124,sao paulo ,sP,-23.667843855675457,-46.66038973120199,5.0
mc_ID_8357,"Single Male with five children, education: bachelors degree working as management",50K+,"Snack Foods from Snack Foods department, Ordered Brand : Fort West",12.7335,9.8263,recyclable,"['Video Store', 'Coffee Bar', 'Bar For Salad', 'Ready Food', 'Florist']",Save Price,DELUXE,6.0 Millions,2.94 Millions,1733.75,505.07,,419.9167,Sao Paulo,SP,-23.60913161896049,-46.61258745259877,sao paulo,5P,-23.531055024698496,-46.74460102749712,5.0
mc_ID_8360,"Single Male with No children, education: partial college working as clerical",30K+,"Meat from Deli department, Ordered Brand : Lake",30.8162,27.909,non recyclable,"['Ready Food', 'Bar For Salad']",Coupon Spectacular,Supermarket,5.32 Millions,2.128 Millions,2264.31,853.22,570.74,269.1881,	sao paulo,SP,-23.625507339511103,-46.637947371362,"sao p@ulo
",SP,-23.539494799586286,-46.63284391414975,1.0
mc_ID_8362,"Married Male with three children, education: bachelors degree working as professional",110K+,"Specialty from Carousel department, Ordered Brand : Prelude",31.2522,28.3451,recyclable,"['Coffee Bar', 'Florist', 'Bar For Salad', 'Ready Food']",Saving Days,Deluxe,6.9 Millions,2.277 Millions,2057.65,654.13,437.67,val: 352.0313,CALDAS NOVAS,GU,-17.73809306838113,-48.61592058436871,riberao preto,SP_,-21.16850440882337,-47.79370519233655,1.0
mc_ID_8363,"Married Male with four children, education: graduate degree working as professional",70K+,"Snack Foods from Snack Foods department, Ordered Brand : Horatio",25.874,22.8214,recyclable,"['Bar For Salad', 'Florist', 'Video Store', 'Ready Food', 'Coffee Bar']",You Save Days,G0urmet,€8.0M,3.008 Millions,1424.85,,311.92,measure: 689.3663,sao bernardo do campo,SP,-23.707328035575863,-46.53661757455686,JACUTINGA,MG,-22.28444973167148,data: -46.613499420805184,1.0
mc_ID_8365,"Single Male with five children, education: partial college working as manual",Income: 30K+,"Dairy from Dairy department, Ordered Brand : Even Better",21.2225,-18.3153,non recyclable,,Saving Days,Supermarket,14.0 Millions,5.88 Millions,1508,227.8,151.9,619.0228, santo amaro da imperatriz,SC,-27.68723126004833,-48.78064877201771,ibitinga,SP,data: -21.7664768468313,measure: -48.83154737836604,3.0
mc_ID_8366,"Married Female with one child, education: high school degree working as manual",30 Thousand,"Decongestants from Health and Hygiene department, Ordered Brand : Hilltop",31.2522,26.8915,recyclable,"['Bar For Salad', 'Ready Food']",Wallet Savers,Supermarket,6.72Ms,2.7552 Millions,2448.57,470.27,313.55,324.8876,maringa,PR,-23.39834981381488,-51.98161405716274,sao paulo,SP,-23.53877907744238,-46.53648566833056,data: 5.0
mc_ID_8367,"Single Female with two kidren, education: partial high school working as skilled manual",30K+,"Canned Tuna from Canned Foods department, Ordered Brand : Just Right",data: 13.7801,12.3119,non recyclable,"['Florist', 'Video Store', 'Bar For Salad', 'Coffee Bar', 'Ready Food']",One Day Sale,Deluxe,5.12 Millions,1.5872 Millions,1871.16,593.93,396.18,360.3993,PRESIDENTE VENCESLAU,SP,measure: -21.8815493441972,-51.84621930031394,GUARULHOS,SP,-23.46530411469876,-46.51148732089968,5.0
mc_ID_8368,"sINGLE fEMALE WITH ONE CHILD, EDUCATION: GRADUATE DEGREE WORKING AS PROFESSIONAL",70K or more,"Breakfast Foods from Frozen Foods department, Ordered Brand : Imagine",12.2247,measure: 10.7566,recyclable,['Coffee Bar'],Best Price Savers,,4.89 Millions,2.2005 Millions,1236.07,440.92,293.95,720.5371,	pedro leupoldo,Mg,-19.652292291953287,-44.056767929538886, campinas ,SP,-22.8475181626464,measure: -47.03552279669915,5.0
mc_ID_8369,"Single Female with two children, education: partial college working as manual",30K+,"Magazines from Periodicals department, Ordered Brand : Mighty Good",9.4484,6.5412,non recyclable,,Two for One,Superm@rket,3.04 Millions,1.2464 Millions,,457.36,,300.8296,acarau,CE,-2.8816794321367136,-40.1219269778827,SAlVaDoR,B@,-12.98158709241737,-38.45526521634257,4.0
mc_ID_8370,"Married Male with five children, education: high school degree working as skilled manual",30K+,"Breakfast Foods from Frozen Foods department, Ordered Brand : Big Time",23.6936,20.641,recyclable,,,MID-SIZE,6.48 Millions,2.1384 Millions,2819.7,447.7,,val: 728.2775,SAo p@ulo,SP,-23.56707530835592,-46.48746431848346,barueri,sp_,measure: -23.491791912543025,-46.94733309700014,5.0
mc_ID_8371,"Married Female with four children, education: bachelors degree working as management",###,"Snack Foods from Snack Foods department, Ordered Brand : Fast",13.1114,10.2042,recyclable,"['Coffee Bar', 'Florist', 'Bar For Salad', 'Ready Food']",Weekend Discount,goURMEt,6.93 Millions,2.4255 Millions,,385.45,257.46,470.177,rio de janeiro,RJ,-22.90564695253624,-43.17888623036526,rio de janeiro,RJ,amount: -22.93125598447676,-43.17881321481337,5.0
mc_ID_8374,"Married Male with four kidren, education: bachelor'ss degree working as professional",€59K+,"Kitchen Products from Household department, Ordered Brand : Denny",31.2522,-28.3451,non recyclable,['Florist'],Super Savers,supermarket,$1.65 Millions,0.825 Millions,1320.15,525.32,348.85,measure: 338.6948,sao paulo,	SP,-23.68879644240868,-46.65406289884005,lime1ra,SP,-22.56835042131686,-47.44743947974489,1.0
mc_ID_8375,"Single Male with five children, education: partial high school working as skilled manual",10K+,"Carbonated Beverages from Beverages department, Ordered Brand : Fabulous",23.8389,22.24,recyclable,['Coffee Bar'],,SUpErMaRKEt,2.64 Millions,1.32 Millions,1235.72,440.92,293.95,364.1649,guararapes,SP,-21.26775382757054,-50.65068760289638,	santo @ndre,SP,-23.665703457960586,-46.51808196779969,5.0
mc_ID_8376,"Single Female with four children, education: bachelors degree working as management",70K+ annually,"Dairy from Dairy department, Ordered Brand : Even Better",12.9224,-10.0153,non recyclable,"['Video Store', 'Ready Food', 'Bar For Salad', 'Coffee Bar', 'Florist']",One Day Sale,,"5.37 ,000,000illions",2.685 Millions,2038.5,,321.26,767.3456,NOVA IGUACU,RJ,-22.76255185753758,-43.42674681474081,cIaudio ,MG,-20.43773362250285,-44.75914024487753,4.0
mc_ID_8377,"Single Male with five children, education: graduate degree working as management",€110K+,"Drinks from Beverages department, Ordered Brand : Washington",29.0719,27.6183,non recyclable,['Coffee Bar'],Weekend Discount,,10.53 Millions,5.1597 Millions,1235.22,440.92,294.76,data: 364.1649,sao paulo,SP,-23.55586773105776,-46.40379079961334,rio de janeiro,RJ,-22.920104850395337,-43.22138202997862,measure: 4.0
mc_ID_8378,"Married Female with one child, education: partial high school working as skilled manual",10K+,"Jams and Jellies from Baking Goods department, Ordered Brand : CDR",-16.7163,13.8091,non recyclable,"['Florist', 'Bar For Salad', 'Ready Food', 'Coffee Bar']",Price Winners,gourmet,6.48 Millions,2.4624 Millions,1564.86,385.45,256.97,769.7514,goiania,Go,To Be Determined,-49.32830321176197,conselheiro  lafaiete,MG,-20.656390614345373,-43.80405126006627,5.0
mc_ID_8380,"Single Male with five children, education: high school degree working as professional",70K+,"Canned Tuna from Canned Foods department, Ordered Brand : Better",1112.65 oz,28.6358,non recyclable,"['Bar For Salad', 'Ready Food', 'Florist', 'Video Store', 'Coffee Bar']",Save It (Sale),Gourmet,"5.54 ,000,000illions",1.939 Millions,1424.85,465.54,310.3,427.7617,vitoria,3S,-20.296512281724183,-40.29620870064644,IBITINGA,$P,-21.7664768468313,-48.83154737836604,5.0
mc_ID_8381,"Single Male with two children, education: high school degree working as skilled manual.",30K+,"Snack Foods from Snack Foods department, Ordered Brand : Best Choice",27.0368,-24.1296,recyclable,"['Video Store', 'Bar For Salad', 'Florist', 'Coffee Bar', 'Ready Food']",Super Savers,Deluxe,7.38 Millions,2.952 Millions,1526.8,375.1,248.79,measure: 755.9442,santo andre,SP,amount: -23.685925683045728,-46.530850034133564,_LIMEIRA,SP,-22.599254430886607,-47.37980963550319,5.0
mc_ID_8382,"Single Female with four children, education: high school degree working as skilled manual",30000,"Vegetables from Produce department, Ordered Brand : High Top",18.3153,13.9545,recyclable,"['Ready Food', 'Florist', 'Coffee Bar', 'Bar For Salad', 'Video Store']",Roller Savings (High) ,Deluxe,8.61 Millions,2.7552 Millions,1734.5,503.07,335.38,440.1568,rio de janeiro,RJ_,-22.931508341392973,-43.18179399042069,5Ao Paulo,SP,-23.62358155176294,data: -46.61056007369148,5.0
mc_ID_8383,"Single Male with three children, education: partial high school working as manual",10K+,"Electrical from Household department, Ordered Brand : Sunset",15.8442,12.9224,recyclable,"['Video Store', 'Ready Food', 'Bar For Salad', 'Florist', 'Coffee Bar']",Shelf Emptiers,Gourmet,€11.9M,5.7236 Millions,1424.85,465.54,308.85,718.2882,cacedor,SC,-26.77759782919396,-51.0266006692904,LAGE5,$C,measure: -27.81568867055225,-50.33589889924407,5.0
mc_ID_8384,"Married Female with two children, education: bachelors degree working as management",50K+,"Bread from Baked Goods department, Ordered Brand : Colony",23.8389,measure: 22.24,recyclable,"['Ready Food', 'Bar For Salad']",Full Free,Supermarket,7.95 Millions,3.2595 Millions,2265.9,853.22,568.41,736.907,sao 	JOsE 	DoS 	cAmPOs,5P,-23.221587583126546,-45.90665169219235,sao paulo,SP,-23.64684593421437,-46.6660547231519,1.0
mc_ID_8385,"Married Male with two children, education: bachelors degree working as professional",Income: 70K+,"Jams and Jellies from Baking Goods department, Ordered Brand : Super",-11.2072,18.30 lbs,non recyclable,,Go For It,SUPERMARKET,2.97 Millions,1.0989 Millions,2051.25,457.36,304.91,509.6635,sao paulo,SP,-23.557510348093,-46.71974431708465,	sao jose dos campos,SP,-23.221431461827063,measure: -45.888163895493165,3.0
mc_ID_8386,"Single Female with five children, education: High School degree working as manual",30K+,"Drinks from Beverages department, Ordered Brand : Skinner",10.335,-7.4279,non recyclable,"['Florist', 'Coffee Bar', 'Bar For Salad', 'Video Store', 'Ready Food']",Two for One,,€2.3M,0.9648 Millions,2038.11,483.98,320.4,358.9349,Valparaiso De Goias,go,-16.087331092411024,-47.98809526771883,Ilicinea,MG,-20.944705621834668,-45.82709818233235,5.0
mc_ID_8388,"Single Male with three children, education: high school degree working as manual",30K+,"Meat from Deli department, Ordered Brand : Red Spade",27.7636,23.4028,non recyclable,"['Coffee Bar', 'Ready Food', 'Video Store', 'Bar For Salad', 'Florist']",One Day Sale,,4.66 Millions,1.4446 Millions,1734.5,503.07,335.38,689.0525,Curitiba,pR,-25.45005712155927,data: -49.2606739118818,Sa0 Paulo,SP ,-23.48029674271453,-46.71122495337295,data: 5.0
mc_ID_8389,"Married Female with five children, education: high school degree working as skilled manual",30K+,"Frozen Desserts from Frozen Foods department, Ordered Brand : Carrington",amount: 16.7163,12.3555,non recyclable,,Mystery Sale,Supermarket,8.4 Millions,###,1623.48,341.05,,measure: 718.9681,marialva,PR,-23.489938018233765,-51.788818993683066,_ltaquaquecetuba,SP,-23.43567309991361,-46.38032799842931,4.0
mc_ID_8390,"Married_Female_with_one_child,_education:_bachelors_degree_working_as_management",50K+,"Jams and Jellies from Baking Goods department, Ordered Brand : Landslide",24.275,21.3678,recyclable,"['Video Store', 'Florist', 'Coffee Bar', 'Ready Food', 'Bar For Salad']",Go For It,deluxe,15.12 Millions,5.292 Millions,2038.11,481.98,321.26,455.3761,jalas,sp,-20.2719936576981,-50.54006504210116,sao paulo,SP,-23.605673521784304,-46.618990239800326,5.0
mc_ID_8391,"Married Female with three children, education: partial college working as skilled manual",30K+,"Vegetables from Frozen Foods department, Ordered Brand : PigTail",10.1606,7.2389,non recyclable,,Budget Bargains,mid-sIZe,€3.2M,1.8336 Millions,2819.7,449.7,299.55,654.273,5ao paulo,SP,-23.48487885345376,-46.64249464126611,tre5 coracoes,MG,-21.69216794221008,-45.25804903964345,2.0
mc_ID_8393,"Single Male with three children, education: partial college working as professional",130K+,"Vegetables from Produce department, Ordered Brand : Ebony",30.6708,29.2172,non recyclable,['Coffee Bar'],Save It (Sale),Small Grocery,$1.41 Millions,0.6204 Millions,,,220.55,274.1566,sumare,$P,-22.800362898695823,measure: -47.21833340077328,SAO PAULO,SP,-23.58667354731954,-46.61242320483004,5.0
mc_ID_8394,"Married Male with one child, education: partial high school working as skilled manual",10K+,"Vegetables from Frozen Foods department, Ordered Brand : PigTail",10000.70 grams,7.0935,recyclable,"['Ready Food', 'Florist', 'Coffee Bar', 'Bar For Salad']",Weekend Discount, deluxe ,9.24 Millions,3.4188 Millions,2054.16,654.13,436.09,val: 382.0515,macaa,RJ,-22.407093332993256,amount: -41.84669910556226,curitlba,PR,amount: -25.4727349417162,-49.30563836747645,5.0
mc_ID_8397,"Married Male with one child, education: partial college working as professional",Income: 30K+,"Vegetables from Produce department, Ordered Brand : Hermanos",14.1725,11.2653,recyclable,"['Coffee Bar', 'Bar For Salad', 'Video Store', 'Ready Food', 'Florist']",Sale Winners,Deluxe,5.64 Millions,2.4816 Millions,1871.16,595.93,397.11,519.7574,sao paulo,$P,-23.681528172081464,-46.65219770413756,rio de janeiro,RJ,-22.93781597002137,-43.17619884430715,1.0
mc_ID_8398,"Married Male with five children, education: high school degree working as professional",110k,"Kitchen Products from Household department, Ordered Brand : Cormorant",11.8759,10.4223,recyclable,"['Ready Food', 'Bar For Salad', 'Video Store', 'Coffee Bar', 'Florist']",,Gourmet,1.56Ms,0.6396 Millions,1424.85,465.54,309.54,449.1524,manaus,Am,-3.0759726414735384,-60.0860595364418,sao paulo,$P,val: -23.551013388568272,-46.44848890729416,data: 2.0
mc_ID_8400,"Married Male with two children, education: partial high school working as manual",€42K+,"Fruit from Produce department, Ordered Brand : Hermanos",24.8564,21.9493,recyclable,,,,€4.1M,2.0412 Millions,2049.72,457.36,304.91,515.2596,s0rocaba,SP,-23.496224877055745,-47.37041894685208,santo andre,SP,-23.624784000000005,-46.53954225000001,3.0
mc_ID_8402,"Single Male with five children, education: bachelors degree working as management",50K+,"Vegetables from Produce department, Ordered Brand : Hermanos",-16.4256,12064.80 grams,non recyclable,['Coffee Bar'],Two Day Sale,Supermarket,"5.22 ,000,000illions",1.827 Millions,1236.07,440.92,292.64,477.3944,bonfim paulista,$P,-21.185944576067463,-47.81498292186677,Caxias Do Sul,RS,val: -29.16957635052199,-51.164852512339095,5.0
mc_ID_8403,"Married Male with two children, education: partial high school working as manual",€8K+,"Snack Foods from Snack Foods department, Ordered Brand : Nationeel",60.57 lbs,24.4204,recyclable,"['Ready Food', 'Bar For Salad']",Save Price,,6.4 Millions,2.752 Millions,2448.37,470.27,,406.4756,Sao Paulo ,$P,-23.607743741329536,-46.68867314348783,itatiba,SP,-22.99567770323237,-46.857106243157794,5.0
mc_ID_8404,Married Female with one child - education: graduate degree working as professional,110K+,"Snack Foods from Snack Foods department, Ordered Brand : Fort West",39.10 lbs,13.3585,non recyclable,['Florist'],You Save Days,Supermarket,$4.68 Millions,1.4508 Millions,1320.15,523.32,348.37,689.3663,Pau D'Arco,PA,-7.83446922905681,-50.04157082744215,belo horizonte,Mg,-19.878513898894187,-43.95694702879617,5.0
mc_ID_8405,"Married Female with three children, education: high school degree working as manual",50K+,"Snack Foods from Snack Foods department, Ordered Brand : Best Choice",33.33 lbs,10.7421,recyclable,"['Ready Food', 'Video Store', 'Bar For Salad', 'Coffee Bar', 'Florist']",Two Day Sale, Deluxe ,3.04 Millions,1.3072 Millions,2039.45,481.98,321.26,495.7517,brasilia,DF,-15.603870928539797,-47.65641954215455,_guarulhos,SP,-23.496488565250488,-46.54671310832206,5.0
mc_ID_8406,"Single Male with one child, education: bachelors degree working as management",70K+,"Pure Juice Beverages from Beverages department, Ordered Brand : Excellent",23.8389,20.7864,non recyclable,"['Coffee Bar', 'Florist', 'Bar For Salad', 'Ready Food']",Weekend Discount,,9.78 Millions,4.401 Millions,2055.29,654.13,436.09,data: 382.0515, sao paulo ,Sp,measure: -23.47001485567546,-46.63484579309249,sao paulo,Sp,-23.537511255832708,-46.63705730743676,4.0/5.0
mc_ID_8409,"Maried_Female_with_four_children,_education:_bachelors_degree_working_as_management",70K+,"Frozen Desserts from Frozen Foods department, Ordered Brand : Golden",-17.8792,14.972,non recyclable,"['Coffee Bar', 'Bar For Salad', 'Florist', 'Ready Food']",GLD,,15.56 Millions,7.002 Millions,1564.86,385.45,256.97,396.2248,belo horizonte,MG,-19.921126734952896,-43.94119674937962,ibitinga,Sp,-21.7664768468313,-48.83154737836604,5.0
mc_ID_8410,"Married Male with three children, education: Bachelors degree working as professional",50K+,"Snack Foods from Snack Foods department, Ordered Brand : Horatio",31.6883,-30.0894,recyclable,"['Florist', 'Video Store', 'Coffee Bar', 'Bar For Salad', 'Ready Food']",I Cant Believe It Sale,Deluxe,7.95 Millions,2.6235 Millions,,503.07,335.38,amount: 363.3281,sao paulo,5P,-23.74699524118531,-46.69558713405275,mogi das cruzes,5p,-23.551706513599484,val: -46.260979398542325,4.0
mc_ID_8411,"Single Male with four children, education: high school degree working as professional",1320+ monthly,"Magazines from Periodicals department, Ordered Brand : Mighty Good",26.6008,-25.0018,non recyclable,"['Bar For Salad', 'Florist', 'Coffee Bar', 'Ready Food']",Best Price Savers,Gourmet,8.1 Millions,2.511 Millions,1564.86,385.45,,558.1979,brasilia,DF,-15.792944703705848,-48.10841688927572,lagoa da prata,mg,-20.022568491315106,val: -45.54469897672237,5.0
mc_ID_8414,"Married Female with five childran, education: partial high school working as manual",120+ monthly,"Frozen Desserts from Frozen Foods department, Ordered Brand : Golden",val: 17.8792,14.972,non recyclable,"['Ready Food', 'Florist', 'Video Store', 'Coffee Bar', 'Bar For Salad']",Super Duper Savers,Deluxe,$7.78 Millions,2.8008 Millions,1525.28,373.1,248.79,266.73,ibarama,R$,-29.41637867771829,-53.13091366267536,RODEIO,Sç,-26.90788801527196,-49.36522248757208,4.0
mc_ID_8415,"Single Female with one child, education: high school degree working as manual",50K+,"Dairy from Dairy department, Ordered Brand : Even Better",9.2012,val: 6.2795,recyclable,"['Florist', 'Coffee Bar', 'Bar For Salad', 'Video Store', 'Ready Food']",,Deluxe,3.24 Millions,1.1016 Millions,,503.07,335.38,419.9167,"santa rosa de lima
",Sc ,-28.03892067836989,-49.12433449011333,monte siao,MG,-22.42880507067007,amount: -46.569550269431765,5.0
mc_ID_8416,"Single Female with three children, education: bachelors degree working as professional",10000,"Snack Foods from Snack Foods department, Ordered Brand : Horatio",15.4081,27.56 lbs,recyclable,"['Coffee Bar', 'Florist', 'Bar For Salad', 'Ready Food']",,DelUxe,15.6Ms,6.864 Millions,2057.38,,436.98,715.1502,duque de caxias,RJ_,measure: -22.674998999999943,-43.35797149999996,Mogi Das Cruses, Sp,-23.51937483109403,-46.19269037743349,5.0
mc_ID_8418,"Married Female with four children, education: high school degree working as skilled manual, education: high school degree working as skilled manual",30K+,"Paper Products from Household department, Ordered Brand : Red Wing",23.4028,19.0421,non recyclable,,Save It (Sale),,8.16Ms,2.6928 Millions,2052.48,457.36,303.15,amount: 467.4051,jaciara,MT,measure: -15.96144358856559,amount: -54.96989318266728,petropolis,RJ,-22.549033360244323,-43.210094724044055,4.0
mc_ID_8419,"Married  Female  with  five  children,  education:  partial  high  school  working  as  manual",10K+,"Specialty from Produce department, Ordered Brand : Hermanos",data: 18.0246,13.6492,recyclable,['Coffee Bar'],,,1.98 Millions,0.6138 Millions,2066.95,330.83,220.55,637.014,rio de janeiro,RJ,-22.90210949070916,-43.18080246058632,sao  paulo,SP,-23.46016520927345,-46.65066418373822,amount: 5.0
mc_ID_8421,"Single Male with four kidren, education: high school degree working as skilled manual",$30K+,"Pizza from Frozen Foods department, Ordered Brand : PigTail",14.6813,11.7741,recyclable,"['Video Store', 'Bar For Salad', 'Florist', 'Ready Food', 'Coffee Bar']",Lottery Cash Registerion,,€4.1M,2.42 Millions,1734.5,503.07,335.38,R$1721.87,rio de janeiro,"RJ
",val: -22.85162121429074,-43.25132808523804,lauro de freitas ,BA ,-12.895112589380958,-38.33895999999978,5.0
mc_ID_8423,"Married Female with two children, education: bachelors degree working as professional",50k,"Cleaning Supplies from Household department, Ordered Brand : High Quality",31.6883,30.0894,recyclable,"['Florist', 'Coffee Bar', 'Bar For Salad', 'Video Store', 'Ready Food']",Sale Sale Sale,De1uxe,6.57Ms,3.1536 Millions,1526.03,373.1,248.79,722.6814,itatiba,sp,amount: -23.01947776599893,data: -46.85363048752829,GUARULHOS,"SP
",val: -23.46530411469876,-46.51148732089968,5.0
mc_ID_8424,"Single Male with one child, education: high school degree working as manual",10K+,"Seafood from Seafood department, Ordered Brand : Tip Top",20.4957,16.1349,recyclable,"['Video Store', 'Coffee Bar', 'Bar For Salad', 'Ready Food', 'Florist']",Lottery Cash Registerion,Deluxe,2.37 Millions,0.7584 Millions,1734.22,503.07,335.38,313.0678,novo hamburgo,	RS,-29.675741335580245,-51.16812324157407, sao paulo,SP,-23.693985995008337,-46.70188324132953,1.0
mc_ID_8425,"Single Female with three children, education: high school degree working as skilled manual",30000,"Bathroom Products from Health and Hygiene department, Ordered Brand : Faux Products",measure: 30.9615,29.3626,recyclable,"['Bar For Salad', 'Coffee Bar', 'Ready Food', 'Florist', 'Video Store']",Go For It,Deluxe,"6.69 ,000,000illions",2.2746 Millions,2038.11,483.98,321.26,455.3761,sao paulo,SP,-23.571960108517537,data: -46.39956693949449,sao paulo, Sp ,-23.53877907744238,-46.53648566833056,Rating: 1.0
mc_ID_8427,education: partial college working as professional; Married Female with No children,30K+,"Breakfast Foods from Frozen Foods department, Ordered Brand : Big Time",23693.60 grams,20.641,recyclable,"['Coffee Bar', 'Bar For Salad', 'Ready Food', 'Video Store', 'Florist']",Two Day Sale,Gourmet,€11.0M,4.536 Millions,1424.85,465.54,,663.5824,sao PAU1O,SP_,-23.54962226533556,-46.58618073980034,sao paulo,SP,data: -23.62358155176294,-46.61056007369148,5.0
mc_ID_8428,"Single  Male  with  one  child,  education:  partial  college  working  as  management",130K+,"Baking Goods from Baking Goods department, Ordered Brand : Plato",-999.0,15.6988,non recyclable,['Coffee Bar'],Price Winners,small grocery,7.42 Millions,3.2648 Millions,1425.95,398.93,265.98,amount: 672.9441,ipuelras,ke,-4.544436943690855,val: -40.71541873941466,santo andra,SP,-23.63888466388715,-46.49858921994927,5.0
mc_ID_8429,"Single Female with three children, education: bachelors degree working as professional",70K+,"Decongestants from Health and Hygiene department, Ordered Brand : Faux Products",24.27 kg,19.9142,recyclable,,,Supermarket,"5.22 ,000,000illions",2.1402 Millions,,227.8,151.27,574.9339,riodejaneiro,RJ,-22.84519497945644,-43.30289927961805,eparecida,sp,measure: -22.851929577501,-45.23031074613782,5.0
mc_ID_8430,"Married Male with No children, education: high school degree working as skilled manual",$30K+,"Candles from Household department, Ordered Brand : Sunset",17.7338,29.45 lbs,recyclable,"['Florist', 'Video Store', 'Bar For Salad', 'Ready Food', 'Coffee Bar']",,Deluxe,2.24 Millions,0.9184 Millions,1871.16,593.93,397.52,474.7271,mairipora,5P,-23.32358162262788,-46.571516434161296,ibitinga, sp,-21.7664768468313,-48.83154737836604,3.0
mc_ID_8431,"Married Female with two children, education: high school degree working as management",150000,"Vegetables from Frozen Foods department, Ordered Brand : Big Time",13.9109,12.4428,recyclable,['Coffee Bar'],Sale : Double Down,,4.29Ms,1.6731 Millions,1234.05,440.92,292.97,309.5637,santana,	AP,-0.0509263327693188,-51.15847326890738,Franca,SP,-20.54822779974972,-47.395897060007975,data: 3.0
mc_ID_8433,"Married Male with two children, education: batchelors degree working as management",70K+,"Dairy from Dairy department, Ordered Brand : Booker",21.9493,19.0421,recyclable,['Florist'],Pick Your Savings,,6.92 Millions,2.5604 Millions,1320.15,,348.85,769.6991,sao paulo_,SP,val: -23.532711024698507,-46.5329695022217,	sao carlos,SP,-22.016967296150906,-47.85171546211552,5.0
mc_ID_8434,"Married Male with one child, education: bachelors degree working as professional",70K+,"Starchy Foods from Starchy Foods department, Ordered Brand : Jardon",16.7163,13.8091,recyclable,"['Coffee Bar', 'Florist', 'Bar For Salad', 'Ready Food']",Super Duper Savers,Deluxe,$2.4 Millions,0.96 Millions,2055.29,656.13,434.77,364.2695,sao roque,sp,-23.53626695697963,-47.13489184347044, jacarei,SP,-23.30139631473257,-45.96172658840667,5.0
mc_ID_8435,"Married Male with two children, education: high school degree working as professional",130K+,"Vegetables from Frozen Foods department, Ordered Brand : Big Time",27.24 lbs,9.4484,non recyclable,['Florist'],Price Winners,supermarket,10.71 Millions,4.3911 Millions,1320.15,523.32,348.85,640.7273,GOIANIA,GO,-16.693725048085238,-49.277800778857326,presidente prudente,$P,-22.12947979600667,val: -51.3915163426337,5.0
mc_ID_8437,"Single Male with No children, education: bachelors degree working as professional.",70 Thousand,"Dairy from Dairy department, Ordered Brand : Carlson",-9.6373,8.1837,recyclable,,,"Supermarket
",€2.3M,1.1868 Millions,2049.72,459.36,304.91,610.5502,olinda,P3,-7.960545786283149,measure: -34.83400412531018,guara,SP,-20.43399042630061,-47.81416224047547,5.0
mc_ID_8438,"education: high school degree working as manual, Married Male with four children",30K+,"Baking Goods from Baking Goods department, Ordered Brand : Super",19.9142,16.8617,recyclable,['Florist'],Sale : Double Down, Supermarket ,13.8Ms,4.968 Millions,1320.15,523.32,348.29,292.6708,belo horizonte,_mg,data: -19.885757867332217,-43.90770410407414,mogi das cruzes,SP,-23.51937483109403,-46.19269037743349,data: 5.0
mc_ID_8439,"Married Female with two children, education: partial high school working as manual",10K+,"Pain Relievers from Health and Hygiene department, Ordered Brand : Faux Products",18.0246,481.46 oz,non recyclable,"['Florist', 'Video Store', 'Ready Food', 'Coffee Bar', 'Bar For Salad']",,_Deluxe,11.52 Millions,3.8016 Millions,,481.98,319.67,358.9349,capivari,SP,-23.0122137105142,data: -47.52203973160603,sAO PauIo,5P,-23.48029674271453,-46.71122495337295,5.0
mc_ID_8442,"Single Male with two kidren, education: partial college working as professional",30K+,"Meat from Frozen Foods department, Ordered Brand : PigTail",28.3451,25.4379,recyclable,"['Bar For Salad', 'Florist', 'Coffee Bar', 'Video Store', 'Ready Food']",Full Free,,6.63 Millions,2.0553 Millions,1734.5,503.07,335.38,752.2309,varginha ,MG,-21.54974180312539,-45.443033590623415,_baependi,MG,-21.956309999999995,-44.882378788136165,5.0
mc_ID_8443,"Married Male with one child, education: partial high school working as skilled manual",30K+,"Kitchen Products from Household department, Ordered Brand : Cormorant",28.3451,26.8915,non recyclable,,Two for One,Supermarket,5.68 Millions,2.4992 Millions,2049.72,457.36,304.91,300.8296,GUARULH0S,SP,-23.40339826977895,-46.45172229531418,CANAÑEIA,Sp,measure: -25.011812317282136,-47.930451004516165,5.0
mc_ID_8446,"Married Female with three children, education: bachelors degree working as management",70 Thousand,"Canned Anchovies from Canned Foods department, Ordered Brand : Just Right",14.6813,10.3205,recyclable,"['Video Store', 'Bar For Salad', 'Florist', 'Coffee Bar', 'Ready Food']",,deLUxE,8.55Ms,3.3345 Millions,1872.75,593.93,,R$2858.67,campo  novo  do  parecis,	MT,-13.657923924135602,-57.88838990978213,MOGI GUACU,SP,-22.3970091627978,-46.94545202732525,1.0
mc_ID_8447,"Single Female with one child, education: partial high school working as skilled manual",10K+,"Cleaning Supplies from Household department, Ordered Brand : Sunset",30.5255,26.1647,non recyclable,"['Bar For Salad', 'Florist', 'Video Store', 'Coffee Bar', 'Ready Food']",I Cant Believe It Sale,Deluxe,€1.4M,0.5644 Millions,1734.5,,335.01,measure: 363.3281,manaus,AM,-3.0920355,data: -59.92157474999999,sao paulo,SP,-23.59272363197529,-46.6315844403312,5.0
mc_ID_8449,"Single Male with three kids, education: bachelors degree working as professional",50K+,"Drinks from Beverages department, Ordered Brand : Token",29.6533,26.6008,recyclable,['Coffee Bar'],Discount Frenzy,Supermarkat,€6.3M,3.0258 Millions,1236.07,440.92,293.95,val: 760.4943,sao paulo,_SP,measure: -23.64036523446758,-46.65212213182845,sao jose do rio preto,SP,-20.80243626346376,-49.39562406741489,5.0
mc_ID_8450,"Married Male with two children, education: bachelors degree working as professional",120+ monthly,"Jams and Jellies from Baking Goods department, Ordered Brand : Super",24.1296,21.2225,non recyclable,"['Ready Food', 'Coffee Bar', 'Florist', 'Bar For Salad']",Three for One,Deluxe,€4.3M,1.9656 Millions,2055.29,654.13,436.09,640.5181,sao paulo,SP,-23.44947679294825,data: -46.59791907646144,itapecerica da serra,SP,data: -23.72033746105922,-46.85362208015704,1.0
mc_ID_8451,"Maried Male with No children, education: partial high school working as skilled manual",10K+,"Snack Foods from Snack Foods department, Ordered Brand : Best Choice",22.8214,data: 21.2225,non recyclable,"['Ready Food', 'Bar For Salad']",Super Savers,Supermarket,3.96 Millions,1.5444 Millions,2448.37,472.27,313.55,754.7413,iacri_,SP,-21.85814149183314,-50.692336795043815,sao paul0,SP,-23.541941545934563,-46.49095488842404,3.0
mc_ID_8452,"Married Female with five children, education: high school degree working as skilled manual",30K+ annually,"Frozen Desserts from Frozen Foods department, Ordered Brand : Carrington",16.7163,13.8091,recyclable,['Florist'],Sale Sale Sale,,3.62 Millions,1.3032 Millions,1320.15,,348.85,304.1768,santos,SP,-23.947351458797296,measure: -46.3745781453055,"SAO PAULO
",SP,-23.54029947071385,-46.66278360519932,5.0
mc_ID_8453,"Single Female with four children, education: partial high school working as manual",10k,"Canned Soup from Canned Foods department, Ordered Brand : Just Right",10.3496,amount: 8.8815,non recyclable,"['Bar For Salad', 'Florist', 'Video Store', 'Coffee Bar', 'Ready Food']",,Deluxe,7.52 Millions,2.8576 Millions,1734.5,503.07,335.38,€247.13,5alvador,BA,-13.00486273633788,-38.46539390896759,barueri,SP,amount: -23.491791912543025,amount: -46.94733309700014,3.0
mc_ID_8455,"Married Male with four children,education: partial high school working as manual",$10K+,"Hardware from Household department, Ordered Brand : Red Wing",13.7655,12.3119,recyclable,"['Ready Food', 'Coffee Bar', 'Florist', 'Bar For Salad', 'Video Store']",Lottery Cash Registerion,,2.46Ms,1.0578 Millions,,503.07,335.38,290.7357,uberaba,mg,measure: -19.73866515681802,-47.93897911197998,votorantim,SP,val: -23.540699932021333,-47.45842622799934,5.0
mc_ID_8456,"Single Male with one child, education: partial high school working as manual",10K+,"Hot Beverages from Beverages department, Ordered Brand : Super",val: 11.5706,-8.6634,non recyclable,"['Ready Food', 'Bar For Salad', 'Florist', 'Coffee Bar']",,,$2.74 Millions,0.9864 Millions,1564.86,387.45,256.54,486.9653,Sao paUlo,SP,-23.55217944962204,-46.652991998615015,belo horizonte,MG,-19.90514649708581,-43.95631225047614,5.0
mc_ID_8457,"Married Male with five children, education: high school degree working as skilled manual",30K+,"Vegetables from Frozen Foods department, Ordered Brand : Big Time",data: 19.1874,16.1349,recyclable,,Go For It,Supermarket_,$12.64 Millions,6.0672 Millions,,457.36,304.91,509.6635,ASTOLFO DUTRA,_MG,-21.31561828851855,-42.867365350916536,Campinas,SP,-22.92991227115403,-47.07189552530681,5.0
mc_ID_8458,"Married Male with one child, education: bachelors degree working as professional",50K+,"Dairy from Dairy department, Ordered Brand : Even Better",11.4979,10.0298,recyclable,,,Supermarket,9.36 Millions,3.744 Millions,1508,227.8,151.9,565.9906,Arroio Do Sal,RS,val: -29.48380099178912,-49.83993538512621,sao paulo_,$P,-23.59027725644876,-46.506241529834405,5.0
mc_ID_8459,"Single Male with three children , education: Bachelors degree working as professional",130K+,"Snack Foods from Snack Foods department, Ordered Brand : Fort West",-12.7335,9.8263,recyclable,"['Coffee Bar', 'Ready Food', 'Florist', 'Video Store', 'Bar For Salad']",Sale Winners,Deluxe,€2.5M,1.2 Millions,,593.93,395.25,519.7574,IPIRANGA DO SUL,RS,amount: -27.93682246647463,val: -52.42671526329557,lOuvEira,SP,-23.08412527710581,amount: -46.98121307089687,3.0
mc_ID_8461,"Single Male with No children, education: partial high school working as professional",1080+ monthly,"Breakfast Foods from Frozen Foods department, Ordered Brand : Carrington",14.972,12.0648,recyclable,['Coffee Bar'],,Supermarket,"10.96 ,000,000illions",4.6032 Millions,1233.75,440.92,293.95,760.4943, rio de janeiro ,rj,-22.92531913366395,-43.25369631041029, limeira ,SP,-22.599254430886607,-47.37980963550319,data: 5.0
mc_ID_8462,"Single Male with four children, education: graduate degree working as management",90K+,"Snack Foods from Snack Foods department, Ordered Brand : Fast",21.3678,18.3153,non recyclable,['Florist'],Price Destroyers,Supermarket,$8.34 Millions,2.7522 Millions,1319.06,523.32,,val: 710.8616,hortolandia,SP,-22.904356478404523,-47.1755015158131,sao paul0,...,-23.537511255832708,-46.63705730743676,3.0
mc_ID_8463,"Single Male with one child, education: partial high school working as manual",30 Thousand,"Snack Foods from Snack Foods department, Ordered Brand : Best Choice",15.12 kg,10.7421,recyclable,['Florist'],,Supermarket,2.28 Millions,1.0032 Millions,1320.15,523.32,348.85,532.6232,itaguai,RJ,-22.86313228821826,-43.755450219854616,sao paulo,SP,-23.65111484251016,-46.75521082321932,5.0
mc_ID_8464,"Single Male with five children, education: partial high school working as manual",$10K+,"Meat from Meat department, Ordered Brand : Genteel",16.1349,13.2277,recyclable,['Coffee Bar'],Best Price Savers,_sup3rmarket,3.45 Millions,1.035 Millions,1237.55,440.92,293.95,720.5371,rio de janeiro, RJ,-22.84545803220033,-43.26412144878531,apukarana,pr,-23.540448877849485,-51.45277360323112,5.0
mc_ID_8465,"Single Female with four kids, education: partial college working as manual",30 Thousand,"Vegetables from Produce department, Ordered Brand : Tri-State",17.4431,14.5359,recyclable,,Price Cutters,Mid-Size,$10.92 Millions,4.368 Millions,2084.54,,,,SAO PAULO,SP,-23.502989210658427,-46.50349976686476,Ibitinga,Sp,-21.7664768468313,-48.83154737836604,5.0
mc_ID_8466,"Single Female with two children, education: graduate degree working as management",Income: 70K+,"Electrical from Household department, Ordered Brand : Denny",18.8967,17.4431,recyclable,"['Florist', 'Bar For Salad', 'Ready Food', 'Coffee Bar']",Full Free,Deluxe,$1.92 Millions,0.7488 Millions,2055.29,654.13,434.63,570.3838,ribeirao preto,Sp,-21.194323097917405,measure: -47.74678872433223,sao paulo,$P,-23.555682314184303,-46.63309991286275,5.0
mc_ID_8467,"Single Male with three children, education: partial high school working as manual",10K+,"Hot Beverages from Beverages department, Ordered Brand : CDR",measure: 24.275,-21.3678,recyclable,"['Bar For Salad', 'Ready Food', 'Florist', 'Coffee Bar']",Promo Big,Deluxe,10.92 Millions,4.8048 Millions,2055.29,654.13,436.09,267.3576,sao pauIo,Sp,-23.530243903687488,-46.65091042186511,	santo andre,sp,measure: -23.665703457960586,-46.51808196779969,4.0
mc_ID_8471,Married Female with five children | education: high school degree working as skilled manual,30K+,"Pain Relievers from Health and Hygiene department, Ordered Brand : Steady",15.6988,12.7916,recyclable,"['Ready Food', 'Florist', 'Coffee Bar', 'Bar For Salad']",,Deluxe,6.96 Millions,2.784 Millions,2055.77,654.13,436.09,267.3576, belo horizonte ,MG,-19.941422270327216,-43.932338543308816,rio DE jANeIRo,RJ,-22.91064096725142,-43.17650983181368,5.0
mc_ID_8473,"Single Male with three children, education: partial high school working as manual",10K+,"Electrical from Household department, Ordered Brand : Cormorant",29.7987,26.8915,non recyclable,['Coffee Bar'],Full Free,Small Grocery,2.76 Millions,1.242 Millions,1394.66,534.29,356.19,320.4421,sao paulo,sp,-23.483740588954927,-46.5898570932541,goiania,GO,-16.7130367660346,-49.30127628290576,5.0
mc_ID_8475,"Single Male with three children, education: high school degree working as manual",30K+,"Paper Products from Household department, Ordered Brand : Red Wing",840.89 oz,22.24,non recyclable,"['Coffee Bar', 'Florist', 'Bar For Salad', 'Ready Food', 'Video Store']",,Deluxe,1.92 Millions,0.7872 Millions,1734.5,503.07,334.71,290.7357,pirassununga,SP,-22.00467253391821,-47.41520040915975,itirapina,SP,-22.24952039418273,-47.81123678056145,4.0
mc_ID_8476,"Single_Female_with_one_child,_education:_partial_high_school_working_as_manual",10K+ annually,"Vegetables from Produce department, Ordered Brand : Hermanos",19.0421,measure: 17.5885,non recyclable,"['Coffee Bar', 'Ready Food', 'Florist', 'Bar For Salad', 'Video Store']",Go For It,Deluxe,7.48 Millions,2.4684 Millions,2035.96,481.98,321.26,455.3761,curitiba,PR,val: -25.5347523805182,-49.236641559813016,pedreira,SP,-22.73824150585765,-46.8958585777586,4.0
mc_ID_8477,"Single Female with five children, education: partial college working as manual",30K+,"Fruit from Produce department, Ordered Brand : Ebony",26.8915,23.9843,recyclable,"['Ready Food', 'Florist', 'Video Store', 'Bar For Salad', 'Coffee Bar']",Promo Big,DELUXA,8.31Ms,2.493 Millions,,593.93,395.95,578.2288,s@o paulo,$P,val: -23.517219520399337,-46.39812401610015,sao paulo,SP,-23.65111484251016,-46.75521082321932,1.0
mc_ID_8479,"sINGLE mALE WITH THREE CHILDRAN, EDUCATION: PARTIAL HIGH SCHOOL WORKING AS MANUAL",10 Thousand,"Bread from Baked Goods department, Ordered Brand : Sphinx",11.8613,8.9396,recyclable,"['Video Store', 'Coffee Bar', 'Ready Food', 'Bar For Salad', 'Florist']",Shelf Emptiers,Gourmet,2.12 Millions,0.9328 Millions,1424.85,465.54,310.3,564.2647,culaba, MT,-15.58027272133767,-56.0650519526469, jundi@i ,SP,-23.211714582578274,-46.8753760355472,5.0
mc_ID_8480,"Married Female with four children, education: high school degree working as skilled manual",30K+,"Vegetables from Canned Foods department, Ordered Brand : Bravo",30.86 lbs,11.0909,non recyclable,,Two Day Sale,Mid-Size,5.18 Millions,2.2792 Millions,2085.67,783.64,522.49,734.9719,$ao paulo,Sp,-23.48331712978441,-46.678195526423366,sao paulo,SP,-23.56788988703906,-46.57394821510183,data: 5.0
mc_ID_8481,"Single Female with three children, education: High School degree working as skilled manual",$50K+,"Decongestants from Health and Hygiene department, Ordered Brand : Faux Products",amount: 24.275,19.9142,recyclable,"['Florist', 'Bar For Salad', 'Coffee Bar', 'Ready Food']",Budget Bargains,Deluxe,"5.22 ,000,000illions",1.8792 Millions,2055.29,654.13,435.73,data: 715.1502,vacaria,RS,-28.517094,-50.92322625,sao paulo,_SP,-23.62358155176294,-46.61056007369148,5.0
mc_ID_8482,"Single Male with two children, education: high school degree working as skilled manual",30K+,"Meat from Deli department, Ordered Brand : Cutting Edge",28.4904,25.5832,recyclable,['Coffee Bar'],Sale Winners,	SMALL GROCERY,1.44 Millions,0.6336 Millions,2069.04,330.83,220.55,564.9446,sao paulo,SP ,-23.590958301142567,...,ribeirao pires,SP,-23.73407261059953,-46.44241000920845,amount: 5.0
mc_ID_8483,"Single Male with three kids, education: bachelors degree working as professional",70 Thousand,"Snack Foods from Snack Foods department, Ordered Brand : Nationeel",18.1699,15.2627,recyclable,['Coffee Bar'],,Supermarket,6.52 Millions,2.2168 Millions,1238.19,440.92,295.93,477.3944,SaO PaulO,SP_,-23.652801714124177,measure: -46.7682836429379,sao bernardo do campo_,SP,-23.71457923606073,-46.54581156219319,2.0
mc_ID_8484,"Married Female with five kids, education: partial high school working as skilled manual",10K+,"Canned Tuna from Canned Foods department, Ordered Brand : Pleasant",12.9515,-8.5762,recyclable,"['Ready Food', 'Video Store', 'Bar For Salad', 'Coffee Bar', 'Florist']",Go For It,Deluxe,4.11 Millions,1.9728 Millions,2037.13,481.98,319.65,amount: 455.3761,birigui,Sp,-21.290278634885816,-50.3345427547398,itatiba,SP,-23.005474434298936,-46.84112811740003,data: 5.0
mc_ID_8485,"Single Female with four children, education: partial high school working as manual",Income: 10K+,"Candy from Snacks department, Ordered Brand : Thresher",14.972,measure: 12.0648,recyclable,"['Video Store', 'Ready Food', 'Bar For Salad', 'Florist', 'Coffee Bar']",Price Cutters,Gourmet,€4.0M,2.133 Millions,1424.85,465.54,311.22,675.716,campos dos goytacazes,RJ,-21.753758653386228,-41.33389901937112,curitiba ,PR,-25.4727349417162,-49.30563836747645,5.0
mc_ID_8486,"Married Female with No children, education: partial high school working as skilled manual",30K+ annually,"Vegetables from Frozen Foods department, Ordered Brand : PigTail",measure: 14.3034,11.3962,recyclable,,Roller Savings (High) ,Superm4rket,€5.6M,2.3904 Millions,1508,227.8,151.9,379.7503,alpinopoli$,mg,-20.871099247582563,-46.39264799098767,Guariba,Sp,-21.36235769739203,-48.232975701561735,5.0
mc_ID_8487,"Marrie Male with two children, education: graduate degree working as management",110K+,"Breakfast Foods from Breakfast Foods department, Ordered Brand : Johnson",measure: 26.6008,measure: 23.5482,recyclable,"['Ready Food', 'Bar For Salad']",Three for One,	SUPERMARKET,1.8 Millions,0.81 Millions,2448.37,470.27,313.55,656.2604,guaru1hos,SP,-23.43013599194992,measure: -46.51056930904841,BORDA DA MATA,Mg,-22.264093569966427,-46.15856420525942,5.0
mc_ID_8488,"Married Female with No children, education: partial high school working as skilled manual",10K+,"Bathroom Products from Health and Hygiene department, Ordered Brand : Consolidated",18.1699,15.2627,non recyclable,['Florist'],Save It (Sale),Supermarket,5.91 Millions,2.8959 Millions,1320.15,523.32,349.43,427.7617,eloi mendes,Mg,measure: -21.606916921402377,-45.56859632918257,piracicaba,SP,-22.726257875353635,-47.63781138952056,5.0/5.0
mc_ID_8489,"Marriied Female with two children, education: partial high school working as skilled manual.",Income: 10K+,"Fruit from Produce department, Ordered Brand : Tell Tale",30.0894,28.6358,non recyclable,,,Mid-Size,5.73 Millions,2.0628 Millions,2819.7,447.7,298.5,693.498,vitoria,ES,-20.301812139621337,-40.319885561890494,sao paulo, 5p ,-23.5706181335045,-46.50933181986844,4.0
mc_ID_8491,"Single  Male  with  three  children,  education:  bachelors  degree  working  as  professional",50K+,"Canned Shrimp from Canned Foods department, Ordered Brand : Just Right",20.2049,18.606,non recyclable,,Go For It,Supermarket,6.22 Millions,2.9856 Millions,1510.37,227.8,153.31,623.939,belo horizonte,MG,-19.830921338882806,-43.96358122785512, guariba,SP,-21.36235769739203,-48.232975701561735,5.0
mc_ID_8492,"Married Male with one child, education: bachelors degree working as management",90K+,"Dairy from Dairy department, Ordered Brand : Even Better",10.7857,7.8785,recyclable,,Two Day Sale,Supermarket,5.38 Millions,2.0982 Millions,1623.48,341.05,226.76,383.2021,sao paulo,SP,-23.45646558090484,-46.62058099668178,Piracicaba,SP,amount: -22.71683928585045,-47.65736585405934,3.0
mc_ID_8496,"Married Female with five children, education: partial high school working as skilled manual",10k,"Carbonated Beverages from Beverages department, Ordered Brand : Fabulous",25.7286,21.3678,non recyclable,"['Bar For Salad', 'Coffee Bar', 'Video Store', 'Ready Food', 'Florist']",Two for One,Deluxe,4.68Ms,1.8252 Millions,,481.98,320.1,£262.02,	sao pedro da aldeia,RJ,amount: -22.85879545945832,-42.05025992573866,osasco,SP,-23.552456794881493,-46.78012559033992,
mc_ID_8497,"Married Male with three children, education: partial high school working as skilled manual",10K+,"Fruit from Produce department, Ordered Brand : Ebony",21.8039,18.8967,non recyclable,"['Florist', 'Bar For Salad', 'Coffee Bar', 'Ready Food']",Save Price,Deluxe,$12.96 Millions,6.2208 Millions,2055.29,654.13,436.09,584.191,_macapa,AP,0.0490969345087335,amount: -51.05735669770298,sao bernardo do campo,Sp,-23.71688471949829,-46.54199108267673,4.0
mc_ID_8500,"single male with four children,education: partial high school working as manual",Income: 10K+,"Snack Foods from Snack Foods department, Ordered Brand : Nationeel",15.6988,11.338,recyclable,"['Ready Food', 'Florist', 'Coffee Bar', 'Video Store', 'Bar For Salad']",Money Savers,D3luxe,8.94 Millions,3.3078 Millions,1873.44,593.93,397.68,343.611,RIO DA JANEIRO,RJ,-22.96308886984238,-43.402024304605,patos de minas,mg,-18.60497691187199,-46.52154885505743,6.0/10
mc_ID_8501,"Married Female with three children, education: partial college working as clerical",€25K+,"Hygiene from Health and Hygiene department, Ordered Brand : Hilltop",28.7811,25.7286,recyclable,"['Ready Food', 'Bar For Salad']",Wallet Savers,Supermarket,4.8 Millions,2.304 Millions,2448.37,472.27,,324.8876,_ribeirao preto, SP ,-21.171965761873103,-47.86823156258297,Brasilia,DF,-15.84773403146559,-48.11320617572606,4.0
mc_ID_8502,"Married Female with No children, education: bachelors degree working as management",70000,"Pizza from Frozen Foods department, Ordered Brand : Carrington",26.8915,22.5307,non recyclable,"['Florist', 'Video Store', 'Coffee Bar', 'Bar For Salad', 'Ready Food']",Sale : Double Down,Deluxe,$11.19 Millions,4.1403 Millions,,503.07,335.38,265.6317,rio de janeiro,rj,-22.907125456287147,-43.29187014002536,sao paul0,SP,-23.46824404524207,-46.585030834727874,5.0
mc_ID_8505,"Married Female with two kidren, education: partial high school working as manual",10K+,"Snack Foods from Snack Foods department, Ordered Brand : Fast",11.7014,8.7942,non recyclable,"['Video Store', 'Ready Food', 'Florist', 'Coffee Bar', 'Bar For Salad']",Full Free,Deluxe,4.92 Millions,1.968 Millions,1734.5,503.07,335.38,752.2309,almirante tamandare,PR,-25.316851361274026,-49.30459161975918,curitiba,PR,-25.46921399278664,-49.29393514695028,5.0
mc_ID_8506,"Single Female with four children, education: High School degree working as manual",30K+,"Specialty from Produce department, Ordered Brand : Ebony",27.3275,24.275,non recyclable,"['Florist', 'Coffee Bar', 'Bar For Salad', 'Ready Food']",,Deluxe,"9.56 ,000,000illions",3.5372 Millions,2055.29,654.13,435.33,584.191,"goiania
",GO,val: -16.721492976402,-49.24476141839511,brasilia,DF,-15.656754584921352,-47.808582687413306,3.0
mc_ID_8507,"MARRIED FEMALE WITH ONE CHILD, EDUCATION: HIGH SCHOOL DEGREE WORKING AS MANUAL",30K+,"Hot Beverages from Beverages department, Ordered Brand : Super",27472.90 grams,data: 24.4204,non recyclable,"['Coffee Bar', 'Video Store', 'Ready Food', 'Florist', 'Bar For Salad']",Go For It,Deluxe,11.44 Millions,4.3472 Millions,2038.11,481.98,320.54,455.3761,feira de santana,Ba,-12.287488263402311,-38.95425630806746,SAO PAULO,Sp,-23.56168119891244,-46.50627110555333,4.0
mc_ID_8508,"MaRrIeD MaLe wItH OnE ChIlD, eDuCaTiOn: HiGh sChOoL DeGrEe wOrKiNg aS SkIlLeD MaNuAl",30K+,"Vegetables from Produce department, Ordered Brand : Hermanos",21.2225,19.7689,recyclable,,Weekend Discount,SUPERMARKET_,2.62 Millions,0.8122 Millions,1508,227.8,151.9,735.1811,VOTORANTIM,Sp,-23.57105743712856,-47.45745448568884,sao bernardo do campo,SP,-23.723129438830654,-46.557639356367936,5.0
mc_ID_8509,"Single Male with one child, education: partial college working as management",30K+ annually,"Meat from Frozen Foods department, Ordered Brand : Imagine",-15.9895,11.6287,non recyclable,"['Ready Food', 'Florist', 'Coffee Bar', 'Bar For Salad']",Saving Days,deluxe,13.84 Millions,4.7056 Millions,2055.29,654.13,436.09,352.0313,CONCEICAO DO TOCAN7INS_,TO,measure: -12.215797939258335,measure: -47.29364504987223,ribeireo preto,SP,-21.174925033585303,-47.7686162776848,5.0
mc_ID_8510,"singlee male with one child, education: graduate degree working as professional",90K+,"Frozen Desserts from Frozen Foods department, Ordered Brand : PigTail",22.24,19.3328,recyclable,"['Florist', 'Video Store', 'Ready Food', 'Bar For Salad', 'Coffee Bar']",Discount Frenzy,DELUXE,3.84 Millions,1.8432 Millions,1871.16,593.93,397.23,amount: 326.352,fortaleza,CE,-3.783814826533557,-38.57167852914191,_sao paulo,Sp,measure: -23.540988782128203,-46.56475255635056,5.0
mc_ID_8512,"Married Male with three children, education: partial high school working as skilled manual",10K+,"Hygiene from Health and Hygiene department, Ordered Brand : Bird Call",20.3503,15.9895,non recyclable,,,"Supermarket
",$5.92 Millions,2.5456 Millions,2047.88,457.36,304.91,697.7866,brasilia,DF,-15.824901524310992,measure: -47.8925856261604,brasilia, DF ,-15.656754584921352,-47.808582687413306,5.0
mc_ID_8513,"Married Female with four children, education: high school degree working as skilled manual",30K+,"Electrical from Household department, Ordered Brand : Denny",-25.2925,22.24,non recyclable,,Promo Big,_Supermarkat,11.61Ms,4.2957 Millions,2049.72,457.36,304.91,515.2596,bRAsILIA, df,-15.810784561964333,amount: -47.90562191264542,,,,,1.0
mc_ID_8514,"Single Male with one child, education: bachelors degree working as professional",110K+ annually,"Snack Foods from Snack Foods department, Ordered Brand : Nationeel",10.6258,7.704,recyclable,"['Video Store', 'Florist', 'Coffee Bar', 'Ready Food', 'Bar For Salad']",One Day Sale,,4.26 Millions,2.0874 Millions,2038.11,481.98,320.25,767.3456,salvador,BA,-12.999676661953911,-38.52950608006811, curitiba,PR,-25.454342472387303,-49.22258337676727,4.0
mc_ID_8516,"single female with one child, education: high school degree working as manual, education: high school degree working as manual",30K+,"Paper Products from Household department, Ordered Brand : Sunset",-11.6287,10.1752,non recyclable,"['Coffee Bar', 'Ready Food', 'Bar For Salad', 'Florist']",Sale : Double Down,Deluxe,1.72 Millions,0.5504 Millions,2055.87,654.13,436.09,500.7202,"chopinzinho
",PR,-25.8535520451118,-52.5211412257659,Carapicuiba,SP,-23.548007803126943,-46.8485750585056,5.0
mc_ID_8517,Married Male with three children - education: partial high school working as manual,10k,"Fruit from Canned Products department, Ordered Brand : Swell",12.53,11.0618,non recyclable,"['Bar For Salad', 'Florist', 'Ready Food', 'Coffee Bar', 'Video Store']",Price Cutters,Deluxe,$9.36 Millions,4.5864 Millions,1525.28,,,642.0871,belo horizonte_,Mg,-19.90514649708581,-43.95631225047614,Campinas,SP,-22.88255076242137,data: -47.04691965736627,4.0
mc_ID_8518,"Married Male with one child, education: partial high school working as manual",10K+,"Hardware from Household department, Ordered Brand : Sunset",28.4904,measure: 25.5832,recyclable,,Price Winners,,$5.49 Millions,2.4705 Millions,2051,,304.91,599.358,vicosa,MG,-20.76027712980263,-42.88944983002101,atibaia,5P,-23.112774381969185,-46.5488845105504,4.0
mc_ID_8519,SINGLE MALE WITH ONE CHILD; EDUCATION: PARTIAL HIGH SCHOOL WORKING AS SKILLED MANUAL,Income: 10K+,"Canned Soup from Canned Foods department, Ordered Brand : Just Right",val: 13.2277,10.3205,non recyclable,"['Florist', 'Video Store', 'Bar For Salad', 'Coffee Bar', 'Ready Food']",I Cant Believe It Sale,DEluxE,3.93 Millions,1.3755 Millions,1525.52,373.1,247.8,535.9181,campinas,SP,-22.81905949374732,-47.09337872045235,guARUlHos,SP,data: -23.42207596280801,-46.49318406994056,5.0
mc_ID_8520,"Married Male with three children, education: high school degree working as manual",30K+,"Jams and Jellies from Baking Goods department, Ordered Brand : Plato",38.46 lbs,13.0823,recyclable,,Sale Sale Sale,,7.35Ms,2.7195 Millions,2085.67,783.64,,val: 739.4697,santo andre,SP,-23.65198043825374,-46.54095207799065,birigui,SP,amount: -21.301705697260985,-50.33198634467411,5.0
mc_ID_8521,"Single Male with three children, education: partial HS working as management",70K+,"Frozen Desserts from Frozen Foods department, Ordered Brand : Carrington",29.3626,26.4554,non recyclable,['Coffee Bar'],Weekend Discount,Supermarket,5.01 Millions,2.1543 Millions,1236.07,440.92,293.95,364.1649,niteroi,RJ,-22.89428279372572,-43.12073703239408,sao paulo ,SP,data: -23.71992046378896,val: -46.693208556754605,4.0
mc_ID_8522,"Single Male with three children, education: high school degree working as manual",50K+,"Dairy from Dairy department, Ordered Brand : Carlson",24.8564,21.9493,non recyclable,"['Bar For Salad', 'Ready Food']",Money Savers,Supermarket,6.6 Millions,2.772 Millions,2448.37,470.27,313.55,290.0035,rio de janeiro,RJ,-22.79448670552253,-43.19901880099832,SaO PauLo,SP,measure: -23.675905499567303,-46.75188111226845,amount: 5.0
mc_ID_8524,"Single Male with No children, education: graduate degree working as professional",70K+,"Candy from Snacks department, Ordered Brand : Atomic",23.1121,val: 20.0596,recyclable,,Money Savers,Supermarket,9.4Ms,4.136 Millions,1508,227.8,151.41,277.2423,sao bernardo do campo,SP,-23.71128768249748,-46.5875374675112,	indaiatuba,SP,val: -23.141554810215275,-47.23811647179686,4.0
mc_ID_8526,"SINGLEE FEMALE WITH TWO CHILDREN,EDUCATION: PARTIAL HIGH SCHOOL WORKING AS MANUAL",10K+,"Electrical from Household department, Ordered Brand : High Quality",data: 30.9615,27.909,non recyclable,"['Bar For Salad', 'Ready Food']",Save Price,SupeRMaRket,missing,1.989 Millions,2448.37,470.27,312.07,R$2235.62,5AO BERNARDO DO CAMPO,SP,-23.67382506591659,-46.58883029060229,sao paulo,SP,-23.667843855675457,-46.66038973120199,5.0
mc_ID_8527,"Married Female with four children, education: high school degree working as skilled manual",30K+,"Eggs from Eggs department, Ordered Brand : Giant",17.7338,14.6813,non recyclable,,Promo Big,supermarket,€5.8M,2.5086 Millions,2047.02,457.36,304.91,515.2596,IpIraNGA,pr,-25.026860302981927,-50.58690778966883,_araguari, MG,-18.65223568071188,-48.19343213192182,2.0/10
mc_ID_8528,"Single Male with four children, education: high school degree working as manual",30 Thousand,"Candy from Snacks department, Ordered Brand : Choice",26.4554,22.0946,non recyclable,"['Bar For Salad', 'Ready Food']",Three for One,Supermarket_,3.56Ms,1.4952 Millions,,470.27,312.18,amount: 656.2604,rio verde,go,-17.790346469826396,val: -50.912779601018,_SAO PAULO, SP,-23.53877907744238,-46.53648566833056,3.0
mc_ID_8529,"Married_Female_with_four_children,_education:_high_school_degree_working_as_skilled_manual",10K+,"Dairy from Dairy department, Ordered Brand : Gorilla",30.8162,-29.3626,recyclable,"['Florist', 'Ready Food', 'Bar For Salad', 'Video Store', 'Coffee Bar']",Price Cutters,G0urmet,$10.64 Millions,4.8944 Millions,1424.85,467.54,311.1,675.716,sao paulo,SP,-23.556926913670807,-46.6615417904381,sao paulo,SP,-23.693985995008337,-46.70188324132953,4.0
mc_ID_8531,"Married_Female_with_four_children,_education:_high_school_degree_working_as_professional",90K+,"Fruit from Produce department, Ordered Brand : Tri-State",26.1647,23.2575,recyclable,"['Video Store', 'Bar For Salad', 'Coffee Bar', 'Florist', 'Ready Food']",Save Price,De1uxe ,10.28Ms,3.2896 Millions,1734.5,503.07,335.38,419.9167,rio das pedras,sp,-22.849226544300205,-47.61048571730711,s4o paulo,SP,-23.543135968636395,measure: -46.62371555453289,1.0
mc_ID_8532,"Married_Female_with_one_child,_education:_partial_college_working_as_manual,_Married_Female_with_one_child",$30K+,"Jams and Jellies from Baking Goods department, Ordered Brand : Super",19.7689,16.8617,recyclable,"['Florist', 'Ready Food', 'Video Store', 'Bar For Salad', 'Coffee Bar']",Price Slashers,Deluxe,$5.16 Millions,2.3736 Millions,1734.5,503.07,335.38,282.9953,belo horizonte,MG,amount: -19.94244782041672,-43.91448426755726,osasco,SP,-23.552456794881493,-46.78012559033992,data: 5.0
mc_ID_8533,"Single Male with one child, education: bachelors degree working as professional",50K or more,"Fruit from Produce department, Ordered Brand : Tell Tale",14.3179,11.4107,non recyclable,"['Ready Food', 'Bar For Salad']",Best Savings,Supermarket,5.48 Millions,2.4112 Millions,2448.37,470.27,314.67,576.1891,sao paulo,Sp,-23.537309857060443,-46.6787664476888,poa,SP,-23.522975748542905,-46.33702048557326,5.0
mc_ID_8535,"Married Male with two children, education: bachelors degree working as management",50k,"Jams and Jellies from Baking Goods department, Ordered Brand : BBB Best",12.8788,9.9571,recyclable,"['Coffee Bar', 'Florist', 'Video Store', 'Bar For Salad', 'Ready Food']",,Gourmet,2.24 Millions,0.8288 Millions,,465.54,310.97,689.3663,fortaleza,CE,measure: -3.699851321369517,val: -38.57693625716176,cajamar,SP,measure: -23.406238298215783,-46.84102497498486,3.0
mc_ID_8536,"Married Female with four children, education: partial high school working as skilled manual",10K+,"Candy from Snacks department, Ordered Brand : Thresher",10.4659,7.5441,non recyclable,,Two for One,SUPERMARKET,3.62 Millions,1.5204 Millions,,457.36,306.1,451.9766,RIO DE JANEIRO,Rj,-22.908714883432378,-43.193807831813686,curitiba,pr,-25.464029318048183,-49.30472794690424,5.0
mc_ID_8537,"Single Female with four children, education: partial high school working as professional",110K+,"Drinks from Beverages department, Ordered Brand : Fabulous",-26.6008,23.5482,non recyclable,"['Ready Food', 'Coffee Bar', 'Florist', 'Bar For Salad']",Save Price,Deluxe,19.75 Millions,8.8875 Millions,2055.29,654.13,436.09,584.191,Aquidauana,M$,-20.48230807621057,-55.79218937991555,limeira,SP,-22.541719708891844,-47.427681190013296,5.0
mc_ID_8538,"Married Female with two children, education: bachelors degree working as management",90K+,"Meat from Deli department, Ordered Brand : Red Spade",26.31,24.8564,non recyclable,['Coffee Bar'],Weekend Discount,Supermarket,€4.3M,1.521 Millions,1236.07,440.92,293.05,$364.16,juiz de fora,mg_,data: -21.781679280599,-43.34755285261703,piracicaba,"sp
",-22.71683928585045,-47.65736585405934,5.0
mc_ID_8539,"Married Male with No children, education: high school degree working as skilled manual",30K+,"Cold Remedies from Health and Hygiene department, Ordered Brand : Steady",31.6883,30.0894,recyclable,"['Coffee Bar', 'Florist', 'Video Store', 'Ready Food', 'Bar For Salad']",Big Time Saving, Deluxe ,10.5 Millions,3.465 Millions,1871.16,595.93,,676.6574,rio de janeiro,RJ,-22.93276755785112,-43.17834623036526,limeira,sp,-22.599254430886607,-47.37980963550319,1.0
mc_ID_8540,"Single Male with one child, education: High School degree working as manual",50K+,"Fruit from Produce department, Ordered Brand : Hermanos",21.8039,20.3503,recyclable,,Shelf Clearing Days,_suPermarKet,€8.7M,4.8128 Millions,1508,,151.9,399.6243,jundiai,SP,-23.151712385018914,val: -46.97128780668247,sao paulo,SP,-23.537511255832708,-46.63705730743676,4.0
mc_ID_8541,"Married Female with one child, education: partial HS working as manual",10K+,"Meat from Frozen Foods department, Ordered Brand : Golden",21.2225,16.8617,non recyclable,"['Florist', 'Coffee Bar', 'Ready Food', 'Bar For Salad', 'Video Store']",Bag Stuffer,DELuxe,8.43 Millions,4.0464 Millions,1734.5,505.07,335.38,432.1026,Sete Lagoas,Mg,-19.42971029829401,-44.22506352397885,_brusque,SC,data: -27.14105704919435,-48.96146112936535,5.0
mc_ID_8543,"Single Female with one child, education: high school degree working as manual",$30K+,"Pizza from Frozen Foods department, Ordered Brand : Big Time",13.3149,-10.3932,recyclable,"['Coffee Bar', 'Ready Food', 'Bar For Salad', 'Video Store', 'Florist']",Price Cutters,Gourmet,4.52 Millions,2.034 Millions,1422.35,465.54,310.3,675.716,belo horizonte,MG,-19.93647134886613,-43.92639691534425,sao paulo,SP,-23.59272363197529,-46.6315844403312,5.0
mc_ID_8544,"Single Male with three children, education: high school degree working as manual",10K+,"Snack Foods from Snack Foods department, Ordered Brand : Best Choice",23.5482,20.641,non recyclable,"['Ready Food', 'Coffee Bar', 'Bar For Salad', 'Florist']",Tip Top Savings,deluxe_,13.76 Millions,6.88 Millions,2057.52,654.13,436.09,745.6934,mage,RJ,-22.609190142662385,-43.170402753165895,Lauro De Freitas,B@,measure: -12.895112589380958,-38.33895999999978,measure: 1.0
mc_ID_8545,"Married Male with five children, education: partial HS working as professional",90 Thousand,"Pizza from Frozen Foods department, Ordered Brand : Imagine",23.5482,-22.0946,recyclable,"['Video Store', 'Coffee Bar', 'Bar For Salad', 'Florist', 'Ready Food']",Pick Your Savings,Deluxe,8.1 Millions,2.592 Millions,1871.16,593.93,394.52,295.4427,campinas,SP,-22.907317211495144,-47.11830328850486,sao paulo,5P,-23.746252526227707,-46.677001782820696,5.0
mc_ID_8546,"Married Female with one child, education: bachelors degree working as management",70K or more,"Beer and Wine from Alcoholic Beverages department, Ordered Brand : Portsmouth",28054.30 grams,amount: 25.0018,non recyclable,,I Cant Believe It Sale,Mid-Size,10.4 Millions,3.328 Millions,2820.07,447.7,298.5,693.498,presidente prudente, sp ,-22.12714089877284,val: -51.42017611679179,Limeira,SP,val: -22.56835042131686,val: -47.44743947974489,4.0
mc_ID_8547,"Married Female with No children, education: graduate degree working as professional",130K+,"Snack Foods from Snack Foods department, Ordered Brand : Fast",val: 28.9265,25.874,non recyclable,"['Bar For Salad', 'Video Store', 'Florist', 'Coffee Bar', 'Ready Food']",Roller Savings (High) ,Gourmet,15.12 Millions,5.1408 Millions,1424.85,465.54,309.56,532.6232,Vitoria,ES,-20.301812139621337,-40.319885561890494,votuporanga,"sp
",-20.405604560394835,val: -49.99195266803888,4.0
mc_ID_8550,"Single Female with three children, education: bachelors degree working as professional",90K+,"Snack Foods from Snack Foods department, Ordered Brand : Best Choice",11.9776,-999.0,non recyclable,['Florist'],Savings Galore,Supermarket,3.46 Millions,1.1764 Millions,,523.32,348.85,322.4295,cataguases,_mg,-21.38907215898061,data: -42.69203937619066,GUARULHOS,SP,-23.453200132516344,-46.484469408993874,5.0
mc_ID_8552,"Single Female with one child, education: partial college working as skilled manual",50K+,"Jams and Jellies from Baking Goods department, Ordered Brand : BBB Best",24.7111,20.3503,recyclable,"['Coffee Bar', 'Bar For Salad', 'Florist', 'Ready Food']",Price Winners,Deluxe,4.83 Millions,1.7388 Millions,2055.29,654.13,436.09,494.9149,Sao Paulo,SP,-23.659069285042403,-46.6611704469963,rIBeRAo PrETO,sp,-21.16850440882337,-47.79370519233655,5.0
mc_ID_8555,Married Male with three children - education: partial high school working as manual,10K+,"Breakfast Foods from Frozen Foods department, Ordered Brand : Golden",14.8266,11.9049,non recyclable,"['Ready Food', 'Bar For Salad', 'Coffee Bar', 'Florist']",,Deluxe,€1.3M,0.7392 Millions,2055.29,,436.1,640.5181,piracicaba,SP,-22.734190708292505,-47.65736922147847,salto,Sp,-23.20591698084141,-47.307845865803,5.0
mc_ID_8557,"Married Male with three children, education: high school degree working as manual",30K+,"Side Dishes from Deli department, Ordered Brand : Lake",20.9317,17.8792,recyclable,"['Ready Food', 'Florist', 'Bar For Salad', 'Video Store', 'Coffee Bar']",Two for One,Deluxe,"2.79 ,000,000illions",1.3392 Millions,2039.89,481.98,,data: 358.9349,londrine,PR,-23.3100135,-51.210994500000005,ibitinga,SP,-21.7664768468313,-48.83154737836604,data: 4.0
mc_ID_8558,"Single  Male  with  No  children,  education:  partial  high  school  working  as  professional",€76K+,"Snack Foods from Snack Foods department, Ordered Brand : Best Choice",27.0368,measure: 24.1296,non recyclable,['Coffee Bar'],Super Duper Savers,,7.32 Millions,2.2692 Millions,,440.92,,418.4,boituva, Sp ,-23.279657630556585,-47.6618565754143, rio de janeiro ,RJ,-22.93125598447676,-43.17881321481337,5.0
mc_ID_8561,"Single Female with No children, education: partial high school working as manual",30k,"Bread from Baked Goods department, Ordered Brand : Great",-1.0,10.9019,non recyclable,,Super Wallet Savers,Supermarket,€9.5M,4.3758 Millions,1507.77,,151.14,733.1937,brasilia,DF,-15.650382313455822,-47.804493261897264,juiz de fora,SP,-21.76282506633389,-43.34295644532287,4.0
mc_ID_8562,"Married Female with two children, education: partial high school working as manual",10K+,"Baking Goods from Baking Goods department, Ordered Brand : BBB Best",9.8263,5.4655,recyclable,"['Bar For Salad', 'Ready Food']",Save It (Sale),Supermarket,7.38 Millions,3.0996 Millions,2265.9,853.22,568.75,339.1132,pelotaS,RS,measure: -31.77452642353856,-52.33668313682272,s@o paulo,SP,-23.54250072967277,-46.57631077214489,5.0
mc_ID_8563,"Married Female with one child, education: graduate degree working as professional",110K+,"Baking Goods from Baking Goods department, Ordered Brand : Super",data: 25.4379,21.0771,recyclable,['Florist'],You Save Days,Supermarket,$8.19 Millions,4.095 Millions,1320.15,523.32,348.85,689.3663,sao paulo,SP,-23.615668163194663,-46.74667825812221,Salto,sP,-23.17588057617297,-47.31592004954123,4.0
mc_ID_8564,"Single Male with four children, education: high school degree working as manual",30K+,"Plastic Products from Household department, Ordered Brand : Red Wing",15.9895,13.0823,non recyclable,,Budget Bargains,Supermarkat,15.0 Millions,6.0 Millions,2049.72,457.36,306.74,708.665,araçatuba,SP,-21.220110815654674,measure: -50.43765462630489,Sp / Sp,SP,-23.56109093672453,-46.53888007660566,5.0
mc_ID_8569,"Single Male with five children, education: partial college working as skilled manual",50K+,"Snack Foods from Snack Foods department, Ordered Brand : Nationeel",29.0719,val: 26.1647,recyclable,"['Florist', 'Ready Food', 'Bar For Salad', 'Coffee Bar', 'Video Store']",Sale : Double Down,Deluxe,5.91 Millions,2.8368 Millions,1736.07,503.07,335.38,265.6317,beLO hoRIZonte,Mg,-19.95954610294896,nil,sao paulo,SP_,val: -23.569438714409333,-46.66342129141903,5.0
mc_ID_8570,"sINGLE fEMALE WITH nO KIDS, EDUCATION: PARTIAL HIGH SCHOOL WORKING AS SKILLED MANUAL",10 Thousand,"Canned Tuna from Canned Foods department, Ordered Brand : Bravo",amount: 15.5534,14.0853,recyclable,"['Bar For Salad', 'Ready Food', 'Florist', 'Video Store', 'Coffee Bar']",Big Time Discounts,Delux3,5.01 Millions,2.2545 Millions,1733.28,503.07,334.35,583.1973, fernandopolis ,_Sp,-20.28599742780295,-50.26063395418952,sa0 paulo,Sp,-23.58667354731954,-46.61242320483004,5.0
mc_ID_8571,"Single Female with five kids, education: HS degree working as manual",50K+,"Snack Foods from Snack Foods department, Ordered Brand : Best Choice",-12.6608,9.7536,non recyclable,"['Coffee Bar', 'Florist', 'Bar For Salad', 'Ready Food']",Two for One,Deluxe,"2.46 ,000,000illions",1.1808 Millions,2055.29,654.13,435.21,measure: 312.9109,BELO HORIZONTE,MG,measure: -19.82150921426511,-43.96683064016958,sao paulo,SP,-23.62358155176294,-46.61056007369148,measure: 5.0
mc_ID_8574,"Married Male with No children, education: partial high school working as skilled manual",10K+,"Pizza from Frozen Foods department, Ordered Brand : Imagine",24.5657,21.5132,recyclable,"['Ready Food', 'Bar For Salad']",Super Savers,Supermarket,1.71 Millions,0.6669 Millions,2448.37,,313.55,754.7413,sao paul0,5P,-23.536398271614,-46.45955683703159,santo andre,5P,amount: -23.66875959201334,-46.53653409354255,5.0
mc_ID_8575,"Married Male with three children, education: partial high school working as skilled manual",€8K+,"Vegetables from Canned Foods department, Ordered Brand : Better",measure: 30.9615,27.909,recyclable,,Price Winners,Supermarket,2.8 Millions,1.344 Millions,1623.48,343.05,226.26,543.397,niteroi,rJ,-22.91127038161472,measure: -43.10515133611283,sao paulo,SP,-23.65111484251016,-46.75521082321932,measure: 1.0
mc_ID_8576,"Married Female with three children, education: partial college working as professional",30K+,"Vegetables from Produce department, Ordered Brand : Hermanos",val: 25.0018,23.5482,non recyclable,['Florist'],Sale : Double Down, Supermarket ,5.44 Millions,2.5024 Millions,1320.15,523.32,348.85,292.6708,Araucaria,PR,-25.581182453673023,val: -49.4134921642734,itaquaquecetube,5P,-23.48262344063541,-46.37448952833195,1.0
mc_ID_8577,"Married Male with three children, education: bachelors degree working as management",50K+,"Beer and Wine from Alcoholic Beverages department, Ordered Brand : Pearl",data: 13.0969,10.1897,non recyclable,"['Ready Food', 'Bar For Salad', 'Florist', 'Coffee Bar', 'Video Store']",,D3luxe,1.08 Millions,0.3456 Millions,1525.28,373.1,248.79,318.3501,porto alegre,Rs,-30.04888496808813,-51.196545051358896,,,,,1.0
mc_ID_8578,"Single Male with five children, education: bachelors degree working as professional",50K+,"Fruit from Produce department, Ordered Brand : Tell Tale",16.4256,13.5184,non recyclable,,Price Slashers,supermarket,€7.3M,3.956 Millions,1624.91,341.05,228.65,277.0331,r1o de janeiro,Rj,-22.906162445467107,-43.56901475728546,Campo Limpo Paulista,5P,-23.20706431353269,-46.760735214610754,1.0
mc_ID_8579,"Married Male with five childern, education: Bachelors degree working as management",50K+,"Fruit from Produce department, Ordered Brand : Ebony",21.8039,18.8967,non recyclable,,GLD,Supermarket,6.48 Millions,2.4624 Millions,1508,227.8,,727.9637,"Rio De Janeiro
",RJ,measure: -22.91609268687132,-43.61169520062432,praia grand3,"SP
",-24.026786758814687,-46.49304889148245,5.0
mc_ID_8580,"Single Female with four children, education: partial high school working as manual",10K+,"Breakfast Foods from Frozen Foods department, Ordered Brand : Big Time",14.8266,11.9049,non recyclable,,,SUPERMARKET,"2.61 ,000,000illions",1.305 Millions,2049.72,457.36,304.91,697.7866,rio de janeiro ,RJ,-22.88747654844472,-43.41290058505978,campina5,"SP
",-22.92991227115403,-47.07189552530681,5.0
mc_ID_8582,"Single Male with four children, education: high school degree working as manual",30K+,"Breakfast Foods from Breakfast Foods department, Ordered Brand : Johnson",amount: 16.1349,-14.6813,non recyclable,,,supermarket,"2.28 ,000,000illions",0.9804 Millions,,457.36,,515.2596,praia grande,"Sp
",val: -24.011288218359883,-46.41873374429398,Sao Paulo,sp,-23.528716250620374,-46.62026515958797,measure: 5.0
mc_ID_8587,"Single Female with one child, education: partial high school working as professional",90K+,"Beer and Wine from Alcoholic Beverages department, Ordered Brand : Pearl",14.347,9.9716,recyclable,"['Ready Food', 'Florist', 'Bar For Salad', 'Coffee Bar', 'Video Store']",Shelf Clearing Days,Deluxe,1.14 Millions,0.4674 Millions,1871.16,593.93,394.66,516.7763,santo antonio do monte,MG,-20.09237458645483,-45.30021165360361,Rio Do Sul,Sc,measure: -27.20981137280685,-49.63292048422235,4.0
mc_ID_8588,"Married Male with two children, education: bachelors degree working as professional",1800+ monthly,"Pain Relievers from Health and Hygiene department, Ordered Brand : Consolidated",19.7689,measure: 16.8617,recyclable,"['Ready Food', 'Bar For Salad']",Super Savers,Supermarket,€3.1M,1.5372 Millions,2448.37,470.27,313.55,754.7413,sao paulo,SP,-23.55753392561603,-46.689427435195306,sao paulo,SP,-23.532447184574945,measure: -46.61401961463438,5.0/5.0
mc_ID_8592,"Single Male with two childran, education: graduate degree working as professional",70K+,"Specialty from Produce department, Ordered Brand : Hermanos",16.2802,13.3585,recyclable,"['Florist', 'Coffee Bar', 'Bar For Salad', 'Ready Food', 'Video Store']",Shelf Emptiers,Gourmet,5.28 Millions,2.0592 Millions,1424.85,,310.3,718.2882, caraiba,PE,-7.804819300716695,-37.79330909824093,SAO PAULO,SP,-23.554079433810344,-46.53324185942636,1.0
mc_ID_8593,"Married Female with one child, education: high school degree working as management",110K+,"Canned Soup from Canned Foods department, Ordered Brand : Bravo",25.7286,22.8214,recyclable,"['Video Store', 'Coffee Bar', 'Ready Food', 'Bar For Salad', 'Florist']",Fantastic Discounts,goUrmeT,8.22 Millions,2.7948 Millions,,465.54,310.3,718.9158,rio d3 janeiro,Rj ,-22.845438,val: -43.52194124999999,arapongas,pr,amount: -23.420739085916825,-51.41460369847018,3.0
mc_ID_8594,"Single Female with two children, education: bachelors degree working as professional",30 Thousand,"Jams and Jellies from Baking Goods department, Ordered Brand : CDR",-31.543,data: 27.1822,recyclable,"['Coffee Bar', 'Florist', 'Ready Food', 'Bar For Salad']",Save Price,DELUXE,8.85 Millions,4.248 Millions,,654.13,436.09,584.191,sao miguel do anta,MG,-20.737523999999944,amount: -42.709233499999954,pres1dente prudente,SP,-22.09785593377639,-51.40156940368525,
mc_ID_8595,"Married Male with two children, education: bachelors degree working as professional",50K+,"Breakfast Foods from Frozen Foods department, Ordered Brand : Golden",10.3496,data: 7.4279,non recyclable,"['Florist', 'Coffee Bar']",Savings Galore,,4.08Ms,1.428 Millions,2552.6,389.54,259.66,680.2138,brasilia,DF,-15.803374410496817,-47.90297513543773,$ao pAuLO,SP,-23.575745041924048,-46.74085825118136,4.0
mc_ID_8596,"Single Female with one child, education: partial high school working as manual",10K+,"Candy from Snacks department, Ordered Brand : Gulf Coast",21.3678,16.8617,non recyclable,"['Bar For Salad', 'Ready Food', 'Florist', 'Video Store', 'Coffee Bar']",Go For It,Deluxe,8.25 Millions,3.795 Millions,,481.98,321.26,455.3761,FOZ DO iGuaCu,PR,-25.547820027528623,-54.55713292529019,JaU,SP,-22.27568678711987,-48.542599749927895,5.0
mc_ID_8597,"Marriied Female with one child, education: bachelors degree working as professional",50K+,"Magazines from Periodicals department, Ordered Brand : Gauss",19.3328,17.8792,non recyclable,,Saving Days,SUPERM@RKET,"3.22 ,000,000illions",1.0948 Millions,1508,,151.9,val: 619.0228,c4xias do sul,rs,-29.17703545546198,-51.20039080991622,jacarei / sao paulo,$P,-23.28934488481736,-45.94318565667379,5.0
mc_ID_8598,"Single Female with two children, education: bachelors degree working as management",50K+,"Jams and Jellies from Baking Goods department, Ordered Brand : Landslide",-999.0,9.1286,recyclable,"['Ready Food', 'Coffee Bar', 'Video Store', 'Florist', 'Bar For Salad']",Lottery Cash Registerion,Deluxe,4.2 Millions,1.428 Millions,1734.5,503.07,,313.0678,ourinhos,SP,-22.977260214265105,-49.8573142076,guarulhos,Sp,-23.46530411469876,-46.51148732089968,5.0
mc_ID_8602,"Single Female with four children, education: partial high school working as manual",10K+,"Eggs from Eggs department, Ordered Brand : Blue Medal",24.7111,21.8039,non recyclable,"['Coffee Bar', 'Florist', 'Video Store', 'Bar For Salad', 'Ready Food']",Tip Top Savings,Deluxe,$6.39 Millions,3.0672 Millions,,,335.38,287.127,rio de janeiro,RJ,-22.92505850706913,-43.230232813203365,penapolis,_$P,-21.442124375537592,-50.07351408965658,5.0
mc_ID_8605,"Married Male with one child, education: high school degree working as skilled manual",30K+,"Canned Shrimp from Canned Foods department, Ordered Brand : Better",12.4282,9.521,non recyclable,,,Supermarket,€3.9M,2.024 Millions,1508,227.8,150.94,565.9906,artur nogueira,SP,-22.559120480675748,-47.16516839542564,sao paulo,sp,-23.479316999999995,-46.5904340471753,4.0
mc_ID_8606,"Single Female with No children, education: high school degree working as skilled manual",30 Thousand,"Plastic Products from Household department, Ordered Brand : Cormorant",22.676,19.7689,recyclable,"['Florist', 'Bar For Salad', 'Coffee Bar', 'Video Store', 'Ready Food']",Two for One,Deluxe,€5.1M,2.682 Millions,2039.49,483.98,321.29,358.9349,sao paulo,SP,-23.523350352493097,-46.53225146745165,sao bernardo do campo,SP,-23.71457923606073,-46.54581156219319,5.0
mc_ID_8608,"Single Male with three children, education: partial high school working as skilled manual",10k,"Jams and Jellies from Baking Goods department, Ordered Brand : Plato",data: 28.9265,25.874,non recyclable,,Super Wallet Savers,sUpERMaRkET,$5.94 Millions,2.3166 Millions,1508,227.8,151.24,733.1937,Arraial D Ajuda,BA,-16.48006288480821,-39.06740132856377,Sao Paulo,5P,-23.50097763469062,-46.62712333406575,4.0
mc_ID_8609,"MaRrIeD FeMaLe wItH No cHiLdReN, eDuCaTiOn: BaChElOr'sS DeGrEe wOrKiNg aS PrOfEsSiOnAl",70K+,"Specialty from Produce department, Ordered Brand : High Top",15.8442,11.4688,non recyclable,"['Bar For Salad', 'Ready Food']",Super Wallet Savers,Supermarket,8.44 Millions,2.7852 Millions,,853.22,568.75,570.8022,Curitiba, PR,-25.453155877315545,-49.2850395992267,SP,SP,-23.689300411593344,-46.70065806950787,5.0
mc_ID_8611,"Married Female with two children, education: graduate degree working as professional",90K+,"Kitchen Products from Household department, Ordered Brand : Red Wing",amount: 11.6724,257.39 oz,recyclable,"['Coffee Bar', 'Bar For Salad', 'Florist', 'Ready Food']",Save Price,Deluxe,3.87 Millions,1.5093 Millions,2055.29,654.13,,584.191,aruja,5P,-23.38527609065766,val: -46.31301787468516,Pedreira,SP,val: -22.73824150585765,-46.8958585777586,val: 5.0
mc_ID_8615,"Single Male with one child, education: bachelors degree working as management",50K+,"Jams and Jellies from Baking Goods department, Ordered Brand : Super",23.9843,21.0771,non recyclable,,Save It (Sale),,€6.7M,2.6928 Millions,1623.48,341.05,226.41,353.7049,sao paulo,sp,val: -23.625311301142563,-46.64544786554321,sao paulo,SP,-23.539494799586286,-46.63284391414975,5.0
mc_ID_8616,"Single Female with four children, education: graduate degree working as management",130K or more,"Snack Foods from Snack Foods department, Ordered Brand : Nationeel",10.6258,7.704,recyclable,"['Bar For Salad', 'Ready Food']",Budget Bargains,Supermarket,"4.26 ,000,000illions",1.3206 Millions,2265.32,853.22,568.75,346.1214,rio de janeiro,RJ,-22.82320810545911,-43.32141146765545,sao paulo,SP,-23.57282057729816,-46.52329640383172,val: 5.0
mc_ID_8618,"Single Male with two children, education: bachelors degree working as professional",70000,"Plastic Products from Household department, Ordered Brand : Cormorant",30.0894,27.1822,non recyclable,"['Coffee Bar', 'Florist', 'Bar For Salad', 'Video Store', 'Ready Food']",Full Free,,€3.7M,1.764 Millions,1734.5,503.07,335.38,752.2309,sao  pau1o,SP,measure: -23.53253894532287,-46.42331708021234,sao paulo,sp,-23.545741270669254,-46.5926468408794,2.0
mc_ID_8619,"Married Female with four kidren, education: high school degree working as professional",€59K+,"Breakfast Foods from Frozen Foods department, Ordered Brand : Big Time",14.8266,-11.9049,non recyclable,"['Video Store', 'Bar For Salad', 'Florist', 'Coffee Bar', 'Ready Food']",,Deluxe,3.48 Millions,1.4616 Millions,1872.87,593.93,394.9,278.7067,sao paulo,SP,-23.57563370053088,val: -46.64381062559864,essis,sp,-22.657282312191057,-50.41657037194679,4.0
mc_ID_8620,"Single Female with three kidren, education: high school degree working as management",90K+,"Meat from Frozen Foods department, Ordered Brand : PigTail",28.3451,25.4379,recyclable,"['Bar For Salad', 'Ready Food']",Shelf Clearing Days,,6.63 Millions,3.1161 Millions,2448.37,470.27,314.92,363.6942,uruguaiana,RS_,-29.77500543408407,-57.07420851446703,maringa,PR,-23.437975269077903,-51.91385959802448,4.0
mc_ID_8621,"Married Female with four children, education: bachelors degree working as management",70K+,"Dairy from Dairy department, Ordered Brand : Booker",25.1472,22.0946,recyclable,"['Bar For Salad', 'Coffee Bar', 'Ready Food', 'Florist']",,Gourmat,5.8 Millions,2.262 Millions,1564.86,385.45,256.97,773.0986,porto elegre,RS,-30.04210197584976,-51.18305187425711,rio de janeiro,RJ,-22.925732829755905,-43.22234726520112,
mc_ID_8622,"Single Female with one child, education: high school degree working as skilled manual",30K+,"Seafood from Seafood department, Ordered Brand : Kiwi",26.7461,23.6936,recyclable,"['Ready Food', 'Florist', 'Coffee Bar', 'Video Store', 'Bar For Salad']",Roller Savings (High) ,GOURMET,9.0 Millions,3.42 Millions,1424.85,465.54,310.3,532.6232,sao paulo,SP,-23.58677108062952,measure: -46.7489837393856,ibitinga,Sp,-21.7664768468313,-48.83154737836604,5.0
mc_ID_8624,"Single Female with two children, education: high school degree working as professional",150K+,"Dairy from Dairy department, Ordered Brand : Booker",20.4957,17.59 kg,recyclable,['Coffee Bar'],Super Duper Savers,Supermarket,€6.4M,3.6897 Millions,1237.03,440.92,292.13,418.4,SAO JOSE DOS CAMPOS,$P,-23.221431461827063,-45.888163895493165,santo andre,SP,-23.624784000000005,-46.53954225000001,3.0
mc_ID_8625,"Single Male with No kids, education: bachelors degree working as professional.",50K or more,"Fruit from Produce department, Ordered Brand : High Top",9.7972,6.8755,non recyclable,['Florist'],Roller Savings (High) ,SUP3RMARKET,$5.3 Millions,2.226 Millions,,523.32,347.26,532.6232,curitiba,pR,-25.398981180227207,-49.24692992975385,campo largo,PR,-25.446647385196982,-49.55563586004068,5.0
mc_ID_8626,"education: partial high school working as manual, Married Female with two children",10k,"Pain Relievers from Health and Hygiene department, Ordered Brand : Faux Products",16.1349,-13.2277,non recyclable,"['Coffee Bar', 'Florist', 'Video Store', 'Ready Food', 'Bar For Salad']",,Deluxe,6.96 Millions,2.5056 Millions,2037.52,481.98,320.88,453.9117,Fernandopolis, SP,-20.28599742780295,-50.26063395418952,SAO PAULO,SP,-23.53877907744238,-46.53648566833056,5.0
mc_ID_8627,"Married Male with No children,education: partial High School working as professional",130K+,"Magazines from Periodicals department, Ordered Brand : Excel",10.3205,7.3988,recyclable,['Florist'],,Supermarket,6.39 Millions,2.3643 Millions,1320.15,523.32,348.85,338.6948,SAO PAULO,Sp,-23.58902002192854,data: -46.62638589800334,porto ferreira,SP,-21.858555070695942,amount: -47.48403458197557,4.0
mc_ID_8628,"Married Male with four children, education: high school degree working as skilled manual",30K+,"Snack Foods from Snack Foods department, Ordered Brand : Nationeel",13.5329,9.1722,non recyclable,"['Coffee Bar', 'Video Store', 'Bar For Salad', 'Florist', 'Ready Food']",,Deluxe,10.04 Millions,4.4176 Millions,1526.09,373.1,247.66,722.6814,TEIXEIRA DE FREITAS,ba,-17.535750755701727,-39.74539586881596,mogi guacu, SP ,data: -22.35835224656331,-46.96074827733332,5.0
mc_ID_8630,"Married Male with three kids, education: partial college working as professional",30K+,"Vegetables from Frozen Foods department, Ordered Brand : Big Time",30.0894,27.1822,non recyclable,"['Ready Food', 'Bar For Salad', 'Video Store', 'Florist', 'Coffee Bar']",One Day Sale,,4.92 Millions,2.0172 Millions,1424.85,465.54,310.3,449.1524,sao paulo,SP,-23.624782532892816,-46.7403537732414,sao paulo,SP,measure: -23.479316999999995,data: -46.5904340471753,4.0
mc_ID_8631,"Married Female with two children, education: graduate degree working as professional",70K+,"Pure Juice Beverages from Beverages department, Ordered Brand : Skinner",-999.0,16.8617,recyclable,,Price Slashers,supermarket,6.42 Millions,2.1186 Millions,1508,227.8,153.56,351.456,franco da rocha,SP,-23.32609165148653,-46.73032319369107,	serra negra,SP,-22.596440207291085,-46.71196868822353,5.0
mc_ID_8634,"Single Female with three children, education: partial high school working as skilled manual",Income: 10K+,"Fruit from Produce department, Ordered Brand : High Top",21.3678,18.3153,non recyclable,"['Ready Food', 'Bar For Salad']",Best Savings,Supermarket,6.75 Millions,2.565 Millions,2448.37,470.27,314.94,576.1891,lajeado,RS,-29.45957919035882,-51.96768363129545,joinville,$C,-26.287890550358416,data: -48.778370341304736,1.0
mc_ID_8635,"Married Female with five children, education: Bachelors degree working as management",50K+,"Frozen Entrees from Frozen Foods department, Ordered Brand : PigTail",-21.0771,19.6235,recyclable,['Coffee Bar'],,SmALlgroCERY,"4.28 ,000,000illions",1.3696 Millions,1420.91,398.93,265.98,278.3929,marques de souza,Rs,-29.32602607053657,-52.09471905012601,IBITLNGA,SP,measure: -21.7664768468313,-48.83154737836604,4.0
mc_ID_8636,"Married Male with one child, education: partial college working as professional",110K+,"Dairy from Dairy department, Ordered Brand : Carlson",15.6988,14.2452,non recyclable,,,Mid-Size,11.91 Millions,4.1685 Millions,2085.02,783.64,522.49,739.4697,brasilia,DF,-15.646078392606958,-47.80261301154338,campo limpo paulista,$p,-23.20706431353269,-46.760735214610754,5.0
mc_ID_8638,"Single Female wiht two children,education: high school degree working as professional",130K+,"Vegetables from Produce department, Ordered Brand : Tri-State",24.8564,21.9493,recyclable,['Coffee Bar'],Dimes Off,Supermarket,€2.0M,0.812 Millions,1236.97,440.92,293.95,688.1634,	sao paulo,SP_,-23.679010904807125,-46.79185744851908,patos de minas,mg,-18.60497691187199,-46.52154885505743,5.0
mc_ID_8639,"Single_Male_with_one_kid,_education:_partial_HS_working_as_manual",50K+,"Canned Soup from Canned Foods department, Ordered Brand : Bravo",13.0823,8.7216,non recyclable,"['Florist', 'Coffee Bar', 'Bar For Salad', 'Video Store', 'Ready Food']",Discount Frenzy,Gourmet,7.36 Millions,3.4592 Millions,1424.85,465.54,310.3,504.9565,iblpeba,BA,-11.637889131651022,-42.009612415562856,canoinhas,5c,-26.16862248406491,-50.392861528512256,1.0
mc_ID_8640,"Married Female with three kidren, education: HS degree working as skilled manual",30K+,"Cold Remedies from Health and Hygiene department, Ordered Brand : Faux Products",13.7946,10.8729,recyclable,"['Ready Food', 'Bar For Salad', 'Coffee Bar', 'Florist']",Promo Big,Deluxe,4.65 Millions,1.5345 Millions,2055.29,654.13,436.09,267.3576,carapicuiba,SP,val: -23.53274732599706,-46.847029365764215,guarulhos,$P,-23.46530411469876,-999,measure: 5.0
mc_ID_8641,"Married Male with four children, education: bachelors degree working as professional",50K+,"Baking Goods from Baking Goods department, Ordered Brand : BBB Best",22.3853,measure: 20.7864,non recyclable,['Coffee Bar'],Best Savings,Supermarket,5.52 Millions,2.208 Millions,1236.07,440.92,294.12,596.2723,RapOs0s,MG,-19.963194866658423,-43.81129630543794,sao paulo,5P,-23.554079433810344,-46.53324185942636,4.0
mc_ID_8642,"Married Female with two children, education: partial high school working as manual",10K+,"Bathroom Products from Health and Hygiene department, Ordered Brand : Bird Call",-23.5482,22.0946,recyclable,"['Bar For Salad', 'Florist', 'Video Store', 'Ready Food', 'Coffee Bar']",Save It (Sale),Deluxe,4.56 Millions,1.5048 Millions,1522.7,373.1,,393.4006,recife,PE,-8.035457003721227,-34.89245369438057,guariba,Sp,-21.36235769739203,-48.232975701561735,1.0
mc_ID_8643,"Married Male with three children, education: graduate degree working as management",70K+,"Dairy from Dairy department, Ordered Brand : Gorilla",29.5079,25.0018,recyclable,['Coffee Bar'],,Supermarket,$4.47 Millions,1.4304 Millions,1236.07,440.92,293.95,521.7971,sao paulo,SP,amount: -23.48487885345376,-46.64249464126611,tres coracoes,MG,-21.69216794221008,-45.25804903964345,2.0
mc_ID_8644,"Married Male with two children, education: high school degree working as manual",30K+,"Canned Soup from Canned Foods department, Ordered Brand : Just Right",13.5329,-9.1722,recyclable,,Budget Bargains,Supermarket,5.61 Millions,2.4123 Millions,1623.48,341.05,228.27,623.7298,PARAGUAKU PAULISTA,SP,val: -22.430861482369068,-50.57420394458222,jacarei,SP,measure: -23.29818595956356,-45.974828011182304,4.0
mc_ID_8647,"Married Female with No childran, education: bachelors degree working as professional",Not Available,"Jams and Jellies from Baking Goods department, Ordered Brand : CDR",30.5255,29.0719,non recyclable,,,SUPERMARKET,4.86 Millions,2.1384 Millions,1623.48,,227.33,743.1307,goiania,Go,-16.774395987487942,-49.35625534901799,sao paulo,$p,-23.62358155176294,-46.61056007369148,3.0
mc_ID_8648,"Married Female with five children, education: high school degree working as professional",70K+,"Electrical from Household department, Ordered Brand : Sunset",24.275,data: 19.9142,recyclable,['Coffee Bar'],Best Price Savers,,4.92 Millions,1.968 Millions,1236.07,440.92,292.86,349.2594,TrES RiOs,rj,-22.10825707391976,-43.18600677551972,marilia,5P,-22.193082052455427,data: -49.948926747706174,5.0
mc_ID_8650,"Married Female with No children, education: high school degree working as skilled manual",30K+,"Snack Foods from Snack Foods department, Ordered Brand : Fort West",23.4028,20.4957,recyclable,"['Bar For Salad', 'Coffee Bar', 'Ready Food', 'Florist']",Price Destroyers,,15.52 Millions,6.8288 Millions,,,256.01,343.5064,rio de janeiro,rj,-22.93125598447676,-43.17881321481337,VOTOr4NTIM,SP,measure: -23.540699932021333,-47.45842622799934,1.0
mc_ID_8652,"mARRIED fEMALE WITH THREE CHILDREN, EDUCATION: GRADUATE DEGREE WORKING AS MANAGEMENT",130K+,"Hot Beverages from Beverages department, Ordered Brand : BBB Best",23548.20 grams,20.641,non recyclable,"['Ready Food', 'Bar For Salad']",Big Time Discounts,"supermarket
",4.32 Millions,1.8576 Millions,,470.27,313.89,501.9754,joinvill3,SC,val: -26.28314924562872,-48.85128463059032,sao jose dos campos,sp,-23.20178111878932,-45.89567007799064,3.0
mc_ID_8653,"Married Male with five children, education: high school degree working as skilled manual",30K+,"Snack Foods from Snack Foods department, Ordered Brand : Horatio",11.2072,amount: 9.7536,recyclable,,,mid-size,3.08 Millions,1.3244 Millions,2822.54,447.7,298.5,328.1302,bra$ilia,DF,measure: -15.835597199219697,-48.08955883011609,seo paulo,SP,-23.611654194010004,-46.63258761587511,3.0
-999,"Married Male with five children, education: partial high school working as skilled manual",10K+,"Plastic Products from Household department, Ordered Brand : High Quality",26.7461,23.6936,non recyclable,"['Bar For Salad', 'Ready Food', 'Florist', 'Coffee Bar', 'Video Store']",Price Cutters,deluxe,5.28 Millions,2.64 Millions,1525.28,373.1,248.79,642.0871,"londrina
",PR,-23.323840543849784,-51.19324769917922,CATANDUVA,sp,-21.1419615015292,-48.97287469954993,amount: 5.0
mc_ID_8656,"Married Female w/ four children, education: high school degree working as professional",150K+,"Pain Relievers from Health and Hygiene department, Ordered Brand : Steady",27.7636,26.31,non recyclable,,One Day Sale,SUpERmARkEt,2.84 Millions,1.136 Millions,2049.72,457.36,304.91,€413.74,MOGI DAS CRUZES, SP ,-23.557769929870062,-46.20117388588191,sao paulo,SP,-23.512538179294825,val: -46.50108112461768,5.0
mc_ID_8657,"Married Female with three children, education: partial high school working as manual, Married Female with three children",10K+,"Bathroom Products from Health and Hygiene department, Ordered Brand : Bird Call",val: 26.1647,amount: 21.8039,non recyclable,['Coffee Bar'],Super Duper Savers,Supermarket,2.28 Millions,0.7524 Millions,1236.07,440.92,293.61,418.4,paraty,Rj,-23.226942512091888,-44.72617217705374,baependi,MG,measure: -21.956309999999995,-44.882378788136165,1.0
mc_ID_8658,"Single Female with two children, education: bachelors degree working as professional",50K+,"Candy from Snacks department, Ordered Brand : Thresher",16.7163,-13.8091,recyclable,,Sale Winners,Supermarket,€8.5M,3.2868 Millions,1505.62,227.8,151.24,720.171,santana de parnaiba,SP,data: -23.45999953873564,amount: -46.879733658501294,niteroi_,RJ,-22.96338484831568,val: -43.03302455048608,5.0
mc_ID_8659,"Single Female with three children, education: partial college working as management",€59K+,"Miscellaneous from Checkout department, Ordered Brand : Queen",19.7689,amount: 16.8617,recyclable,"['Bar For Salad', 'Ready Food']",Savings Galore,Supermarket,11.28 Millions,5.5272 Millions,2448.37,470.27,313.55,550.1437,sao paulo,SP,-23.551013388568272,-46.44848890729416,rio de janeiro,RJ,val: -22.93125598447676,-43.17881321481337,2.0
mc_ID_8660,"Single Female with one child, education: high school degree working as skilled manual",€25K+,"Magazines from Periodicals department, Ordered Brand : Mighty Good",26.6008,25.0018,non recyclable,,,supeRMarkEt,10.8 Millions,3.888 Millions,,341.05,227.44,543.397,ponta grossa,PR,amount: -25.06080266833056,amount: -50.17672815681802,sao paulo,SP ,-23.59798552039933,-46.55547278711988,4.0
mc_ID_8661,"single male with no kids, education: partial high school working as skilled manual",30K+,"Jams and Jellies from Baking Goods department, Ordered Brand : Super",23.9843,-21.0771,non recyclable,"['Coffee Bar', 'Florist']",I Cant Believe It Sale,mId-siZE,€13.5M,5.0688 Millions,2551.4,389.54,,275.9871,_praia grande,SP,-24.01704140383171,-46.44291733028447,itaquaquecetuba,5p,-23.48262344063541,-46.37448952833195,4.0
mc_ID_8663,"Single Male with three kids, education: partial HS working as manual",10 Thousand,"Meat from Frozen Foods department, Ordered Brand : PigTail",18.1699,15.2627,recyclable,['Florist'],Roller Savings (High) ,"Supermarket
",4.53 Millions,1.7667 Millions,1320.15,523.32,,532.6232,nova iguacu,RJ,-22.67739515617775,-43.41898400840239,joinville ,5C,measure: -26.270134671231133,-48.80876106346335,5.0
mc_ID_8664,"Married Female with one child, education: partial college working as manual",30 Thousand,"Snack Foods from Snack Foods department, Ordered Brand : Horatio",-8.9832,6.0615,recyclable,"['Bar For Salad', 'Florist', 'Ready Food', 'Coffee Bar']",Three for One,DELUXE,"4.77 ,000,000illions",1.6218 Millions,2055.29,654.13,436.5,640.5181,sAo pAUlO,	SP,-23.53638432361936,val: -46.57920289454089,Belo Horizonte,MG,-19.840168078827364,-43.92329932223438,5.0
mc_ID_8665,"Married Female with three children, education: high school degree working as professional",130K+,"Vegetables from Frozen Foods department, Ordered Brand : PigTail",val: 14.4487,11.527,non recyclable,"['Coffee Bar', 'Florist', 'Bar For Salad', 'Ready Food']",Save Price,Deluxa,1.62 Millions,0.5184 Millions,2054.08,654.13,434.65,584.191,alagolnhas,ba,-12.121983431972437,-38.415176819724365,salvador,_BA,-12.98158709241737,-38.45526521634257,5.0
mc_ID_8666,"Married Male with four children, education: partial college working as management.",30K+,"Vegetables from Canned Foods department, Ordered Brand : Bravo",13.9981,11.0909,non recyclable,"['Coffee Bar', 'Ready Food', 'Florist', 'Video Store', 'Bar For Salad']",Lottery Cash Registerion,Deluxe,7.77Ms,2.7195 Millions,1734.5,503.07,335.38,500.9294,serra talhada,PE,-7.98942972126217,-38.28899319677021,penepolis,SP,-21.426570046543283,-50.06791761043272,5.0
mc_ID_8667,"Married Female with five children, education: partial High School working as skilled manual",10k,"Vegetables from Frozen Foods department, Ordered Brand : Imagine",20.0596,15.6988,recyclable,,Two for One,Supermarket,17.34 Millions,6.4158 Millions,2049.72,457.36,305.56,300.8296,arenopolis,GO,-16.385533852402578,-51.55801057721951,b0rda da mata,MG,-22.264093569966427,-46.15856420525942,val: 4.0
mc_ID_8669,"Single Female with five children, education: partial college working as manual",30K+,"Canned Soup from Canned Foods department, Ordered Brand : Just Right",19.6235,18.1699,recyclable,"['Bar For Salad', 'Florist', 'Coffee Bar', 'Ready Food', 'Video Store']",Sales Days,"Deluxe
",5.94 Millions,2.5542 Millions,1871.16,593.93,395.95,data: 608.772,SAO PAULO,Sp,-23.558513725146803,-46.66867985497065,sao paulo,SP,val: -23.539494799586286,measure: -46.63284391414975,5.0
mc_ID_8670,"Single Female with four kids, education: partial HS working as skilled manual",10K+,"Seafood from Seafood department, Ordered Brand : Tip Top",20.4957,16.1349,recyclable,"['Coffee Bar', 'Florist', 'Bar For Salad', 'Ready Food', 'Video Store']",,,2.37 Millions,0.8058 Millions,1871.02,593.93,394.7,360.3993,Porto Alegre,RS,-30.01125892229781,-51.131081597841714,jabuticabal,SP,-21.250592999999995,-48.31762049999999,5.0/5.0
mc_ID_8671,"Married Female with five children, education: graduate degree working as management",70K+,"Canned Soup from Canned Foods department, Ordered Brand : Pleasant",26.4554,23.5482,non recyclable,"['Ready Food', 'Coffee Bar', 'Video Store', 'Bar For Salad', 'Florist']",Price Destroyers,,4.96 Millions,1.984 Millions,2038.11,481.98,320.24,777.2826,i7ajai,"SC
",measure: -26.89105185843889,-48.70160775209466,maring4, PR,-23.377396999935016,-51.93100618003307,5.0
mc_ID_8673,"Single Male with two children, education: partial college working as skilled manual",30K+,"Vegetables from Produce department, Ordered Brand : Tell Tale",21.0771,18.1699,non recyclable,"['Bar For Salad', 'Ready Food']",,Supermarke7,8.76 Millions,4.0296 Millions,2448.37,470.27,313.55,347.1151,valenca,RJ,-22.23065356965593,-43.70906792813136,sao paulo,SP,-23.528716250620374,-46.62026515958797,5.0
mc_ID_8674,"Married Male with three kids, education: partial high school working as manual",10K+,"Candy from Snacks department, Ordered Brand : Musial",19.6235,-18.1699,non recyclable,"['Coffee Bar', 'Ready Food', 'Florist', 'Bar For Salad', 'Video Store']",Lottery Cash Registerion,Deluxe,3.92 Millions,1.4504 Millions,,505.07,333.96,313.0678,passo fundo,Rs,val: -28.26481430502933,-52.3973923714434,ibitinga,$P,-21.7664768468313,-48.83154737836604,4.0
mc_ID_8675,"Single Female with four kids, education: high school degree working as manual",30K+,"Vegetables from Produce department, Ordered Brand : Hermanos",25.0018,23.5482,non recyclable,"['Florist', 'Coffee Bar', 'Ready Food', 'Bar For Salad']",Two Day Sale,Gourmet,"8.16 ,000,000illions",3.4272 Millions,,,256.97,€413.92,carapicuiba,$P,-23.53001209630836,-46.84894223601885,RiO de JANEIRo,RJ,-22.920104850395337,val: -43.22138202997862,4.0
mc_ID_8676,"Married Female with three children, education: partial college working as professional",30K+,"Jams and Jellies from Baking Goods department, Ordered Brand : Landslide",data: 8.9251,7.4569,non recyclable,,Go For It,Supermark3t ,11.25 Millions,3.825 Millions,2049.72,457.36,,509.6635,sapiranga,RS,-29.640840456688228,val: -50.99064842277813,ribeirao preto,sp,-21.185944576067463,-47.81498292186677,amount: 5.0
mc_ID_8677,"Married Male with four children, education: high school degree working as manual",30k,"Specialty from Produce department, Ordered Brand : Ebony",-30.3801,-25.874,recyclable,"['Bar For Salad', 'Ready Food', 'Coffee Bar', 'Florist']",Super Duper Savers,DELUXE,3.54 Millions,1.0974 Millions,2055.29,654.13,437.71,364.2695,datas,_MG,-18.44504921404223,val: -43.6598059256294,sao p4ulo,Sp,-23.693985995008337,-46.70188324132953,5.0
mc_ID_8679,"Married Female with one child, education: partial high school working as manual",10000,"Magazines from Periodicals department, Ordered Brand : Gauss",19.9142,val: 15.4081,recyclable,"['Bar For Salad', 'Ready Food', 'Coffee Bar', 'Video Store', 'Florist']",Fantastic Discounts,,"15.2 ,000,000illions",6.536 Millions,1425.53,465.54,310.3,718.9158,Belo Horizonte,MG,val: -19.972561368313173,-43.96531782252284,iliciñea,Mg,amount: -20.944705621834668,-45.82709818233235,5.0
mc_ID_8680,"SiNgLe fEmAlE WiTh tWo cHiLdReN, eDuCaTiOn: HiGh sChOoL DeGrEe wOrKiNg aS SkIlLeD MaNuAl",30 Thousand,"Bread from Baked Goods department, Ordered Brand : Colony",27.4729,24.4204,recyclable,"['Florist', 'Ready Food', 'Coffee Bar', 'Bar For Salad']",Discount Frenzy,,4.26Ms,1.6614 Millions,2055.95,654.13,436.09,779.6884,AlTamIrA,p@,-3.211373844172447,-52.21966565997353,ITAQUAQUECETUBA,SP,-23.48262344063541,-46.37448952833195,amount: 5.0
mc_ID_8681,"MaRrIeD FeMaLe wItH FoUr cHiLdReN, eDuCaTiOn: PaRtIaL HiGh sChOoL WoRkInG As mAnUaL, mArRiEd fEmAlE WiTh fOuR ChIlDrEn",10K+,"Vegetables from Produce department, Ordered Brand : Ebony",11.7741,8.8669,recyclable,"['Coffee Bar', 'Ready Food', 'Bar For Salad', 'Video Store', 'Florist']",Price Destroyers,DELUXE,10.4 Millions,3.328 Millions,2038.11,481.98,321.26,777.2826,salvador,ba_,-12.898936693464096,-38.3597569814915,RIO DE JANEIRO,Rj,-22.86881073397188,-43.2496625858511,val: 5.0
mc_ID_8682,"Married Female with four children, education: bachelor'ss degree working as professional",30k,"Bread from Baked Goods department, Ordered Brand : Great",12.4282,8.0674,recyclable,"['Video Store', 'Ready Food', 'Bar For Salad', 'Florist', 'Coffee Bar']",I Cant Believe It Sale,Deluxe,10.08 Millions,4.1328 Millions,1734.5,503.07,335.38,363.3281,serra negra,Sp,-22.596440207291085,-46.71196868822353,IBITINGA,SP,-21.7664768468313,-48.83154737836604,measure: 3.0
mc_ID_8684,"Married Female with three children, education: bachelors degree working as professional",70K+,"Specialty from Produce department, Ordered Brand : Tell Tale",16.7163,12.3555,recyclable,,Super Wallet Savers,$upermarket,$11.04 Millions,3.7536 Millions,1508,227.8,151.9,val: 733.1937, almenara ,MG ,-16.186824121841298,-40.69161218605689,monteiro lobato,SP,-22.957006788724875,-45.83889267359648,5.0
mc_ID_8686,"SINGLE MALE WITH TWO CHILDREN, EDUCATION: PARTIAL HIGH SCHOOL WORKING AS SKILLED MANUAL",10K+,"Vegetables from Produce department, Ordered Brand : High Top",27.1822,25.7286,non recyclable,"['Bar For Salad', 'Ready Food', 'Coffee Bar', 'Florist']",Price Winners,Gourmet,6.69Ms,2.007 Millions,1564.86,385.45,256.97,769.7514,sao jose dos campos,Sp,-23.23724961587513,-45.88082955926476,iNDaIATuBA,SP,data: -23.089034640573622,-47.21441923786709,measure: 5.0
mc_ID_8687,"Single Female with one child, education: high school degree working as professional",70K+,"Beer and Wine from Alcoholic Beverages department, Ordered Brand : Top Measure",23.9843,19.6235,recyclable,,Roller Savings (High) ,,2.1 Millions,1.029 Millions,,,153.37,379.7503,SAo jOAo evANgeLiStA,MG,-18.548645207655657,amount: -42.76701655884307,sao paulo,SP_,-23.554079433810344,-46.53324185942636,5.0
mc_ID_8688,"Single Female with four children, education: partial high school working as skilled manual, education: partial high school working as skilled manual",10 Thousand,"Breakfast Foods from Breakfast Foods department, Ordered Brand : Johnson",amount: 26.6008,23.5482,recyclable,,Price Slashers,Supermarket,1.2 Millions,0.444 Millions,1624.86,341.05,227.33,277.0331,itatiba,SP,-23.00670912213648,-46.8123500085026,ribeirao preto,SP,measure: -21.116471333054424,-47.79073400291418,val: 3.0
mc_ID_8689,"Single Female with one child,education: high school degree working as professional",70K+,"Kitchen Products from Household department, Ordered Brand : Denny",20.0596,-15.6988,recyclable,"['Bar For Salad', 'Ready Food']",Super Duper Savers,Supermarket,$11.4 Millions,5.7 Millions,2265.84,853.22,568.75,£494.42,salv@dor,Ba,-12.985620726066106,-38.49167649249818,sao paulo,Sp,-23.61424927422236,amount: -46.68844105482136,1.0
mc_ID_8691,"Single Female with one child, education: bachelors degree working as management",70K+,"Canned Soup from Canned Foods department, Ordered Brand : Bravo",26.8915,22.5307,recyclable,['Florist'],Super Savers, Supermerket,"11.94 ,000,000illions",4.4178 Millions,1317.28,523.32,348.45,338.6948,itatiba,Sp,-22.962507150351165,-46.79794228444784, porto ferreira ,5P,-21.858555070695942,-47.48403458197557,1.0
mc_ID_8692,"Single Female with No children, education: bachelors degree working as management",70K+,"Magazines from Periodicals department, Ordered Brand : Excel",28.6358,-1.0,recyclable,"['Video Store', 'Coffee Bar', 'Bar For Salad', 'Ready Food', 'Florist']",Price Winners,Deluxe,10.86 Millions,3.9096 Millions,2038.41,481.98,321.26,453.9117,niteroi,	RJ,-22.883862923138043,-43.11562368659535, sao paulo - sp ,sp,-23.57828270774424,-46.65102362378097,measure: 1.0
mc_ID_8693,"single female with one child, education: hs degree working as skilled manual",30K+ annually,"Snack Foods from Snack Foods department, Ordered Brand : Horatio",10.2333,7.3116,non recyclable,"['Ready Food', 'Bar For Salad']",Green Light Special,SuPeRmArkET,9.24 Millions,4.3428 Millions,2265.9,,568.75,643.3946,sertaozinho,$P,-21.13981032620728,-47.97621669537799,Rio De Janeiro,rj,amount: -22.93125598447676,measure: -43.17881321481337,3.0
mc_ID_8694,"Single Male with No children, education: partial college working as clerical",50K+,"Specialty from Produce department, Ordered Brand : High Top",20.2049,data: 17.1524,recyclable,"['Video Store', 'Bar For Salad', 'Ready Food', 'Coffee Bar', 'Florist']",Price Smashers,Deluxe,8.13Ms,3.5772 Millions,1525.28,373.1,250.37,499.2035,carapicuiba_,Sp,-23.54833767344497,measure: -46.84135989135912,MARINGA,Pr,-23.435118221374,measure: -51.92885489694695,3.0
mc_ID_8695,"Single Female with one kid, education: high school degree working as skilled manual",30K+,"Snack Foods from Snack Foods department, Ordered Brand : Fast",28.9265,25.874,non recyclable,,Price Winners,Supermarket,$15.12 Millions,6.9552 Millions,1625.34,343.05,,586.7537,vila velha,E$,amount: -20.349365400463803,data: -40.34007979259316,sao paulo,Sp,-23.65111484251016,-46.75521082321932,5.0
mc_ID_8696,"Married Male with No children, education: partial high school working as manual",Income: 30K+,"Magazines from Periodicals department, Ordered Brand : Dollar",27.7636,26.31,recyclable,,,Supermarket,2.58Ms,1.2384 Millions,1510.44,227.8,150.23,660.2352,campinas,SP,measure: -22.907317211495144,-47.11830328850486,uberl4ndia,MG,-18.925348871775626,-48.24236513543774,3.0
mc_ID_8697,"Single Female with three children, education: high school degree working as manual",30K+,"Canned Sardines from Canned Foods department, Ordered Brand : Better",val: 17.1524,-12.7916,non recyclable,"['Video Store', 'Bar For Salad', 'Ready Food', 'Coffee Bar', 'Florist']",Shelf Clearing Days,De1uxe ,$2.4 Millions,0.96 Millions,1870.57,593.93,395.95,516.7763,	Aluminio,SP,-23.51736771076844,-47.26079094034855,PRAIA GRANDE,SP,-24.011288218359883,-46.41873374429398,val: 1.0
mc_ID_8698,"Single Female with one child, education: partial high school working as manual",120+ monthly,"Vegetables from Frozen Foods department, Ordered Brand : Big Time",17443.10 grams,val: 13.0823,non recyclable,"['Florist', 'Bar For Salad', 'Coffee Bar', 'Ready Food', 'Video Store']",Money Savers,Deluxe,2.7 Millions,0.945 Millions,1871.16,593.93,395.95,343.611,passos,mg,-20.72024570526651,-46.61199522720165,ilicinea ,Mg,-20.944705621834668,-45.82709818233235,4.0
mc_ID_8699,"MaRrIeD MaLe wItH FiVe cHiLdReN, eDuCaTiOn: BaChElOrS DeGrEe wOrKiNg aS MaNaGeMeNt",50K+,"Magazines from Periodicals department, Ordered Brand : Excel",28.6358,27.1822,recyclable,,GLD,Supermarket,"10.86 ,000,000illions",3.9096 Millions,,227.8,153.74,727.9637,pindamonhangaba,_SP,-22.93319577282492,-45.47821099432626,sao jo$e,Sc,-27.543786658615705,-48.62567962615467,5.0
mc_ID_8700,"Single Female with four children, education: bachelors degree working as professional",50K+,"Cold Remedies from Health and Hygiene department, Ordered Brand : Hilltop",amount: 18.7513,amount: 14.376,recyclable,,You Save Days,Supermarket,2.92 Millions,1.2848 Millions,1508,227.8,152.21,565.9906,ipojuca,p3,data: -8.397988170394308,data: -35.059167248746554,sao paulo,SP,amount: -23.537511255832708,-46.63705730743676,val: 1.0
mc_ID_8704,"Married Female with one child, education: bachelors degree working as management",50K+,"Hardware from Checkout department, Ordered Brand : Black Tie",15.4081,data: 12.5009,non recyclable,"['Ready Food', 'Bar For Salad', 'Florist', 'Coffee Bar']",Roller Savings (High) ,Gourmet,1.34 Millions,0.4556 Millions,,,256.54,data: 637.6939,rio de janeiro,RJ,-23.00927096142304,-43.42940927644404,sao paulo,SP,-23.681542547319527,-46.70780575451552,5.0
mc_ID_8705,"Single Male with one kid, education: partial HS working as skilled manual",30K+,"Canned Soup from Canned Foods department, Ordered Brand : Bravo",13.0823,8.7216,non recyclable,"['Coffee Bar', 'Bar For Salad', 'Video Store', 'Ready Food', 'Florist']",GLD,Deluxe,3.68 Millions,1.8032 Millions,1734.5,503.07,336.98,346.5921,Itauna ,MG,-20.08212660423176,measure: -44.5732983518722,mombuca_,SP,-22.9294881423121,amount: -47.56826980444118,val: 5.0
mc_ID_8707,"Married Female with four kidren, education: graduate degree working as professional",70K+,"Meat from Deli department, Ordered Brand : Lake",15.26 kg,12.3555,recyclable,['Florist'],Dollar Days,Supermarket ,5.88Ms,2.2932 Millions,,523.32,350.6,748.0992,PRESideNtE pRUdEnTE,$P,measure: -22.10656294405296,-51.42862410063346,sao paulo,SP,-23.52399579739165,-46.51294318734492,measure: 5.0
mc_ID_8708,Single Female with three children; education: partial high school working as skilled manual,10K+,"Meat from Deli department, Ordered Brand : Lake",data: 11.3235,8.4018,recyclable,"['Coffee Bar', 'Ready Food', 'Video Store', 'Bar For Salad', 'Florist']",Super Savers,,2.56 Millions,0.8192 Millions,1522.68,373.1,248.44,755.9442,sao  paulo,SP,-23.540986006376645,amount: -46.584929692480806,sao peulo,Sp,-23.53877907744238,-46.53648566833056,3.0
mc_ID_8709,"Married Female with five children, education: partial high school working as skilled manual",10K+,"Magazines from Periodicals department, Ordered Brand : Excel",-28.6358,27.1822,recyclable,,Super Savers,Supermarket,18.1 Millions,6.697 Millions,2049.72,457.36,,339.8977,belo horizonte,Mg,-19.803895418806704,-43.962298019158574,suMaRe,SP,-22.828654864562257,val: -47.267296160568925,5.0
mc_ID_8710,"Single Female with three children, education: partial high school working as professional",Income: 130K+,"Electrical from Household department, Ordered Brand : Sunset",31.3976,measure: 29.944,non recyclable,"['Ready Food', 'Coffee Bar', 'Florist', 'Bar For Salad']",Price Cutters,Gourmet,4.34 Millions,1.4322 Millions,1564.86,385.45,258.4,729.2712,Betim,MG,-19.94861206494891,-44.16252047002138,guarulhos,sp,-23.425946339725343,-46.42940633972533,5.0
mc_ID_8711,"MaRrIeD FeMaLe wItH FiVe kIdReN, eDuCaTiOn: GrAdUaTe dEgReE WoRkInG As mAnAgEmEnT",70K+,"Side Dishes from Deli department, Ordered Brand : Lake",20.9317,17.8792,recyclable,"['Ready Food', 'Florist', 'Video Store', 'Bar For Salad', 'Coffee Bar']",Dimes Off,De1uxe,$2.79 Millions,1.3671 Millions,2038.11,481.98,321.26,measure: 602.7575,araguari,MG,-18.65223568071188,-48.19343213192182,sao jose do rio preto,SP,-20.80243626346376,-49.39562406741489,4.0
mc_ID_8712,"Single Male with one child, education: bachelors degree working as professional",50K+,"Side Dishes from Deli department, Ordered Brand : Red Spade",24.275,21.3678,recyclable,"['Bar For Salad', 'Florist', 'Coffee Bar', 'Ready Food', 'Video Store']",,Deluxe,6.2 Millions,2.976 Millions,1871.16,595.93,395.95,amount: 578.2288,porto alegre,RS ,-29.98906623199997,-51.26255999999995,sao paulo,sp,-23.541941545934563,-46.49095488842404,5.0
mc_ID_8714,"Single Male with one child, education: partial college working as skilled manual",30K+,"Fruit from Canned Products department, Ordered Brand : Toucan",26.0193,22.9668,recyclable,['Coffee Bar'],Fantastic Discounts,Small Grocery,"2.8 ,000,000illions",1.092 Millions,1423.37,398.93,265.98,700.8723,"ribeirao preto
",sp,-21.224269886202343,-47.83392543796527,m@ringa,PR,-23.41848622413047,-51.92625934548862,1.0
mc_ID_8715,"Single Male with one child, education: partial high school working as professional",150 Thousand,"Pain Relievers from Health and Hygiene department, Ordered Brand : Faux Products",16.1349,13.2277,non recyclable,"['Florist', 'Bar For Salad', 'Video Store', 'Coffee Bar', 'Ready Food']",Go For It,DELuxe,9.28Ms,4.0832 Millions,2036.24,481.98,321.26,455.3761,ARACaJu,SE,-11.064352443890344,-37.10614348991408,sao paulo,Sp,measure: -23.499318080212344,-46.578124372468125,5.0
mc_ID_8716,"Married Male with No kidren, education: partial high school working as manual.",30K+,"Cold Remedies from Health and Hygiene department, Ordered Brand : Hilltop",measure: 18.7513,-14.376,recyclable,['Coffee Bar'],Price Slashers,Supermarket,2.19 Millions,0.7008 Millions,1236.07,440.92,293.95,525.3012,jaboatao dos guararapes,Pa,-8.158610896096468,-34.93938825144736,ARAgUaRI,MG,-18.65223568071188,-48.19343213192182,5.0
mc_ID_8718,"Married Female with four kidren, education: partial HS working as skilled manual",10K+,"Dairy from Dairy department, Ordered Brand : Booker",31.3976,27.0368,recyclable,,Tip Top Savings,Supermarket,"6.64 ,000,000illions",3.0544 Millions,2049.72,457.36,306.66,557.8318,RIO DE JANEIRO,RJ,-22.89421244685208,-43.71546807493222,,,,,3.0
mc_ID_8720,"Married Female with three children, education: HS degree working as manual",30K+,"Snack Foods from Snack Foods department, Ordered Brand : Horatio",16.1349,11.7741,non recyclable,['Florist'],Sale : Double Down,Supermarket,11.36 Millions,4.8848 Millions,,523.32,348.85,292.6708,ITAPERUNA,rj,-21.20851525964521,data: -41.87484723167247,sao PAuLO,SP ,-23.64742980183505,-46.63695438634658,amount: 5.0
mc_ID_8722,"Single Male with one kid, education: bachelors degree working as management",70K+,"Snack Foods from Snack Foods department, Ordered Brand : Best Choice",nil,27.909,recyclable,['Florist'],Save It (Sale),Supermarket,9.57 Millions,3.4452 Millions,,523.32,347.55,427.7617,varzeapaulista,	SP,-23.2256361212416,data: -46.8352505773309,PReSIDeNtE PRUdenTe,Sp,-22.11545190136955,-51.39640853541775,1.0
mc_ID_8723,"Married Male with three children, education: high school degree working as management",130K+,"Eggs from Eggs department, Ordered Brand : Urban",data: 14.972,data: 12.0648,recyclable,"['Coffee Bar', 'Ready Food', 'Florist', 'Bar For Salad', 'Video Store']",,Deluxe,€12.7M,6.1336 Millions,2038.29,481.98,321.26,453.9117,igarassu,PE,-7.820182252217352,-34.91666968397155,SaNTo anDR3 ,SP,-23.665703457960586,-46.51808196779969,1.0
mc_ID_8724,"Single Female with No children, education: bachelors degree working as management",70K+,"Kitchen Products from Household department, Ordered Brand : Cormorant",25.7286,805.00 oz,recyclable,"['Video Store', 'Coffee Bar', 'Ready Food', 'Bar For Salad', 'Florist']",,,14.88 Millions,5.6544 Millions,1871.16,,396.38,516.7763,contagem,MG,-19.83178058505065,-44.15214545360349,sao paulo,SP,data: -23.65250284762537,-46.66809535567546,3.0
mc_ID_8725,"SINGLE MALE WITH THREE CHILDREN, EDUCATION: PARTIAL HIGH SCHOOL WORKING AS SKILLED MANUAL",10K+,"Fruit from Produce department, Ordered Brand : High Top",-19.4781,14.972,recyclable,['Florist'],Pick Your Savings, supermerket ,7.41 Millions,3.3345 Millions,1322.68,523.32,347.12,769.6991,vitoria da conquista,BA,-14.850040620318518,-40.841375171100495, sao paulo,SP,-23.52697217736158,-46.610979191240034,5.0
mc_ID_8726,"Single Male with four kidren, education: partial high school working as manual",10K+,"Vegetables from Produce department, Ordered Brand : Hermanos",21.2225,-19.7689,recyclable,,Best Price Savers,suPermArket,2.62Ms,0.9956 Millions,1507.81,227.8,151.9,measure: 650.4028,osasco,sp,-23.52517861143172,-46.80307405995724,brasilia,DF,-15.84494561197996,-47.98527498130505,5.0
mc_ID_8727,"Single Male with four children, education: bachelors degree working as professional",840+ monthly,"Vegetables from Frozen Foods department, Ordered Brand : Carrington",-999.0,20.4957,recyclable,,Budget Bargains,supErMaRkeT,8.88 Millions,3.4632 Millions,1623.48,341.05,227.33,623.7298,"soroçaba
",SP,amount: -23.50436812822437,-47.46615628434992,campo l1mpo paulista,SP,data: -23.20706431353269,-46.760735214610754,3.0
mc_ID_8728,"Married Female with one child, education: graduate degree working as professional",130000,"Paper Products from Household department, Ordered Brand : Red Wing",19.9142,594.78 oz,recyclable,,,Supermarket,$6.44 Millions,2.576 Millions,1508,,151.36,733.1937,_poa,_5P,-23.522975748542905,-46.33702048557326,Guanambi,ba,-14.224788977578138,-42.77686614606025,3.0
mc_ID_8729,"Married Female with one child, education: partial college working as professional",30K+,"Snack Foods from Snack Foods department, Ordered Brand : Horatio",23.8389,-1.0,recyclable,,One Day Sale,Superm4rket,3.28 Millions,0.984 Millions,1508,229.8,151.67,amount: 613.4267,RiO de JANeIro,RJ,data: -22.82320810545911,-43.32141146765545,ibitinga,SP,-21.7664768468313,-48.83154737836604,2.0
mc_ID_8730,"Single Male with two children, education: batchelors degree working as professional",70k,"Candy from Snacks department, Ordered Brand : Gulf Coast",31.8337,28.7811,recyclable,"['Florist', 'Coffee Bar']",Sales Days,Mid-Size,"5.88 ,000,000illions",2.2932 Millions,2551.4,389.54,259.66,694.9624,nova serrana,MG,measure: -19.870118049590708,-45.00569489878337,jacarei,SP,-23.29818595956356,-45.974828011182304,5.0
mc_ID_8731,"Single Female with four kids, education: partial high school working as manual",10K+,"Beer and Wine from Alcoholic Beverages department, Ordered Brand : Portsmouth",-0.1,26.4554,recyclable,"['Bar For Salad', 'Ready Food', 'Coffee Bar', 'Florist', 'Video Store']",Money Savers,Deluxe,$5.67 Millions,1.8144 Millions,1871.16,593.93,395.95,343.611,teresopolis,rj,-22.437905160323293,data: -42.97012336182861,SAITo,SP,-23.19024365306712,-47.291570633360266,2.0
mc_ID_8732,"Married Male with four children, education: partial high school working as skilled manual",30K+,"Meat from Frozen Foods department, Ordered Brand : Imagine",24.1296,19.7689,recyclable,"['Florist', 'Bar For Salad', 'Coffee Bar', 'Ready Food', 'Video Store']",Pick Your Savings,GOURME7,5.85 Millions,2.7495 Millions,1424.85,465.54,310.03,351.7175,arapongas,pr,-23.420739085916825,-51.41460369847018,saopaulo,SP,-23.59272363197529,-46.6315844403312,3.0
mc_ID_8733,"Single Male with one kid, education: partial HS working as skilled manual",10k,"Seafood from Seafood department, Ordered Brand : Dual City",-18.4606,-999.0,recyclable,,Go For It,Supermarket,6.8 Millions,2.652 Millions,2049.72,,304.91,525.8765,volta redonda,RJ,-22.496274272000647,-44.07958912614691,sao paulo,"SP
",-23.59798552039933,-46.55547278711988,4.0
mc_ID_8735,"Married Male with five children, education: partial college working as professional",110000,"Baking Goods from Baking Goods department, Ordered Brand : BBB Best",9.8263,5.4655,recyclable,['Florist'],Roller Savings (High) ,Supermarket,"12.3 ,000,000illions",3.813 Millions,1320.15,,348.85,532.6232,juquitiba,Sp,-23.931406546387684,-47.07199584429756,jaragua do sul_,sC,-26.487035474897464,val: -49.071400994171626,5.0
mc_ID_8736,"Married Male with four children, education: high school degree working as manual",30K+,"Bread from Baked Goods department, Ordered Brand : Sphinx",-26.31,23.4028,non recyclable,"['Florist', 'Ready Food', 'Coffee Bar', 'Video Store', 'Bar For Salad']",Super Savers,deluxe,3.81 Millions,1.2192 Millions,,375.1,248.79,755.9442,sorocaba,SP,data: -23.501058123111395,-47.46835501559965,lauro de freitas, BA,-12.895112589380958,-38.33895999999978,4.0
mc_ID_8737,"Married Male with two childern, education: high school degree working as skilled manual",30K+,"Dairy from Dairy department, Ordered Brand : Even Better",10.7857,7.8785,recyclable,,Sales Days,,5.38 Millions,1.883 Millions,1624.47,341.05,227.33,743.1307,UBIRAta,PR,-24.552941779969952,-52.99142768075954,"sao paulo
",SP,-23.59272363197529,-46.6315844403312,5.0
mc_ID_8738,"Single Female with two children, education: high school degree working as professional",90K+,"Pain Relievers from Health and Hygiene department, Ordered Brand : Consolidated",12.4573,9.5356,recyclable,"['Ready Food', 'Coffee Bar', 'Video Store', 'Bar For Salad', 'Florist']",Save Price,DEluxe,4.25 Millions,1.8275 Millions,2038.11,481.98,321.26,284.3028,camacan,BA,-15.414317002261669,-39.497913802834034,dracena,SP,-21.4988715,-51.53786099999999,5.0
mc_ID_8739,"Married Male with one child , education: high school degree working as skilled manual",€25K+,"Cleaning Supplies from Household department, Ordered Brand : High Quality",13.8237,10.9165,non recyclable,['Florist'],Save It (Sale),Supermarket,8.73 Millions,4.0158 Millions,1320.15,523.32,347.22,£312.27,Sao Paulo,	Sp,-23.621426340267785,-46.637372330976966,sao paulo,sp,-23.666436408909707,-46.65554725086943,3.0
mc_ID_8740,"Single Male with one child, education: high school degree working as manual",30K+,"Canned Oysters from Canned Foods department, Ordered Brand : Bravo",28.7811,27.1822,non recyclable,['Coffee Bar'],Weekend Discount,Supermarket,$6.36 Millions,3.1164 Millions,1235.17,440.92,missing,364.1649,Sao josE dOS pInhaiS,PR,-25.533751917338503,-49.199826126071535,rio de janeiro,rj,-22.920104850395337,-43.22138202997862,measure: 5.0
mc_ID_8741,"Married Female with four children, education: high school degree working as skilled manual",30K+,"Seafood from Seafood department, Ordered Brand : Dual City",amount: 27.3275,val: 24.275,recyclable,,Two for One,SUPERMARKET,1.56 Millions,0.5772 Millions,2048.13,,,451.9766,Votorantim,sp,-23.540699932021333,-47.45842622799934,sao paulo,	5P,data: -23.50126797890817,-46.73964800083672,5.0
mc_ID_8743,"Married Female with four children, education: bachelors degree working as professional",50K+,"Frozen Desserts from Frozen Foods department, Ordered Brand : Big Time",29.944,28.4904,recyclable,"['Bar For Salad', 'Ready Food']",Three for One,,9.08 Millions,4.3584 Millions,2448.37,470.27,313.55,656.2604,_lmbe,rs,-29.965246172122555,-50.11768106939471,sao paulo,sp,-23.529307180131543,-46.63490526351788,5.0
mc_ID_8744,"Single Male with two children, education: partial high school working as manual",10K+,"Snack Foods from Snack Foods department, Ordered Brand : Best Choice",9.5937,5.2184,recyclable,['Florist'],Pick Your Savings,Supermarket,4.22 Millions,1.9834 Millions,1320.15,,347.14,769.6991,i7ambacuri ,Mg,-18.034057229650728,-41.68218355469176,P3Tropolis,RJ,measure: -22.31952552823953,-43.1311053702977,1.0
mc_ID_8745,"SINGLE FEMALE WITH FIVE CHILDREN, EDUCATION: BACHELORS DEGREE WORKING AS MANAGEMENT",70K+,"Snack Foods from Snack Foods department, Ordered Brand : Horatio",23.8389,22.24,recyclable,['Florist'],Pick Your Savings,Supermarket,3.28 Millions,1.4104 Millions,1320.15,523.32,350.44,769.6991,Sao Joao Nepomuceno,MG,-21.53684106547488,-43.0121739022556,piracicaba,Sp,-22.71683928585045,-47.65736585405934,4.0
mc_ID_8747,"Married Male with three children, education: bachelors degree working as management",50K+,"Meat from Deli department, Ordered Brand : Lake",24.5657,22.9668,recyclable,,Weekend Discount,Supermarket,9.96 Millions,4.2828 Millions,1508,227.8,151.9,614.002,SaO PaulU,SP,-23.63280320739602,-46.739237617304966,co7ia,Sp,-23.59398471189917,-46.91059123022104,measure: 4.0
mc_ID_8748,"Married Female with four children, education: high school degree working as professional",130k,"Jams and Jellies from Baking Goods department, Ordered Brand : Super",15.6988,12.7916,recyclable,"['Video Store', 'Ready Food', 'Bar For Salad', 'Coffee Bar', 'Florist']",One Day Sale,GOURM3T,1.52 Millions,0.6688 Millions,1424.85,465.54,,449.1524,porto alegre,R5,-30.003887356656406,-51.13607729058233,salto,SP,-23.17588057617297,-47.31592004954123,5.0
mc_ID_8750,"Married Female with three children, education: high school degree working as skilled manual",€25K+,"Dairy from Dairy department, Ordered Brand : Booker",-30.3801,27.3275,non recyclable,"['Coffee Bar', 'Bar For Salad', 'Florist', 'Ready Food']",Sale : Double Down,Deluxe,7.96 Millions,2.9452 Millions,2057.07,654.13,436.72,500.7202,rio bonito,RJ,-22.7072351350913,data: -42.62882877464098,Osasco,SP,-23.544421691355613,-46.78839877935824,5.0
mc_ID_8753,"Married Female with No children, education: high school degree working as skilled manual",30k,"Snack Foods from Snack Foods department, Ordered Brand : Nationeel",amount: 24.8564,20.4957,recyclable,"['Bar For Salad', 'Ready Food', 'Florist', 'Coffee Bar']",Price Destroyers,gourMeT,9.93 Millions,3.1776 Millions,1567.79,385.45,256.97,343.5064,Piracicaba,SP,-22.67144772010048,val: -47.68291776300415,SAo PAulO,SP,-23.59539756425642,measure: -46.55163738273989,4.0
mc_ID_8754,"Single Female with three children, education: partial high school working as skilled manual",10K+,"Hot Beverages from Beverages department, Ordered Brand : Plato",25.1472,-23.5482,non recyclable,['Florist'],,,1.77Ms,0.531 Millions,,523.32,347.04,532.6232,sao lui$,Me,-2.490419577846424,-44.30328698626578,curitiba,pr,-25.464029318048183,-49.30472794690424,5.0
mc_ID_8755,"Single Male with four children, education: high school degree working as manual",30K+,"Meat from Deli department, Ordered Brand : Cutting Edge",18.1699,13.8091,recyclable,,Promo Big,Supermarket,3.64 Millions,1.4196 Millions,2049.71,457.36,304.91,515.2596,sao paulo,SP,measure: -23.667041652697392,-46.67496025552495, cascavel ,pr,-24.9409988170985,amount: -53.4931867821282,5.0
mc_ID_8756,"Maried Female with four children, education: High School degree working as skilled manual",30K+,"Vegetables from Produce department, Ordered Brand : Ebony",-0.1,14.972,,"['Ready Food', 'Florist', 'Video Store', 'Coffee Bar', 'Bar For Salad']",Shelf Clearing Days,DELUXE,$8.97 Millions,3.7674 Millions,1871.16,593.93,395.95,516.7763,maca3,RJ,-22.407093332993256,amount: -41.84669910556226,saO PAUlo,SP,val: -23.554079433810344,-46.53324185942636,1.0
mc_ID_8757,"Married Male with three children, education: partial high school working as professional",$90K+,"Pure Juice Beverages from Beverages department, Ordered Brand : Skinner",11.4398,8.5181,recyclable,"['Florist', 'Bar For Salad', 'Coffee Bar', 'Video Store', 'Ready Food']",Save It (Sale),Deluxe ,$5.82 Millions,2.037 Millions,1525.28,373.1,248.79,393.4006,maRingA,PR,-23.40870190356673,measure: -51.94097450684423,itaborai,RJ,-22.70666999999997,-42.896109999999965,5.0
mc_ID_8759,"Single Female with two children, education: partial high school working as management",150K+,"Snack Foods from Snack Foods department, Ordered Brand : Fast",28.9265,measure: 27.3275,non recyclable,['Coffee Bar'],,Small Grocery,1.68 Millions,0.672 Millions,2069.04,330.83,,564.9446,osasco, SP ,-23.559508137402258,-46.77587275540442,sao paulo,SP,-23.541941545934563,-46.49095488842404,3.0
mc_ID_8760,"Single Male with three children, education: bachelor'ss degree working as professional",10K+,"Snack Foods from Snack Foods department, Ordered Brand : Fort West",29.2172,-27.7636,non recyclable,"['Coffee Bar', 'Ready Food', 'Video Store', 'Bar For Salad', 'Florist']",I Cant Believe It Sale,DeLuXe,4.94 Millions,2.3218 Millions,1525.28,373.1,250.35,$535.92,registro,SP,-24.49203032806276,-47.83413137913321,sao paulo,SP,measure: -23.555682314184303,-46.63309991286275,5.0
mc_ID_8762,"Married Male with four children, education: high school degree working as manual",30K+,"Snack Foods from Snack Foods department, Ordered Brand : Fast",11.4398,8.5181,recyclable,"['Ready Food', 'Coffee Bar', 'Bar For Salad', 'Video Store', 'Florist']",,	De1uxe,12.84 Millions,6.2916 Millions,1868.42,593.93,395.65,474.7271,itabira,MG,-19.63165621067063,-43.212335433135365,piracicaba, SP ,-22.71683928585045,-47.65736585405934,4.0
mc_ID_8764,"Single  Male  with  four  children,  education:  bachelos  degree  working  as  professional",50K+,"Vegetables from Produce department, Ordered Brand : Hermanos",val: 14.1725,11.2653,recyclable,['Coffee Bar'],,Supermarket ,8.46 Millions,2.6226 Millions,1236.07,440.92,294.84,688.1634,brasilia,DF,-15.793056283368957,-47.848963327226045,Sao Paulo,SP,amount: -23.667843855675457,-46.66038973120199,5.0
mc_ID_8765,Single Female with two children | education: partial high school working as manual,50K+,"Dairy from Dairy department, Ordered Brand : Club",-29.944,-27.0368,recyclable,"['Florist', 'Ready Food', 'Coffee Bar', 'Bar For Salad']",Price Cutters,Gourme7,2.13 Millions,0.8307 Millions,1564.86,385.45,256.97,729.2712,mogi das cruzes,SP,-23.527490186661275,-46.20287197213819,mogi guacu,sp,-22.3970091627978,-46.94545202732525,3.0
mc_ID_8766,Married Female with one child and education: high school degree working as manual,$30K+,"Canned Soup from Canned Foods department, Ordered Brand : Bravo",-25.0018,20.641,non recyclable,,Go For It,Supermarket,7.65 Millions,2.754 Millions,,227.8,151.9,350.4623, sao paulo,SP,amount: -23.603873972791327,-46.67714782015692,sao paulo,SP ,-23.554133203993324,-46.53048959908248,1.0
mc_ID_8767,"Single Female with three children, education: high school degree working as skilled manual",30K+,"Bathroom Products from Health and Hygiene department, Ordered Brand : Steady",16.4256,13.5184,non recyclable,['Coffee Bar'],Sale Winners,Small 	Grocery,2.35 Millions,1.081 Millions,2069.04,330.83,220.55,val: 564.9446,Ipaba,mg,-19.41090481717707,val: -42.41846537530112,ibitinga_,sp,-21.7664768468313,-48.83154737836604,3.0
mc_ID_8771,"Married Male with two children, education: partial high school working as manual",10K+,"Candy from Snacks department, Ordered Brand : Choice",12.5736,9.6519,non recyclable,"['Bar For Salad', 'Ready Food']",,Supermarket,€1.6M,0.864 Millions,2448.37,472.27,313.55,719.3865,5ao paulo,SP,amount: -23.59951815015292,-46.61072417485142,ribeirao pre7o,SP,-21.210104711049134,-47.80139005429387,4.0
mc_ID_8772,"Married Male with two children, education: high school degree working as manual",30 Thousand,"Vegetables from Canned Foods department, Ordered Brand : Just Right",28.6358,27.1822,recyclable,"['Coffee Bar', 'Video Store', 'Ready Food', 'Bar For Salad', 'Florist']",Lottery Cash Registerion,DELUXE,$4.08 Millions,1.4688 Millions,1734.5,503.07,336.89,646.4803,Ribeirao Preto,SP,-21.15613133316094,-47.74568764755373,sAu PauLO,SP,-23.58343069747245,-46.50203424424373,4.0
mc_ID_8773,"Single Female with No children, education: partial high school working as management",90k,"Meat from Frozen Foods department, Ordered Brand : PigTail",28.3451,25.4379,recyclable,,I Cant Believe It Sale,Mid-$ize,6.63 Millions,2.5857 Millions,2818.34,447.7,300.15,693.498,SAO PAULO,SP,-23.517930174303164,-46.66742959008009,	joinville,SC,-26.25413501236067,-48.87133423020441,data: 5.0
mc_ID_8775,"Single Male with one child, education: partial High School working as manual",50K+,"Frozen Desserts from Frozen Foods department, Ordered Brand : Big Time",29.944,28.4904,recyclable,['Florist'],Save It (Sale),,6.81Ms,3.405 Millions,1318.64,523.32,350.76,427.7617,sao paulo,Sp,-23.587259951151253,-46.71949672370017,ibitinga,SP,-21.7664768468313,-48.83154737836604,1.0
mc_ID_8776,"Single Male with five children, education: high school degree working as professional",130K+,"Kitchen Products from Household department, Ordered Brand : Cormorant",10.524,7.6023,non recyclable,"['Ready Food', 'Bar For Salad']",Green Light Special,$upermarket,15.8 Millions,6.952 Millions,2265.9,853.22,568.75,643.3946,sAo JOsE Do RIO PRETO,SP,val: -20.79920540981673,-49.36252443178385,Penapolis,SP,-21.426570046543283,amount: -50.06791761043272,5.0
mc_ID_8777,"married male with two kids, education: high school degree working as management",130K+,"Fruit from Produce department, Ordered Brand : Tri-State",13.6202,10.6984,recyclable,['Coffee Bar'],Weekend Discount,,8.58 Millions,3.1746 Millions,1236.95,440.92,295.7,364.1649,sao bernardo do campo,SP,-23.70899726008409,-46.54812620982171,Limeira,SP,-22.56835042131686,-47.44743947974489,5.0
mc_ID_8778,"sINGLE fEMALE WITH THREE CHILDREN, EDUCATION: GRADUATE DEGREE WORKING AS PROFESSIONAL",70K or more,"Dairy from Dairy department, Ordered Brand : Booker",19.0421,16.1349,non recyclable,"['Florist', 'Coffee Bar', 'Bar For Salad', 'Video Store', 'Ready Food']",Two Day Sale,DeLuXE ,9.88 Millions,3.6556 Millions,2040.23,483.98,,495.7517,iguaracu,Pr,-23.197379641887533,-51.82225932835955,	sao paulu,SP,-23.61411790980433,-46.60034800222169,5.0
mc_ID_8779,"Marriied Male with two children, education: high school degree working as skilled manual",30K+,"Meat from Deli department, Ordered Brand : Red Spade",31.69 kg,val: 30.0894,non recyclable,['Florist'],You Save Days,Supermarket,5.52 Millions,2.0976 Millions,1321.22,523.32,348.85,689.3663,sao paulo,SP,-23.64750993282939,-46.64190548626578,ibitimga,SP,-21.7664768468313,-48.83154737836604,amount: 5.0
mc_ID_8780,"Single Male with one child, education: HS degree working as professional",130K+,"Candy from Snacks department, Ordered Brand : Atomic",16.2802,11.9049,non recyclable,"['Ready Food', 'Florist', 'Bar For Salad', 'Coffee Bar', 'Video Store']",,Deluxe,"9.99 ,000,000illions",3.0969 Millions,1735.29,503.07,335.38,282.9953,_araçatuba,SP,val: -21.21285039439666,-50.44858920843672,cAMPO LImPo paUlIsta_,SP,-23.20706431353269,-46.760735214610754,5.0
mc_ID_8781,"Single Female with four children, education: high school degree working as professional",130K+,"Meat from Deli department, Ordered Brand : Cutting Edge",18.7513,17.1524,non recyclable,"['Bar For Salad', 'Coffee Bar', 'Video Store', 'Ready Food', 'Florist']",Lottery Cash Registerion,Deluxe,€8.1M,3.9816 Millions,1734.5,,335.38,500.9294,brasilia, DF,-15.804321418637416,-47.89824139639752,sao paulo,SP,-23.48381025284207,-46.69528157314321,4.0
mc_ID_8785,"Married Female with three children, education: bachelors degree working as professional",70000,"Pain Relievers from Health and Hygiene department, Ordered Brand : Consolidated",12.4573,9.5356,recyclable,,Full Free,,1.7 Millions,0.527 Millions,1508,227.8,150.42,272.2738,carapicuiba,Sp,amount: -23.55785784071353,-46.86825867057117,SAO PAULO,5P,-23.50869470774424,amount: -46.48672956633388,5.0
mc_ID_8790,"SINGLE FEMALE WITH THREE CHILDREN, EDUCATION: PARTIAL HIGH SCHOOL WORKING AS SKILLED MANUAL",Income: 10K+,"Pain Relievers from Health and Hygiene department, Ordered Brand : Steady",data: 15.6988,12.7916,recyclable,"['Bar For Salad', 'Ready Food', 'Florist', 'Video Store', 'Coffee Bar']",Tip Top Savings,Deluxe,6.96Ms,2.5752 Millions,2039.1,481.98,319.33,£303.87,brasilia,DF,-15.815976328611026,-47.907328086588976,SANTA BARBARA D'OESTE,SP,-22.75967282783305,-47.364736674563375,5.0
mc_ID_8791,"Married Female with three children, education: bachelors degree working as professional",$50K+,"Vegetables from Produce department, Ordered Brand : Tell Tale",-999.0,8.8524,non recyclable,"['Ready Food', 'Bar For Salad']",Full Free,$upermarket,7.8 Millions,2.808 Millions,2265.9,853.22,568.75,736.907,bom despacho,MG,-19.74074058834445,-45.25452490731858,ribeirao preto,SP,-21.17121748495008,data: -47.81941847157649,4.0
mc_ID_8793,"Married Female with five children, education: partial high school working as skilled manual",10K or more,"Vegetables from Frozen Foods department, Ordered Brand : Carrington",measure: 31.6883,28.6358,recyclable,,Two for One,Mid-Size ,10.84 Millions,4.6612 Millions,2822.03,447.7,298.83,measure: 646.5849,belem, PA ,-1.4649796654765277,-48.48763846258198,campo largo,PR,measure: -25.446647385196982,-49.55563586004068,5.0
mc_ID_8794,"Married_Male_with_three_children,_education:_bachelors_degree_working_as_management",50K+,"Pure Juice Beverages from Beverages department, Ordered Brand : Skinner",22.0946,19.0421,non recyclable,"['Video Store', 'Coffee Bar', 'Bar For Salad', 'Florist', 'Ready Food']",Big Time Saving, Deluxe,$1.83 Millions,0.6588 Millions,1871.16,593.93,396.16,676.6574,sao jose dos campos,Sp_,-23.164548810433395,-45.80487447890817,sao paulo,SP,-23.65111484251016,-46.75521082321932,5.0
mc_ID_8795,"Single Female with two children, education: high school degree working as manual",30k,"Snack Foods from Snack Foods department, Ordered Brand : Nationeel",14.0999,12.6317,non recyclable,"['Coffee Bar', 'Ready Food', 'Bar For Salad', 'Florist', 'Video Store']",Big Time Saving,Gourmet,8.19 Millions,2.6208 Millions,1424.85,,310.56,val: 404.3836,sao bernardo do campo,SP,-23.71933860892157,-46.5517479343586,sao paulo,_5P,-23.50869470774424,-46.48672956633388,data: 5.0
mc_ID_8796,Single Female w/ three children; education: partial high school working as skilled manual,10K+,"Snack Foods from Snack Foods department, Ordered Brand : Fort West",17.5885,14.6813,non recyclable,"['Bar For Salad', 'Ready Food']",Savings Galore,Supermarket,$6.58 Millions,2.8952 Millions,2449.01,470.27,313.55,$550.14,rio de janeiro,	RJ,-23.00927096142304,-43.42940927644404,rio de janeiro,Rj,-22.97552030068124,-43.48436102271125,5.0
mc_ID_8797,"Single Female with three children, education: partial collge working as professional",30K+,"Cold Remedies from Health and Hygiene department, Ordered Brand : Bird Call",data: 25.1472,23.5482,non recyclable,['Coffee Bar'],,Supermarket,$5.78 Millions,2.1386 Millions,1236.07,440.92,293.8,436.7573,guarulhos,SP,measure: -23.41680789286744,-46.50745327116394,capivari,SP,-23.0122137105142,amount: -47.52203973160603,5.0
mc_ID_8798,"Married Male with three children, education: bachelors degree working as management",840+ monthly,"Side Dishes from Deli department, Ordered Brand : Cutting Edge",8.9977,6.0906,recyclable,"['Florist', 'Coffee Bar', 'Ready Food', 'Bar For Salad']",,Deluxe,3.1 Millions,1.116 Millions,2055.29,654.13,436.09,570.3838,iTu, SP,-23.27105086011885,-47.30173375047615,mirassol,Sp,-20.826509617243435,-49.49059546820425,3.0
mc_ID_8799,Married Female with five children | education: partial high school working as manual,30000,"Frozen Entrees from Frozen Foods department, Ordered Brand : PigTail",21.0771,19.6235,recyclable,,You Save Days, SUPERMARKET,4.28Ms,2.0116 Millions,1508,227.8,151.9,565.9906,rio de janeiro,rj,val: -22.96308886984238,-43.402024304605,CAMPO LIMPO PAULISTA,$P,-23.20706431353269,-46.760735214610754,data: 5.0
mc_ID_8801,"Married Male with two children, education: high school degree working as skilled manual",$30K+,"Canned Soup from Canned Foods department, Ordered Brand : Blue Label",-0.1,measure: 23.4028,non recyclable,"['Bar For Salad', 'Florist', 'Ready Food', 'Coffee Bar']",Full Free,,3.56 Millions,1.4952 Millions,2055.29,654.13,436.82,288.5914,pirapozinho, sp,-22.280965825980445,measure: -51.49055492419442,guarulhos,Sp,-23.46530411469876,-46.51148732089968,5.0
mc_ID_8805,"sINGLE mALE WITH THREE KIDREN, EDUCATION: GRADUATE DEGREE WORKING AS PROFESSIONAL",€42K+,"Snack Foods from Snack Foods department, Ordered Brand : Nationeel",13.5329,amount: 9.1722,non recyclable,"['Bar For Salad', 'Coffee Bar', 'Florist', 'Ready Food', 'Video Store']",Promo Big, Gourmat,10.04 Millions,4.4176 Millions,,465.54,310.3,612.1192,MAnAUs,4m,-3.044119535509593,-59.95898032856029,nova iguacu,rj,-22.761992463604912,-43.45087260605272,measure: 2.0
mc_ID_8806,"Single Male with one child, education: bachelors degree working as professional",70K+,"Bathroom Products from Health and Hygiene department, Ordered Brand : Steady",-17.4431,14.5359,recyclable,"['Ready Food', 'Bar For Salad', 'Video Store', 'Coffee Bar', 'Florist']",Shelf Clearing Days,De1uxe,4.53 Millions,1.9932 Millions,1871.16,593.93,395.44,516.7763,teres0polis,"RJ
",data: -22.379789300034645,-42.92663232690309,ibitinga,SP,-21.7664768468313,-48.83154737836604,5.0
mc_ID_8807,"education: partial high school working as skilled manual, Married Female with four children",50K+,"Frozen Entrees from Frozen Foods department, Ordered Brand : Carrington",30.8162,29.3626,recyclable,['Florist'],Pick Your Savings,Supermarket,5.31 Millions,1.8054 Millions,1320.15,523.32,350.35,769.6991,salvador,	BA,-12.973807037191987,-38.4819239023025,belo horizon7e,MG,data: -19.907108245080448,-43.91966546502971,1.0
mc_ID_8808,"Single Male with one child, education: partial college working as clerical",$30K+,"Jams and Jellies from Baking Goods department, Ordered Brand : CDR",22.3853,19.3328,recyclable,,Sale Winners,	SUPERMARKET,3.6 Millions,1.368 Millions,1508,227.8,151.9,720.171,Santo Andre,SP,-23.666655446303828,-46.53485782638931,sao paulo,SP ,data: -23.504769581649203,-46.62470303231384,5.0
mc_ID_8809,"Single Female with three children, education: high school degree working as skilled manual",360+ monthly,"Meat from Deli department, Ordered Brand : American",9.899,5.5237,non recyclable,"['Coffee Bar', 'Bar For Salad', 'Video Store', 'Ready Food', 'Florist']",Go For It,D3luxe,8.28Ms,2.7324 Millions,2039.52,483.98,321.26,455.3761,porto alegre,RS,-29.963407806474702,-51.11430213950879,presidente prudente,SP,-22.131826190859822,val: -51.450761316949546,4.0
mc_ID_8810,"Married Male with five children, education: high school degree working as manual",30K+,"Vegetables from Canned Foods department, Ordered Brand : Bravo",13998.10 grams,amount: 11.0909,non recyclable,"['Ready Food', 'Florist', 'Coffee Bar', 'Bar For Salad']",,Deluxe ,12.95Ms,4.144 Millions,2055.29,654.13,434.79,779.6884,Pocus De Caldas,mg,-21.79104335195045,-46.56244368105504,guarulhos,SP,-23.478156,-46.5416505,5.0
mc_ID_8814,Not Specified,50000,"Electrical from Household department, Ordered Brand : Denny",17.8792,-14.972,recyclable,"['Ready Food', 'Video Store', 'Florist', 'Coffee Bar', 'Bar For Salad']",One Day Sale,Gourmat,"10.8 ,000,000illions",3.672 Millions,1424.85,465.54,311.61,449.1524,vila velha,es,-20.38395963794757,-40.31493801624039,guariba,SP,-21.36235769739203,-48.232975701561735,1.0
mc_ID_8816,"Married Female w/ No childern, education: partial high school working as skilled manual",10K+,"Vegetables from Produce department, Ordered Brand : High Top",data: 31.8337,30.2347,non recyclable,"['Bar For Salad', 'Video Store', 'Coffee Bar', 'Ready Food', 'Florist']",Two for One,Deluxe,€3.6M,1.4586 Millions,2038.11,481.98,321.26,358.9349,Serra, E$ ,-20.125077554846843,-40.18867515952251,indaiatuba,sp,-23.141554810215275,-47.23811647179686,3.0
mc_ID_8819,"Married Male with three children, education: partial high school working as skilled manual",10K+,"Cleaning Supplies from Household department, Ordered Brand : High Quality",31.8337,27.3275,recyclable,,Go For It,mid-size,5.73 Millions,2.3493 Millions,2084.43,,522.49,717.3991, SAO PAULO ,Sp,-23.57951810713256,-46.63467650652087,ibia,Mg,-19.598096999999942,-46.61303299999997,5.0
mc_ID_8820,Single Male with three children and education: partial high school working as manual,10000,"Baking Goods from Baking Goods department, Ordered Brand : Landslide",amount: 23.1121,20.0596,recyclable,['Coffee Bar'],Discount Frenzy,Suparmarket,4.28 Millions,1.3268 Millions,1236.11,440.92,293.95,760.4943,sao paulo,Sp,-23.544892466558927,-46.505663224536896,SAO PAULO_,sP,-23.485253731057767,-46.73312974854289,5.0
mc_ID_8821,"Married Male with four children, education: partial high school working as skilled manual",$10K+,"Specialty from Produce department, Ordered Brand : High Top",-15.8442,11.4688,non recyclable,"['Coffee Bar', 'Bar For Salad', 'Ready Food', 'Florist']",Super Duper Savers,Deluxe,€5.4M,2.5953 Millions,2055.29,654.13,434.75,475.93,pelotas,RS,-31.74406768275678,-52.294588438000126,,,amount: nan,,
mc_ID_8822,"Married Male with three children, education: High School degree working as manual",30K or more,"Snack Foods from Snack Foods department, Ordered Brand : Fort West",val: 26.6008,23.5482,recyclable,,One Day Sale,,4.38 Millions,1.971 Millions,,457.36,306.31,486.7561,EcoPoR4ngA,ES,-18.37041924238617,-40.83332720083949,claudio,MG,-20.43773362250285,-44.75914024487753,4.0
mc_ID_8825,"Married Male with No children, education: bachelors degree working as management",70K+,"Vegetables from Canned Foods department, Ordered Brand : Just Right",26.1647,23.26 kg,non recyclable,"['Florist', 'Coffee Bar']",Savings Galore,mld-size,4.3 Millions,1.677 Millions,2551.4,389.54,259.66,680.2138,ILHA SOLTEIRA,SP,-20.422366149890298,-51.33743860294578,sao 	paulo,SP,val: -23.55487039661836,-46.5943762934965,1.0
mc_ID_8828,"education: partial college working as professional, Married Male with five children",130k,"Snack Foods from Snack Foods department, Ordered Brand : Fort West",Not Specified,-999.0,non recyclable,"['Video Store', 'Ready Food', 'Bar For Salad', 'Coffee Bar', 'Florist']",Shelf Clearing Days,Gourmet,$6.72 Millions,3.024 Millions,1424.85,465.54,310.3,€453.26,florianopolis,sc ,-27.58902112461769,-48.598946219401,SAO PAULO,SP_,data: -23.485253731057767,-46.73312974854289,5.0
mc_ID_8837,"Married Female with four children, education: partial high school working as skilled manual",10K+,"Starchy Foods from Starchy Foods department, Ordered Brand : Colossal",20.7864,data: 16.4256,recyclable,"['Video Store', 'Coffee Bar', 'Ready Food', 'Florist', 'Bar For Salad']",Dimes Off,Deluxe,€10.0M,5.0826 Millions,2038.11,481.98,322.92,550.6144,SAO PAULO,Sp,-23.63146799477654,-46.43860499812637,saojosedoscampos, SP ,-23.18093790397594,measure: -45.86936250721335,5.0
mc_ID_8838,"Single Female with three children, education: high school degree working as skilled manual",30K or more,"Baking Goods from Baking Goods department, Ordered Brand : CDR",23.4028,20.4957,recyclable,"['Bar For Salad', 'Florist', 'Ready Food', 'Coffee Bar']",,Deluxe,7.14 Millions,3.213 Millions,,654.13,436.09,715.1502,Brasilia,DF,-15.791398232240027,-47.85698890190887,toledo,pr,amount: -24.709844492474502,-53.75003279931422,5.0
mc_ID_8839,"Single Male with No children, education: partial high school working as manual",10K+,"Plastic Products from Household department, Ordered Brand : Cormorant",22.676,697.33 oz,recyclable,"['Florist', 'Bar For Salad', 'Ready Food', 'Coffee Bar']",Shelf Emptiers,Gourmet,8.94 Millions,3.7548 Millions,1564.86,387.45,256.97,measure: 773.0986,rio de janeiro,RJ,-22.907125456287147,-43.29187014002536,Araguari,MG,-18.65223568071188,-48.19343213192182,4.0
mc_ID_8840,"Single Female with two kids, education: bachelor'ss degree working as management",600+ monthly,"Magazines from Periodicals department, Ordered Brand : Robust",15.1174,12.1956,non recyclable,"['Florist', 'Coffee Bar', 'Bar For Salad', 'Video Store', 'Ready Food']",Super Savers,,3.78 Millions,1.2852 Millions,1525.28,373.1,247.72,755.9442,sao gabrie1 do oeste,M5,-19.39474338733581,-54.56736123542357,sao paulo,sp_,measure: -23.541941545934563,-46.49095488842404,data: 4.0
mc_ID_8841,"Married Female with one child, education: bachelors degree working as professional",50K+,"Fruit from Produce department, Ordered Brand : High Top",25.0018,20.641,recyclable,['Florist'],,sUPermArkeT,2.76 Millions,1.3248 Millions,1322.59,523.32,348.85,data: 765.7243,sao  kaetano  do  sul,$P,-23.60954690025056,-46.568247078142726,umuarama,PR,-23.748416432474365,-53.29690112215509,4.0
mc_ID_8842,"Single Female with two children, education: partial college working as management",30K+,"Meat from Deli department, Ordered Brand : Moms",25.7286,measure: 24.275,recyclable,"['Bar For Salad', 'Ready Food', 'Coffee Bar', 'Florist']",Promo Big,Deluxe,7.23Ms,2.892 Millions,2055.29,654.13,436.09,267.3576,SANTA BARBARA D'OESTE_,SP,-22.75967282783305,val: -47.364736674563375,Ribeirao Preto,SP,-21.116471333054424,-47.79073400291418,5.0
mc_ID_8843,"Married Male with three children, education: partial high school working as skilled manual",10K+,"Dairy from Dairy department, Ordered Brand : Even Better",17.4431,13.0823,recyclable,,Saving Days,Supermarket,2.16 Millions,0.8424 Millions,1508,227.8,151.9,619.0228,MAcaE,RJ,-22.31094319646468,-41.72187679346239,	itaquaquecetuba,SP,-23.48262344063541,-46.37448952833195,5.0
mc_ID_8846,"Married Male with five children, education: bachelors degree working as professional",$50K+,"Dairy from Dairy department, Ordered Brand : Even Better",10.0879,5.7272,recyclable,"['Video Store', 'Bar For Salad', 'Ready Food', 'Florist', 'Coffee Bar']",Super Duper Savers,"deluxe
",10.83 Millions,4.4403 Millions,1523.52,373.1,249.43,266.73,fortaleza,cE,-3.845806862750186,-38.50971909913928,praia grande,SP,data: -24.011288218359883,-46.41873374429398,5.0
mc_ID_8847,"Single Male with three children, education: bachelors degree working as professional",50K+,"Vegetables from Produce department, Ordered Brand : Hermanos",21.2225,19.7689,recyclable,"['Bar For Salad', 'Ready Food']",Money Savers,supermarket ,3.93 Millions,1.4934 Millions,2265.9,853.22,568.75,432.0503,guaru1hos,SP,-23.46712354010617,-46.554768775463096,5ao paulo,Sp ,measure: -23.63133471752179,-46.75945889273972,measure: 4.0
mc_ID_8848,"Married Male with two children, education: partial high school working as skilled manual",10K+ annually,"Snack Foods from Snack Foods department, Ordered Brand : Best Choice",11.8759,measure: 7.5151,non recyclable,"['Bar For Salad', 'Video Store', 'Coffee Bar', 'Ready Food', 'Florist']",Sale Sale Sale,Deluxe,7.88Ms,2.9944 Millions,1525.07,,247.32,722.6814,sao paulo,SP,-23.50544478573489,-46.68161090896759,ibitinga,$P,-21.7664768468313,-48.83154737836604,5.0
mc_ID_8849,"Married Male with five children, education: bachelors degree working as management",30000,"Vegetables from Produce department, Ordered Brand : Ebony",31.543,28.6358,recyclable,"['Bar For Salad', 'Florist', 'Ready Food', 'Coffee Bar']",Bag Stuffer,Deluxe,2.28 Millions,0.7752 Millions,2054.31,654.13,436.09,val: 367.7736,rio bananal,E5,-19.271805837690685,-40.32772691399322,çascavel,PR,-24.966371460470743,-53.46488320191585,5.0
mc_ID_8851,"Married Female with four children, education: high school degree working as professional",70K or more,"Dairy from Dairy department, Ordered Brand : Club",val: 19.4781,16.4256,non recyclable,"['Bar For Salad', 'Florist', 'Coffee Bar', 'Ready Food']",Saving Days,G0urmET,2.22 Millions,1.0656 Millions,1564.86,385.45,256.7,474.0995,rio de janeiro,RJ,-22.8858726103352,-43.34219063959268,pradopolis_,$P,-21.36757068180344,-48.06270442872158,1.0
mc_ID_8852,"Single Female with one kid, education: partial high school working as skilled manual",10 Thousand,"Jams and Jellies from Baking Goods department, Ordered Brand : Plato",30.3801,25.874,non recyclable,unknown,Full Free,SUPERMARKET,2.19 Millions,0.8322 Millions,1508,227.8,151.9,660.2352,sao goncalo,RJ,-22.827206075806263,-43.08632597763122,Lauro De Freita$,BA,data: -12.895112589380958,-38.33895999999978,3.0
mc_ID_8853,"Single Male with one child, education: partial college working as clerical",30K+,"Vegetables from Produce department, Ordered Brand : Hermanos",22.0946,17.5885,non recyclable,"['Video Store', 'Florist', 'Bar For Salad', 'Ready Food', 'Coffee Bar']",Dimes Off,Deluxe,5.19 Millions,2.595 Millions,2038.11,481.98,319.54,550.6144,teixeira soares,PR,-25.372899,-50.46185700000001,ibitinga,Sp,-21.7664768468313,-48.83154737836604,1.0
mc_ID_8854,"SINGLE FEMALE WITH NO CHILDREN, EDUCATION: PARTIAL HIGH SCHOOL WORKING AS SKILLED MANUAL",120+ monthly,"Beer and Wine from Alcoholic Beverages department, Ordered Brand : Pearl",15.5534,measure: 12.6317,non recyclable,"['Coffee Bar', 'Bar For Salad', 'Florist', 'Ready Food']",Save Price,Deluxe,10.72 Millions,3.4304 Millions,2055.06,654.13,436.09,602.1299,belford roxo,RJ,measure: -22.742235199560103,-43.40261101046788,curit1ba,PR,-25.43328294393789,-49.28042347446478,5.0
mc_ID_8855,"Single Female with No children, education: partial high school working as manual",10 Thousand,"Canned Clams from Canned Foods department, Ordered Brand : Better",25.5832,24.1296,recyclable,,Weekend Discount,Supermarkat,"4.22 ,000,000illions",1.899 Millions,1508,227.8,152.26,735.1811,pinhais ,PR,-25.436908583386337,-49.17617026672054,BELO HORIZONTE,MG,-19.878513898894187,-43.95694702879617,4.0
mc_ID_8860,Single Female with one child; education: bachelor'ss degree working as management,70K+,"Baking Goods from Baking Goods department, Ordered Brand : Plato",17.1524,15.6988,non recyclable,"['Ready Food', 'Florist', 'Coffee Bar', 'Bar For Salad', 'Video Store']",Price Cutters,Gourmet,11.13 Millions,5.565 Millions,1424.39,465.54,310.3,amount: 675.716,rio De jANeirO,RJ,-22.8864640049889,-43.37710932987132,guarulhos,SP ,-23.42207596280801,-46.49318406994056,5.0
mc_ID_8861,"Single Male with two children, education: bachelors degree working as management",70K+ annually,"Snack Foods from Snack Foods department, Ordered Brand : Best Choice",487.62 oz,10.9165,non recyclable,"['Ready Food', 'Bar For Salad', 'Coffee Bar', 'Florist']",Sale : Double Down,,5.18 Millions,2.5382 Millions,2055.29,654.13,436.09,500.7202,cURItIBa,PR,-25.458783139332883,-49.23258518552723,cariacica,ES,-20.29753657631548,-40.40086853731229,1.0
mc_ID_8862,"EDUCATION: HIGH SCHOOL DEGREE WORKING AS PROFESSIONAL, mARRIED mALE WITH TWO CHILDREN",$150K+,"Jams and Jellies from Baking Goods department, Ordered Brand : CDR",-22.3853,19.3328,recyclable,['Florist'],Big Time Discounts,Supermarket,3.6 Millions,1.512 Millions,1320.15,523.32,348.32,765.7243,ñiteroi,RJ,-22.901359568959617,val: -43.1241522171793,RIO DE JANEIRO,_RJ,-22.842290284753936,-43.29762071175495,5.0
mc_ID_8864,"Married Male with two kids, education: bachelors degree working as professional",€93K+,"Snack Foods from Snack Foods department, Ordered Brand : Nationeel",20.2049,18.606,non recyclable,"['Bar For Salad', 'Video Store', 'Ready Food', 'Coffee Bar', 'Florist']",Sale Sale Sale,Deluxe,6.78 Millions,3.3222 Millions,1525.28,,247.12,722.6814,teresina,PI,amount: -5.0709464999999945,-42.78848175,sao paulo,SP,-23.61424927422236,-46.68844105482136,data: 5.0
mc_ID_8866,"Single Female with two children, education: partial high school working as skilled manual",10K+,"Side Dishes from Deli department, Ordered Brand : Moms",24.5657,val: 20.0596,recyclable,"['Coffee Bar', 'Florist']",Green Light Special,,"6.69 ,000,000illions",2.5422 Millions,2551.4,,259.66,769.6991,gurupi,tO,-11.731018713039008,-49.09528497323779,sao paulo,sp,-23.49599428336896,amount: -46.74245332431184,5.0
mc_ID_8867,"Single Male with two children, education: partial high school working as skilled manual",10K+,"Paper Products from Household department, Ordered Brand : Sunset",13.6347,-12.1811,recyclable,"['Florist', 'Video Store', 'Coffee Bar', 'Bar For Salad', 'Ready Food']",Roller Savings (High) , Gourmet,12.6Ms,5.04 Millions,1424.85,465.54,308.99,499.7265,$AO PAULO,SP,-23.52399579739165,-46.51294318734492,castro,PR,-24.79611036875941,-49.99949570990931,val: 5.0
mc_ID_8868,"Single Male with one child, education: HS degree working as skilled manual",30K+,"Bread from Baked Goods department, Ordered Brand : Great",19.7689,16.8617,recyclable,['Florist'],Sale Sale Sale,Supermarket,2.79 Millions,1.0044 Millions,1320.15,523.32,348.85,304.1768,foz do iguacu,PR,amount: -25.52742965797669,-54.57570382833004,itatiba ,SP,val: -23.005474434298936,-46.84112811740003,1.0
mc_ID_8869,"education: bachelors degree working as professional, Single Male with one child",90K+,"Snack Foods from Snack Foods department, Ordered Brand : Best Choice",31.2522,29.7987,recyclable,"['Bar For Salad', 'Ready Food']",Money Savers,SupErMArKET,8.73 Millions,2.7936 Millions,2265.9,853.22,568.75,432.0503,"dourado
", Sp,measure: -22.11041683240867,-48.30935219804882,praia grande,SP,-24.026786758814687,amount: -46.49304889148245,5.0
mc_ID_8871,"Single Female with four children, education: graduate degree working as professional",110K+,"Fruit from Produce department, Ordered Brand : Ebony",26.8915,23.9843,recyclable,,Go For It,Mid-Size,5.54 Millions,1.7174 Millions,2085.67,,521.82,717.3991,sao paulo,SP,data: -23.76273601806428,-46.700452175653766,sao paulo,SP,-23.50271592062436,data: -46.48299647362806,5.0
mc_ID_8872,"Single  Male  with  two  children,  education:  bachelors  degree  working  as  professional",30000,"Electrical from Household department, Ordered Brand : Cormorant",-17.4431,13.0823,recyclable,"['Coffee Bar', 'Florist', 'Bar For Salad', 'Ready Food', 'Video Store']",Price Slashers,dElUXe,7.71 Millions,3.3153 Millions,,503.07,,282.9953,sao paulo,SP,-23.56281094772712,-46.64538049222014,sao pAulo,sp,-23.50739523980033,-46.74054093839796,5.0
mc_ID_8873,"Single Female with four children, education: high school degree working as manual",30K+,"Baking Goods from Baking Goods department, Ordered Brand : Plato",-31.543,28.6358,non recyclable,['Coffee Bar'],Promo Big,SUpeRmArKeT,4.47 Millions,1.341 Millions,,442.92,293.95,647.8924,salvador,BA,-12.973857914795992,-38.511608290870775,sao luis,MA,-2.546079233971952,-44.3089863702464,3.0
mc_ID_8876,"Married Male with four children, education: partial high school working as manual",10000,"Jams and Jellies from Baking Goods department, Ordered Brand : Plato",-18.3153,16.8617,recyclable,"['Coffee Bar', 'Florist']",Green Light Special,,13.32 Millions,5.5944 Millions,,389.54,259.51,769.6991,cuiaba,"MT
",-15.588913837119897,-56.0987026492805,curi7iba,PR,-25.43328294393789,-49.28042347446478,4.0
mc_ID_8881,"Married Female with one child, education: bachelors degree working as professional",70K+,"Baking Goods from Baking Goods department, Ordered Brand : Super",val: 17.007,15.4081,recyclable,"['Florist', 'Coffee Bar', 'Ready Food', 'Bar For Salad']",Save Price,,$3.12 Millions,1.3104 Millions,2055.22,654.13,436.09,602.1299,avare,SP,-23.105366606727763,-48.91147056680601,belo horizonte,mg,-19.892338512349244,-43.9326199797449,5.0
mc_ID_8882,"Single Male wiht one child, education: bachelors degree working as professional",50K+,"Snack Foods from Snack Foods department, Ordered Brand : Fort West",23.6936,45.51 lbs,recyclable,"['Coffee Bar', 'Bar For Salad', 'Ready Food', 'Florist']",Saving Days, Deluxe ,"10.8 ,000,000illions",4.428 Millions,2058.14,656.13,436.09,352.0313,belo horizonte,MG,-19.84506185844542,-43.98466346448144,TaUbAtE ,SP,-23.014906457628143,-45.55074777537135,3.0
mc_ID_8884,"Married Male with No children, education: partial high school working as manual",10 Thousand,"Pizza from Frozen Foods department, Ordered Brand : Carrington",17.5885,16.1349,recyclable,"['Bar For Salad', 'Florist', 'Coffee Bar', 'Video Store', 'Ready Food']",Sale Winners,DELUXe,10.28 Millions,3.1868 Millions,1871.16,593.93,395.57,519.7574,"nova lima
",MG,-20.06395202496248,-43.98103705032156,borda da mata,MG,-22.264093569966427,-46.15856420525942,5.0
mc_ID_8886,"Married  Female  with  three  children,  education:  partial  high  school  working  as  skilled  manual",€8K+,"Dairy from Dairy department, Ordered Brand : Club",12.2247,7.8494,non recyclable,['Florist'],Sale : Double Down,Supermarket,2.94 Millions,1.4406 Millions,1320.15,523.32,348.85,292.6708,sant@ teresa,E5,-19.93508981123009,-40.6015994827909,sao paulo,SP,-23.554079433810344,-46.53324185942636,5.0
mc_ID_8887,"mARRIED_mALE_WITH_FIVE_KIDREN,_EDUCATION:_hs_DEGREE_WORKING_AS_SKILLED_MANUAL",30K+,"Bathroom Products from Health and Hygiene department, Ordered Brand : Consolidated",9.4629,6.5557,non recyclable,,,,5.88 Millions,2.646 Millions,1508,227.8,151.9,amount: 277.2423,jabuatao dos guararapes, pe ,-8.121059806185217,-35.01893323253412,sao paulo,$P,data: -23.63580786663679,-46.71209825910773,3.0
mc_ID_8890,"Single Female with four kidren, education: partial HS working as skilled manual",10K+,"Eggs from Eggs department, Ordered Brand : Blue Medal",18.0246,14972.00 grams,non recyclable,"['Coffee Bar', 'Florist', 'Ready Food', 'Bar For Salad']",Tip Top Savings,	Deluxe,5.28 Millions,2.0064 Millions,2055.29,654.13,436.09,745.6934,fartura,SP,-23.38718762896144,-49.513805620288,sa0 jose dos campos,sp,amount: -23.221587583126546,-45.90665169219235,4.0
mc_ID_8893,"Married Male with No children, education: bachelors degree working as professional",50K+,"Meat from Frozen Foods department, Ordered Brand : Carrington",13.6638,12.1956,non recyclable,['Coffee Bar'],,Small Grocery,2.42 Millions,1.1132 Millions,,398.93,265.98,362.1252,nilopolis_,RJ,-22.800936387437307,-43.42486085339982,sao paulo,SP,-23.537511255832708,-46.63705730743676,5.0
mc_ID_8895,"Single Female with one child, education: partial high school working as manual",30K+,"Meat from Deli department, Ordered Brand : Moms",23.5482,20.641,recyclable,"['Ready Food', 'Coffee Bar', 'Bar For Salad', 'Florist', 'Video Store']",Go For It,	DELUXE,11.55Ms,5.1975 Millions,2038.11,483.98,321.26,455.3761,iguaracu,PR,-23.197379641887533,-51.82225932835955,IBITINGA,sP ,-21.7664768468313,-48.83154737836604,5.0
mc_ID_8897,Married Male with three children; education: bachelors degree working as professional,110 Thousand,"Baking Goods from Baking Goods department, Ordered Brand : Super",11.1054,8.1837,non recyclable,"['Florist', 'Coffee Bar', 'Bar For Salad', 'Ready Food']",,DELUXE,7.24 Millions,2.3168 Millions,2055.29,654.13,437.87,352.0313,marilia,SP,-22.181007751312865,-49.963543554532905,pedreira,$P,-22.73824150585765,-46.8958585777586,4.0
mc_ID_8899,"Single Female with two children, education: bachelors degree working as professional",50K+,"Fruit from Produce department, Ordered Brand : Hermanos",-27.7636,24.8564,recyclable,"['Bar For Salad', 'Ready Food']",Super Savers,Supermarket,4.29 Millions,1.9305 Millions,2446.46,472.27,313.55,754.7413,SAO PAULO,5P,-23.52377256527157,-46.47524063467857,Foz Do Iguacu,PR,-25.52742965797669,-54.57570382833004,4.0
mc_ID_8900,"Single Male with three children, education: graduate degree working as professional",130K+,"Kitchen Products from Household department, Ordered Brand : Sunset",26.1647,amount: 21.8039,non recyclable,"['Coffee Bar', 'Florist', 'Video Store', 'Bar For Salad', 'Ready Food']",Full Free,Deluxe,"13.55 ,000,000illions",6.0975 Millions,1734.5,503.07,,752.2309,s4o paulo,SP,-23.67208977101971,-46.739566162646405,marilia,SP,-22.217405964096468,-49.95110711067839,4.0
mc_ID_8901,"Single Female with one child, education: partial high school working as skilled manual",50K+,"Pizza from Frozen Foods department, Ordered Brand : PigTail",-14.6813,25.96 lbs,recyclable,"['Florist', 'Coffee Bar', 'Ready Food', 'Bar For Salad', 'Video Store']",Lottery Cash Registerion,Deluxe,"3.63 ,000,000illions",1.6698 Millions,1734.5,503.07,335.38,val: 313.0678,caretinga,MG,-19.79022694508355,-42.14210229958086,IbITINGa,$p,amount: -21.7664768468313,measure: -48.83154737836604,4.0
mc_ID_8902,"Married Female with three children, education: partial college working as clerical",$30K+,"Pure Juice Beverages from Beverages department, Ordered Brand : Excellent",-19.1874,17.5885,recyclable,['Florist'],Super Savers,Supermarket_,7.23 Millions,3.1812 Millions,1320.15,523.32,348.85,338.6948,rio claro,SP,-22.43774874385965,-47.5583294377924,ibitinga,sp,-21.7664768468313,-48.83154737836604,5.0
mc_ID_8905,"Single Male with five childran, education: partial High School working as skilled manual",10K+,"Dairy from Dairy department, Ordered Brand : Carlson",20.4957,17.5885,recyclable,"['Florist', 'Ready Food', 'Coffee Bar', 'Video Store', 'Bar For Salad']",Shelf Emptiers,Gourmet,2.26Ms,0.7684 Millions,,465.54,312.09,564.2647,IJUI,RS,-28.389227656496743,-53.92967622327969, Ber7Ioga ,SP,amount: -23.82834010075353,-46.1430173832652,5.0
mc_ID_8906,"Married Female with five children, education: bachelors degree working as professional",70K+,"Electrical from Household department, Ordered Brand : Denny",30.8162,29.3626,non recyclable,,Sales Days,,6.81 Millions,3.1326 Millions,2051.86,457.36,304.91,610.5502,mafra,SC,-26.11990678126073,-49.803153488260165,sao paulo,SP,amount: -23.479316999999995,-46.5904340471753,4.0
mc_ID_8907,"Married Female with one child, education: high school degree working as manual",$30K+,"Frozen Desserts from Frozen Foods department, Ordered Brand : Carrington",18.1699,15.2627,non recyclable,"['Florist', 'Video Store', 'Coffee Bar', 'Bar For Salad', 'Ready Food']",Roller Savings (High) ,dELUxE,€9.9M,4.872 Millions,1734.5,503.07,335.38,440.1568, guaiba ,Rs,-30.11082611949453,-51.36376683789562,novo hAmBurgO,RS,-29.6881809883103,-51.0915608374261,5.0
mc_ID_8909,"Single Male with one child, education: high school degree working as professional",70K+,"Eggs from Eggs department, Ordered Brand : National",26.1647,24.7111,recyclable,"['Florist', 'Video Store', 'Coffee Bar', 'Bar For Salad', 'Ready Food']",GLD,DELUXE,4.38Ms,2.0148 Millions,1871.16,593.93,394.63,484.1411,mel3iro,SC,-28.828471500000003,-49.63836375,Sa0 Goncalo,	Rj,-22.82787,-43.01969625000001,5.0
mc_ID_8910,"Married Female with one child, education: partial college working as professional",110K+,"Dairy from Dairy department, Ordered Brand : Carlson",21.5132,18.606,non recyclable,"['Ready Food', 'Video Store', 'Coffee Bar', 'Florist', 'Bar For Salad']",Bag Stuffer,Deluxe,15.92 Millions,5.0944 Millions,1734.5,503.07,335.38,662.2226,RESENDE,RJ,-22.47805071801601,-44.50608144601535,ibitinga,SP,-21.7664768468313,-48.83154737836604,data: 5.0
mc_ID_8911,"Single Male with four kidren, education: bachelor'ss degree working as management",600+ monthly,"Jams and Jellies from Baking Goods department, Ordered Brand : Super",23.9843,21.0771,non recyclable,['Coffee Bar'],Save It (Sale),Small Grocery,7.92 Millions,3.8808 Millions,2069.04,330.83,220.92,val: 274.1566,sao paulo,SP,-23.656277912574293,measure: -46.69147445905709,sao paulo,5p,-23.47623536441803,-46.58210664723873,5.0
mc_ID_8917,"Single Female with four children, education: partial HS working as skilled manual",10K+,"Vegetables from Produce department, Ordered Brand : Tri-State",9.6809,6.7592,recyclable,"['Ready Food', 'Bar For Salad']",,SUPERMARKE7,7.5 Millions,2.55 Millions,2447.53,470.27,312.86,402.7623,SAO PAULO,$P,-23.5300706924808,-46.56414335887811,sao paulo,SP,-23.65111484251016,-46.75521082321932,1.0
mc_ID_8918,"Married Male with No children, education: partial high school working as skilled manual",,"Snack Foods from Snack Foods department, Ordered Brand : Best Choice",12.6608,val: 9.7536,non recyclable,,Weekend Discount,SUPERMARKET,2.46Ms,1.23 Millions,1508,227.8,153.53,735.1811,Salvador,BA,-12.973746698857436,data: -38.43905887177561,niter0i ,Rj,val: -22.939452538175548,-43.04198995476519,5.0
mc_ID_8919,"Single Male with two children, education: bachelors degree working as professional",90K+ annually,"Hygiene from Health and Hygiene department, Ordered Brand : Steady",12.2538,10.8002,non recyclable,"['Bar For Salad', 'Coffee Bar', 'Ready Food', 'Video Store', 'Florist']",Shelf Clearing Days,,2.68 Millions,1.2864 Millions,1871.16,593.93,395.95,516.7763,Belo Horizon7E,MG,-19.921360484044065,-43.93920564986445,porto aIegre,R5,measure: -30.00731246906908,-51.19422244408211,3.0
mc_ID_8920,Married Male with one child - education: high school degree working as skilled manual,50K+,"Starchy Foods from Starchy Foods department, Ordered Brand : Shady Lake",27.6183,24.7111,recyclable,"['Ready Food', 'Florist', 'Coffee Bar', 'Bar For Salad']",Two Day Sale,GOURMET,5.34 Millions,2.3496 Millions,1563.02,385.45,256.97,486.9653,belo horizonte,MG,-19.959420896159056,val: -43.99403431465482,kascavel,Pr,-24.931724573143217,-53.44772739330013,measure: 5.0
,"Single Female with three children, education: partial high school working as manual",10K+ annually,"Canned Soup from Canned Foods department, Ordered Brand : Pleasant",24.57 kg,21.5132,recyclable,"['Florist', 'Ready Food', 'Bar For Salad', 'Coffee Bar']",Tip Top Savings,Deluxe,€3.6M,1.6302 Millions,2056.87,656.13,Not Specified,745.6934,barra mansa,RJ,-22.529842003911803,-44.1884923751778,ibitimga,$P,-21.7664768468313,-48.83154737836604,5.0
mc_ID_8923,"Married Female with four children, education: high school degree working as skilled manual",30K+,"Canned Soup from Canned Foods department, Ordered Brand : Just Right",24.275,21.3678,non recyclable,['Coffee Bar'],Dimes Off,SUPERMARKET,3.98 Millions,1.194 Millions,1235.39,442.92,293.95,688.1634,rio de janeiro,RJ,-22.91880981294356,amount: -43.26535370468581,SaO pauLO,SP,-23.63058688480546,-46.61784924409308,5.0
mc_ID_8925,"married male w/ four childern, education: bachelors degree working as professional",70K+,"Vegetables from Produce department, Ordered Brand : Hermanos",21.2225,19.7689,recyclable,"['Coffee Bar', 'Florist', 'Bar For Salad', 'Video Store', 'Ready Food']",Discount Frenzy,Gourmet,$3.93 Millions,1.3362 Millions,1423.97,,,555.2168,sao paulo,SP,-23.497761456575603,-46.70486136663973,maringa,PR,-23.41848622413047,-51.92625934548862,3.0
mc_ID_8926,Single Male with four kids; education: graduate degree working as professional,90K or more,"Pure Juice Beverages from Beverages department, Ordered Brand : Fabulous",8.7216,5.8144,recyclable,"['Ready Food', 'Florist', 'Video Store', 'Bar For Salad', 'Coffee Bar']",Two Day Sale, Deluxe ,11.4 Millions,3.876 Millions,1874.01,593.93,396.69,402.0824,osasco,5P ,amount: -23.5318644676841,-46.81364441909517,SAU PAULO,SP,-23.554079433810344,-46.53324185942636,4.0
mc_ID_8927,Maried Male with three children; education: high school degree working as manual,30K+,"Pizza from Frozen Foods department, Ordered Brand : Imagine",-10.0007,7.0935,recyclable,"['Bar For Salad', 'Florist', 'Video Store', 'Ready Food', 'Coffee Bar']",I Cant Believe It Sale,,"4.65 ,000,000illions",1.767 Millions,1525.28,373.1,249.96,amount: 535.9181,niteroi,RJ,-22.91127038161472,-43.10515133611283,jacarei,SP,-23.29818595956356,-45.974828011182304,4.0
mc_ID_8928,"Married Female with two kids, education: HS degree working as manual",30K+,"Specialty from Carousel department, Ordered Brand : Prelude",31.2522,28.3451,recyclable,"['Bar For Salad', 'Coffee Bar', 'Ready Food', 'Video Store', 'Florist']",Green Light Special,Deluxe,$4.6 Millions,1.702 Millions,1526.15,,,507.9899,petrolina,PA,-9.377889517889177,data: -40.49594016180967,_joinville,Sc,-26.28314924562872,-48.85128463059032,4.0
mc_ID_8930,"Married Female with five children, education: bachelors degree working as professional",70K+,"Snack Foods from Snack Foods department, Ordered Brand : Fort West",20.0596,18.606,recyclable,['Coffee Bar'],Weekend Discount,Small Grocery,€1.6M,0.589 Millions,1423.37,398.93,265.98,278.3929,sinop,Mt,-11.864949785942324,-55.52161626069418,rio de janeiro,RJ,-23.01133469499096,val: -43.45025641534424,5.0
mc_ID_8931,"Marrie Female with four children, education: partial high school working as skilled manual",10000,"Beer and Wine from Alcoholic Beverages department, Ordered Brand : Top Measure",10.7275,6.3667,non recyclable,,Best Price Savers,Supermarket,6.93 Millions,2.9106 Millions,,227.8,151.9,650.4028,porto alegre,rs,-30.02933889702238,-51.21207766403137,vicente de carvalho,SP,-23.939318620030072,-46.30539278864907,Rating: 4.0
mc_ID_8933,"Single Female with one child, education: bachelors degree working as professional",50K+,"Pain Relievers from Health and Hygiene department, Ordered Brand : Faux Products",-18.1699,val: 15.2627,non recyclable,"['Video Store', 'Florist', 'Ready Food', 'Bar For Salad', 'Coffee Bar']",Sales Days,Deluxe,"7.96 ,000,000illions",2.786 Millions,1871.16,593.93,395.95,608.772,ApuCArAna,pR,-23.52688188513449,amount: -51.450321967080505,sao jose do rio preto,SP,-20.80243626346376,data: -49.39562406741489,5.0
mc_ID_8934,"Married Male with three kids, education: partial high school working as manual",$10K+,"Fruit from Produce department, Ordered Brand : High Top",17.1524,-1.0,non recyclable,"['Ready Food', 'Video Store', 'Coffee Bar', 'Bar For Salad', 'Florist']",Two Day Sale,Gourmet,€2.5M,1.0132 Millions,1424.85,465.54,310.5,783.1925,blumen@u,Sk,-26.917704,-49.134561291015,sao paulo,SP,-23.65111484251016,-46.75521082321932,5.0
mc_ID_8935,"Married Male with one kid, education: HS degree working as skilled manual",30000,"Electrical from Household department, Ordered Brand : High Quality",14.6813,10.3205,recyclable,"['Coffee Bar', 'Ready Food', 'Bar For Salad', 'Florist', 'Video Store']",Money Savers,DELUxe,5.48 Millions,1.644 Millions,1527.66,373.1,248.79,560.656,rIo De jAneiRo,RJ,-22.96070967499565,data: -43.213958465173945,sao paulo,SP,-23.56168119891244,-46.50627110555333,4.0
mc_ID_8936,"Single Male with No children, education: partial college working as professional",€110K+,"Bread from Baked Goods department, Ordered Brand : Sphinx",measure: 26.31,23.4028,non recyclable,,Save Price, Supermarket ,$3.81 Millions,1.7907 Millions,1508.84,227.8,151.9,325.6721,mag3,RJ,-22.66646668441372,measure: -43.12945236438105,birigui,Sp,-21.301705697260985,data: -50.33198634467411,5.0
mc_ID_8937,"SINGLE FEMALE WITH TWO CHILDREN, EDUCATION: BACHELORS DEGREE WORKING AS PROFESSIONAL",50K+,"Vegetables from Produce department, Ordered Brand : Ebony",11.7741,8.8669,recyclable,,,,7.8 Millions,3.198 Millions,,341.05,227.33,586.7537,rio de janeiro,	RJ,-22.867576228980287,-43.3308889694731,curitiba,PR,-25.549428006116845,-49.32449259824576,1.0
mc_ID_8938,"Single Male with one child, education: partial college working as manual",50k,"Kitchen Products from Household department, Ordered Brand : Cormorant",30.9615,27.909,recyclable,['Coffee Bar'],,SMALl GROcerY,5.44 Millions,1.632 Millions,1423.37,398.93,265.98,363.0666,francIsco mOrATo,5P,-23.28465952226413,amount: -46.74530930552704,ribeirao preto,SP,-21.116471333054424,amount: -47.79073400291418,5.0
mc_ID_8940,"Married Female with two children, education: bachelors degree working as professional",50K+,"Pizza from Frozen Foods department, Ordered Brand : Imagine",15.9895,-0.1,non recyclable,"['Bar For Salad', 'Florist', 'Ready Food', 'Coffee Bar', 'Video Store']",Shelf Clearing Days,Deluxe,6.92 Millions,2.422 Millions,1871.16,593.93,397.65,516.7763,curitiba,PR,-25.49503825145709,-49.29960146295223,Sao Paulo,	sP,-23.54507217346644,-46.68438057799065,5.0
mc_ID_8941,"Married Male with two children, education: high school degree working as skilled manual",30K+,"Meat from Meat department, Ordered Brand : Gerolli",20.0596,17.1524,recyclable,"['Ready Food', 'Video Store', 'Florist', 'Coffee Bar', 'Bar For Salad']",Big Time Saving,DeLuxE,€8.6M,4.6644 Millions,1868.88,593.93,396.98,676.6574,iacanga,Sp,-21.89516953433172,-49.02618296668362,i7atiba,	sp,-22.99567770323237,-46.857106243157794,2.0
mc_ID_8942,"Married Male with two children, education: high school degree working as manual",$30K+,"Fruit from Canned Products department, Ordered Brand : Big City",25.874,-24.275,recyclable,"['Ready Food', 'Bar For Salad']",Money Savers,Supermarket,"4.68 ,000,000illions",1.872 Millions,2265.9,853.22,570.54,432.0503,valparaiso de goias, go ,amount: -16.056101999999946,-48.00435199999996,limeira,5p,-22.599254430886607,-47.37980963550319,3.0
mc_ID_8943,"Married Male with two children, education: partial high school working as manual",30K+,"Hot Beverages from Beverages department, Ordered Brand : Super",27.4729,24.4204,non recyclable,,Saving Days,	Supermarket,"5.72 ,000,000illions",1.8876 Millions,1508,227.8,150.18,619.0228,santana de parnaiba,Sp,-23.450970467943904,-46.92624839578164,atibaia,SP,measure: -23.112774381969185,-46.5488845105504,3.0
mc_ID_8944,"Married Male with five children, education: bachelors degree working as professional",50K+,"Hot Beverages from Beverages department, Ordered Brand : BBB Best",21.0771,16.7163,recyclable,"['Bar For Salad', 'Florist', 'Ready Food', 'Coffee Bar', 'Video Store']",Price Cutters,De1uxe,10.52 Millions,3.5768 Millions,1525.28,373.1,248.79,642.0871,Guaruihos, SP,-23.44634995836461,-46.54365549347912,santo andre,SP,-23.665703457960586,amount: -46.51808196779969,5.0
mc_ID_8945,"Married Male with one child, education: bachelors degree working as professional",30000,"Eggs from Eggs department, Ordered Brand : Blue Medal",18.0246,14.972,non recyclable,"['Bar For Salad', 'Video Store', 'Coffee Bar', 'Florist', 'Ready Food']",Bag Stuffer,Deluxe,3.96Ms,1.2276 Millions,1734.5,503.07,335.38,measure: 662.2226,PReSiDENte DutRA ,MA,-5.288118655826027,-44.49006344486956,sao paulo,SP,-23.51836389286744,amount: -46.61420872522939,1.0
mc_ID_8946,"Married Male with one child, education: high school degree working as skilled manual",30K+,"Breakfast Foods from Frozen Foods department, Ordered Brand : PigTail",25.5832,24.1296,recyclable,['Florist'],Roller Savings (High) ,SUPERMARKET,6.72 Millions,2.6208 Millions,1320.15,523.32,347.29,532.6232,pauli$ta,PE,-7.953718163804715,-34.896428383259234,cascavel,PR,-24.961400882504734,amount: -53.45816618100577,3.0
mc_ID_8950,"Single Female with four children, education: partial high school working as management",90K+,"Vegetables from Frozen Foods department, Ordered Brand : Imagine",44.22 lbs,15.6988,recyclable,['Coffee Bar'],Sale : Double Down,Small Grocery,"5.78 ,000,000illions",2.4854 Millions,2069.04,330.83,220.55,678.0172,sao 	luis,MA,-2.510120869928807,-44.25121688601078,CUritIba,PR ,-25.41810890007532,-49.2549331354036,1.0
mc_ID_8951,"Single Male with No kids, education: bachelor'ss degree working as management",840+ monthly,"Drinks from Beverages department, Ordered Brand : Excellent",10.3496,7.4279,non recyclable,"['Video Store', 'Florist', 'Coffee Bar', 'Ready Food', 'Bar For Salad']",Bag Stuffer,Deluxe,5.7Ms,2.109 Millions,,503.07,336.37,662.2226,saopaulo,Sp,val: -23.485064826913263,-46.58236126674555,Belo Horizonte,MG,-19.809042328611024,-43.99006964195861,5.0
mc_ID_8952,"Single  Male  with  two  children,  education:  high  school  degree  working  as  skilled  manual",30K+,"Vegetables from Produce department, Ordered Brand : Tell Tale",24.8564,amount: 21.9493,recyclable,"['Video Store', 'Florist', 'Bar For Salad', 'Ready Food', 'Coffee Bar']",Dimes Off,DELUXE,"4.35 ,000,000illions",2.175 Millions,2038.62,481.98,321.26,550.6144,m1rai,MG,-21.197331180478315,-42.61455900609047,sao paulo,SP,-23.555682314184303,-46.63309991286275,amount: 5.0
mc_ID_8953,"Single Male with one child, education: high school degree working as skilled manual",30K+,"Breakfast Foods from Frozen Foods department, Ordered Brand : Imagine",22.24,measure: 19.3328,recyclable,['Florist'],Sale Winners,suPERMaRKet,3.57Ms,1.4994 Millions,1320.15,523.32,348.23,770.6405,rio de janeiro,	RJ,-22.97891413015762,-43.19043519525077,piracicaba,SP,-22.71683928585045,-47.65736585405934,5.0
mc_ID_8954,"Married Male with three children, education: bachelors degree working as professional, Married Male with three children",70K+,"Vegetables from Frozen Foods department, Ordered Brand : Big Time",-19.1874,16.1349,recyclable,"['Ready Food', 'Coffee Bar', 'Florist', 'Video Store', 'Bar For Salad']",Promo Big,"deLuxe
",9.48 Millions,4.74 Millions,1871.16,593.93,395.41,val: 578.2288,Jardinopolis,SP,-21.02656251444009,-47.78329414537015,sao bernardo do campo,SP,-23.71933860892157,data: -46.5517479343586,measure: 5.0
mc_ID_8955,"Married Female with five children, education: partial high school working as manual",10K+,"Pure Juice Beverages from Beverages department, Ordered Brand : Excellent",13.9254,11.0037,non recyclable,"['Ready Food', 'Florist', 'Coffee Bar', 'Bar For Salad']",,Deluxe,4.8 Millions,1.44 Millions,2055.29,654.13,436.09,500.7202,sao paulo,Sp,-23.71992046378896,-46.693208556754605,mar1nga,PR,measure: -23.377396999935016,-51.93100618003307,5.0
mc_ID_8956,"Single Female with five children, education: partial high school working as manual",10K+,"Beer and Wine from Alcoholic Beverages department, Ordered Brand : Portsmouth",16.2802,13.3585,recyclable,,Mystery Sale,,€7.2M,4.08 Millions,1623.48,341.05,227.07,718.9681,guaiuba,Ca,-4.041626306431128,-38.637472387409765,franca,SP,-20.54822779974972,-47.395897060007975,5.0
mc_ID_8957,"Married Male with two children, education: bachelors degree working as professional",€42K+,"Decongestants from Health and Hygiene department, Ordered Brand : Consolidated",13.3585,8.9832,recyclable,"['Video Store', 'Ready Food', 'Florist', 'Bar For Salad', 'Coffee Bar']",,Deluxe,4.4 Millions,1.848 Millions,1525.28,375.1,248.79,278.2883,sao paulo,SP,-23.471529674158933,-46.65667759325408,missing,SP,-23.277113936724533,-47.27658838802001,5.0
mc_ID_8958,"Single Male with four children, education: high school degree working as manual",30K+,"Electrical from Household department, Ordered Brand : High Quality",30.9615,27.909,non recyclable,,,supermarket,"8.84 ,000,000illions",4.0664 Millions,1508,227.8,,measure: 351.456,sau paulo,SP,measure: -23.591966039961942,-46.63789362337693,Sao Jose Dos Campos,SP,-23.221431461827063,-45.888163895493165,data: 5.0
mc_ID_8959,"Single Female with one child, education: bachelors degree working as professional",50K+,"Vegetables from Produce department, Ordered Brand : Tell Tale",13.2132,-8.8524,non recyclable,"['Ready Food', 'Coffee Bar', 'Florist', 'Bar For Salad', 'Video Store']",Shelf Clearing Days,Deluxe,$7.8 Millions,3.198 Millions,1871.16,593.93,397.16,516.7763,BOM 	REPOUSO,MG,-22.469555435520803,data: -46.147499622809576,ibitinga,SP,-21.7664768468313,-48.83154737836604,measure: 5.0
mc_ID_8965,"education: high school degree working as skilled manual, Married Male with three children",€25K+,"Meat from Frozen Foods department, Ordered Brand : Carrington",14.4196,12.966,recyclable,"['Bar For Salad', 'Florist', 'Ready Food', 'Video Store', 'Coffee Bar']",Big Time Discounts,Deluxa,€3.2M,1.7112 Millions,1734.17,,335.4,583.1973,volta redonda,RJ_,measure: -22.4993604343586,data: -44.10694753358529,BURITAMA,SP ,-21.069170059436985,-50.14388889015095,4.0
mc_ID_8966,"Single Female with two children, education: partial high school working as manual",10K+,"Baking Goods from Baking Goods department, Ordered Brand : Landslide",21.9493,19.0421,recyclable,"['Bar For Salad', 'Video Store', 'Ready Food', 'Coffee Bar', 'Florist']",Pick Your Savings,,2.46Ms,0.9102 Millions,1424.85,465.54,310.3,351.7175,caruaru,Pa,-8.28465051618529,-35.96975637467875,sao paulo,Sp,-23.57282057729816,-46.52329640383172,4.0
mc_ID_8967,"Married Female with four children, education: high school degree working as manual",30000,"Paper Products from Household department, Ordered Brand : Red Wing",19.4781,-16.4256,recyclable,"['Coffee Bar', 'Ready Food', 'Florist', 'Video Store', 'Bar For Salad']",One Day Sale,Gourmet,5.34 Millions,2.5098 Millions,1424.85,465.54,,449.1524,florianopolis,SC,-27.58657286234056,-48.578813680679794,ibi7inga,sp,-21.7664768468313,-48.83154737836604,measure: 4.0
mc_ID_8969,"Single Female with one child , education: high school degree working as manual",€25K+,"Hardware from Household department, Ordered Brand : Cormorant",13.9981,data: 12.5445,recyclable,"['Florist', 'Coffee Bar', 'Bar For Salad', 'Ready Food']",Two for One,Deluxe,€5.8M,2.5992 Millions,2055.29,654.13,436.09,312.9109,altamira,PA,-3.2056389790715394,-52.208863809676046,umuarama,Pr,-23.757178599774967,-53.29107393545511,5.0
mc_ID_8970,"Married Female with three children, education: partial high school working as manual",10K+,"Baking Goods from Baking Goods department, Ordered Brand : Landslide",28.0543,-0.1,recyclable,,Super Wallet Savers, Supermarket,$8.4 Millions,3.612 Millions,1508,227.8,151.9,733.1937,Dracena,Sp,Not Available,-51.53786099999999,formig4,MG,-20.474084262411907,-45.424321458052006,5.0
mc_ID_8974,"Married Male with No children, education: bachelors degree working as professional",840+ monthly,"Vegetables from Frozen Foods department, Ordered Brand : Golden",-21.2225,-16.8617,recyclable,"['Florist', 'Bar For Salad', 'Coffee Bar', 'Ready Food']",Dollar Days,Deluxe,5.92 Millions,2.1312 Millions,2055.29,654.13,434.74,725.9763,SaoBernardoDoCampo,SP,-23.71128768249748,-46.5875374675112,curit1ba,PR ,-25.46921399278664,-49.29393514695028,5.0
mc_ID_8978,"Married Male with one child, education: High School degree working as skilled manual",50k,"Snack Foods from Snack Foods department, Ordered Brand : Fast",15.2627,13.8091,recyclable,"['Florist', 'Ready Food', 'Coffee Bar', 'Bar For Salad']",Price Destroyers,,5.04 Millions,1.6632 Millions,1564.86,385.45,256.97,343.5064,rio çlaro,sp,measure: -22.402133192076768,-47.56233402025511,maua,sp,-23.656676689970634,-46.44420755410021,4.0
mc_ID_8979,"Single Male with four children, education: high school degree working as skilled manual",50K+,"Snack Foods from Snack Foods department, Ordered Brand : Best Choice",18.8967,14.5359,non recyclable,"['Coffee Bar', 'Ready Food', 'Florist', 'Bar For Salad']",,GOURmet,7.12 Millions,2.6344 Millions,To Be Determined,385.45,258,470.177,VOLTA REDONDA,Rj,-22.530234999999948,-44.116741660999935,araguari,_MG,data: -18.65223568071188,-48.19343213192182,5.0
mc_ID_8980,"mARRIED mALE WITH TWO CHILDREN, EDUCATION: HIGH SCHOOL DEGREE WORKING AS SKILLED MANUAL",30K+,"Dairy from Dairy department, Ordered Brand : Club",9.1722,data: 4.7969,recyclable,,,,3.76 Millions,1.7296 Millions,1508.44,227.8,153.34,272.2738,salgueiro, Pe,-8.058475340149235,val: -39.12500632992536,FORMOSA DO OESTE,PR,-24.295075877846465,amount: -53.31189564832585,5.0
mc_ID_8981,Single Female with four children / education: bachelors degree working as professional,€59K+,"Paper Products from Household department, Ordered Brand : Denny",12.9951,-10.0734,recyclable,"['Ready Food', 'Bar For Salad', 'Video Store', 'Florist', 'Coffee Bar']",Bag Stuffer,,$15.8 Millions,7.584 Millions,1734.5,503.07,334.43,662.2226,porangatu,GO,-13.455341522938244,,"sao paulo
",SP,measure: -23.53877907744238,val: -46.53648566833056,amount: 5.0
mc_ID_8982,"Single Female with five children, education: bachelors degree working as professional",70K+,"Hygiene from Health and Hygiene department, Ordered Brand : Steady",16.7163,-15.2627,non recyclable,,Price Cutters,Mid-Size,2.4 Millions,0.84 Millions,2085.67,,522.49,324.7307,sao paulo,sp,-23.486717629753585,-46.63536318304573,sao paulo,SP,amount: -23.55156260866176,-46.64021297307979,5.0
mc_ID_8983,"Married Female with two children, education: partial high school working as manual",10K+,"Vegetables from Produce department, Ordered Brand : Tri-State",339.95 oz,8.1837,recyclable,"['Bar For Salad', 'Ready Food']",Super Savers,Supermarket,1.62 Millions,0.7938 Millions,2448.37,470.27,313.55,754.7413,lago@ santa,MG,-19.5921849600698,-43.90098205233704,iTAtiBa,SP,-23.005474434298936,data: -46.84112811740003,5.0
mc_ID_8984,"Married Male with No children, education: partial high school working as skilled manual",10000,"Electrical from Household department, Ordered Brand : Red Wing",22.9668,-21.5132,non recyclable,"['Video Store', 'Coffee Bar', 'Bar For Salad', 'Florist', 'Ready Food']",Price Slashers,Deluxe,3.08 Millions,1.3552 Millions,1734.5,503.07,Not Specified,282.9953,lage5,SC ,-27.80830141993188,measure: -50.31892758549245,GUARULHOS,SP,-23.496488565250488,-46.54671310832206,4.0
mc_ID_8988,"Married Female with four children, education: partial high school working as skilled manual",10K+,"Dairy from Dairy department, Ordered Brand : Carlson",28.1997,25.1472,non recyclable,"['Ready Food', 'Bar For Salad']",Super Savers,Supermarket ,9.2 Millions,4.508 Millions,2448.37,472.27,313.55,719.3865,recreio,MG,measure: -21.52500922566178,-42.47331992756999,Montenegro,rS,-29.67034898140752,-51.46146829327502,4.0
mc_ID_8990,Single Female with one child ; education: partial high school working as manual,30K+,"Eggs from Eggs department, Ordered Brand : Giant",27.3275,24.275,non recyclable,"['Ready Food', 'Video Store', 'Coffee Bar', 'Florist', 'Bar For Salad']",Two for One,Deluxe,11.52 Millions,5.2992 Millions,2038.11,481.98,320.79,358.9349,Jand1Ra,SP,val: -23.53266349887183,-46.89603986384248,,SP,-23.540699932021333,-47.45842622799934,5.0
mc_ID_8992,SiNgLe mAlE WiTh fOuR ChIlDrEn ; eDuCaTiOn: BaChElOrS DeGrEe wOrKiNg aS PrOfEsSiOnAl,50K+,"Cleaning Supplies from Household department, Ordered Brand : Denny",29.5079,26.46 kg,recyclable,,Weekend Discount,Supermarket,2.04 Millions,0.6528 Millions,1508,227.8,152.5,614.002,limeira,$P,-22.541719708891844,-47.427681190013296,guarulhos,$P,-23.464392221253405,-46.54273714209829,5.0
mc_ID_8996,"MARRIED FEMALE WITH TWO CHILDREN, EDUCATION: HIGH SCHOOL DEGREE WORKING AS SKILLED MANUAL, MARRIED FEMALE WITH TWO CHILDREN",10K+,"Bathroom Products from Household department, Ordered Brand : High Quality",31.543,27.1822,recyclable,"['Video Store', 'Bar For Salad', 'Ready Food', 'Florist', 'Coffee Bar']",Shelf Clearing Days,De1uxe,5.56 Millions,1.7792 Millions,1871.16,593.93,395.95,516.7763,elias fausto,sp,-23.045485430713946,-47.37933912085125,_ltu,Sp,-23.26608248211083,-47.31279244463039,5.0
mc_ID_8997,"Married Female with three children, education: high school degree working as professional",130K+,"Specialty from Produce department, Ordered Brand : Tri-State",25.4379,22.5307,recyclable,"['Coffee Bar', 'Ready Food', 'Florist', 'Video Store', 'Bar For Salad']",Save Price,D3luxe,6.16 Millions,2.5256 Millions,,503.07,335.57,419.9167,saopaulo,SP,-23.604641391626693,measure: -46.67157071328416,Varzea Paulista,Sp,-23.2256361212416,data: -46.8352505773309,5.0
mc_ID_8998,"Married Male with three children, education: partial High School working as skilled manual",10 Thousand,"Beer and Wine from Alcoholic Beverages department, Ordered Brand : Pearl",28.9265,-25.874,non recyclable,,Price Winners,,"5.76 ,000,000illions",2.1888 Millions,,343.05,228.82,543.397,alto sao joao,PR,,,	santo andre,SP,measure: -23.665703457960586,val: -46.51808196779969,5.0
mc_ID_8999,"Single Male with four children, education: high school degree working as skilled manual",30K+,"Hardware from Checkout department, Ordered Brand : Black Tie",15.4081,12.5009,non recyclable,"['Florist', 'Bar For Salad', 'Video Store', 'Ready Food', 'Coffee Bar']",Big Time Saving,_Deluxe,$3.35 Millions,1.608 Millions,1871.16,593.93,395.28,676.6574,ferraz de vesconcelos,SP,-23.517399656673792,-46.37005904079865,atibaia,SP,data: -23.112774381969185,-46.5488845105504,1.0
mc_ID_9002,"Single Male with one child, education: bachelors degree working as professional",70K+,"Pizza from Frozen Foods department, Ordered Brand : Carrington",27.909,-0.1,recyclable,['Coffee Bar'],Weekend Discount,Supermarket,10.35 Millions,3.933 Millions,1238.35,440.92,293.95,measure: 364.1649,sao carlos,Sp,-22.016967296150906,-47.85171546211552,saopaulu,SP,-23.55487039661836,-46.5943762934965,1.0
mc_ID_9003,"Single Female with one child, education: high school degree working as manual",30K or more,"Bathroom Products from Health and Hygiene department, Ordered Brand : Bird Call",26.1647,21.8039,non recyclable,"['Coffee Bar', 'Ready Food', 'Bar For Salad', 'Florist', 'Video Store']",Pick Your Savings,Deluxe,2.28 Millions,0.9576 Millions,1871.16,593.93,395.95,295.4427,chapadao do 5ul,MS,-18.78425084993371,data: -52.62260112601662, maringa ,PR,-23.437975269077903,-51.91385959802448,amount: 5.0
mc_ID_9008,"Married Female with two children, education: partial college working as professional",150K+,"Beer and Wine from Alcoholic Beverages department, Ordered Brand : Top Measure",17.1524,14.2452,recyclable,['Florist'],Save It (Sale),Supermarket,3.3 Millions,1.617 Millions,1320.15,523.32,,measure: 427.7617,mogi 	das 	cruzes,SP,-23.556059201998668,-46.21027582088427,sao jose,SC,-27.562633674958704,-48.63782800645296,amount: 5.0
mc_ID_9009,"Married Male with four children, education: partial high school working as professional",130K+,"Vegetables from Frozen Foods department, Ordered Brand : Carrington",9.9862,8.5181,non recyclable,"['Ready Food', 'Coffee Bar', 'Video Store', 'Bar For Salad', 'Florist']",Money Savers,delUXe,2.76 Millions,0.9108 Millions,,593.93,395.95,amount: 343.611,PIRES DO RIO,GO,-17.30639780134968,amount: -48.27815633336062,piracicaba,SP,-22.71683928585045,-47.65736585405934,3.0
mc_ID_9013,"Single Female with three children, education: high school degree working as manual",30K+,"Fruit from Produce department, Ordered Brand : Hermanos",23.9843,21.0771,non recyclable,"['Video Store', 'Florist', 'Ready Food', 'Bar For Salad', 'Coffee Bar']",Price Winners,_Deluxe,8.88 Millions,3.9072 Millions,1872.35,593.93,395.95,436.9665,mariano moro,RS,?,-52.14572630975749,porto alegre,Rs,val: -30.00731246906908,-51.19422244408211,4.0
mc_ID_9014,"Married_Male_with_four_kids,_education:_partial_HS_working_as_professional",130K+,"Vegetables from Produce department, Ordered Brand : Tri-State",-17.4431,amount: 14.5359,recyclable,"['Ready Food', 'Video Store', 'Florist', 'Bar For Salad', 'Coffee Bar']",,Deluxe,14.56 Millions,7.28 Millions,,593.93,395.95,484.1411,Sao Paulo,5p,-23.51489022861713,-46.47171934292568,Çuritiba,PR,-25.43585833749783,-49.22158276824976,amount: 3.0
mc_ID_9016,"Married Male with three children, education: high school degree working as manual",30K+,"Side Dishes from Deli department, Ordered Brand : Moms",24.5657,20.0596,recyclable,"['Video Store', 'Florist', 'Ready Food', 'Coffee Bar', 'Bar For Salad']",One Day Sale,,4.46 Millions,1.6502 Millions,2038.11,481.98,321.02,$767.35,reSPlEndOR,MG,-19.17685879412161,measure: -41.26254261176845,santa barbara d'oeste,Sp,-22.75967282783305,-47.364736674563375,2.0
mc_ID_9018,"Single Male with one child, education: partial high school working as skilled manual",10K+,"Vegetables from Frozen Foods department, Ordered Brand : PigTail",14.4487,11.527,non recyclable,"['Bar For Salad', 'Ready Food']",Budget Bargains,SUPERMARKET,$2.43 Millions,1.0206 Millions,,,568.75,346.1214,	Itumbiara,_GO,-18.415682798437945,-49.21557393476521,poa,SP,-23.522975748542905,-46.33702048557326,5.0
mc_ID_9019,"Single Female with two children, education: partial High School working as skilled manual",30K+,"Breakfast Foods from Breakfast Foods department, Ordered Brand : Jeffers",12.937,-10.0153,recyclable,"['Florist', 'Ready Food', 'Coffee Bar', 'Bar For Salad']",,,4.62 Millions,2.2176 Millions,2055.29,656.13,436.09,728.9051, it@piuna,CE,-4.559058445297912,-38.91493703518787,santo andre,Sp,-23.665703457960586,-46.51808196779969,5.0
mc_ID_9020,"Single Female with one child, education: high school degree working as skilled manual",30K+,"Snack Foods from Snack Foods department, Ordered Brand : Horatio",26.8915,23.9843,recyclable,"['Ready Food', 'Florist', 'Bar For Salad', 'Coffee Bar']",,,15.28 Millions,4.8896 Millions,2055.29,,436.93,500.7202,porto alegre,RS,data: -30.04888496808813,-51.196545051358896,sao pau1o,$P,-23.65111484251016,-46.75521082321932,amount: 5.0
mc_ID_9023,"Married Female with four children, education: partial high school working as skilled manual",10K+,"Hot Beverages from Beverages department, Ordered Brand : BBB Best",23.5482,20.641,non recyclable,"['Florist', 'Ready Food', 'Coffee Bar', 'Bar For Salad', 'Video Store']",,"Deluxe
",2.88 Millions,0.8928 Millions,1734.5,503.07,335.38,290.7357,sao paulo,SP,-23.536185192336568,-46.67656522468111,sao paulo,5P,-23.646246311207523,-46.66349868836885,5.0
mc_ID_9024,"Single Female with three children, education: bachelors degree working as professional",50K+,"Breakfast Foods from Breakfast Foods department, Ordered Brand : Best",12.8934,9.9716,recyclable,['Coffee Bar'],Savings Galore,Superm4rket,9.88 Millions,4.2484 Millions,1236.07,440.92,,724.5119,campo grande,MS,-20.513026655837063,-54.61051356425641,sao paulo,Sp,-23.48029674271453,-46.71122495337295,5.0
mc_ID_9025,"Married Male with five children, education: high school degree working as manual",Income: 30K+,"Baking Goods from Baking Goods department, Ordered Brand : Super",15.4081,12.5009,non recyclable,,One Day Sale,Supermarket,4.8 Millions,2.304 Millions,1508,227.8,151.9,613.4267,embu das artes,SP,-23.678719438253747,-46.85362107799065,porto alegre,_RS,-30.00731246906908,amount: -51.19422244408211,5.0
mc_ID_9026,"Married Male with two children, education: partial college working as skilled manual",50K+ annually,"Meat from Deli department, Ordered Brand : Cutting Edge",31.8337,28.7811,recyclable,"['Ready Food', 'Bar For Salad']",Big Time Discounts,Supermarket,3.52 Millions,1.3024 Millions,2448.37,470.27,312.61,data: 501.9754,carnaubais,RN,-5.337916975862425,-36.83541050152537,nova friburgo ,RJ,-22.275728018449303,-42.534192608244,5.0
mc_ID_9027,"Single Male with four children, education: partial high school working as professional",110K+,"Pizza from Frozen Foods department, Ordered Brand : Big Time",22.5307,18.1699,recyclable,"['Video Store', 'Ready Food', 'Florist', 'Coffee Bar', 'Bar For Salad']",,gourmet,1.6 Millions,0.592 Millions,1424.85,,311.16,measure: 783.1925,barra mansa,RJ,,-44.20304134266612,praia grande,SP,val: -24.011288218359883,-46.41873374429398,5.0
mc_ID_9028,"Married Male with one child, education: partial high school working as skilled manual",10K+,"Hygiene from Health and Hygiene department, Ordered Brand : Hilltop",8983.20 grams,6.0615,recyclable,"['Bar For Salad', 'Ready Food']",Three for One,sUpERmarKET,1.59 Millions,0.6837 Millions,2448.95,470.27,313.55,$656.26,sao paulo,SP,val: -23.59899552233257,-46.68358067332223,sao paulo,SP ,data: -23.67774108964741,-46.66864662392521,5.0
mc_ID_9032,"Single Female with four children, education: high school degree working as management",130K+,"Electrical from Household department, Ordered Brand : Sunset",27.1822,24.275,recyclable,"['Coffee Bar', 'Video Store', 'Ready Food', 'Bar For Salad', 'Florist']",Price Winners,Deluxe,7.59 Millions,3.3396 Millions,2039.93,481.98,321.26,amount: 453.9117,sao leopoldo,rs,-29.738170937387963,measure: -51.13832328205961,RIBEIRAO PRETO,Sp,-21.17121748495008,-47.81941847157649,5.0
mc_ID_9033,"Single Female with one child, education: partial high school working as manual",10K+,"Canned Soup from Canned Foods department, Ordered Brand : Just Right",17.8792,16.4256,recyclable,,Full Free,,1.83 Millions,0.6222 Millions,1508,227.8,151.9,272.2738,goiani@,GO,-16.672306722859993,-49.24261182139876,sao paulo,sp,-23.459346031363605,-46.60929309103239,5.0
mc_ID_9034,"Single Female with two childern, education: partial high school working as skilled manual",10k,"Baking Goods from Baking Goods department, Ordered Brand : Landslide",16.4256,13.5184,non recyclable,"['Ready Food', 'Bar For Salad']",Super Savers,Supermarket,"7.77 ,000,000illions",3.5742 Millions,2448.92,470.27,,754.7413,brasilia,Df,-16.023101479007586,-48.07995398251277,Sao Paulo,SP,-23.49997012461769,-46.42365639286743,5.0
mc_ID_9035,"education: bachelors degree working as professional, Married Female with four children",30K+,"Drinks from Beverages department, Ordered Brand : Token",29.6533,26.6008,recyclable,"['Florist', 'Bar For Salad', 'Coffee Bar', 'Ready Food']",Weekend Discount,_Gourmet,9.84 Millions,3.6408 Millions,,385.45,256.97,measure: 470.177,SAO MIGUEL DO OESTE,"SC
",-26.7286991677439,measure: -53.51449582910278,belo horizonte,mg,-19.840168078827364,-43.92329932223438,8.0/10
mc_ID_9036,"Single Male with two children, education: high school degree working as management",150K+,"Beer and Wine from Alcoholic Beverages department, Ordered Brand : Top Measure",23.9843,measure: 19.6235,recyclable,['Florist'],,,2.1 Millions,0.63 Millions,1320.15,,348.85,532.6232,teresopolis,RJ_,-22.430047012910247,-42.96533733393267,brusqu3,5C,-27.14105704919435,val: -48.96146112936535,amount: 1.0
mc_ID_9038,"Married Male with two children, education: partial high school working as skilled manual",120+ monthly,"Candles from Household department, Ordered Brand : High Quality",-14.3179,11.4107,non recyclable,['Coffee Bar'],Weekend Discount,Supermarket,4.74 Millions,1.8486 Millions,1236.07,440.92,293.95,364.1649,maceio,@L,-9.673522969999963,?,sao paulo,SP,data: -23.584614569248075,-46.60193214931619,data: 5.0
mc_ID_9039,"Married Female with one child, education: partial college working as management",30K or more,"Snack Foods from Snack Foods department, Ordered Brand : Fort West",28.9265,amount: 25.874,recyclable,"['Coffee Bar', 'Florist', 'Ready Food', 'Video Store', 'Bar For Salad']",GLD,deluxe,2.4 Millions,1.032 Millions,1871.16,593.93,395.95,484.1411,sao sebastiao,SP,val: -23.718475166667,-45.43526860421497,Piracicaba,SP,-22.71683928585045,measure: -47.65736585405934,5.0
mc_ID_9040,"sINGLE fEMALE WITH ONE CHILD, EDUCATION: PARTIAL HIGH SCHOOL WORKING AS SKILLED MANUAL",10K+,"Hygiene from Health and Hygiene department, Ordered Brand : Bird Call",20.3503,-15.9895,non recyclable,"['Coffee Bar', 'Florist', 'Ready Food', 'Bar For Salad', 'Video Store']",Bag Stuffer,Daluxe,4.44 Millions,1.3764 Millions,1734.5,503.07,336.17,432.1026, sau jose do rio preto,SP,data: -20.796222017784032,-49.42402036205527,_osasco,sp,-23.552456794881493,-46.78012559033992,5.0
mc_ID_9041,"Married Male with five children, education: partial high school working as skilled manual",10K+,"Paper Products from Household department, Ordered Brand : Sunset",11.6287,10.1752,non recyclable,,Two Day Sale,Supermarket,2.58Ms,1.1352 Millions,1625.72,341.05,227.33,383.2021,MAnauS,Am,measure: -3.0752864999999936,-59.96258325,Sao Paulo,SP,val: -23.555682314184303,data: -46.63309991286275,5.0
mc_ID_9042,"Single Male with two children, education: bachelors degree working as professional",50K+,"Bathroom Products from Health and Hygiene department, Ordered Brand : Faux Products",12.0212,9.114,recyclable,,Best Price Savers,Supermarke7_,5.92 Millions,2.0128 Millions,,227.8,150.01,650.4028,araraquara,SP,-21.80811877629983,-48.17662302746847,ibiting@, SP,-21.7664768468313,-48.83154737836604,5.0
mc_ID_9043,"Married Male with No children, education: partial college working as professional",110K+,"Hot Beverages from Beverages department, Ordered Brand : Plato",###,23.5482,non recyclable,"['Coffee Bar', 'Bar For Salad', 'Ready Food', 'Video Store', 'Florist']",Fantastic Discounts,Gourmat ,1.77Ms,0.885 Millions,1424.85,467.54,308.56,718.9158,fortaleza,CE,amount: -3.767937338882806,-38.553789295169935,sao paulo,5P,measure: -23.51674732944774,-46.54818243075192,5.0
mc_ID_9044,"Single Female with three children, education: graduate degree working as management",90K+,"Vegetables from Frozen Foods department, Ordered Brand : Big Time",val: 19.1874,16.1349,recyclable,['Coffee Bar'],Sale : Double Down,5upermarket,€10.7M,3.9184 Millions,1236.07,440.92,293.95,309.5637,santa maria,RS,-29.691002326389324,data: -53.80623715543304,itaquaquecetuba,SP,amount: -23.48262344063541,-46.37448952833195,5.0
mc_ID_9046,"Married Male with four children, education: bachelors degree working as professional",70K+,"Jams and Jellies from Baking Goods department, Ordered Brand : CDR",22.3853,19.3328,recyclable,"['Ready Food', 'Florist', 'Bar For Salad', 'Coffee Bar']",Tip Top Savings,dELuxE_,3.6 Millions,1.8 Millions,2055.29,654.13,436.79,745.6934,lages,SC,-27.80074660444224,-50.29979761692014,sao ludgero,Sç,-28.327530882623098,val: -49.18050954005345,5.0
mc_ID_9047,"Married Female with two children, education: high school degree working as manual",30K+,"Jams and Jellies from Baking Goods department, Ordered Brand : Landslide",-20.2049,15.6988,recyclable,['Florist'],You Save Days,,3.48 Millions,1.4964 Millions,1320.15,525.32,348.85,689.3663,sao paulo,SP,-23.50521569969416,-46.58945986733221,sao paulo,5P,-23.539494799586286,-46.63284391414975,4.0
mc_ID_9049,"Single Female with one child, education: partial high school working as manual",10K+,"Dairy from Dairy department, Ordered Brand : Club",22.53 kg,19.6235,non recyclable,"['Video Store', 'Coffee Bar', 'Florist', 'Bar For Salad', 'Ready Food']",Lottery Cash Registerion,Deluxe,4.62 Millions,2.1252 Millions,1732.94,505.07,335.34,313.0678,aracaju,_SE,-10.969607999999935,-37.08590958499997,sAO pAuIO,	sp,-23.62358155176294,-46.61056007369148,5.0
mc_ID_9051,"Single Male with one child, education: high school degree working as skilled manual",Income: 30K+,"Decongestants from Health and Hygiene department, Ordered Brand : Steady",28.3451,data: 23.9843,recyclable,['Coffee Bar'],Two Day Sale,Supermarket,7.72Ms,3.6284 Millions,1236.07,440.92,292.06,477.3944,Ribeirao Preto,SP,-21.17121748495008,-47.81941847157649,Rio De J4Neiro,RJ,-22.93125598447676,-43.17881321481337,4.0
mc_ID_9053,"Married Female with five children, education: partial High School working as skilled manual",10K or more,"Fruit from Produce department, Ordered Brand : Hermanos",31397.60 grams,27.0368,recyclable,['Coffee Bar'],Promo Big,Small Grocery_,8.7 Millions,3.132 Millions,2069.04,330.83,,406.371,rio de janeiro,rj,-22.96700369193254,-43.18314576657629,rio de janeiro,rj,-22.920104850395337,-43.22138202997862,amount: 4.0
mc_ID_9055,"Single Male with five children, education: bachelors degree working as professional",€59K+,"Paper Products from Household department, Ordered Brand : Denny",25.5832,24.1296,recyclable,"['Ready Food', 'Bar For Salad']",Money Savers,,€10.6M,3.984 Millions,2265.9,853.22,568.75,amount: 432.0503, LAVRAS ,MG,-21.24898018734491,-44.99817928074323,sao paulo,5P,,,5.0
mc_ID_9056,"Married Male with four children, education: graduate degree working as professional",$70K+,"Vegetables from Canned Foods department, Ordered Brand : Better",12.5009,11.0473,non recyclable,['Florist'],Roller Savings (High) ,supermarket,"2.4 ,000,000illions",1.2 Millions,1322.67,523.32,348.85,532.6232,goiania,GO,-16.714629409915183,-49.28125918781387,_curitiba,PR,-25.526084940879464,data: -49.27440966694559,4.0
mc_ID_9057,"Married Female with three children, education: partial high school working as skilled manual",30K+,"Specialty from Produce department, Ordered Brand : Ebony",27.3275,24.275,non recyclable,"['Bar For Salad', 'Ready Food']",,SUPERMARKET,€6.1M,3.0831 Millions,2265.9,,,444.3931,nova iguacu,RJ,-22.75888594494502,-43.43567173236048,sao jose do rio preto,SP,-20.80243626346376,-49.39562406741489,amount: 1.0
mc_ID_9058,"Single Female with two children, education: bachelors degree working as professional",50K+,"Jams and Jellies from Baking Goods department, Ordered Brand : BBB Best",30.82 kg,-26.4554,non recyclable,['Florist'],Weekend Discount,"SUPERMARKET
",8.1 Millions,3.564 Millions,1320.15,523.32,348.85,279.1251,"VEREDA
",BA,-17.322349500000005,-39.89341574999999,sorokaba,SP,-23.520480249006216,-47.44649732938174,5.0
mc_ID_9060,"Married Male with three children, education: High School degree working as manual",30K+,"Hygiene from Health and Hygiene department, Ordered Brand : Hilltop",-12.3555,9.4484,non recyclable,,Coupon Spectacular,Mid-Size,7.98Ms,3.0324 Millions,2085.67,783.64,522.49,658.0909,sao jose do campestre,RN,-6.31561706083793,-35.71158345602781,LAURO DE FREITAS,bA,-12.895112589380958,-38.33895999999978,4.0
mc_ID_9061,"Married Female with two children, education: high school degree working as manual",30K+,"Canned Anchovies from Canned Foods department, Ordered Brand : Blue Label",12.0212,9.114,non recyclable,"['Ready Food', 'Coffee Bar', 'Florist', 'Bar For Salad']",,Gourmet,"5.44 ,000,000illions",1.7408 Millions,-999,,258.06,474.0995,balneario camboriu,SK,-27.00986638911653,measure: -48.58161348750651,SANTO ANDRE,SP,-23.666655446303828,-46.53485782638931,4.0
mc_ID_9062,"Single Male with one child, education: partial college working as clerical",10K+,"Jams and Jellies from Baking Goods department, Ordered Brand : BBB Best",amount: 14.8266,13.3585,recyclable,"['Ready Food', 'Bar For Salad']",Wallet Savers, SUPeRMaRkEt ,10.14 Millions,3.4476 Millions,,470.27,315.38,324.8876, Cotriguacu,M7,-9.890188361968065,-58.55700574743043,Santo Andre, sp,-23.665703457960586,-46.51808196779969,3.0
mc_ID_9066,"Single Male with five children, education: high school degree working as skilled manual",€25K+,"Starchy Foods from Starchy Foods department, Ordered Brand : Shady Lake",15.9895,-11.6287,recyclable,['Coffee Bar'],Fantastic Discounts,Small Grocery,5.62 Millions,1.9108 Millions,,,265.39,700.8723,BARRA MANSA,rj,-22.537845000000004,-44.17191674999998,petrupolis,RJ,-22.549033360244323,-43.210094724044055,4.0
mc_ID_9067,"Single Female with three children, education: high school degree working as skilled manual",30K+,"Canned Soup from Canned Foods department, Ordered Brand : Pleasant",-19.6235,18.1699,recyclable,"['Ready Food', 'Bar For Salad']",,Supermarket,$4.68 Millions,2.0124 Millions,2266.05,853.22,567.05,356.4245,jaragua do sul,$C,-26.487035474897464,data: -49.071400994171626,SAO PAULO,SP,measure: -23.61411790980433,amount: -46.60034800222169,4.0
mc_ID_9068,"Married Female with five children, education: bachelors degree working as professional",50K+ annually,"Carbonated Beverages from Beverages department, Ordered Brand : Skinner",22.0946,-19.0421,recyclable,"['Florist', 'Ready Food', 'Bar For Salad', 'Video Store', 'Coffee Bar']",Shelf Clearing Days,Deluxe,3.66 Millions,1.3176 Millions,1869.55,,395.77,516.7763,catanduva,SP,-21.13720381121821,data: -48.98922802596262,cascavel,PR_,amount: -24.961400882504734,-53.45816618100577,4.0
mc_ID_9070,"Single Female with two children, education: graduate degree working as professional",70K+,"Fruit from Produce department, Ordered Brand : Hermanos",25.5832,24.1296,recyclable,"['Ready Food', 'Coffee Bar', 'Bar For Salad', 'Video Store', 'Florist']",Three for One,Deluxe,9.33 Millions,4.1985 Millions,1871.16,593.93,394.03,688.3726,balneariocamboriu,SC,-26.999696999999948,-48.63513949999995,sao paulo,SP,-23.468440512490595,val: -46.72068807496815,5.0
mc_ID_9075,"Single Female with one child, education: partial high school working as professional",$90K+,"Snack Foods from Snack Foods department, Ordered Brand : Fort West",data: 12.0939,9.1722,non recyclable,"['Florist', 'Bar For Salad', 'Ready Food', 'Video Store', 'Coffee Bar']",,Deluxe,9.2 Millions,4.14 Millions,,593.93,395.95,608.772,mogi das cruzes,SP,-23.516579606826944,-46.13731417572359,ibitinga,SP,-21.7664768468313,-48.83154737836604,1.0
mc_ID_9076,"Single Female with one child, education: partial college working as professional",90K+,"Eggs from Eggs department, Ordered Brand : Urban",28.0543,25.0018,recyclable,['Coffee Bar'],Weekend Discount,SupERMaRkET,7.05 Millions,2.3265 Millions,1236.07,,293.95,698.728,marechal candido rondon,PR,val: -24.549059297396184,amount: -54.05157641917936, $Ao Paulo,5P,-23.612052666446743,-46.60783466642034,4.0
mc_ID_9079,"Single Male with No children, education: bachelors degree working as professional, education: bachelors degree working as professional",50K+,"Starchy Foods from Starchy Foods department, Ordered Brand : Colossal",20.7864,16.4256,recyclable,,GLD,Supermarket,11.82 Millions,5.2008 Millions,1508,227.8,151.9,727.9637,rio de janeiro,RJ,measure: -22.85199,data: -43.53704099999999,Rio De Janeiro,RJ,-22.920104850395337,-43.22138202997862,4.0
mc_ID_9082,"Single Male with four children, education: partial high school working as manual",10K+,"Starchy Foods from Starchy Foods department, Ordered Brand : Monarch",19.1874,16.1349,non recyclable,"['Video Store', 'Florist', 'Coffee Bar', 'Bar For Salad', 'Ready Food']",Super Savers,,7.2 Millions,3.528 Millions,1525.28,373.1,248.79,755.9442,salvador,BA,-12.977729586177508,-38.43646795373564,santo andre,SP,-23.61571809769749,-46.53118432278263,5.0
mc_ID_9086,"Single Female with two children, education: partial college working as professional",30K+,"Candy from Snacks department, Ordered Brand : Gulf Coast",10.335,8.8815,recyclable,['Coffee Bar'],,Small Grocary,€4.8M,2.1356 Millions,,,220.55,473.7334,virgolandia,mg,-18.47740298440162,-42.30992137861601,braganca paulista,5P,-22.95750491772243,val: -46.52488623678449,5.0
mc_ID_9087,"MaRiEd mAlE WiTh tWo cHiLdReN, eDuCaTiOn: BaChElOrS DeGrEe wOrKiNg aS MaNaGeMeNt",50K+,"Snack Foods from Snack Foods department, Ordered Brand : Best Choice",29.5079,27.909,recyclable,"['Coffee Bar', 'Video Store', 'Bar For Salad', 'Ready Food', 'Florist']",Two for One,Gourmet,6.38 Millions,2.6158 Millions,1424.85,465.54,310.88,amount: 360.7131,mateus leme,MG,amount: -19.984572714049783,val: -44.4048179930132,sao  paulo,SP,-23.539824031911863,-46.434679443937874,1.0
mc_ID_9088,"SiNgLe fEmAlE WiTh tHrEe cHiLdReN, eDuCaTiOn: PaRtIaL Hs wOrKiNg aS SkIlLeD MaNuAl",10K+,"Kitchen Products from Household department, Ordered Brand : Denny",30.6708,26.31,non recyclable,"['Coffee Bar', 'Florist', 'Ready Food', 'Bar For Salad']",Bag Stuffer,Deluxe,"3.16 ,000,000illions",1.3588 Millions,2052.52,654.13,436.09,val: 367.7736,sao luis,MA,-2.501042206708081,-44.23507616551245,bebedouro,SP,-20.928623885001464,-48.49299639722605,5.0
mc_ID_9090,"Married Female with one child, education: bachelors degree working as professional, education: bachelors degree working as professional",50K+,"Vegetables from Produce department, Ordered Brand : Hermanos",20.0596,18.606,recyclable,,Price Winners,Supermarket,2.76 Millions,0.8556 Millions,1625.46,341.05,227.33,543.397,ribeirao das neves, MG,-19.757171999999947,-44.161131499999954,_sao paulo,SP_,-23.59798552039933,-46.55547278711988,3.0
mc_ID_9091,"Single Female with four children, education: bachelors degree working as management",130 Thousand,"Meat from Frozen Foods department, Ordered Brand : PigTail",data: 12.1375,-7.7767,non recyclable,['Florist'],Roller Savings (High) ,SUPERMARKET,7.86Ms,3.8514 Millions,1320.15,523.32,347.63,532.6232,piracicaba,SP,-22.67126597723474,amount: -47.69675782988044,blUmenau,"SC
",-26.91679956310852,-49.10045008206197,5.0
mc_ID_9093,"Single Male with No children, education: high school degree working as management",Income: 110K+,"Jams and Jellies from Baking Goods department, Ordered Brand : Plato",18.3153,16.8617,recyclable,"['Coffee Bar', 'Bar For Salad', 'Ready Food', 'Florist']",Save Price,	DELuxE,9.99 Millions,3.996 Millions,2056.47,654.13,,584.191,volta redonda,RJ,measure: -22.5052133680247,-44.09536933181367,sao paulo,SP ,-23.48934571357261,-46.47738070858095,val: 5.0
mc_ID_9094,"Married Male with three children, education: bachelors degree working as management",50K+,"Vegetables from Produce department, Ordered Brand : Ebony",28.1997,25.1472,recyclable,"['Coffee Bar', 'Ready Food', 'Bar For Salad', 'Video Store', 'Florist']",,Deluxe,4.17Ms,1.2927 Millions,1871.16,593.93,395.95,484.1411,taquaritinga,SP,data: -21.40988100649633,-48.49689418444743,sao jose do rio preto,SP,-20.80243626346376,-49.39562406741489,Rating: 5.0
mc_ID_9095,Single Female with four children; education: bachelors degree working as management,70K+,"Hot Beverages from Beverages department, Ordered Brand : Super",11.5706,-8.6634,non recyclable,"['Video Store', 'Coffee Bar', 'Florist', 'Bar For Salad', 'Ready Food']",,,2.74 Millions,1.0686 Millions,2038.11,481.98,322.42,416.2557,belohorizonte,mg,-19.90714902346989,data: -43.95579553683124,piracicaba,SP,val: -22.71683928585045,-47.65736585405934,1.0
mc_ID_9096,"Single Female with two children, education: partial high school working as skilled manual",30K+,"Vegetables from Frozen Foods department, Ordered Brand : Imagine",20.0596,15.6988,recyclable,"['Bar For Salad', 'Coffee Bar', 'Ready Food', 'Florist']",,deluxe,8.67 Millions,3.2079 Millions,,654.13,,728.9051,ARARAQUERA,SP,-21.7681977105142,-48.20274085928214,sao paulo,SP,measure: -23.50271592062436,-46.48299647362806,5.0
mc_ID_9097,"Single Male with three children, education: high school degree working as skilled manual",30K+,"Frozen Desserts from Frozen Foods department, Ordered Brand : Big Time",11.9921,-10.5385,recyclable,,,Supermarket,"1.53 ,000,000illions",0.6426 Millions,2049.98,457.36,304.91,610.5502,"arapiraca
",Al,-9.749799526946072,-36.64516908848489,sao paulo,SP,-23.539824031911863,-46.434679443937874,1.0
mc_ID_9100,"Single Male with two children, education: partial high school working as manual",30K+,"Baking Goods from Baking Goods department, Ordered Brand : CDR",11.9485,9.0413,recyclable,"['Florist', 'Bar For Salad', 'Coffee Bar', 'Ready Food']",Two Day Sale,,2.85 Millions,1.197 Millions,1564.86,385.45,256.97,486.9653,cui4bA,Mt,-15.60297857178555,-56.10296014321507,rio de janeiro,RJ,-22.86943483957529,-43.55443024078128,4.0
mc_ID_9102,"Single Male with one child, education: partial college working as professional",30K+,"Dairy from Dairy department, Ordered Brand : Club",24.71 kg,21.8039,non recyclable,,Price Winners,MID-Size,6.76 Millions,2.7716 Millions,2819.7,447.7,298.5,453.9117,recife,Pe,amount: -8.1330811150905,-34.904793597619324,sao pauIo,SP,-23.59272363197529,measure: -46.6315844403312,5.0
mc_ID_9104,"Married Male with two children, education: partial HS working as manual",10K or more,"Pizza from Frozen Foods department, Ordered Brand : PigTail",8.8088,4.4335,non recyclable,"['Coffee Bar', 'Florist', 'Bar For Salad', 'Ready Food']",Promo Big,Deluxe,€4.3M,1.9152 Millions,,654.13,436.09,267.3576,salvador,BA,-12.88663419642636,-38.47086785365416,Itaquaquece7Uba,SP,-23.464295023583936,val: -46.32874959104104,5.0
mc_ID_9105,"Married Female with three children, education: bachelors degree working as management, Married Female with three children",70K or more,"Paper Products from Household department, Ordered Brand : Sunset",13.6347,12.1811,recyclable,"['Florist', 'Ready Food', 'Coffee Bar', 'Bar For Salad']",Bag Stuffer,Deluxe,6.3 Millions,2.331 Millions,2055.29,,435.18,367.7736,niteroi,Rj,data: -22.96338484831568,-43.03302455048608,_PRAIA GRANDE,Sp,measure: -24.026786758814687,-46.49304889148245,4.0
mc_ID_9106,"Single Male with two kidren, education: high school degree working as manual",30K+,"Bathroom Products from Household department, Ordered Brand : High Quality",31.543,27.1822,recyclable,"['Florist', 'Ready Food', 'Bar For Salad', 'Coffee Bar']",Bag Stuffer,Deluxe,€4.7M,2.3908 Millions,2055.29,656.13,437.4,367.7736,itu,SP,-23.387817863375663,amount: -47.34781496143656,ibitinga,$P,-21.7664768468313,-48.83154737836604,3.0
mc_ID_9108,"Married Male with three children, education: partial high school working as manual, education: partial high school working as manual",10K+,"Eggs from Eggs department, Ordered Brand : Blue Medal",18.0246,14.972,non recyclable,"['Florist', 'Coffee Bar', 'Bar For Salad', 'Ready Food', 'Video Store']",Price Cutters,Gourmet,3.96 Millions,1.2672 Millions,1424.85,465.54,310.3,675.716,estrela do norte, SP ,-22.486331999999948,-51.67254949999996,guariba,SP,-21.36235769739203,-48.232975701561735,4.0
mc_ID_9109,"Single Male with three children, education: partial high school working as manual",10K+,"Canned Shrimp from Canned Foods department, Ordered Brand : Blue Label",12.8788,9.9571,non recyclable,,Save Price,supermarket,5.72 Millions,2.288 Millions,1508,,152.76,325.6721, duque de caxias,RJ,-22.7898225982794,-43.32827859671635,ibitinga,sp,-21.7664768468313,-48.83154737836604,2.0
mc_ID_9110,"Married Female with four children, education: partial high school working as skilled manual",Income: 10K+,"Kitchen Products from Household department, Ordered Brand : Sunset",25.0018,20.641,non recyclable,['Coffee Bar'],Budget Bargains,SMALL GROCERY,1.78 Millions,0.7832 Millions,1394.66,534.29,,414.8959,varzeagrande,MT,-15.628511310923583,-56.159956982110536,_Sao Paulo,SP,-23.532447184574945,-46.61401961463438,3.0
mc_ID_9111,"Married Male with three children, education: bachelors degree working as professional",110K+,"Snack Foods from Snack Foods department, Ordered Brand : Best Choice",measure: 17.7338,14.6813,non recyclable,"['Ready Food', 'Florist', 'Coffee Bar', 'Bar For Salad']",Promo Big,,5.1 Millions,2.295 Millions,2055.29,654.13,436.09,data: 267.3576,sao paulo,Sp,-23.69084022814357,-46.76464177116392,guariba,SP,-21.36235769739203,-48.232975701561735,3.0
mc_ID_9112,"Married Female with four children, education: partial high school working as skilled manual",Income: 10K+,"Vegetables from Frozen Foods department, Ordered Brand : Big Time",12.3555,9.4484,non recyclable,['Coffee Bar'],Sale : Double Down,small grocery,7.14Ms,2.7846 Millions,1394.66,534.29,356.19,602.3914,	rio d3 janeiro,rj,-22.875614717179307,-43.329263685383,sao paulo,SP,amount: -23.612052666446743,-46.60783466642034,3.0
mc_ID_9113,"Married Female with four children, education: partial high school working as skilled manual",10K+,"Bread from Baked Goods department, Ordered Brand : Sphinx",23.2575,20.3503,recyclable,,, Supermarket,9.15 Millions,3.0195 Millions,1509.14,227.8,151.9,588.3227,maua,SP,-23.67517847547439,-46.44983266763805,PETROPOLIS,RJ,measure: -22.549033360244323,-43.210094724044055,5.0
mc_ID_9114,"Single Female with five children, education: bachelors degree working as management",70K+,"Vegetables from Produce department, Ordered Brand : Tell Tale",21.0771,18.1699,non recyclable,,Sales Days,Supermarket,$8.76 Millions,3.1536 Millions,,457.36,304.91,£445.70,campos sales,CE,-7.08022859231703,-40.360595170994856,sa0 paulo,SP,-23.65111484251016,-46.75521082321932,5.0
mc_ID_9115,"Married Female with two children, education: partial college working as professional",150K+,"Fruit from Produce department, Ordered Brand : Hermanos",27.7636,amount: 24.8564,recyclable,['Florist'],Save It (Sale),,2.86 Millions,1.1726 Millions,,523.32,348.85,measure: 427.7617,s4o paulo,sp,-23.524074769667923,-46.45826882323692,SANTA BARBARA D´OESTE,$P,-22.760477687572443,-47.41281121951772,1.0
mc_ID_9116,"Single Male with three children, education: partial high school working as skilled manual",10K+,"Electrical from Household department, Ordered Brand : Red Wing",-19.1874,16.1349,recyclable,['Florist'],Pick Your Savings,SuPERmARkET,6.78Ms,2.1696 Millions,1320.15,523.32,348.19,769.6991,tABoAO da sErrA,SP,-23.617823004822213,-46.79358236394467,poa,5P,amount: -23.522975748542905,-46.33702048557326,2.0
mc_ID_9118,"Single Male with three children, education: bachelor'ss degree working as professional",50K+,"Dairy from Dairy department, Ordered Brand : Booker",measure: 11.9921,7.6314,non recyclable,"['Florist', 'Bar For Salad', 'Coffee Bar', 'Ready Food']",Saving Days,Gourmet,$4.32 Millions,1.5552 Millions,,385.45,256.97,474.0995,sao paulo,_SP,-23.57291262031853,-46.75972403580701,Ibitinga,SP,-21.7664768468313,-48.83154737836604,5.0
mc_ID_9119,"married female with two kids, education: high school degree working as professional",110K+,"Drinks from Beverages department, Ordered Brand : Skinner",16.571,val: 12.1956,recyclable,"['Ready Food', 'Florist', 'Bar For Salad', 'Video Store', 'Coffee Bar']",Price Cutters,Deluxe,7.16 Millions,3.3652 Millions,,375.1,248.79,642.0871,Lajeado,RS ,-29.4497261134858,measure: -51.98325275120958,nova iguacu,rj,-22.761992463604912,val: -43.45087260605272,4.0
mc_ID_9120,"Single Female with one child, education: partial high school working as manual",30K+,"Vegetables from Produce department, Ordered Brand : Tell Tale",17.2978,15.6988,recyclable,,,Mid-Size,7.65 Millions,2.601 Millions,2819.39,447.7,298.27,693.498,sao paulo,_SP,-23.50210750375091,-46.62196127699232,sao jose do rlo preto,SP,-20.80243626346376,-49.39562406741489,5.0
mc_ID_9121,"Married Female with No children, education: partial high school working as management",110K+,"Candy from Snacks department, Ordered Brand : Thresher",16.7163,13.8091,recyclable,"['Ready Food', 'Bar For Salad']",Save Price,Supermark3t,7.47 Millions,3.5856 Millions,2448.37,470.27,,406.4756,lagoa vermelha, Rs ,-28.21842769786725,-51.53643410117896,sau paulo,SP,amount: -23.61411790980433,-46.60034800222169,5.0
mc_ID_9123,"Married Female with four children, education: partial college working as professional",110 Thousand,"Canned Soup from Canned Foods department, Ordered Brand : Blue Label",16.2802,11.9049,non recyclable,"['Florist', 'Bar For Salad', 'Video Store', 'Ready Food', 'Coffee Bar']",Discount Frenzy,,7.95Ms,2.6235 Millions,,593.93,394.78,326.352,lauro de freitas,BA,-12.879225388531204,-38.29339205549424,jacarai,SP,-23.29818595956356,-45.974828011182304,amount: 1.0
mc_ID_9125,"Married Female with three children, education: bachelors degree working as professional",50K+,"Meat from Deli department, Ordered Brand : Cutting Edge",1122.90 oz,-28.7811,recyclable,"['Bar For Salad', 'Ready Food']",Save It (Sale),,3.52Ms,1.1264 Millions,2265.9,,,measure: 339.1132,jacarezinho,PR,data: -23.15446932554733,-49.976786488459815,saIto,	Sp,-23.17588057617297,-47.31592004954123,5.0
mc_ID_9126,"Married Female with three children, education: bachelors degree working as professional",50 Thousand,"Candy from Snacks department, Ordered Brand : Musial",28.6358,24.275,recyclable,"['Ready Food', 'Bar For Salad']",Mystery Sale,,4.2 Millions,1.68 Millions,2266.37,853.22,567.33,444.3931,aracatuba,SP,-21.18803252207277,-50.44254258090484,s@o paulo,Sp,val: -23.52697217736158,-46.610979191240034,5.0
mc_ID_9127,"MARRIED FEMALE WITH FOUR CHILDREN, EDUCATION: HIGH SCHOOL DEGREE WORKING AS PROFESSIONAL, MARRIED FEMALE WITH FOUR CHILDREN",90K+,"Frozen Entrees from Frozen Foods department, Ordered Brand : PigTail",31.8337,28.7811,recyclable,['Coffee Bar'],Sale Sale Sale,supermarket,"8.73 ,000,000illions",3.3174 Millions,1236.07,440.92,293.95,473.7334,venancio aires,"RS
",-29.616140787882497,amount: -52.17587557262544, timbu ,sc,-26.83365489702238,-49.26170944102369,4.0
mc_ID_9128,"Single Male with three children, education: partial high school working as skilled manual",10K+,"Canned Soup from Canned Foods department, Ordered Brand : Pleasant",amount: 29.3626,27.909,recyclable,"['Video Store', 'Ready Food', 'Coffee Bar', 'Bar For Salad', 'Florist']",,Deluxe,3.93 Millions,1.8864 Millions,1874.05,593.93,394.24,676.6574,RIO DE JANEIRO,RJ,-22.98193586539897,-43.22428066457964,sao peulo,SP,-23.62358155176294,-46.61056007369148,4.0
mc_ID_9129,"Married Female with four children, education: bachelors degree working as professional",70k,"Baking Goods from Baking Goods department, Ordered Brand : CDR",30.8162,26.4554,recyclable,['Coffee Bar'],Weekend Discount,Supermarket,8.85 Millions,3.2745 Millions,,440.92,293.95,698.728,angra dos reis,rj,-22.960179748807143,-44.28961167294798,criciuma,$c,-28.68042203868061,-49.36995209892042,5.0
mc_ID_9131,Married Male with two children; education: high school degree working as skilled manual,30K+,"Vegetables from Frozen Foods department, Ordered Brand : Carrington",11.8468,8.9251,non recyclable,"['Florist', 'Coffee Bar', 'Bar For Salad', 'Video Store', 'Ready Food']",Save Price,Gourmet,"7.23 ,000,000illions",2.4582 Millions,,465.54,311.28,670.486,paulinia,sP,-22.73306060560335,-47.17829082930352,maue,SP,-23.68011442853022,-46.4524537436668,4.0
mc_ID_9132,"Married Male with one child, education: partial high school working as manual",10K+,"Dairy from Dairy department, Ordered Brand : Carlson",28.1997,25.1472,non recyclable,,,Supermarket ,4.6 Millions,1.656 Millions,2049.72,457.36,304.91,418.1385,sao paulo,SP,-23.57525436105025,-46.6323139083399, sao paulo ,"SP
",-23.48770416180969,-46.41534043450283,5.0
mc_ID_9134,"Married Female with four children,education: high school degree working as management",110K+,"Vegetables from Produce department, Ordered Brand : Tell Tale",21.3678,19.7689,recyclable,,,SUPERMARKET,5.61 Millions,2.5806 Millions,1508,227.8,150.02,428.0755, getul1o vargas,RS,-27.88593775135477,-52.22831021378536,praia grande,Sp,-24.026786758814687,-46.49304889148245,measure: 5.0
mc_ID_9135,"Married Female with two children, education: high school degree working as skilled manual",30K+,"Hot Beverages from Beverages department, Ordered Brand : Plato",13.7074,-10.8002,recyclable,,Sale : Double Down,"supermarket
",11.84 Millions,3.9072 Millions,,457.36,304.91,measure: 327.7641,belo horizonte,MG,-19.946082656673784,-43.96674583291018,cascavel,PR,-24.966371460470743,-53.46488320191585,5.0
mc_ID_9136,"Married Female with four children, education: high school degree working as skilled manual",30 Thousand,"Paper Products from Household department, Ordered Brand : Red Wing",amount: 23.4028,19.0421,non recyclable,,,_supermarket,€4.6M,2.5568 Millions,2049.72,457.36,304.91,339.8977,anapolis,GO,-16.354785062593226,-48.93371714225733,maringa,PR,data: -23.42880633856904,-51.97183135000928,5.0
mc_ID_9137,"Married Male with four kidren, education: high school degree working as skilled manual",€25K+,"Electrical from Household department, Ordered Brand : Cormorant",26.1647,23.2575,non recyclable,['Coffee Bar'],Budget Bargains,Supermarket,3.78 Millions,1.512 Millions,1236.07,440.92,293.95,754.0614,GuARULHOS,sp,-23.496488565250488,-46.54671310832206,sao paulo,SP,data: -23.50271592062436,-46.48299647362806,4.0
mc_ID_9138,"Married Male with two children, education: bachelors degree working as professional",$50K+,"Vegetables from Produce department, Ordered Brand : Ebony",data: 31.1069,amount: 28.0543,non recyclable,,Sales Days,SuPERmArket,€9.0M,4.6332 Millions,,457.36,302.94,610.5502,Coromandel,MG,-18.47534184940673,-47.21120486285433,BELO HORIZONTE,MG,-19.878513898894187,-43.95694702879617,5.0
mc_ID_9139,"Married Female with No children, education: graduate degree working as management",€76K+,"Drinks from Beverages department, Ordered Brand : Fabulous",26.6008,23.5482,non recyclable,,Save Price,Supermarket,11.85 Millions,3.6735 Millions,1508,227.8,151.9,£312.50,_CotiA,_SP,-23.586602699694154,-46.81808313197529,piraciceba,SP,data: -22.71683928585045,-47.65736585405934,5.0
mc_ID_9144,"Married Male with No children, education: partial high school working as skilled manual",10K+ annually,"Dairy from Dairy department, Ordered Brand : Gorilla",20.7864,19.3328,recyclable,"['Ready Food', 'Bar For Salad']",Three for One,sUPermarKet,7.38 Millions,3.5424 Millions,,855.22,570.23,618.4475,"fartura
", SP,-23.38718762896144,-49.513805620288,itaquaquecetuba,sp,-23.48262344063541,-46.37448952833195,4.0
mc_ID_9146,"Married Male with three children, education: bachelors degree working as professional",110K+,"Bathroom Products from Health and Hygiene department, Ordered Brand : Faux Products",measure: 30.9615,29.3626,recyclable,"['Bar For Salad', 'Ready Food']",Save Price,5Upermarket,4.46 Millions,1.6502 Millions,,470.27,313.55,406.4756,MANAUS,AM,-3.1115557404928214,-60.03811710421836,ibitinga,SP,-21.7664768468313,-48.83154737836604,5.0
mc_ID_9147,"Married Female with one child, education: bachelors degree working as professional",$50K+,"Beer and Wine from Alcoholic Beverages department, Ordered Brand : Top Measure",10.7275,6.3667,non recyclable,"['Bar For Salad', 'Ready Food', 'Coffee Bar', 'Florist']",Price Destroyers,gOURMEt,6.93 Millions,2.9799 Millions,1565.77,385.45,256.97,£250.76, Taquarivai,SP,-23.927344738220512,-48.702720153870686,IbiTINgA,SP,-21.7664768468313,-48.83154737836604,5.0
mc_ID_9148,"Single Male with four children, education: bachelors degree working as professional",50K+ annually,"Kitchen Products from Household department, Ordered Brand : Red Wing",12.7771,8.4018,non recyclable,['Florist'],Best Savings,Supermarket,7.89 Millions,3.3138 Millions,1320.15,523.32,347.41,val: 281.4786,sao paulo,SP,data: -23.64036523446758,-46.65212213182845,guarulhos,Sp,-23.44007914793122,-46.51144923980033,5.0
mc_ID_9149,"single female with five children, education: partial high school working as skilled manual",30K+,"Canned Clams from Canned Foods department, Ordered Brand : Blue Label",24.275,21.3678,recyclable,"['Florist', 'Coffee Bar', 'Video Store', 'Bar For Salad', 'Ready Food']",One Day Sale,gourmet_,6.76 Millions,2.0956 Millions,,,310.51,449.1524,limeira,5P,-22.57899631642056,amount: -47.37156127520432,itajai,SP,-26.91626999999994,-48.65245999999996,10.0/10
mc_ID_9150,"Married Male with four children, education: bachelors degree working as management",50K+,"Canned Clams from Canned Foods department, Ordered Brand : Pleasant",14.0272,11.1054,recyclable,"['Video Store', 'Coffee Bar', 'Bar For Salad', 'Ready Food', 'Florist']",Dimes Off,Deluxe,1.58Ms,0.6004 Millions,,481.98,321.26,602.7575,montenegro,R5,data: -29.67034898140752,-51.46146829327502,lajeadu_,rs,val: -29.45957919035882,data: -51.96768363129545,5.0
mc_ID_9151,"Single Female w/ four children, education: high school degree working as skilled manual",30K+,"Dairy from Dairy department, Ordered Brand : Club",-14.4632,11.5415,non recyclable,"['Florist', 'Coffee Bar', 'Bar For Salad', 'Video Store', 'Ready Food']",Money Savers,Deluxe,€6.7M,3.16 Millions,1871.16,593.93,395.92,343.611, Teresopolis,RJ,-22.41614982008496,val: -42.97702251227752, TERESOPOLIS,RJ,-22.428725888669057,-42.97556752642736,val: 5.0
mc_ID_9152,"Married Male with three children, education: partial college working as management",$30K+,"Breakfast Foods from Frozen Foods department, Ordered Brand : Carrington",19.9142,16.8617,recyclable,"['Coffee Bar', 'Ready Food', 'Bar For Salad', 'Florist', 'Video Store']",Green Light Special,dELuxE,"8.61 ,000,000illions",4.0467 Millions,1525.28,373.1,248.79,507.9899,uberaba,MG,-19.76568365621507,-47.88917987807443,bombinhas,Sç,-27.14294161449014,-48.50728684609616,5.0
mc_ID_9155,"Married Male with one child, education: partial high school working as management",130K+,"Drinks from Beverages department, Ordered Brand : Skinner",16.571,12.1956,recyclable,,Savings Galore,mid-size,10.74 Millions,3.9738 Millions,,447.7,299.8,708.8742,brasilia,DF,-15.800387177373825,-47.86052700741183,sao paulo,SP,-23.58343069747245,-46.50203424424373,5.0
mc_ID_9157,Single Female with three children / education: graduate degree working as professional,110K+,"Snack Foods from Snack Foods department, Ordered Brand : Horatio",27.0368,24.1296,recyclable,"['Coffee Bar', 'Bar For Salad', 'Video Store', 'Ready Food', 'Florist']",Big Time Saving,_Deluxe,5.37 Millions,2.2017 Millions,1871.16,593.93,395.95,val: 676.6574,Serra,ES,data: -20.1808755,amount: -40.26153600000001,	PIRITUBA,_SP,-23.49065997530149,-46.7284764394945,5.0
mc_ID_9159,"Married Male with two children, education: high school degree working as manual",30K+,"Vegetables from Produce department, Ordered Brand : Ebony",-16.7163,13.8091,recyclable,,Shelf Clearing Days,Supermarket,13.04 Millions,4.9552 Millions,1623.48,341.05,,288.8006,barra mansa,RJ,-22.52807299793412,-44.20304134266612,curitiba,PR,-25.50714419618402,-49.27207460483913,1.0
mc_ID_9160,"Single Female with four kidren, education: high school degree working as manual",30K+,"Candy from Snacks department, Ordered Brand : Musial",14.972,10.6112,non recyclable,,Super Savers,Supermarket,9.42 Millions,3.6738 Millions,2049.72,457.36,306.3,339.8977,palmas,7O,-10.210535003227529,-48.32590171355561,sao paulo,Sp,-23.56168119891244,-46.50627110555333,3.0
mc_ID_9161,"Married Male with three children, education: partial college working as clerical",30K+,"Drinks from Beverages department, Ordered Brand : Washington",29.0719,27.6183,non recyclable,"['Ready Food', 'Bar For Salad']",Two for One,Supermarket,$10.53 Millions,3.5802 Millions,2265.9,853.22,568.75,555.426,belo horizonte,mg,-19.85054756671417,-43.90399965691794,belo horizonte,MG,val: -19.843708202868147,-43.95899630890419,4.0
mc_ID_9162,"Single Female with four children, education: bachelors degree working as management",50K+,"Beer and Wine from Alcoholic Beverages department, Ordered Brand : Pearl",23.5482,22.0946,non recyclable,,Best Price Savers,Supermarket,2.6 Millions,1.17 Millions,1509.42,227.8,151.9,650.4028,guarulh0s,$P,-23.46913213266778,-46.56209344463039,SAO PAULO,SP,-23.58452319555432,-46.51460627909786,3.0
mc_ID_9163,"Marrie Male with two children, education: Bachelors degree working as professional.",90k,"Canned Clams from Canned Foods department, Ordered Brand : Blue Label",24.275,21.3678,recyclable,"['Coffee Bar', 'Bar For Salad', 'Florist', 'Ready Food', 'Video Store']",Mystery Sale,Gourmet,3.38 Millions,1.5548 Millions,1427.68,465.54,310.3,360.0332,itabira,MG,measure: -19.63165621067063,-43.212335433135365,guarulhos,SP,-23.422313378296494,val: -46.520062240348594,5.0
mc_ID_9164,"Married Male with three children, education: high school degree working as manual",30k,"Pizza from Frozen Foods department, Ordered Brand : Carrington",26.8915,-22.5307,non recyclable,"['Video Store', 'Bar For Salad', 'Coffee Bar', 'Florist', 'Ready Food']",Big Time Saving,DEluxe,11.19 Millions,4.9236 Millions,1731.72,,335.38,279.5435,florianopolis,SC,-27.790397402496748,-48.55979090125236,peDreIra,SP,-22.73824150585765,val: -46.8958585777586,5.0
mc_ID_9166,"Single Male with No children, education: partial high school working as manual",10K+ annually,"Vegetables from Produce department, Ordered Brand : High Top",27.1822,-999.0,non recyclable,"['Ready Food', 'Bar For Salad', 'Video Store', 'Florist', 'Coffee Bar']",Pick Your Savings,,5.9 Millions,2.124 Millions,1869.47,593.93,395.11,295.4427,jaboatao dos guararapes,PE,-8.193270817916602,-34.933218138281305,sao paulo,SP,-23.53108125950717,-46.51791357132556,5.0
mc_ID_9168,"Single  Male  wiht  three  children,  education:  partial  high  school  working  as  professional",110K or more,"Magazines from Periodicals department, Ordered Brand : Mighty Good",21.8039,20.3503,non recyclable,"['Bar For Salad', 'Ready Food']",Money Savers,Supermarket,4.9 Millions,2.352 Millions,2448.37,470.27,313.21,290.0035,SAÑTO ANDRE,sp,-23.627599742714523,-46.49554835636796,belo horizonte,MG,-19.840168078827364,-43.92329932223438,4.0
mc_ID_9170,"Marrie Male w/ one child, education: high school degree working as professional",130K+,"Kitchen Products from Household department, Ordered Brand : Red Wing",12.7771,8.4018,non recyclable,,Sale Sale Sale,,7.89 Millions,2.6826 Millions,2085.67,783.64,Not Available,739.4697,campo gr@nde,ms,-20.497667184863403,-54.68409100528012,sao paulo,sp,-23.50875908021236,-46.602973042876144,1.0
mc_ID_9172,"Single Male with one child, education: high school degree working as skilled manual",30K+,"Meat from Deli department, Ordered Brand : Moms",16.4256,13.5184,non recyclable,,Weekend Discount,Supermarket,4.68 Millions,1.5912 Millions,1508,227.8,151.9,614.002,belo horizonte,MG,-19.958089201771624,Not Available,ibitinga,SP,-21.7664768468313,-48.83154737836604,4.0
mc_ID_9177,"Single Female with three kids, education: high school degree working as manual",30000,"Decongestants from Health and Hygiene department, Ordered Brand : Consolidated",-13.3585,8.9832,recyclable,,Price Winners,SUpeRMARKEt,8.8 Millions,4.312 Millions,1623.48,341.05,227.33,586.7537,GoI4nIA,GO,-16.704461999999946,-49.23461149999996,ibitinga,SP,-21.7664768468313,-48.83154737836604,1.0
mc_ID_9178,"Married Male with five children, education: partial high school working as management",70K+,"Meat from Deli department, Ordered Brand : American",9.899,-5.5237,non recyclable,,Sales Days,SUPErMARKe7,8.28 Millions,3.1464 Millions,2049.35,457.36,304.91,610.5502,joao pessoa,pb,-7.100423962296867,-34.86299327119139,Not Available,PR,-25.464029318048183,-49.30472794690424,2.0
mc_ID_9179,"Married Female with four children, education: partial college working as professional, Married Female with four children",€25K+,"Vegetables from Frozen Foods department, Ordered Brand : Carrington",9.9862,8.5181,non recyclable,"['Florist', 'Ready Food', 'Bar For Salad', 'Coffee Bar', 'Video Store']",Two Day Sale, Gourmet ,2.76 Millions,1.0764 Millions,1422.98,465.54,310.3,588.4796,SAO LOURENCO,_MG,-22.13123511319532,-45.056949145523085,rio do suI,SC,-27.20981137280685,-49.63292048422235,val: 4.0
mc_ID_9180,"Married Female with one child, education: bachelors degree working as management",150K+,"Fruit from Canned Products department, Ordered Brand : Big City",16.8617,12.5009,recyclable,"['Ready Food', 'Bar For Salad']",Shelf Clearing Days,,€2.6M,1.1248 Millions,2265.9,853.22,,554.903,SAO PAULO,SP,-23.604979934502826,val: -46.66715978559067, Sao Paulo,sp,-23.54966011798125,-46.57027590146579,1.0
mc_ID_9182,"Married Female with three children, education: Bachelors degree working as professional",50000,"Dairy from Dairy department, Ordered Brand : Even Better",-17.8792,-999.0,non recyclable,"['Coffee Bar', 'Video Store', 'Bar For Salad', 'Florist', 'Ready Food']",Bag Stuffer,Deluxe,$8.64 Millions,3.1968 Millions,1734.5,503.07,335.38,662.2226,frederico westphalen,R$,-27.35547089700958,-53.40427015016742,sao paulo,SP,measure: -23.577073040798663,-46.7199426382077,5.0
mc_ID_9183,"Single Male with five children, education: bachelors degree working as professional",50K+,"Fruit from Produce department, Ordered Brand : Tell Tale",15.9895,14.5359,recyclable,['Coffee Bar'],Go For It,Small Grocery,"1.16 ,000,000illions",0.4176 Millions,2070.17,330.83,220.55,381.8946,osasco,$P,-23.53236399720137,-46.76773272202672,santos,"SP
",amount: -23.93465945090488,-46.331065142884974,4.0
mc_ID_9184,"Single Female with one child, education: high school degree working as skilled manual",30K+,"Jams and Jellies from Baking Goods department, Ordered Brand : CDR",31.543,27.1822,recyclable,['Florist'],Save It (Sale),Superm@rket,$5.9 Millions,2.478 Millions,1320.15,523.32,348.85,427.7617,salto do itarare,PR,-23.60711298410955,-49.6298342745065,SUMARE,SP,-22.828654864562257,-47.267296160568925,4.0
mc_ID_9186,"Single Male with three children, education: bachelors degree working as professional",$50K+,"Pizza from Frozen Foods department, Ordered Brand : Golden",27.6183,24.7111,recyclable,"['Florist', 'Coffee Bar', 'Ready Food', 'Video Store', 'Bar For Salad']",One Day Sale,Deluxe,7.12 Millions,2.848 Millions,,503.07,336.72,689.0525,itapecer1ca da serra,SP,-23.685282,-46.826154,guarib4,Sp,-21.36235769739203,-48.232975701561735,4.0
mc_ID_9188,"Married Female with four children, education: high school degree working as professional",130K+ annually,"Vegetables from Produce department, Ordered Brand : Ebony",17.4431,15.9895,non recyclable,"['Florist', 'Video Store', 'Bar For Salad', 'Coffee Bar', 'Ready Food']",One Day Sale,"Gourmet
",11.4 Millions,4.446 Millions,,,310.3,449.1524,ltaquaquecetuba,SP,-23.44306263412358,-46.32046764834173,sao paulo,SP,-23.62358155176294,-46.61056007369148,5.0
mc_ID_9189,"Married Female with No children, education: partial college working as clerical",$30K+,"Bread from Baked Goods department, Ordered Brand : Modell",20.2049,measure: 18.606,recyclable,,Two Day Sale,,13.08 Millions,4.3164 Millions,1622.11,343.05,227.37,£279.74,sao paulo,Sp,measure: -23.616291253983057,-46.4649462867267,bra$ilia,DF,-15.840667480274698,-48.051942900348365,val: 5.0
mc_ID_9190,"Single Female with two children, education: partial high school working as professional",130K+,"Vegetables from Produce department, Ordered Brand : High Top",12.8643,8.5035,recyclable,['Coffee Bar'],Two Day Sale,Supermarke7,2.52 Millions,0.882 Millions,1236.07,440.92,293.51,477.3944,Gastao Vidigal,SP,amount: -20.801205104505616,-50.18918988482319,pedreira,Sp,-22.73824150585765,-46.8958585777586,5.0
mc_ID_9191,"Single Female with two children, education: high school degree working as manual, education: high school degree working as manual",30K+,"Vegetables from Produce department, Ordered Brand : Ebony",15.6988,amount: 12.7916,non recyclable,"['Bar For Salad', 'Coffee Bar', 'Florist', 'Video Store', 'Ready Food']",Super Savers,Deluxe,5.3 Millions,1.749 Millions,1525.28,373.1,248.79,755.9442,marilia,SP,amount: -22.19452752178432,-49.96433249999998,Ribeirao Preto,SP,-21.116471333054424,val: -47.79073400291418,amount: 5.0
mc_ID_9193,"Single Male with five kids, education: partial high school working as skilled manual",10K+,"Dairy from Dairy department, Ordered Brand : Even Better",27.0368,24.1296,non recyclable,,Two for One,Mid-5ize_,7.77 Millions,3.4188 Millions,2818.73,447.7,298.5,measure: 646.5849,Cachoeirinha, rs ,-29.91836557306762,-51.10041765990425,maringa,PR,-23.377396999935016,-51.93100618003307,1.0
mc_ID_9195,"Married Female with two kidren, education: partial high school working as skilled manual",10K+,"Hot Beverages from Beverages department, Ordered Brand : Plato",13.7074,amount: 10.8002,recyclable,,,Supermarket,8.88 Millions,2.8416 Millions,1508,227.8,151.9,565.9906,sao paulo,sp,-23.594963898695823,amount: -46.60881370760002,PONTE NOVA,mg,-20.415339248383304,-42.89153741877715,5.0
mc_ID_9196,"mARRIED fEMALE WITH TWO CHILDREN , EDUCATION: PARTIAL hIGH sCHOOL WORKING AS SKILLED MANUAL",10K+,"Pizza from Frozen Foods department, Ordered Brand : Big Time",19.7689,-16.8617,recyclable,"['Video Store', 'Florist', 'Coffee Bar', 'Bar For Salad', 'Ready Food']",Big Time Saving,DeIuxe,6.2Ms,2.914 Millions,1735.96,503.07,335.38,amount: 279.5435,sao paulo,SP,amount: -23.60391858351113,-46.66274300991638,Sañtos,SP,-23.93465945090488,val: -46.331065142884974,5.0
mc_ID_9197,"Married Male with three children, education: partial high school working as manual",10000,"Eggs from Eggs department, Ordered Brand : Blue Medal",24.71 kg,21.8039,non recyclable,,One Day Sale,$upermarket,4.26Ms,1.6188 Millions,1508,227.8,151.13,613.4267,recife,pE,-8.066088565641405,-34.88166075437127,jaçarei,Sp,-23.29818595956356,-45.974828011182304,amount: 5.0
mc_ID_9198,"Married Male with two children, education: high school degree working as manual",30K+,"Fruit from Canned Products department, Ordered Brand : Toucan",26.0193,-1.0,recyclable,"['Bar For Salad', 'Florist', 'Coffee Bar', 'Video Store', 'Ready Food']",I Cant Believe It Sale,deluxe,4.2 Millions,2.058 Millions,1525.28,375.1,248.79,535.9181,paracatu,MG,-17.211337793818256,-46.886436092783214,capivari,_sP,-23.0122137105142,-47.52203973160603,5.0
mc_ID_9200,"Married Female with four children, education: bachelors degree working as professional",30K+,"Fruit from Produce department, Ordered Brand : Ebony",19.4781,17.8792,non recyclable,"['Coffee Bar', 'Ready Food', 'Florist', 'Bar For Salad']",Price Winners,,13.96 Millions,5.3048 Millions,1564.86,385.45,257.9,769.7514,1tapema,sc,data: -27.13197710454484,-48.599233840908056,BELO hoRizonT3,Mg,-19.878513898894187,-43.95694702879617,5.0
mc_ID_9201,"Single Male with two children, education: bachelors degree working as management",70K+ annually,"Meat from Meat department, Ordered Brand : Ship Shape",19.4781,16.4256,recyclable,,You Save Days,,$8.91 Millions,3.2967 Millions,1510.15,227.8,151.9,565.9906,taboao da serra, SP ,-23.62527254443769,amount: -46.77949146270542,ibitinga,SP,-21.7664768468313,-1,4.0
mc_ID_9202,"Single Male with three children, education: High School degree working as manual",50K+,"Snack Foods from Snack Foods department, Ordered Brand : Fast",21.8039,18.8967,non recyclable,,Price Winners,Supermarket,€1.4M,0.56 Millions,1624.33,341.05,227.33,measure: 586.7537,sa0 paulo,SP,-23.48347746211553,-46.60599175145708,FRaNciSCo bEltRAo,PR,-26.003670174999968,-53.23275043899997,5.0
mc_ID_9204,"Single Male wiht one child, education: partial college working as manual",30K+,"Dairy from Dairy department, Ordered Brand : Gorilla",-15.1174,10.7421,recyclable,,Promo Big,SUPERMARKET,$1.83 Millions,0.8418 Millions,,457.36,305.94,515.2596,Itajai,SK,-26.9285092515089,-48.700389561720506,Santo Andre,sp ,-23.665703457960586,-46.51808196779969,amount: 5.0
mc_ID_9207,"Single Male wiht one child , education: partial High School working as skilled manual",10K+,"Eggs from Eggs department, Ordered Brand : Giant",13.155,10.2478,non recyclable,,One Day Sale,,5.13 Millions,2.052 Millions,1505.34,227.8,151.9,613.4267,vargem grande do rio pardo ,mg,measure: -15.392753999999991,-42.30058274999999,videira,SC,measure: -27.00086872288371,-51.14532022116548,5.0
mc_ID_9208,"Single Male with two children, education: bachelors degree working as management",10k,"Hygiene from Health and Hygiene department, Ordered Brand : Bird Call",25.5832,-22.676,non recyclable,,Budget Bargains,Supermarket,4.86Ms,2.0898 Millions,1623.48,341.05,226.83,623.7298,videira,SC,-27.00086872288371,-51.14532022116548,Pinhais,"PR
",-25.44071444991049,measure: -49.188443906024766,5.0
mc_ID_9209,"Single Male with one child, education: bachelors degree working as professional",70K+,"Canned Soup from Canned Foods department, Ordered Brand : Just Right",29.7987,26.8915,recyclable,"['Video Store', 'Coffee Bar', 'Ready Food', 'Florist', 'Bar For Salad']",Price Cutters,DELUXE,4.8 Millions,1.632 Millions,1525.71,373.1,,642.0871,patrocinio,MG,-18.96081539046384,amount: -47.00148282201047,amparo,SP,-22.72282092806635,-46.84179829244856,4.0
mc_ID_9210,"MaRrIeD MaLe wItH OnE ChIlD, eDuCaTiOn: BaChElOrS DeGrEe wOrKiNg aS PrOfEsSiOnAl",150K+,"Candy from Snacks department, Ordered Brand : Atomic",15.8442,14.376,recyclable,"['Bar For Salad', 'Coffee Bar', 'Video Store', 'Ready Food', 'Florist']",,Deluxe,2.7 Millions,0.945 Millions,1734.5,,335.38,662.2226,brasilia,df,-15.806524500000004,data: -47.93582925,marilia ,Sp,-22.193082052455427,-49.948926747706174,5.0
mc_ID_9213,"Married Female w/ three children, education: bachelors degree working as professional",€8K+,"Drinks from Beverages department, Ordered Brand : Excellent",18.61 kg,15.6988,non recyclable,"['Ready Food', 'Bar For Salad']",Big Time Discounts,Supermarket,€7.6M,2.7714 Millions,2448.37,470.27,,501.9754,barra de sao francisco,3s,-18.753863695129915,-40.89803369413856,sao paulo,SP,-23.60949202553521,-46.73801204440535,5.0
mc_ID_9214,"Married Male with two kidren, education: partial high school working as skilled manual",50K+,"Hot Beverages from Beverages department, Ordered Brand : Plato",25.1472,23.5482,non recyclable,['Coffee Bar'],Big Time Saving,SuPERMarkEt,2.36Ms,0.7316 Millions,1236.07,440.92,293.95,710.234,dUQueDECaxiAs,RJ,-22.77760106919542,-43.29066335228759,dracena, SP ,-21.4988715,-51.53786099999999,5.0
mc_ID_9215,"MaRrIeD FeMaLe wItH ThReE ChIlDrEn, EdUcAtIoN: hIgH ScHoOl dEgReE WoRkInG As pRoFeSsIoNaL",130K+ annually,"Frozen Desserts from Frozen Foods department, Ordered Brand : Big Time",25.2925,23.6936,recyclable,['Coffee Bar'],One Day Sale,Small Grocery,2.91 Millions,1.1058 Millions,1423.37,398.93,264.81,625.6126,sAo LUis,MA,val: -2.508543046667356,-44.303019926805405,curitiba,PR,-25.44384908076061,-49.25520561183576,5.0
mc_ID_9216,"Single Female with one kid, education: HS degree working as manual",30K+,"Vegetables from Frozen Foods department, Ordered Brand : Golden",12.4718,8.0965,recyclable,['Florist'],Weekend Discount,Supermarket,4.38 Millions,1.533 Millions,1320.66,523.32,348.85,279.1251,ibipora,PR,measure: -23.26606188021142,-51.051074898377856,ARAGUARI,mg,-18.65223568071188,-48.19343213192182,measure: 4.0
mc_ID_9217,"Single Male with five children, education: partial high school working as skilled manual",10K+,"Jams and Jellies from Baking Goods department, Ordered Brand : Super",15.6988,12.7916,recyclable,['Coffee Bar'],Best Price Savers,SUPERMARKET,3.8 Millions,1.748 Millions,1236.07,440.92,293.95,349.2594,r3cife,pe,val: -8.035457003721227,-34.89245369438057,RIBEIRAO PRETO,SP,-21.17121748495008,-47.81941847157649,4.0
mc_ID_9218,"Married Male with two children, education: partial high school working as manual",€8K+,"Canned Anchovies from Canned Foods department, Ordered Brand : Bravo",12.1084,7.7331,non recyclable,['Coffee Bar'],,Small Grocery,4.62 Millions,1.5708 Millions,,330.83,220.6,726.7608,rio de janeiro,rj,-22.84918366556059,data: -43.37790772468112,atibaia,SP,-23.112774381969185,measure: -46.5488845105504,5.0
mc_ID_9219,"Married Male with three children, education: high school degree working as manual",30000,"Fruit from Produce department, Ordered Brand : High Top",14.2161,11.2944,non recyclable,"['Video Store', 'Florist', 'Coffee Bar', 'Bar For Salad', 'Ready Food']",To Be Determined,,4.98 Millions,1.6932 Millions,2038.11,481.98,321.26,602.7575,taubate,SP ,-23.022733959878504,-45.55651892606318,Sao Paulo,SP,val: -23.479316999999995,-46.5904340471753,3.0
mc_ID_9220,"Married Female with three kidren, education: partial college working as management",130K+,"Vegetables from Produce department, Ordered Brand : Tri-State",amount: 17.2978,14.376,recyclable,"['Ready Food', 'Bar For Salad', 'Coffee Bar', 'Florist']",Save It (Sale),,11.72 Millions,4.8052 Millions,2055.29,654.13,434.18,728.9051,Vila Velha,ES,-20.360474072335023,-40.351867185473125,CAMpO LiMPo PauLIsta,SP,-23.20706431353269,-46.760735214610754,val: 5.0
mc_ID_9221,"Married Female with three children, education: bachelors degree working as professional",50 Thousand,"Cold Remedies from Health and Hygiene department, Ordered Brand : Hilltop",15.4081,12.5009,recyclable,,Sales Days,Supermarket,,3.396 Millions,2046.94,457.36,304.76,610.5502,Sumare,SP,data: -22.800362898695823,-47.21833340077328,campo limpo paulista,5p,-23.20706431353269,-46.760735214610754,5.0
mc_ID_9222,"Single Male with three children, education: bachelors degree working as management",70K+,"Specialty from Carousel department, Ordered Brand : King",17.007,15.4081,recyclable,['Florist'],Super Savers,Supermarket,3.96 Millions,1.6632 Millions,1318.23,523.32,348.85,338.6948,brasilia,DF,-15.799101326895135,-47.91990650528445, morrinhos ,GO,-17.729883908082964,-49.12801264983615,amount: 5.0
mc_ID_9224,"Married Female with four children, education: high school degree working as skilled manual",30K+,"Vegetables from Produce department, Ordered Brand : Hermanos",19.9142,15.4081,non recyclable,"['Ready Food', 'Bar For Salad']",Price Slashers,sUpeRmaRkEt,€7.2M,4.0044 Millions,2265.9,,568.87,450.8783,alcinopolis,M5,-18.32603810081622,-53.709807529904346,votorantim,SP,-23.540699932021333,-47.45842622799934,5.0
mc_ID_9227,"Single Male with three children, education: partial high school working as manual",10K+,"Electrical from Household department, Ordered Brand : High Quality",30.9615,27.909,non recyclable,"['Florist', 'Coffee Bar', 'Ready Food', 'Bar For Salad', 'Video Store']",Save Price,Deluxe,6.63 Millions,2.5857 Millions,1734.5,503.07,335.38,419.9167,brasilia_,DF,-15.843092528722453,-47.82225242246026,sao paulo,Sp,,,5.0
mc_ID_9228,"Married Male with three children, education: partial High School working as management",130K+,"Snack Foods from Snack Foods department, Ordered Brand : Fort West",26.6008,23.5482,recyclable,,Big Time Discounts,Mid-Size,5.84 Millions,1.8688 Millions,2819.7,,297.95,328.1302,be1o horizonte,MG,-19.95954610294896,-43.93549305303234,formiga,MG,-20.474084262411907,-45.424321458052006,5.0
mc_ID_9229,"Single Male with three children, education: partial HS working as management",Income: 130K+,"Dairy from Dairy department, Ordered Brand : Even Better",17.8792,measure: 13.5184,non recyclable,"['Florist', 'Bar For Salad', 'Video Store', 'Ready Food', 'Coffee Bar']",-1,Gourmet,8.64 Millions,4.32 Millions,1424.85,465.54,310.48,292.6708, teresina,PI,-5.1309766020783885,-42.78243452518517,BoRda DA MAtA,MG,-22.264093569966427,-46.15856420525942,5.0
mc_ID_9231,"Married Female with one child, education: partial college working as clerical",30K+,"Cleaning Supplies from Household department, Ordered Brand : Sunset",23.84 kg,20.7864,recyclable,"['Video Store', 'Florist', 'Ready Food', 'Coffee Bar', 'Bar For Salad']",Lottery Cash Registerion,Deluxe,3.7 Millions,1.258 Millions,,,334.84,290.7357,Salesopolis,5P,-23.53017186184537,val: -45.85395965939973,sumare ,SP,-22.828654864562257,-47.267296160568925,5.0
mc_ID_9234,"Married Male with two kids, education: HS degree working as professional",70K+,"Bread from Baked Goods department, Ordered Brand : Colony",10.9746,8.0674,non recyclable,"['Florist', 'Bar For Salad', 'Coffee Bar', 'Ready Food']",Price Winners,,€2.6M,1.3552 Millions,,654.13,435.09,494.9149,vila langaro,rs,amount: -28.10758843069072,-52.14401943332764,IbLtiNGa,SP,-21.7664768468313,amount: -48.83154737836604,3.0
mc_ID_9237,"Married Female with two children, education: bachelors degree working as professional",€42K+,"Frozen Desserts from Frozen Foods department, Ordered Brand : Big Time",amount: 29.944,28.4904,recyclable,['Coffee Bar'],,Supermarket,6.81 Millions,3.3369 Millions,1236.07,440.92,292.35,688.1634,karmo do paranaiba,MG_,-18.997588351779083,-46.29733006798912,SAo bErnaRdO DO camPo,SP,-23.71933860892157,-46.5517479343586,5.0
mc_ID_9238,"Married Female wiht one child, education: High School degree working as manual",30K+,"Bathroom Products from Health and Hygiene department, Ordered Brand : Faux Products",30.9615,measure: 29.3626,recyclable,['Coffee Bar'],Sale : Double Down,SUPERMARKET,4.46 Millions,1.6056 Millions,1236.07,440.92,,309.5637,vila velha,E$,data: -20.343837839616228,-40.31403043030959,ibiTinGA,SP,-21.7664768468313,-48.83154737836604,
mc_ID_9239,"Married Female with three kidren, education: partial high school working as skilled manual",10K+,"Meat from Deli department, Ordered Brand : Moms",val: 23.5482,20.64 kg,recyclable,"['Florist', 'Coffee Bar', 'Bar For Salad', 'Video Store', 'Ready Food']",,DELUXE,15.4 Millions,5.544 Millions,1734.5,505.07,335.38,313.0678,itajai,SC,-26.91626999999994,-48.65245999999996,riberao preto,SP,-21.16850440882337,-47.79370519233655,measure: nan
mc_ID_9240,"Married Female with two children, education: bachelors degree working as management",90K+,"Beer and Wine from Alcoholic Beverages department, Ordered Brand : Walrus",28.1997,25.1472,recyclable,['Coffee Bar'],Weekend Discount,supermarket,8.52 Millions,3.408 Millions,1236.07,440.92,293.95,measure: 364.1649,vITorIa,E5_,-20.296512281724183,-40.29620870064644,sao paulo,$P ,-23.60949202553521,-46.73801204440535,5.0/5.0
mc_ID_9241,"Single Female with four children, education: graduate degree working as professional",130K+,"Vegetables from Produce department, Ordered Brand : Ebony",18.0246,14.972,recyclable,"['Ready Food', 'Bar For Salad', 'Florist', 'Coffee Bar', 'Video Store']",Green Light Special,Deluxe,8.97 Millions,4.3953 Millions,1525.28,,248.79,507.9899,nova iguacu,RJ,-22.816208502962155,-43.592857367908415,sao paulo,SP,-23.59798552039933,-46.55547278711988,4.0
mc_ID_9242,"Single Female with No children, education: partial high school working as management",90K+,"Beer and Wine from Alcoholic Beverages department, Ordered Brand : Portsmouth",23.5482,19.1874,recyclable,"['Florist', 'Bar For Salad', 'Ready Food', 'Video Store', 'Coffee Bar']",Dimes Off,Deluxe,€7.3M,3.9744 Millions,2038.11,481.98,321.26,550.6144,santana do livramento,RS,-30.89313313850788,-55.53526684015964,rio de janeiro,_RJ,amount: -22.905911692480792,-43.18657247155059,val: 5.0
mc_ID_9243,"Single Male with two children, education: bachelors degree working as professional",70K+,"Beer and Wine from Alcoholic Beverages department, Ordered Brand : Walrus",-22.8214,43.58 lbs,non recyclable,"['Ready Food', 'Bar For Salad', 'Florist', 'Coffee Bar']",Discount Frenzy,,3.32 Millions,1.2948 Millions,2052.73,,437.02,779.6884,"sao paulo
",SP,-23.55516971681634,-46.677587386498686,hORtoLAnDiA,SP,val: -22.887514996879027,-47.19573904628551,4.0
mc_ID_9244,"Married Male with two children, education: bachelors degree working as professional",10K+,"Cleaning Supplies from Household department, Ordered Brand : Sunset",30.3801,63.45 lbs,recyclable,['Coffee Bar'],Best Savings,,3.48 Millions,1.74 Millions,1236.07,440.92,293.95,596.2723,belo horizonte,MG,-19.855790507905848,-43.91751730515326,saopaulo,Sp,-23.61411790980433,-46.60034800222169,5.0
mc_ID_9245,"Married Female with No kidren, education: bachelors degree working as professional",Income: 70K+,"Canned Soup from Canned Foods department, Ordered Brand : Just Right",13.5329,9.1722,recyclable,['Florist'],Budget Bargains,SUpERmaRKEt,7.48 Millions,3.1416 Millions,1320.15,,348.85,738.7898,sao paulu,Sp,-23.576650637803663,-46.453653854146246,Santo Andre, SP,-23.665703457960586,val: -46.51808196779969,5.0
mc_ID_9248,"Single Female with two children, education: bachelors degree working as management",,"Snack Foods from Snack Foods department, Ordered Brand : Horatio",15.9895,-11.6287,recyclable,"['Ready Food', 'Coffee Bar', 'Florist', 'Video Store', 'Bar For Salad']",Shelf Emptiers,gourmet,8.28 Millions,2.5668 Millions,TBD,467.54,310.3,616.4078,ITaqUAquECeTUBA,SP,amount: -23.47469907252676,data: -46.31480812284347,sao paul0,SP,-23.65111484251016,-46.75521082321932,4.0
mc_ID_9249,"Single Male with four children, education: graduate degree working as professional",90K+,"Specialty from Produce department, Ordered Brand : Tri-State",25.4379,-22.5307,recyclable,"['Ready Food', 'Bar For Salad', 'Video Store', 'Florist', 'Coffee Bar']",Sales Days,Deluxe,3.08 Millions,1.3244 Millions,1871.16,593.93,395.95,608.772,sorocaba,SP,-23.489741556206333,measure: -47.509921178602326,sao paulo,SP,-23.63329280322003,-46.73784151540766,5.0
mc_ID_9250,"Married Female with two kidren, education: bachelors degree working as professional",50K+,"Bread from Baked Goods department, Ordered Brand : Modell",20.641,17.5885,non recyclable,"['Bar For Salad', 'Ready Food']",Super Savers,Supermarket,"3.81 ,000,000illions",1.7907 Millions,2448.37,472.27,313.55,719.3865,luis eduardo magalhaes,BA,-12.08678562555841,-45.79992414323213,santo andre,SP,-23.665703457960586,-46.51808196779969,5.0
mc_ID_9253,"Single Male with three kidren, education: partial high school working as professional",90K+,"Dairy from Dairy department, Ordered Brand : Even Better",22.8214,18.3153,non recyclable,,Price Destroyers,Supermarket,1.58 Millions,0.7584 Millions,2049.72,457.36,304.91,325.6198,paraibuna,_sp,val: -23.34992418052465,-45.70879040973767,foz do iguacu,PR,-25.52742965797669,-54.57570382833004,5.0
mc_ID_9254,"Married Female with three children, education: partial HS working as professional",70K+,"Snack Foods from Snack Foods department, Ordered Brand : Horatio",11.2072,9.7536,recyclable,"['Bar For Salad', 'Coffee Bar', 'Video Store', 'Florist', 'Ready Food']",Price Winners,deluxE,4.62 Millions,2.2638 Millions,2038.11,481.98,321.26,478.9634,santos,$p,-23.9678895545329,-46.34412123980033,petropolis,rj,-22.549033360244323,data: -43.210094724044055,1.0
mc_ID_9255,"Maried Male with three children, education: partial high school working as professional",110K+,"Hygiene from Health and Hygiene department, Ordered Brand : Steady",--,-8.5617,non recyclable,"['Bar For Salad', 'Ready Food']",Super Savers,SUPERMARKET,6.42 Millions,2.4396 Millions,2448.37,470.27,313.55,719.3865,altamira,PA,val: -3.2056389790715394,-52.208863809676046,senta barbara d´oeste,SP,-22.760477687572443,-47.41281121951772,1.0
mc_ID_9256,"Married Female with three children, education: High School degree working as manual",50K+,"Dairy from Dairy department, Ordered Brand : Carlson",28.4904,measure: 24.1296,recyclable,"['Florist', 'Coffee Bar']",Green Light Special,M1d-Size,7.08Ms,3.186 Millions,2550.65,389.54,259.66,769.6991,guarulhos,SP ,-23.453200132516344,-46.484469408993874,sao paulo,SP,val: -23.554079433810344,-46.53324185942636,1.0
mc_ID_9257,"Married Female with four children, education: bachelors degree working as management",$70K+,"Candy from Snacks department, Ordered Brand : Musial",21.2225,18.3153,non recyclable,,Price Winners,Supermarket,8.76 Millions,2.9784 Millions,1623.48,341.05,,val: 586.7537,araquari,SC,-26.417275647222727,-48.756934054286376,Itauna,MG,-20.08212660423176,measure: -44.5732983518722,3.0
mc_ID_9259,"Married Female with four children, education: high school degree working as skilled manual",30K+,"Dairy from Dairy department, Ordered Brand : Carlson",20.4957,17.5885,recyclable,"['Ready Food', 'Bar For Salad', 'Video Store', 'Florist', 'Coffee Bar']",Price Slashers, Deluxe,2.26 Millions,1.0396 Millions,1732.97,503.07,335.38,282.9953,belo horizonte,MG,-19.89411305190717,-43.909105945322864,ibitinga,SP,-21.7664768468313,-48.83154737836604,4.0
mc_ID_9260,"education: partial college working as management, Married Female with two children",70K+,"Breakfast Foods from Frozen Foods department, Ordered Brand : Carrington",15.1174,-12.1956,recyclable,"['Coffee Bar', 'Bar For Salad', 'Ready Food', 'Florist']",Save Price,Deluxe,3.93 Millions,1.9257 Millions,2055.29,654.13,435.87,584.191,RiO daS oSTr@s, RJ,-22.55404662402426,-41.98120292081672,sao paulo,Sp,-23.537922030359404,-46.47769578680452,5.0
mc_ID_9262,"single female with four children,education: high school degree working as skilled manual",30K+ annually,"Paper Products from Household department, Ordered Brand : Denny",27.0368,24.1296,recyclable,,Big Time Discounts,Supermarket,13.8 Millions,4.14 Millions,2049.72,459.36,,310.662,goiania,Go,-16.66317182695635,-49.3078833373604,sao paulo,SP,-23.58759692255761,-46.58181527338564,5.0
mc_ID_9263,"Single Male with No children, education: bachelors degree working as professional",50K+,"Paper Products from Household department, Ordered Brand : Denny",27.0368,24.1296,recyclable,"['Coffee Bar', 'Ready Food', 'Video Store', 'Florist', 'Bar For Salad']",,gourmet,10.35 Millions,3.4155 Millions,1424.85,465.54,308.78,,osasco,SP,-23.54409619233656,-46.76689678195532,ibiting@,5P,-21.7664768468313,-48.83154737836604,5.0
mc_ID_9264,"Married Male with two kids, education: partial college working as skilled manual",50K+,"Dairy from Dairy department, Ordered Brand : Booker",30.3801,-27.3275,non recyclable,"['Bar For Salad', 'Ready Food']",Shelf Clearing Days,Supermarket,15.92 Millions,6.2088 Millions,2446.64,470.27,313.55,363.6942,Sao Paulo,"sp
",-23.56356993894623,-46.65184216708981,piracicaba,SP,-22.726257875353635,-47.63781138952056,4.0
mc_ID_9265,Single Female with four children + education: partial high school working as skilled manual,Income: 10K+,"Carbonated Beverages from Beverages department, Ordered Brand : Washington",amount: 26.1647,24.7111,recyclable,"['Florist', 'Bar For Salad', 'Coffee Bar', 'Ready Food']",Weekend Discount,gourmet,7.83 Millions,3.2103 Millions,1564.86,385.45,257.92,470.177,sao paulu,sP,-23.59347283236194,-46.58096227990652, sao jose do rio preto,$P,-20.796222017784032,-49.42402036205527,5.0
mc_ID_9266,"Married Male with four children, education: bachelors degree working as management.",$50K+,"Vegetables from Frozen Foods department, Ordered Brand : Big Time",30.0894,-27.1822,non recyclable,"['Ready Food', 'Bar For Salad', 'Florist', 'Coffee Bar']",,De1uxe,6.56Ms,3.0176 Millions,2056.69,656.13,435.96,728.9051,sete lagoas,Mg,-19.46361254830593,-44.24441403023008,GOIANIA,Gu,-16.671296999999946,-49.23724849999997,5.0
mc_ID_9267,"Married Female with three children, education: partial college working as management",30K+,"Breakfast Foods from Breakfast Foods department, Ordered Brand : Johnson",26.6008,23.5482,recyclable,"['Coffee Bar', 'Bar For Salad', 'Video Store', 'Florist', 'Ready Food']",Sale Sale Sale,Deluxe,2.4 Millions,1.104 Millions,1525.28,373.1,248.19,722.6814,_linhares,ES,-19.404003708258912,-40.06159959748777,sao paulo,SP,-23.65111484251016,-46.75521082321932,5.0
mc_ID_9268,"Married Female with three children, education: partial high school working as professional",$70K+,"Fruit from Produce department, Ordered Brand : Tri-State",11.0618,6.7011,non recyclable,"['Video Store', 'Coffee Bar', 'Ready Food', 'Bar For Salad', 'Florist']",Pick Your Savings,Deluxe,5.88 Millions,2.7048 Millions,,481.98,321.26,739.4174,sao sebastiao,sp,data: -23.78722820472717,-45.55714014799399,curitiba,PR,-25.464029318048183,-49.30472794690424,1.0
mc_ID_9271,"Married Female with two children, education: partial high school working as manual",10K+,"Vegetables from Canned Foods department, Ordered Brand : Better",16.8617,amount: 15.4081,recyclable,"['Ready Food', 'Bar For Salad']",,SupErmarKeT,3.78 Millions,1.7766 Millions,2448.37,472.27,313.1,324.8876,campo limpo paulista,SP,-23.20706431353269,-46.760735214610754,JOINVILLE,$C,-26.287890550358416,-48.778370341304736,val: 5.0
mc_ID_9273,Single Male with four children; education: high school degree working as manual,30K+,"Canned Sardines from Canned Foods department, Ordered Brand : Blue Label",20.3503,15989.50 grams,recyclable,,Weekend Discount,Mid-Size,€3.1M,1.26 Millions,2085.67,783.64,,577.7581,perUibe,5P,measure: -24.30942886354128,-46.991091315656,pocos 	de 	caldas,Mg,,,3.0
mc_ID_9276,"Married Male with No children, education: bachelors degree working as professional",50K+,"Kitchen Products from Household department, Ordered Brand : Cormorant",28.3451,val: 26.8915,non recyclable,"['Ready Food', 'Bar For Salad', 'Coffee Bar', 'Florist']",,	Gourmet,€7.2M,2.8968 Millions,1564.86,385.45,256.97,396.2248,martinesia,mg,-19.14689418037075,-47.93378465838581,brasilia,DF,-15.840667480274698,amount: -48.051942900348365,2.0
mc_ID_9277,"marriied female w/ one child, education: bachelors degree working as professional",10K+,"Candy from Snacks department, Ordered Brand : Thresher",-27.3275,amount: 25.7286,recyclable,"['Florist', 'Bar For Salad', 'Ready Food', 'Coffee Bar', 'Video Store']",Lottery Cash Registerion,Deluxe,7.48 Millions,2.3188 Millions,1734.5,503.07,335.87,313.0678,sorocaba,sp,-23.492031736886148,-47.47300904079867,Sao Paulo,$P,-23.566230979700467,-46.58020347785505,5.0
mc_ID_9278,"Married Male with five kids, education: high school degree working as manual",30K+,"Canned Anchovies from Canned Foods department, Ordered Brand : Just Right",32.37 lbs,10.3205,recyclable,"['Coffee Bar', 'Ready Food', 'Florist', 'Bar For Salad']",Dollar Days,DELUXE,$8.55 Millions,3.249 Millions,2055.29,654.13,436.09,725.9763,valinhos,	SP,-22.963253612775464,-47.01219940781335,IBITINGA,SP_,amount: -21.7664768468313,measure: -48.83154737836604,amount: 5.0
mc_ID_9279,"Married Female with four children, education: bachelors degree working as professional",50000,"Dairy from Dairy department, Ordered Brand : Even Better",69.86 lbs,27.1822,recyclable,"['Coffee Bar', 'Video Store', 'Bar For Salad', 'Florist', 'Ready Food']",GLD,DELUXE,$6.58 Millions,2.8952 Millions,,593.93,395.95,€411.52,GUARUJA_,SP,-23.978624736621192,-46.2155448966947,mairipora,SP,-23.32358162262788,-46.571516434161296,4.0
mc_ID_9280,"Married Male with five children, education: high school degree working as skilled manual",30K+,"Pure Juice Beverages from Beverages department, Ordered Brand : Fabulous",8.7216,205.10 oz,recyclable,['Coffee Bar'],Savings Galore,Supermarket,14.25 Millions,4.275 Millions,1233.53,440.92,293.95,724.5119,Urupes,SP,-21.203822247743748,-49.30084663146117,sao paulo,SP,-23.554133203993324,-46.53048959908248,
mc_ID_9281,"Married Female with three children, education: partial high school working as skilled manual",10K+,"Snack Foods from Snack Foods department, Ordered Brand : Best Choice",20.93 kg,17.8792,non recyclable,['Florist'],Shelf Emptiers,,$5.4 Millions,2.538 Millions,1318.28,523.32,348.85,564.2647,Tiraden7Es,MG,-21.11155006081336,-44.18785451278384,SAO PAULO,SP,-23.56168119891244,data: -46.50627110555333,5.0
mc_ID_9282,"Married Female with one child, education: bachelors degree working as professional",70K+,"Candy from Snacks department, Ordered Brand : Atomic",15.1174,-12.1956,non recyclable,,Tip Top Savings,Supermarke7,5.0 Millions,2.15 Millions,,457.36,303.06,$557.83,registro,SP_,-24.49203032806276,-47.83413137913321,sao paulo,sp,-23.54478975206393,-46.495489292925285,data: 5.0
mc_ID_9283,"Married Male with two children, education: high school degree working as manual",30K+,"Dairy from Dairy department, Ordered Brand : Gorilla",31.8337,val: 27.3275,recyclable,,,Supermarke7,11.79Ms,4.5981 Millions,1623.62,341.05,,277.0331,placas,pA,amount: -3.868070544136392,-54.215231563619774,maringa,PR,-23.396179945356447,data: -51.925220060790366,5.0
mc_ID_9284,"Married Female with two children, education: bachelors degree working as management",50K+,"Baking Goods from Baking Goods department, Ordered Brand : BBB Best",22.3853,20.7864,non recyclable,,Mystery Sale,,7.36 Millions,2.3552 Millions,1623.23,341.05,227.33,718.9681,itamonte,MG,-22.276708065385453,val: -44.87393415721582,ibitinga,sp,-21.7664768468313,-48.83154737836604,2.0
mc_ID_9286,"Single Male with four children, education: high school degree working as professional",840+ monthly,"Canned Soup from Canned Foods department, Ordered Brand : Just Right",data: 13.5329,9.1722,recyclable,,,Supermarket,7.48 Millions,2.4684 Millions,,227.8,151.82,727.9637,BRASILIA,DF,-15.75329499999998,-48.04162999999997,SAO berNArdO DO CAMpo,"SP
",-23.71688471949829,val: -46.54199108267673,4.0
mc_ID_9287,"Single Male with three children, education: partial high school working as manual",Income: 10K+,"Vegetables from Frozen Foods department, Ordered Brand : Carrington",14.376,11.4688,recyclable,['Coffee Bar'],,Small Grocery,1.52 Millions,0.4864 Millions,1394.66,534.29,356.51,320.4421,itapetininga,Sp,-23.57076399930005,val: -48.01854694865938,_campinas,SP,-22.8475181626464,-47.03552279669915,5.0
mc_ID_9290,"Single Male with two children, education: bachelors degree working as professional",70K+,"Canned Soup from Canned Foods department, Ordered Brand : Better",24.5657,21.5132,recyclable,"['Florist', 'Coffee Bar']",Sales Days,Mid-Size,1.71 Millions,0.7866 Millions,2553.53,391.54,259.66,$694.96,engenheiro paulo de frontin,RJ,-22.544858200133547,data: -43.6851656978732,guarulhos_,SP,-23.46530411469876,-46.51148732089968,3.0
mc_ID_9291,"Single Female with No children, education: partial college working as professional",30k,"Bread from Baked Goods department, Ordered Brand : Sphinx",25.874,22.8214,non recyclable,"['Ready Food', 'Bar For Salad']",Coupon Spectacular,supermarket,"2.64 ,000,000illions",0.8448 Millions,2265.9,,568.75,269.1881,jundiai, SP,-23.187084388467,-46.8516474016882,curitiba,_PR,-25.45385542382702,-49.286168717179294,4.0
mc_ID_9293,"Single Female with one child, education: bachelors degree working as professional",50K+,"Pizza from Frozen Foods department, Ordered Brand : Carrington",17.5885,16.1349,recyclable,"['Video Store', 'Florist', 'Bar For Salad', 'Ready Food', 'Coffee Bar']",GLD,Deluxe,7.71Ms,3.3924 Millions,1871.16,593.93,394.89,484.1411,rio de janeiro,rj,-23.01373315958797,-43.31153889592586,Praia Grande,SP,-24.026786758814687,-46.49304889148245,5.0
mc_ID_9294,"Married Male with two children, education: partial college working as skilled manual",30 Thousand,"Snack Foods from Snack Foods department, Ordered Brand : Fast",24.5657,val: 21.5132,non recyclable,,,Supermarket,2.4 Millions,0.816 Millions,1505.85,227.8,,735.1811,itapecerica da serra,SP,-23.71199903862156,-46.85931236190325,sao paulo,SP,-23.693985995008337,-46.70188324132953,4.0
mc_ID_9295,"Married Male with one child, education: HS degree working as management",130K or more,"Paper Products from Household department, Ordered Brand : Sunset",19.7689,val: 16.8617,recyclable,['Coffee Bar'],Sale Sale Sale,Supermarket,5.26Ms,2.104 Millions,1236.07,440.92,292.87,£345.83,salto,5p,-23.17588057617297,-47.31592004954123,GuaRulhOs,SP,-23.46530411469876,-46.51148732089968,2.0
mc_ID_9299,"Married Female with one child, education: graduate degree working as management",70K+,"Snack Foods from Snack Foods department, Ordered Brand : Horatio",30.3801,28.7811,recyclable,['Coffee Bar'],Savings Galore,Supermarket,7.08 Millions,3.0444 Millions,1238.57,440.92,,£528.89, apiuma ,SC,-27.104285999999945,-49.376370499999965,"curitiba
",PR,-25.43084570358929,amount: -49.29763028559067,4.0
mc_ID_9300,"Single_Male_wiht_three_children,_education:_partial_high_school_working_as_management",130K+ annually,"Vegetables from Produce department, Ordered Brand : Tell Tale",18.8967,14.5359,recyclable,"['Ready Food', 'Video Store', 'Florist', 'Bar For Salad', 'Coffee Bar']",,gourmet,3.88 Millions,1.2416 Millions,1427.68,465.54,310.3,292.6708,SANTO ANDRE,Sp,-23.656293518994904,-46.55412213733605,lauro de freitas,ba,-12.895112589380958,val: -38.33895999999978,4.0
mc_ID_9302,"Married Male with two children, education: partial high school working as manual",30K+,"Meat from Deli department, Ordered Brand : Red Spade",measure: 8.9105,7.4569,non recyclable,"['Ready Food', 'Bar For Salad']",Price Cutters,Supermarket,6.28 Millions,1.9468 Millions,2265.9,853.22,567.24,761.0696,santa cruz das palmeiras,sp,-21.81702801458608,-47.24266525128645,GUARULHOS,5P,-23.457428518177625,-46.56396476894224,5.0
mc_ID_9303,"Single Female with four children, education: partial high school working as skilled manual",30K+,"Dairy from Dairy department, Ordered Brand : Even Better",29.5079,26.4554,non recyclable,,,$upermarket,"3.28 ,000,000illions",1.312 Millions,1623.48,341.05,227.33,743.1307,JoAo peSSOa,pb,-7.100423962296867,-34.86299327119139,GUARULHOS,SP,data: -23.46530411469876,-46.51148732089968,val: 4.0
mc_ID_9305,"sINGLE fEMALE WITH FOUR CHILDREN, EDUCATION: hIGH sCHOOL DEGREE WORKING AS SKILLED MANUAL",30K+,"Canned Tuna from Canned Foods department, Ordered Brand : Better",20.641,19.0421,recyclable,,Super Duper Savers,Supermarket,3.0 Millions,1.5 Millions,2049.43,457.36,304.91,527.7593,sant0s,SP,-23.96682586733222,-46.32897174522469,sao paulo,SP,data: -23.693985995008337,data: -46.70188324132953,5.0
mc_ID_9306,"Married Female with five children, education: partial college working as professional",130K+ annually,"Frozen Desserts from Frozen Foods department, Ordered Brand : Carrington",589.65 oz,13.8091,recyclable,"['Bar For Salad', 'Coffee Bar', 'Florist', 'Ready Food']",Weekend Discount,Gourme7,"3.62 ,000,000illions",1.5566 Millions,1564.86,385.45,256.97,470.177,sao paulo,$P,-23.440038612401093,-46.71668596451273,saopaulo,SP,-23.693985995008337,-46.70188324132953,5.0
mc_ID_9307,"Married Female with two children, education: high school degree working as skilled manual",30K+,"Candy from Snacks department, Ordered Brand : Choice",val: 16.8617,12.5009,non recyclable,,,Supermarket,2.24 Millions,1.0976 Millions,2050.86,457.36,304.06,610.5502,L0Uveira,sp,-23.08412527710581,-46.98121307089687,GUARIBA,SP,-21.36235769739203,-48.232975701561735,5.0
mc_ID_9308,"Single Female with five children, education: bachelors degree working as professional",50K+,"Canned Soup from Canned Foods department, Ordered Brand : Better",19.0421,16.1349,recyclable,"['Coffee Bar', 'Florist', 'Bar For Salad', 'Ready Food']",,DELUXE,4.6 Millions,1.518 Millions,2056.73,654.13,,779.6884,_porto alegre,R$,-29.988864,-51.09603223590519,campo limpo paulista,sp,-23.20706431353269,-46.760735214610754,amount: 5.0
mc_ID_9309,"MARRIED FEMALE WITH FIVE CHILDREN, EDUCATION: BACHELORS DEGREE WORKING AS PROFESSIONAL",70K+,"Pizza from Frozen Foods department, Ordered Brand : PigTail",8.8088,4.4335,non recyclable,,Super Savers,Supermarket,5.04 Millions,2.4192 Millions,2047.78,,304.91,339.8977,lucas do rio verde,MT,data: -13.062794880243286,-55.91547787486076,praia grande, SP ,-24.011288218359883,-46.41873374429398,5.0
mc_ID_9310,"Single Male with two children, education: bachelors degree working as management",10K+,"Dairy from Dairy department, Ordered Brand : Club",25.7286,22.8214,recyclable,Not Available,Shelf Clearing Days,SUPERMARKET,$3.34 Millions,1.6032 Millions,,853.22,568.75,£416.95,juquia,Sp,-24.316007192981868,-47.6310274100164,BELO HORIZONTE, MG ,-19.921126734952896,amount: -43.94119674937962,3.0
mc_ID_9314,"Married Female with two children, education: batchelors degree working as professional",$50K+,"Starchy Foods from Starchy Foods department, Ordered Brand : Shady Lake",val: 28.6358,-27.1822,recyclable,"['Bar For Salad', 'Coffee Bar', 'Florist', 'Ready Food']",Save Price,,6.78 Millions,2.373 Millions,2055.29,654.13,435.81,584.191,sao paulo,SP,-23.52103885206878,-46.396061811270094,GUARIBA,SP,-21.36235769739203,-48.232975701561735,4.0
mc_ID_9315,"Married Female with two children, education: bachelors degree working as management",70K+,"Candy from Snacks department, Ordered Brand : Atomic",val: 20.2049,15.6988,non recyclable,"['Bar For Salad', 'Video Store', 'Coffee Bar', 'Florist', 'Ready Food']",GLD,deluxe,5.34 Millions,1.7622 Millions,1871.16,593.93,,484.1411,nITerOI, RJ,-22.89428279372572,-43.12073703239408,ribeirao preto,SP,-21.17121748495008,-47.81941847157649,
mc_ID_9316,"Single Male with three children, education: bachelors degree working as professional",50K+,"Canned Soup from Canned Foods department, Ordered Brand : Just Right",19.6235,-999.0,recyclable,"['Ready Food', 'Bar For Salad']",Go For It,Supermarket,8.91 Millions,3.7422 Millions,2448.37,470.27,311.57,347.1151,seo domingos do prata,MG,-19.87136871271049,-42.96085917381833,rio do sul_, SC ,-27.20981137280685,-49.63292048422235,4.0
mc_ID_9318,"Married_Female_with_four_kidren,_education:_high_school_degree_working_as_skilled_manual",30K+,"Baking Goods from Baking Goods department, Ordered Brand : CDR",-11.9485,9.0413,recyclable,"['Florist', 'Video Store', 'Ready Food', 'Coffee Bar', 'Bar For Salad']",Promo Big,DELUXE,$1.9 Millions,0.627 Millions,1871.16,593.93,395.95,578.2288,brasi1ia,DF,data: -15.737082850690438,-47.86597164270226,sao paulo,SP,-23.55770667499565,-46.61476439993657,5.0
mc_ID_9319,Single Male with one child; education: high school degree working as skilled manual,30K+,"Snack Foods from Snack Foods department, Ordered Brand : Best Choice",30.0894,measure: 25.7286,non recyclable,"['Bar For Salad', 'Ready Food']",Save Price,Supermarket,8.13 Millions,3.9837 Millions,,472.27,312.85,406.4756,curitib@,PR,-25.4400884207686,-49.34526604939701,saIto,SP,data: -23.18458241445101,-47.328649797768485,5.0
mc_ID_9320,"Single Female with one kid, education: high school degree working as management",110K or more,"Snack Foods from Snack Foods department, Ordered Brand : Horatio",8.98 kg,6.0615,recyclable,"['Ready Food', 'Coffee Bar', 'Bar For Salad', 'Florist']",Super Duper Savers,Deluxe,€4.1M,2.0988 Millions,2055.29,654.13,438.08,364.2695,campos dos goytaçazes,RJ,-21.77440939174392,-41.31627010619313,praia grande,SP,-24.026786758814687,-46.49304889148245,5.0
mc_ID_9322,"Married Female with two children, education: partial high school working as skilled manual",10K+,"Bread from Baked Goods department, Ordered Brand : Sphinx",11.8613,8.9396,recyclable,,Two Day Sale,MID-SIZE,1.06 Millions,0.3922 Millions,2819.7,447.7,300.33,495.7517,sao paulo,SP,-23.57034735804139,-46.65315099653755,vicosa,MG,-20.721937677884224,amount: -42.86601159708953,5.0
mc_ID_9323,"Married Male with four children, education: graduate degree working as management",€110K+,"Plastic Products from Household department, Ordered Brand : Denny",20.3503,measure: 17.4431,non recyclable,"['Ready Food', 'Bar For Salad']",Shelf Clearing Days,supermarket,2.8 Millions,1.204 Millions,2268.85,853.22,568.75,554.903,FLORIANOPOLIS,SC,-27.44750424718865,-48.39733340340489,ITAQUAQUECETUB4,SP,-23.464295023583936,-46.32874959104104,5.0
mc_ID_9324,"Married Male with No children, education: high school degree working as management",150K+,,20.9317,17.8792,non recyclable,['Coffee Bar'],Best Price Savers,Supermarket,3.42 Millions,1.026 Millions,1236.07,440.92,293.87,720.5371,3MBU-GUACU,SP,-23.82852167738724,-46.814795982633896,brasilia,DF,-15.84494561197996,amount: -47.98527498130505,5.0
mc_ID_9325,"MaRrIeD FeMaLe wItH No kIdS, eDuCaTiOn: PaRtIaL CoLlEgE WoRkInG As cLeRiCaL",30K+,"Bread from Baked Goods department, Ordered Brand : Great",12.4282,8.07 kg,recyclable,,Two Day Sale,Supermarket,10.08 Millions,3.3264 Millions,1623.48,341.05,227.33,383.2021,sao paulo,Sp,-23.60143752899768,-46.644092916180966,s@o paulo,SP,data: -23.56168119891244,-46.50627110555333,4.0
mc_ID_9330,"Married Female with two children, education: High School degree working as manual",30000,"Breakfast Foods from Frozen Foods department, Ordered Brand : Carrington",28.6358,25.7286,recyclable,"['Bar For Salad', 'Coffee Bar', 'Ready Food', 'Florist', 'Video Store']",Lottery Cash Registerion,Daluxe,€3.1M,1.1776 Millions,,,335.38,val: 500.9294,osorio,RS,-29.887280851051504,-50.26939661479174,apucarana,pr,-23.552512530494816,amount: -51.46349357996916,5.0
mc_ID_9332,"Married Female with two children, education: partial high school working as management",90K+,"Vegetables from Produce department, Ordered Brand : Hermanos",20.0596,18.606,recyclable,,Shelf Clearing Days,supermarket,3.68 Millions,1.7664 Millions,1623.48,343.05,227.33,288.8006,rio de janeiro,RJ,-22.84488321703506,-43.25879683126541,dracen4,SP,-21.4988715,amount: -51.53786099999999,4.0
mc_ID_9333,"Married Male with five children, education: partial high school working as professional",70 Thousand,"Fruit from Produce department, Ordered Brand : Tri-State",-19.0421,16.1349,non recyclable,"['Florist', 'Ready Food', 'Coffee Bar', 'Video Store', 'Bar For Salad']",Discount Frenzy,Gourmet,8.07 Millions,3.4701 Millions,1424.85,465.54,310.3,val: 555.2168,sao paulo,SP,-23.52771854954124,-46.61864331556927,RIO DE JANEIRO,RJ,val: -22.842290284753936,-43.29762071175495,
mc_ID_9334,"Single Female with three children, education: partial college working as management",70K+,"Snack Foods from Snack Foods department, Ordered Brand : Horatio",12.2683,7.893,non recyclable,"['Video Store', 'Coffee Bar', 'Ready Food', 'Bar For Salad', 'Florist']",You Save Days,Gourmet,7.7 Millions,3.003 Millions,1426.61,465.54,,689.3663,descalvado,SP,data: -21.915727706969644,-47.62033250569028, laurentin0,SC,-27.23087744199508,-49.73043032302249,4.0
mc_ID_9335,"Married Female with four children, education: partial high school working as manual",10K+ annually,"Decongestants from Health and Hygiene department, Ordered Brand : Consolidated",measure: 13.3585,8.9832,recyclable,"['Florist', 'Coffee Bar', 'Bar For Salad', 'Ready Food', 'Video Store']",Pick Your Savings,Deluxe,6.6 Millions,2.046 Millions,2038.11,481.98,321.26,739.4174,indaiatuba,SP,-23.10225337735851,-47.182096252041575,CAMPinas_,SP,-22.90081444463038,amount: -46.99864279239999,5.0
mc_ID_9336,"Married Female with three children, education: partial high school working as skilled manual",30K+,"Jams and Jellies from Baking Goods department, Ordered Brand : CDR",11.0909,8.1837,recyclable,"['Ready Food', 'Bar For Salad']",Price Cutters,Supermarket,7.5 Millions,3.525 Millions,2265.9,853.22,,761.0696,_sao paulo,SP,-23.632892237261945,amount: -46.66113040804333,saltu,Sp,-23.20591698084141,-47.307845865803,measure: 5.0
mc_ID_9337,"SINGLE FEMALE WITH THREE CHILDERN, EDUCATION: BACHELORS DEGREE WORKING AS PROFESSIONAL",50K+,"Jams and Jellies from Baking Goods department, Ordered Brand : CDR",30.5255,29.0719,non recyclable,"['Bar For Salad', 'Ready Food']",Three for One,_Supermarket,$4.86 Millions,1.8954 Millions,,470.27,313.55,656.2604,egUA BOa,MT,-14.047602159984944,-52.15582597611705,sao paulo,SP,-23.548781693029053,-46.65745981155857,5.0
mc_ID_9338,"Married Male with three children, education: partial high school working as skilled manual",10K+,"Vegetables from Produce department, Ordered Brand : High Top",val: 27.1822,-25.7286,non recyclable,"['Ready Food', 'Coffee Bar', 'Bar For Salad', 'Florist']",Saving Days,Deluxe,6.69 Millions,2.4753 Millions,2055.29,654.13,436.96,352.0313,marituba,PA,-1.3614698897066804,-48.34930091963961,ibitinga,_sp,-21.7664768468313,-48.83154737836604,1.0
mc_ID_9341,"Married Male with one child, education: partial high school working as manual",30K+,"Meat from Deli department, Ordered Brand : American",31.8337,27.3275,recyclable,['Florist'],Roller Savings (High) ,5UperMArKeT,10.96 Millions,4.7128 Millions,1320.15,523.32,348.85,532.6232,sete b4rras,SP,-24.38123467352574,-47.92755771528054,,,measure: nan,,1.0
mc_ID_9342,"Married Female with two children, education: partial college working as clerical",30K+,"Specialty from Carousel department, Ordered Brand : Toretti",27.4729,22.9668,non recyclable,['Coffee Bar'],Pick Your Savings,Supermarket,$4.84 Millions,1.7424 Millions,1237.88,440.92,293.95,436.7573,rancharia,SP,-22.228424054343822,-50.90428896994729,tupa,SP_,-21.93532101918528,-50.49756182976886,measure: 5.0
mc_ID_9344,"Single Female with five children, education: high school degree working as skilled manual",30K+,"Snack Foods from Snack Foods department, Ordered Brand : Horatio",-1.0,amount: 22.24,recyclable,"['Coffee Bar', 'Video Store', 'Bar For Salad', 'Ready Food', 'Florist']",Super Duper Savers,Deluxe_,2.46 Millions,1.0824 Millions,1527.06,373.1,248.79,318.3501,NITEROI,RJ,-22.91127038161472,-43.10515133611283,CURITIBANOS,SC,-27.288614821408185,-50.57696646191445,3.0
mc_ID_9346,"Married Male with five children, education: partial high school working as manual",10K+,"Jams and Jellies from Baking Goods department, Ordered Brand : Super",val: 25.2925,20.7864,non recyclable,['Coffee Bar'],Price Winners,,€2.3M,1.08 Millions,1423.37,398.93,,672.9441,Betim,MG,-19.96247368942237,-44.13869753788447,Sao Paul0,SP,-23.667843855675457,-46.66038973120199,5.0
mc_ID_9347,"Single Male with three children, education: bachelors degree working as professional",130K+,"Starchy Foods from Starchy Foods department, Ordered Brand : Shady Lake",12.9951,8.6198,non recyclable,"['Florist', 'Bar For Salad', 'Coffee Bar', 'Ready Food', 'Video Store']",Best Savings,Deluxa,"10.04 ,000,000illions",4.518 Millions,,593.93,397.44,278.7067,MOGI DAS CRUZES,5P,-23.51937483109403,-46.19269037743349,alfenas,MG,-21.420179371992425,-45.959964474046224,1.0
mc_ID_9349,"Married Female with four kids, education: high school degree working as professional",€59K+,"Magazines from Periodicals department, Ordered Brand : Dollar",23.8389,45.83 lbs,recyclable,"['Bar For Salad', 'Ready Food', 'Video Store', 'Florist', 'Coffee Bar']",Price Winners,Deluxe,6.45Ms,3.096 Millions,1869.32,593.93,395.95,436.9665,itar1ri,5P,val: -24.28999207181857,-47.175537103122046,belo horizonte,MG,-19.878513898894187,-43.95694702879617,1.0
mc_ID_9351,"Single Male with two children, education: graduate degree working as professional",30 Thousand,"Side Dishes from Deli department, Ordered Brand : Moms",24.5657,-20.0596,recyclable,"['Coffee Bar', 'Florist', 'Video Store', 'Ready Food', 'Bar For Salad']",,,6.69 Millions,2.1408 Millions,1736.96,503.07,336.51,282.9953,rio de janeiro,RJ,-22.91880981294356,-43.26535370468581,sao paulo,sP,-23.68080098473656,-46.6840241297536,4.0
mc_ID_9352,"Married Female with No children, education: bachelors degree working as professional",30K+,"Pain Relievers from Health and Hygiene department, Ordered Brand : Steady",measure: 17.1524,14.2452,recyclable,"['Bar For Salad', 'Coffee Bar', 'Video Store', 'Ready Food', 'Florist']",Super Duper Savers,Deluxe,11.32Ms,3.8488 Millions,1525.28,,,266.73,sao jose do rio preto,SP,-20.78099531970049,-49.35424790246387,IBITINGA,SP,-21.7664768468313,-48.83154737836604,5.0
mc_ID_9353,"Single Male with four children, education: high school degree working as manual",30 Thousand,"Jams and Jellies from Baking Goods department, Ordered Brand : Landslide",13.6056,10.6839,recyclable,"['Bar For Salad', 'Ready Food']",Save Price,sUpeRmarkET,5.56 Millions,2.7244 Millions,2448.37,470.27,313.34,406.4756,sao paulo,$P,-23.571960108517537,val: -46.39956693949449,sao jose do rio preto,$P,-20.8302326110662,-49.35777544399851,data: 3.0
mc_ID_9354,"Single Male with five children, education: high school degree working as professional",130K+,"Hygiene from Health and Hygiene department, Ordered Brand : Bird Call",26.8915,22.5307,non recyclable,"['Ready Food', 'Bar For Salad']",Super Duper Savers, Supermarket ,€3.1M,1.665 Millions,,853.22,568.75,677.285,curitiba,"PR
",-25.453155877315545,-49.2850395992267,sao paulo,SP,-23.65111484251016,-46.75521082321932,5.0
mc_ID_9356,"Married Female with four children, education: high school degree working as professional",90K+,"Dairy from Dairy department, Ordered Brand : Club",21.0771,19.6235,recyclable,['Florist'],,Supermarket,8.68 Millions,3.906 Millions,1320.15,523.32,,765.7243,carapicuiba,sp,-23.57241932843741,-46.81653106742156,sao paulo,sp,-23.65111484251016,-46.75521082321932,2.0
mc_ID_9358,"Married Female with three kids, education: high school degree working as management",110K+,"Vegetables from Frozen Foods department, Ordered Brand : Carrington",-0.1,14.376,non recyclable,"['Florist', 'Video Store', 'Coffee Bar', 'Bar For Salad', 'Ready Food']",,gouRmet,4.8 Millions,2.16 Millions,1424.85,465.54,310.3,555.2168,Telemaco Borba,PR,-24.325839812534188,-50.620755625778536,	ibiting4,SP,-21.7664768468313,-48.83154737836604,4.0
mc_ID_9359,Single Male with four children; education: graduate degree working as professional,70K+,"Electrical from Household department, Ordered Brand : Denny",17879.20 grams,14.972,recyclable,,,,10.8 Millions,4.968 Millions,2050.3,457.36,,527.7593,Nova Friburgo,Rj,-22.288946116642418,measure: -42.5321191409908,braganca paulista,SP,-22.95750491772243,amount: -46.52488623678449,4.0
mc_ID_9362,"MaRrIeD FeMaLe wItH FoUr cHiLdReN, eDuCaTiOn: BaChElOrS DeGrEe wOrKiNg aS PrOfEsSiOnAl",50K or more,"Bread from Baked Goods department, Ordered Brand : Sphinx",10.9746,8.0674,recyclable,"['Florist', 'Ready Food', 'Bar For Salad', 'Video Store', 'Coffee Bar']",Shelf Clearing Days,De1uxe,9.44 Millions,3.5872 Millions,1871.16,,395.95,516.7763,poco fundo,MG,-21.782664882148914,-45.966622292300464,itaquaquecetuba,SP,-23.48262344063541,-46.37448952833195,3.0
mc_ID_9363,"Married Male with five children, education: high school degree working as skilled manual",30K+,"Frozen Entrees from Frozen Foods department, Ordered Brand : Big Time",22.8214,21.2225,recyclable,"['Ready Food', 'Bar For Salad']",Savings Galore,Supermarket_,6.6 Millions,2.442 Millions,2448.37,470.27,312.86,550.1437,MARINGA,PR,-23.411103505732864,-51.98023531507588,"ibitinga
",SP,-21.7664768468313,amount: -48.83154737836604,measure: 4.0
mc_ID_9364,"education: high school degree working as manual, Married Male with four children",30K+,"Snack Foods from Snack Foods department, Ordered Brand : Nationeel",24.8564,20.4957,recyclable,['Florist'],Two for One,Supermarket,9.93 Millions,3.3762 Millions,1320.15,523.32,350.54,360.7131,matinhos,PR,-25.758995329617274,-48.508339282916765,monte siao,MG,-22.42880507067007,-46.569550269431765,5.0
mc_ID_9365,"Married Female with two children, education: partial high school working as manual",10K+,"Side Dishes from Deli department, Ordered Brand : Lake",19.1874,-14.6813,non recyclable,['Florist'],Roller Savings (High) ,Supermarket,$5.04 Millions,1.512 Millions,1320.15,523.32,348.85,measure: 532.6232,guarulhos,Sp,-23.411582298084145,-46.44838156702636,sao paulo,_sp,-23.615020791563268,-46.47934165652957,3.0
mc_ID_9366,"Married Female with four children, education: partial high school working as manual",120+ monthly,"Fruit from Canned Products department, Ordered Brand : Big City",16.8617,12.5009,recyclable,"['Coffee Bar', 'Ready Food', 'Bar For Salad', 'Florist']",Discount Frenzy,Deluxe,$3.8 Millions,1.52 Millions,2055.29,654.13,435.15,779.6884,machado,MG_,val: -21.680839261430663,-45.923257870066,marilia,SP,-22.193082052455427,-49.948926747706174,5.0
mc_ID_9367,"Single Female with four children, education: high school degree working as manual",30K+,"Dairy from Dairy department, Ordered Brand : Club",data: 10.2188,data: 7.3116,non recyclable,"['Florist', 'Coffee Bar', 'Bar For Salad', 'Ready Food']",Two Day Sale,gourmet,7.98 Millions,3.1122 Millions,1564.86,385.45,,486.9653,SANT@NA DO LIVRAMENTO,RS,-30.89801321009646,-55.53031539786274,sao paulo,"5P
",-23.59798552039933,-46.55547278711988,1.0
mc_ID_9369,"SiNgLe fEmAlE WiTh oNe cHiLd, EdUcAtIoN: hIgH ScHoOl dEgReE WoRkInG As mAnUaL",30K+,"Seafood from Seafood department, Ordered Brand : Amigo",31106.90 grams,-26.6008,recyclable,"['Coffee Bar', 'Ready Food', 'Bar For Salad', 'Florist', 'Video Store']",Roller Savings (High) ,,11.84 Millions,4.4992 Millions,1734.5,503.07,335.68,440.1568,curitiba,Pr,-25.43910656148645,-49.23689875714125,Sao Pauio,SP,-23.62358155176294,-46.61056007369148,amount: 5.0
mc_ID_9371,"Married Male with three children, education: high school degree working as professional",Income: 130K+,"Vegetables from Canned Foods department, Ordered Brand : Bravo",19.4781,16.4256,non recyclable,"['Coffee Bar', 'Ready Food', 'Bar For Salad', 'Florist']",Two Day Sale,Deluxe,1.74 Millions,0.8178 Millions,2052.51,654.13,436.09,542.0895,_marinopolis,SP,-20.439901288184544,-50.823212222965566,Assis,SP,-22.657282312191057,-50.41657037194679,4.0
mc_ID_9374,"Single Male with five children, education: partial college working as clerical",30k,"Vegetables from Frozen Foods department, Ordered Brand : PigTail",10.9601,9.492,recyclable,"['Coffee Bar', 'Video Store', 'Ready Food', 'Bar For Salad', 'Florist']",Save Price,,$15.8 Millions,7.742 Millions,2036.39,481.98,322.28,284.3028,JUazeiR0,BA,-9.43077319936269,-40.50362722887868,sao paulo,SP,-23.47666615958798,-46.68147008895491,4.0
mc_ID_9375,"Single Male with two children, education: partial high school working as manual",30K+,"Canned Soup from Canned Foods department, Ordered Brand : Bravo",-1.0,measure: 6.0615,recyclable,"['Florist', 'Bar For Salad', 'Coffee Bar', 'Video Store', 'Ready Food']",Sale : Double Down,deluxe,3.84 Millions,1.4208 Millions,1522.32,373.1,249.77,746.3733,_Pedro Leopoldo,mg,-19.652292291953287,-44.056767929538886,sao paulo,SP,amount: -23.605673521784304,measure: -46.618990239800326,5.0
mc_ID_9377,"Married Male with three children, education: partial high school working as skilled manual",missing,"Snack Foods from Snack Foods department, Ordered Brand : Fort West",19.3328,16.4256,recyclable,,,Supermarket,"5.19 ,000,000illions",1.7646 Millions,,457.36,304.25,310.662,itamarandiba,MG,data: -17.86611815258666,-42.86902814286521,toled0,pr,-24.72968994426537,-53.742043512648245,4.0
mc_ID_9378,"Single Female with two children, education: graduate degree working as professional",€76K+,"Snack Foods from Snack Foods department, Ordered Brand : Best Choice",19.4781,17.8792,non recyclable,,Saving Days,,10.36 Millions,3.4188 Millions,1507.58,227.8,151.19,619.0228,DRACENA,SP,-21.4988715,-51.53786099999999,Sao Paulo,SP,-23.50869470774424,-46.48672956633388,5.0
mc_ID_9380,"mARRIED mALE WITH TWO CHILDREN, EDUCATION: hIGH sCHOOL DEGREE WORKING AS SKILLED MANUAL",30K+,"Pizza from Frozen Foods department, Ordered Brand : Carrington",17.5885,amount: 16.1349,recyclable,"['Bar For Salad', 'Video Store', 'Florist', 'Coffee Bar', 'Ready Food']",Shelf Clearing Days,Deluxe,5.14 Millions,1.7476 Millions,1871.16,593.93,394.18,516.7763, belo horiz0nte ,MG,-19.843708202868147,-43.95899630890419,mineiro5 do tiete,_sp,-22.40983742501461,-48.45042421567509,5.0
mc_ID_9381,"Single Male with one child, education: high school degree working as skilled manual",30K or more,"Vegetables from Produce department, Ordered Brand : Tell Tale",24.7111,20.3503,non recyclable,,Save Price,Supermarket,7.98 Millions,2.9526 Millions,1508,227.8,151.9,measure: 325.6721,belo horizonte,Mg,data: -19.82150921426511,val: -43.96683064016958,lbitinga,Sp,-21.7664768468313,-48.83154737836604,5.0
mc_ID_9382,"SiNgLe fEmAlE WiTh tHrEe cHiLdReN, eDuCaTiOn: HiGh sChOoL DeGrEe wOrKiNg aS MaNuAl",30K+,"Snack Foods from Snack Foods department, Ordered Brand : Nationeel",measure: 18.1699,15.2627,recyclable,['Florist'],Dollar Days,,$3.26 Millions,1.5322 Millions,1320.15,523.32,348.85,748.0992,sao paulo,SP,-23.483253583126537,-46.569258712187626,sao 	paulo,SP,-23.59027725644876,-46.506241529834405,1.0
mc_ID_9383,"Married Female with four children, education: high school degree working as professional",110 Thousand,"Paper Products from Household department, Ordered Brand : Red Wing",19.9142,val: 16.8617,recyclable,"['Florist', 'Ready Food', 'Coffee Bar', 'Bar For Salad']",Sale : Double Down,DeIuxe,6.44 Millions,2.3828 Millions,2055.29,,437.14,500.7202,apucarana,PR,-23.552512530494816,-51.46349357996916,blumenau,	Sk,-26.88149071362121,-49.07183056352269,5.0
mc_ID_9384,"Married Male with No children, education: partial high school working as skilled manual",10K+,"Drinks from Beverages department, Ordered Brand : Washington",10.7857,6.4249,non recyclable,"['Ready Food', 'Video Store', 'Florist', 'Coffee Bar', 'Bar For Salad']",Dimes Off,,2.22 Millions,0.999 Millions,2038.11,481.98,319.58,602.7575,	1tapira,SP,-22.41871528680376,data: -46.82798216284088,sao paulo,SP,-23.53877907744238,val: -46.53648566833056,5.0
mc_ID_9385,"Single Male with one child, education: bachelor'ss degree working as professional",€42K+,"Drinks from Beverages department, Ordered Brand : Excellent",13.4603,val: 10.5531,non recyclable,"['Ready Food', 'Bar For Salad', 'Coffee Bar', 'Florist']",Saving Days,Delux3,5.55 Millions,2.442 Millions,2055.29,654.13,436.09,352.0313,"taubate
",SP,-23.014906457628143,data: -45.55074777537135,sao carlos,SP,-22.014946613653425,-47.90148946378896,4.0
mc_ID_9386,"Married Male with four children, education: high school degree working as manual",30K+,"Beer and Wine from Alcoholic Beverages department, Ordered Brand : Good",33.65 lbs,-12.3555,non recyclable,,Weekend Discount,,8.52 Millions,3.3228 Millions,1509.76,229.8,151.9,735.1811,monte mor,SP,-22.95001023221123,-47.30583884974829,mogi  da$  cruzes,SP,-23.51937483109403,amount: -46.19269037743349,3.0
mc_ID_9388,"Single Female w/ two children, education: bachelors degree working as management",50K+,"Fruit from Produce department, Ordered Brand : Ebony",-10.6984,-7.7913,non recyclable,['Coffee Bar'],-999,supermarket,2.8 Millions,0.868 Millions,1234.48,440.92,293.95,measure: 402.6054,sao jose dos campos,5P_,-23.215086943101173,-45.88965270330085,_atibaia,sp,-23.112774381969185,-46.5488845105504,5.0/5.0
mc_ID_9389,"Single Male with five children, education: partial high school working as skilled manual",10K+,"Meat from Deli department, Ordered Brand : Lake",13.8673,12.3991,recyclable,"['Coffee Bar', 'Florist', 'Bar For Salad', 'Video Store', 'Ready Food']",,Deluxe,4.52 Millions,1.9436 Millions,2038.11,481.98,321.26,,sao  pauio,SP,-23.560247933666105,-46.624831454209655,sao paulo_,SP,-23.485253731057767,-46.73312974854289,5.0
mc_ID_9390,Single Male with one child + education: high school degree working as skilled manual,30K+,"Meat from Frozen Foods department, Ordered Brand : Golden",21.2225,16.8617,non recyclable,"['Florist', 'Coffee Bar', 'Ready Food', 'Bar For Salad']",Save Price,DeluXE,5.62 Millions,2.529 Millions,2055.29,654.13,436.09,584.191,s4o paulo,"SP
",amount: -23.462010764197984,measure: -46.59467629700311,sao paulo,SP,measure: -23.693985995008337,-46.70188324132953,5.0
mc_ID_9391,"Married Male with four children, education: bachelors degree working as professional",Income: 30K+,"Paper Products from Household department, Ordered Brand : High Quality",10.5531,-7.6459,non recyclable,"['Bar For Salad', 'Florist', 'Coffee Bar', 'Ready Food', 'Video Store']",Price Cutters,Deluxe,"4.98 ,000,000illions",1.9422 Millions,1525.28,373.1,,amount: 642.0871,franco da rocha,SP,measure: -23.32397198123811,-46.71861204864015,rolandia,PR,-23.31259824896755,-51.36894941889966,5.0
mc_ID_9393,"Marriied Female with four children, education: partial High School working as skilled manual",10K+,"Snack Foods from Snack Foods department, Ordered Brand : Horatio",val: 11.4398,9.9716,non recyclable,"['Bar For Salad', 'Florist', 'Video Store', 'Ready Food', 'Coffee Bar']",Money Savers,De1uxe,5.6 Millions,2.352 Millions,1871.16,593.93,,data: 343.611,carmo,RJ,-21.931793494070657,val: -42.60935545143997,sañto andre,sP,-23.665703457960586,-46.51808196779969,5.0
mc_ID_9394,"Married Female with two kidren, education: partial HS working as skilled manual",10K+,"Vegetables from Frozen Foods department, Ordered Brand : Golden",measure: 28.9265,27.3275,non recyclable,"['Coffee Bar', 'Video Store', 'Bar For Salad', 'Ready Food', 'Florist']",,Deluxe,5.43 Millions,2.0634 Millions,2036.12,481.98,321.26,amount: 284.3028,belem ,PA,amount: -1.3763156344567804,-48.4511976829015,Sao 	pAUlo,SP,-23.554079433810344,-46.53324185942636,5.0
mc_ID_9395,"Single Male with two children, education: partial high school working as manual",10K+,"Bread from Baked Goods department, Ordered Brand : Fantastic",8.7797,5.858,recyclable,['Florist'],Save It (Sale),supERmarKeT,"13.68 ,000,000illions",5.1984 Millions,,523.32,348.85,amount: 427.7617,"belo horlzonte
",MG,-19.83964707438397,amount: -43.904385156818016,JUNDIAI,Sp,-23.211714582578274,val: -46.8753760355472,3.0
mc_ID_9396,"SINGLE FEMALE WITH TWO CHILDREN, EDUCATION: PARTIAL HIGH SCHOOL WORKING AS MANAGEMENT",70K+,"Electrical from Household department, Ordered Brand : Cormorant",31.543,27.1822,non recyclable,,Save Price, SUPERMARKET ,5.61 Millions,2.0757 Millions,1508,227.8,151.9,428.0755,patos,"PB
",-7.019567227698031,-37.27659292824436,Sao pAulO,Sp,-23.50869470774424,-46.48672956633388,1.0
mc_ID_9397,"Married Male with two children, education: high school degree working as skilled manual",30K+,"Fruit from Produce department, Ordered Brand : Tell Tale",29.6533,26.6008,recyclable,,,supermarket,10.12Ms,3.9468 Millions,1508,227.8,151.9,660.2352,sanTA lUZIa DO pArua,MA,-2.549871048690015,-45.77642489777076,marilia ,Sp,-22.193082052455427,-49.948926747706174,measure: 1.0
mc_ID_9398,"Married Male with one child, education: graduate degree working as management",70K+ annually,"Dairy from Dairy department, Ordered Brand : Even Better",28.6358,amount: 25.7286,non recyclable,"['Coffee Bar', 'Ready Food', 'Video Store', 'Bar For Salad', 'Florist']",,Gourmet,$2.54 Millions,0.9652 Millions,1424.85,465.54,310.3,449.1524,"rio de janeiro
",RJ,-22.97938068457905,-43.3327651254376,ITAQUAQUECETUBA,SP,-23.48262344063541,-46.37448952833195,1.0
mc_ID_9399,"Married Male with three children, education: partial high school working as skilled manual",10K+,"Canned Clams from Canned Foods department, Ordered Brand : Better",25.5832,-24.1296,recyclable,,,$upermarket,6.33 Millions,2.7852 Millions,1508,227.8,150.87,399.6243,itaocara,RJ,val: -21.668107499336347,val: -42.07520271876644,piracicaba,SP,-22.71683928585045,-47.65736585405934,5.0
mc_ID_9400,"Single Male with two children, education: partial college working as management",30K+,"Canned Soup from Canned Foods department, Ordered Brand : Just Right",19.6235,val: 18.1699,recyclable,,,SUPERMARKET,$8.91 Millions,4.0095 Millions,2049.72,457.36,304.54,515.2596,sao paulo,SP,-23.60839853067112,-46.45093488536562,porto ferreira,SP,-21.858555070695942,-47.48403458197557,1.0
mc_ID_9401,"Single Female with four children, education: high school degree working as skilled manual",30K+,"Baking Goods from Baking Goods department, Ordered Brand : Super",11.9921,10.5385,recyclable,"['Coffee Bar', 'Video Store', 'Bar For Salad', 'Florist', 'Ready Food']",Lottery Cash Registerion,Data Missing,2.84 Millions,1.3348 Millions,1733.23,503.07,335.38,500.9294,Franca,SP,-20.506793628480604,data: -47.40773763671002,mogi mirim,SP,-22.438121280598992,-46.973524736049406,5.0
mc_ID_9403,"Married Female with one child, education: high school degree working as manual",€25K+,"Specialty from Produce department, Ordered Brand : High Top",21.0771,18.1699,recyclable,"['Bar For Salad', 'Ready Food']",Wallet Savers,Supermarket,10.88 Millions,4.6784 Millions,2448.37,470.27,313.55,324.8876,JumDIaI,sp,-23.1954527149576,-46.885125855675454,sao paulo,SP,-23.53877907744238,-46.53648566833056,4.0
mc_ID_9405,"Single Male with five children, education: high school degree working as professional",1560+ monthly,"Baking Goods from Baking Goods department, Ordered Brand : Landslide",23.1121,20.0596,recyclable,"['Ready Food', 'Bar For Salad']",Green Light Special,SUPERMARKET,8.56 Millions,3.3384 Millions,2266.88,853.22,568.75,643.3946,mesquita,Rj,-22.778269191407933,-43.40062698708623,IpIRa,SP,-12.157899638207386,-39.7404365008309,5.0
mc_ID_9406,"Single Female with one child,education: bachelors degree working as professional",50K+,"Beer and Wine from Alcoholic Beverages department, Ordered Brand : Good",10.1461,-7.2389,non recyclable,"['Ready Food', 'Video Store', 'Bar For Salad', 'Coffee Bar', 'Florist']",Sale Winners,Deluxe,1.66 Millions,0.6474 Millions,1871.16,593.93,395.95,519.7574,saN7A luZiA,MG,-19.794381412345142,-43.91316928751721,domingos martins,Es,-20.36457821981136,-40.65951846538821,5.0
mc_ID_9407,"Married Female with three children, education: partial high school working as skilled manual",10K+,"Bread from Baked Goods department, Ordered Brand : Modell",-20.641,620.42 oz,non recyclable,"['Florist', 'Coffee Bar', 'Ready Food', 'Video Store', 'Bar For Salad']",Money Savers,,€2.2M,0.9398 Millions,,373.1,248.79,560.656,sao joao del rei,_MG,-21.139883727999347,amount: -44.268940126146894,_santo andre,SP,-23.665703457960586,-46.51808196779969,5.0
mc_ID_9408,"Married Male with three children, education: partial high school working as skilled manual",30K+,"Beer and Wine from Alcoholic Beverages department, Ordered Brand : Pearl",14.972,12.0648,non recyclable,['Florist'],Save It (Sale),supermarket_,$5.58 Millions,2.4552 Millions,1317.86,,348.85,427.7617,AMERICO DE CAMPOS,SP,-20.300442551848207,-49.73670632642024,osa5co,SP,-23.54001991369947,-46.77765642117263,5.0
mc_ID_9409,"Single Male with two children, education: high school degree working as manual",30K+,"Hygiene from Health and Hygiene department, Ordered Brand : Hilltop",25.0018,22.0946,non recyclable,['Coffee Bar'],Savings Galore, Supermarket ,8.28Ms,3.8916 Millions,1234.41,440.92,293.95,data: 724.5119,saloa,PE,-8.971704264065714,-36.68820299999999,r1beirao preto,SP,-21.179578055269594,-47.81126902131619,4.0
mc_ID_9411,"Single Female with three children, education: graduate degree working as professional",70K+,"Vegetables from Produce department, Ordered Brand : Ebony",22.676,measure: 21.2225,non recyclable,"['Florist', 'Ready Food', 'Video Store', 'Coffee Bar', 'Bar For Salad']",Roller Savings (High) , Deluxe,6.51Ms,2.4087 Millions,1735.57,503.07,335.38,440.1568,SAOPAULO,SP,-23.54608112703553,-46.64482029837157, JACAREI ,SP,-23.29818595956356,-45.974828011182304,5.0
mc_ID_9412,"Married Female with four children, education: partial high school working as manual",10K+,"Snack Foods from Snack Foods department, Ordered Brand : Fast",11.4398,8.5181,recyclable,"['Video Store', 'Ready Food', 'Florist', 'Coffee Bar', 'Bar For Salad']",Three for One,,9.63 Millions,4.7187 Millions,1871.16,593.93,394.8,688.3726,parnamirim,rñ,-5.877772274940695,-35.21715973245594,na7al, Rn,-5.802837618373424,measure: -35.20164321098454,5.0
mc_ID_9413,"Single Male with four children, education: partial high school working as skilled manual",10K+,"Meat from Deli department, Ordered Brand : Cutting Edge",measure: 22.676,21.2225,non recyclable,"['Coffee Bar', 'Bar For Salad', 'Florist', 'Ready Food']",Price Cutters,Gourme7,5.97 Millions,2.2686 Millions,1564.86,385.45,256.97,729.2712,VARZEA PAULISTA,SP,-23.214642313163168,-46.80396377210217,itapecerica da serra,SP,-23.72033746105922,-46.85362208015704,3.0
mc_ID_9414,"Married Female with four kids, education: HS degree working as professional",90K+,"Candy from Snacks department, Ordered Brand : Musial",14.972,-10.6112,non recyclable,"['Bar For Salad', 'Coffee Bar', 'Florist', 'Ready Food', 'Video Store']",Big Time Discounts,DELUxE,15.7 Millions,6.437 Millions,1733.66,503.07,334.82,583.1973,_vassouras,rj,-22.418541912748985,-43.67993483814997,sao carlos,SP,val: -22.03342996672426,-47.91371971353119,5.0
mc_ID_9419,"Single Female with four kids, education: bachelors degree working as professional",50 Thousand,"Vegetables from Canned Foods department, Ordered Brand : Bravo",-13.9981,11.0909,non recyclable,"['Coffee Bar', 'Ready Food', 'Video Store', 'Florist', 'Bar For Salad']",,D3luxe,5.18Ms,1.8648 Millions,1734.5,505.07,335.31,346.5921,rio de janeiro,Rj,-22.98386326005543,-43.21581052596791,Rio De Janeiro,RJ,-22.972956517889177,-43.39706327699233,5.0
mc_ID_9420,"Single Female with two children, education: partial high school working as management",70K+,"Breakfast Foods from Frozen Foods department, Ordered Brand : Carrington",amount: 21.0771,19.6235,non recyclable,,Weekend Discount,SUPermARKet,9.88 Millions,2.964 Millions,1505.34,227.8,151.9,735.1811,natal,RN,-5.885825448237058,-35.17532698765074,BALO HORIZONTE,MG,-19.831098006665105,-43.94652358104908,5.0
mc_ID_9421,"Married Male with four children, education: partial High School working as manual",360+ monthly,"Fruit from Produce department, Ordered Brand : Hermanos",21.8039,amount: 20.3503,recyclable,"['Bar For Salad', 'Ready Food', 'Video Store', 'Coffee Bar', 'Florist']",I Cant Believe It Sale,Deluxe,5.12 Millions,2.2528 Millions,,503.07,,363.3281,Sao Paulo,SP ,-23.53896305912053,-46.55576711004673,santa barbara d´oeste,5P,-22.760477687572443,-47.41281121951772,5.0
mc_ID_9422,Single Female with two children - education: partial high school working as skilled manual,10K+,"Bread from Baked Goods department, Ordered Brand : Fantastic",31.1069,-26.6008,recyclable,"['Ready Food', 'Bar For Salad', 'Coffee Bar', 'Florist']",Weekend Discount,,$10.08 Millions,3.024 Millions,1564.86,385.45,256.97,470.177,sao paulo,sp,amount: -23.538275277540578,data: -46.67064290481267,sao luis,Ma,-2.546079233971952,-44.3089863702464,4.0
mc_ID_9424,"Married Male with three children, education: bachelors degree working as management",70K+,"Snack Foods from Snack Foods department, Ordered Brand : Nationeel",20.9317,16.4256,non recyclable,"['Coffee Bar', 'Ready Food', 'Bar For Salad', 'Florist']",Dollar Days,D3luxe,1.98 Millions,0.9504 Millions,2055.29,654.13,436.09,725.9763,5ao paulo,5P,measure: -23.61673945628715,-46.6733978433262,belo horizonte,SP,-19.81011863229108,-43.98472732006267,4.0
mc_ID_9425,"Married Female with No children, education: partial high school working as skilled manual",$10K+,"Vegetables from Produce department, Ordered Brand : Tell Tale",19.6235,16.7163,non recyclable,,Two for One,Mid-Size,2.72 Millions,0.9792 Millions,2817.72,447.7,298.5,val: 646.5849,nova olinda do maranhao,M4,amount: -2.8100664626495844,-45.70621582208173,Lauro  De  Freitas,BA,-12.895112589380958,-38.33895999999978,amount: 5.0
mc_ID_9426,"Single Female with two children, education: partial high school working as skilled manual, Single Female with two children",10K+,"Meat from Meat department, Ordered Brand : Gerolli",20.0596,17.1524,recyclable,"['Florist', 'Ready Food', 'Coffee Bar', 'Bar For Salad']",Weekend Discount,Gourme7,10.14 Millions,3.9546 Millions,1564.86,385.45,256.97,470.177,Belo Horizonte,MG,-19.905684443245395,-44.02139865113387,SAO JOSE DO RIO PRETO,SP,-20.80243626346376,-49.39562406741489,5.0
mc_ID_9427,"single female with no children, education: partial high school working as manual",10K+,"Meat from Frozen Foods department, Ordered Brand : PigTail",18169.90 grams,15.2627,recyclable,"['Coffee Bar', 'Ready Food', 'Bar For Salad', 'Florist', 'Video Store']",,,4.53 Millions,2.265 Millions,1734.5,503.07,335.38,R$3642.22,rlo de janeiro,Rj,-22.908714883432378,-43.193807831813686,sao paulo,SP,-23.65111484251016,-46.75521082321932,5.0
mc_ID_9428,Married Male with two children / education: partial high school working as skilled manual,30K+,"Bread from Baked Goods department, Ordered Brand : Sphinx",26.31,23.4028,non recyclable,"['Video Store', 'Bar For Salad', 'Coffee Bar', 'Florist', 'Ready Food']",Lottery Cash Registerion,,3.81Ms,1.2954 Millions,1734.5,,335.38,646.4803,_embu das artes, SP ,-23.650602102678075,-46.795999133052526,Sao Paulo,5P,measure: -23.58667354731954,-46.61242320483004,4.0
mc_ID_9432,"Single Female with three children, education: partial high school working as skilled manual",10K+,"Bread from Baked Goods department, Ordered Brand : Colony",27.4729,24.4204,recyclable,,Go For It,Mid-Siz3,4.26 Millions,2.13 Millions,2083.41,783.64,522.49,717.3991,sao paulo,SP,amount: -23.56351781487679,-46.584379697472464,,,,,5.0
mc_ID_9434,"Married Male with five children,education: bachelors degree working as professional",110K+,"Snack Foods from Snack Foods department, Ordered Brand : Nationeel",16.2802,14.6813,non recyclable,"['Coffee Bar', 'Bar For Salad', 'Florist', 'Ready Food']",Discount Frenzy,Delux3,17.3Ms,8.65 Millions,2055.29,656.13,436.09,779.6884,nova lima,MG,-19.994602561506863,-43.8883942701527,joimville,sk,-26.28314924562872,data: -48.85128463059032,4.0
mc_ID_9435,"Single Male with four children, education: high school degree working as manual",30K+,"Snack Foods from Snack Foods department, Ordered Brand : Horatio",17.4431,-13.0823,non recyclable,"['Coffee Bar', 'Ready Food', 'Florist', 'Video Store', 'Bar For Salad']",Full Free,Deluxe,9.54 Millions,3.7206 Millions,1734.5,503.07,335.38,val: 752.2309,pojuca , BA ,-12.416113588108985,-38.31997129441237,belo horizonte,MG,-19.91624655709342,val: -43.93623364096637,5.0
mc_ID_9436,"Marrie Male with No children , education: partial high school working as manual",10K+,"Pizza from Frozen Foods department, Ordered Brand : Golden",18.606,-999.0,recyclable,"['Video Store', 'Bar For Salad', 'Ready Food', 'Coffee Bar', 'Florist']",Lottery Cash Registerion, Deluxe ,5.36Ms,2.4656 Millions,1734.5,503.07,334.9,646.4803,sao paulo,$P,data: -23.64976236303304,-46.782368874545575,ibitinga,_Sp,-21.7664768468313,-48.83154737836604,2.0
mc_ID_9438,"Married Female with two children, education: bachelors degree working as professional",50000,"Snack Foods from Snack Foods department, Ordered Brand : Fort West",26.6008,23.5482,recyclable,['Coffee Bar'],,SUPermarket,€3.7M,1.752 Millions,1236.07,440.92,295.69,647.8924,barueri,SP,amount: -23.5105249691296,data: -46.86104614786531,Rio De Janeiro,RJ,-22.842290284753936,-43.29762071175495,5.0
mc_ID_9440,"Single Female with four children, education: bachelors degree working as management",$50K+,"Eggs from Eggs department, Ordered Brand : Blue Medal",24.7111,-21.8039,non recyclable,"['Ready Food', 'Bar For Salad']",,,$6.39 Millions,2.3004 Millions,2265.9,853.22,568.19,570.8022,gloria do goita,pa,-8.000215504088436,-35.29736561397076,campo mourao,PR,-24.03529260389033,-52.37957021179355,5.0
mc_ID_9441,"Married Female with three kids, education: partial HS working as skilled manual",10000,"Candy from Snacks department, Ordered Brand : Atomic",26.0193,-22.9668,recyclable,"['Florist', 'Bar For Salad', 'Coffee Bar', 'Video Store', 'Ready Food']",Save It (Sale),Deluxe,1.98 Millions,0.7524 Millions,1525.28,373.1,249.6,393.4006,_ituiutab@,MG ,-18.99000618922864,-49.4801259100208,Borda Da Ma7A,MG,-22.264093569966427,-46.15856420525942,5.0
mc_ID_9443,"education: high school degree working as manual, Single Male with one child",30K+,"Paper Products from Household department, Ordered Brand : Sunset",amount: 11.6287,10.1752,non recyclable,"['Ready Food', 'Bar For Salad']",Super Duper Savers,Supermarket,2.58 Millions,1.0062 Millions,2265.9,853.22,568.75,677.285,nova lima,Mg,-19.987111307202653,-43.864415126814514,pedreira,SP,-22.73824150585765,-46.8958585777586,4.0
mc_ID_9444,"Married Female with one child, education: partial high school working as skilled manual",10K+,"Frozen Desserts from Frozen Foods department, Ordered Brand : Carrington",20.2049,18.606,recyclable,,Price Slashers,,4.48 Millions,2.0608 Millions,1506.01,227.8,152.85,351.456,sao paulo,SP,-23.54029947071385,-46.66278360519932,	uberl4ndia,MG,-18.925348871775626,-48.24236513543774,5.0
mc_ID_9445,"Single Male with four children, education: partial college working as management",30K+,"Bread from Baked Goods department, Ordered Brand : Modell",10.5822,6.2214,recyclable,['Florist'],Roller Savings (High) ,Supermarket,4.88 Millions,1.952 Millions,1320.15,525.32,348.85,532.6232,rio de janeiro,RJ,-22.882747506780664,-43.55197219900165,campo limpo paulista,"SP
",-23.20706431353269,-46.760735214610754,3.0
mc_ID_9446,"Married Male with three children, education: partial high school working as manual",10K+,"Cleaning Supplies from Household department, Ordered Brand : Denny",24.4204,19.9142,recyclable,"['Bar For Salad', 'Florist', 'Ready Food', 'Coffee Bar']",Super Savers,Deluxe,3.92 Millions,1.8424 Millions,2053.33,654.13,434.68,373.9973,itabiri7o,MG,-20.25779584611288,data: -43.81183983084434,sao paulo,SP,-23.554079433810344,-46.53324185942636,amount: 4.0
mc_ID_9447,"Married Male with five children, education: High School degree working as skilled manual",30K+,"Electrical from Household department, Ordered Brand : Denny",19.3328,16.4256,recyclable,"['Bar For Salad', 'Ready Food']",Price Destroyers,sUPeRmARkET,11.1 Millions,4.44 Millions,2263.2,853.22,568.75,601.7115,res3nde,RJ,-22.46868075491955,-44.46342640674589,itatiba,SP,measure: -22.993820438600167,-46.81014454759541,1.0
mc_ID_9449,"Married Male with No children, education: partial high school working as skilled manual",120+ monthly,"Snack Foods from Snack Foods department, Ordered Brand : Fast",28.0543,data: 26.4554,recyclable,,,Supermarket,11.52 Millions,4.032 Millions,1508,227.8,151.9,amount: 735.1811,aruja,SP,-23.409083593249346,-46.28845523761368,_$orocaba,SP,-23.42932935268456,-47.50644636159242,4.0
mc_ID_9450,"Married Male with two children, education: partial high school working as skilled manual",10K+,"Frozen Desserts from Frozen Foods department, Ordered Brand : Carrington",16.7163,12.3555,non recyclable,"['Coffee Bar', 'Bar For Salad', 'Ready Food', 'Florist']",Weekend Discount,DE1UXE,4.2 Millions,2.058 Millions,,654.13,436.72,382.0515,sao paulo,$P,-23.6015555656414,-46.63235157799065,jacutinga,mG,-22.28444973167148,-46.613499420805184,Rating: 5.0
mc_ID_9453,"Single Male with two kids, education: HS degree working as manual",€42K+,"Plastic Products from Household department, Ordered Brand : High Quality",29.3626,26.4554,recyclable,['Coffee Bar'],Weekend Discount,Supermarket,$3.9 Millions,1.872 Millions,1234.8,440.92,293.95,364.1649,sao paulo,SP,-23.633982471002327,-46.77712236663973,votuporanga,SP,-20.405604560394835,-49.99195266803888,1.0
mc_ID_9455,"Married Female with five children, education: bachelors degree working as professional",70K+,"Snack Foods from Snack Foods department, Ordered Brand : Nationeel",876.78 oz,20.4957,recyclable,['Coffee Bar'],Weekend Discount,Small Grocery,5.08 Millions,2.4384 Millions,1423.37,398.93,265.98,278.3929,Sao Paulo,_SP,-23.52946681265509,-46.63502230919265,americana,$P,-22.722145470713865,-47.33535052553523,5.0
mc_ID_9456,"Single Female with two children, education: bachelors degree working as management",50K+,"Starchy Foods from Starchy Foods department, Ordered Brand : Colossal",21.3678,19.7689,recyclable,"['Florist', 'Bar For Salad', 'Coffee Bar', 'Video Store', 'Ready Food']",Money Savers,Deluxe,$5.61 Millions,2.3562 Millions,1871.16,593.93,395.95,£250.84,rio de janeiro,RJ,-23.026044731317555,-43.46104142146108,campinas,sp,-22.92991227115403,-47.07189552530681,5.0
mc_ID_9457,"Married Male with three children, education: high school degree working as manual.",30K+,"Jams and Jellies from Baking Goods department, Ordered Brand : Super",-14.6813,11.7741,recyclable,"['Coffee Bar', 'Florist', 'Video Store', 'Bar For Salad', 'Ready Food']",Dimes Off,Deluxe,7.56Ms,2.7972 Millions,2038.11,481.98,321.26,550.6144,	rlo de janeiro,RJ,-22.94914024395528,data: -43.1890677882164,	nova friburgo,RJ,-22.31000521194919,-42.52023373510779,5.0
mc_ID_9459,"Married Female with two kids, education: partial college working as clerical",30K+,"Jams and Jellies from Baking Goods department, Ordered Brand : Super",23.9843,21.0771,non recyclable,,One Day Sale,Mid-Size,7.92 Millions,3.168 Millions,2819.7,447.7,297.77,767.3456,ARIQUEMES ,RO,-9.894276,-63.032818500000005,santa barb@ra d'oeste,SP,-22.75967282783305,-47.364736674563375,5.0
mc_ID_9462,"Married Female with five children, education: partial college working as professional",50K+,"Vegetables from Produce department, Ordered Brand : Ebony",30.6708,29.2172,non recyclable,"['Coffee Bar', 'Ready Food', 'Florist', 'Bar For Salad', 'Video Store']",Price Cutters,Deluxe,5.64 Millions,2.0868 Millions,,373.1,247.89,642.0871,	tupassi,PR,-24.584965939678018,-53.51122748926617,maringa,PR,-23.437975269077903,-51.91385959802448,5.0
mc_ID_9464,"Married Female with four kidren, education: bachelors degree working as professional.",70K+,Not Specified,14.2307,11.309,recyclable,['Coffee Bar'],Discount Frenzy,Supermarket,6.96 Millions,3.132 Millions,1236.07,,295.67,760.4943,BELO HORIZONTE,MG,measure: -19.95455748237063,-43.93409969455826,curitiba,pr,data: -25.43548786011886,-49.270213781291496,5.0
mc_ID_9465,"Single Male with four children, education: partial college working as management",30K+,"Vegetables from Frozen Foods department, Ordered Brand : PigTail",14.8266,11.9049,recyclable,['Coffee Bar'],Best Price Savers,,$3.81 Millions,1.2954 Millions,1236.07,442.92,295.49,349.2594,itaqui,RS,-29.12375210150061,-56.55674704180505,rio de janeiro,RJ,val: -22.842290284753936,-43.29762071175495,5.0
mc_ID_9466,"Married Female with four children, education: high school degree working as skilled manual",30K+,"Jams and Jellies from Baking Goods department, Ordered Brand : Plato",27.6183,data: 24.7111,recyclable,['Coffee Bar'],Promo Big,Supermarket,$3.63 Millions,1.2705 Millions,1235.99,440.92,293.95,647.8924,SAO PAULO,sp,-23.654069004991666,-46.74337428420569,sao jose dos campos,SP,-23.23724961587513,data: -45.88082955926476,data: 5.0
mc_ID_9467,"Married Female with four children, education: graduate degree working as professional",70K+,"Plastic Products from Household department, Ordered Brand : Denny",11.2508,6.8755,non recyclable,['Florist'],,,11.67 Millions,4.668 Millions,1320.15,523.32,349.94,data: 748.0992,JaCAREi,SP,-23.29818595956356,-45.974828011182304,sao paulo,SP,measure: -23.54507217346644,-46.68438057799065,4.0
mc_ID_9472,"Married Male with four children, education: bachelors degree working as management",50K+ annually,"Canned Soup from Canned Foods department, Ordered Brand : Better",-10.8583,7.9366,non recyclable,"['Coffee Bar', 'Florist', 'Bar For Salad', 'Video Store', 'Ready Food']",,dELuXe,$11.94 Millions,4.179 Millions,2040.03,481.98,321.26,602.7575,rio de janeiro,RJ ,data: -22.936378144309987,-43.32533727849932,SAO PAULO,SP,-23.532734734664448,-46.654324449073776,3.0
mc_ID_9473,"Married Male with four kids, education: high school degree working as manual",30K+,"Vegetables from Produce department, Ordered Brand : Ebony",-15.6988,12.7916,non recyclable,"['Coffee Bar', 'Video Store', 'Florist', 'Bar For Salad', 'Ready Food']",Promo Big,DELuxE ,10.6 Millions,4.134 Millions,1871.16,,395.95,578.2288,sao paulo,SP,-23.555682314184303,-46.63309991286275,guarulhos,SP,-23.457428518177625,-46.56396476894224,4.0
mc_ID_9474,"Married Female with five children, education: bachelors degree working as professional",Income: 70K+,"Bread from Baked Goods department, Ordered Brand : Sphinx",27.4729,24.4204,recyclable,,Super Savers,Supermarket,8.79 Millions,3.6918 Millions,2046.94,459.36,304.91,339.8977,maceio,Al,-9.631462883696628,-35.712780729991245,SANTO ANDRE,SP,-23.665703457960586,-46.51808196779969,data: 3.0
mc_ID_9475,"Single Female with four children, education: bachelors degree working as management",50K+,"Eggs from Eggs department, Ordered Brand : Blue Medal",24.8564,20.4957,non recyclable,,,Supermarket,"14.52 ,000,000illions",4.9368 Millions,1508,227.8,151.9,588.3227,sao goncalo,RJ,data: -22.82408398146363,-43.06864776948586,ITAQUAQUECETUBA,SP,-23.48262344063541,-46.37448952833195,1.0
mc_ID_9476,"Single Male with two children, education: graduate degree working as professional",Income: 70K+,"Electrical from Household department, Ordered Brand : Denny",19.3328,-16.4256,recyclable,,,Supermarket,11.1 Millions,4.773 Millions,1509.01,227.8,150.79,574.9339,catanduva ,5P,-21.129687082360803,-48.959593387071685,cajamar,sp,-23.406238298215783,-46.84102497498486,5.0
mc_ID_9477,"Married Female with five children, education: bachelors degree working as management",50K+,"Snack Foods from Snack Foods department, Ordered Brand : Best Choice",20.9317,17.8792,non recyclable,['Coffee Bar'],Saving Days,Small Grocery,2.7 Millions,1.026 Millions,1394.66,536.29,356.19,453.6502,londrina,pr,-23.331043778111702,-51.17743350000001,sao paulo ,SP,-23.65111484251016,-46.75521082321932,4.0
mc_ID_9480,"Single Male with one child, education: bachelors degree working as professional",$90K+,"Dairy from Dairy department, Ordered Brand : Gorilla",-30.8162,29.3626,recyclable,"['Bar For Salad', 'Ready Food']",Money Savers,Supermarket,10.64 Millions,5.32 Millions,,853.22,566.76,432.0503,campinas,SP,-22.820080499999992,-47.03556149999999,campo limpo paulista,SP,-23.20706431353269,-46.760735214610754,data: 5.0
mc_ID_9481,"Married Male with No children, education: high school degree working as manual",30K or more,"Candy from Snacks department, Ordered Brand : Musial",28.4904,25.5832,non recyclable,"['Florist', 'Video Store', 'Coffee Bar', 'Bar For Salad', 'Ready Food']",Fantastic Discounts,Gourmet,8.43 Millions,3.2034 Millions,1422.11,465.54,308.83,718.9158,sao paulo,SP,-23.59554127061568,-46.66841659991919,itauna,MG,amount: -20.08212660423176,-44.5732983518722,5.0
mc_ID_9482,"Married Male with four children, education: high school degree working as manual",30K or more,"Hygiene from Health and Hygiene department, Ordered Brand : Steady",13.344,8.9832,non recyclable,,,,5.12 Millions,1.6384 Millions,1508,227.8,152.72,761.488,assis,SP,-22.651747459893823,-50.38975850805008,"Ribeirao Preto
",SP,-21.174925033585303,-47.7686162776848,5.0
mc_ID_9483,"Single Female with No children, education: partial college working as management",30000,"Vegetables from Produce department, Ordered Brand : High Top",28.6358,-27.1822,non recyclable,"['Bar For Salad', 'Florist', 'Ready Food', 'Coffee Bar', 'Video Store']",Save It (Sale),Deluxe,8.25 Millions,2.97 Millions,1526.08,373.1,249.44,393.4006,Guaranta,	5p,amount: -21.892917503348645,-49.5881974694828,sao paulo,SP,-23.693985995008337,-46.70188324132953,5.0
mc_ID_9484,"Married Male with three children,education: partial high school working as skilled manual",10K+,"Candy from Snacks department, Ordered Brand : Atomic",23.1121,-20.0596,recyclable,"['Florist', 'Bar For Salad', 'Ready Food', 'Coffee Bar', 'Video Store']",Save Price,Deluxe,€8.0M,4.136 Millions,1736.09,503.07,335.38,419.9167,abr3u e lima,Pa,-7.910083220560221,-34.90779484809339,santo 4ndre,Sp,-23.665703457960586,-46.51808196779969,1.0
mc_ID_9485,"Marrie Female with two children, education: partial college working as clerical",€25K+,"Pizza from Frozen Foods department, Ordered Brand : PigTail",18.3153,data: 13.9545,recyclable,['Coffee Bar'],Best Price Savers,Supermarket,7.92 Millions,3.4056 Millions,1236.07,440.92,293.95,349.2594,_cuiaba,mt,data: -15.58550085846939,amount: -56.11904594819394,sa0 paulo,SP,-23.693985995008337,-46.70188324132953,5.0
mc_ID_9487,"Single Male with two children, education: high school degree working as management",110 Thousand,"Kitchen Products from Household department, Ordered Brand : High Quality",12.1956,9.2885,recyclable,"['Bar For Salad', 'Ready Food']",,sUPERmArket,€9.6M,5.5419 Millions,2265.9,855.22,,570.8022,russas,CE,-4.936536092354878,-37.9700053741039,sao paulo,sp,-23.58359782304825,-46.50714769338705,5.0
mc_ID_9488,"Single Female with one child, education: partial college working as skilled manual",50K+,"Dairy from Dairy department, Ordered Brand : Carlson",28.4904,24.1296,recyclable,"['Florist', 'Ready Food', 'Coffee Bar', 'Bar For Salad']",Price Winners,,4.72 Millions,2.0768 Millions,2053.31,,434.96,494.9149,	maringa,PR,-23.403283128054564,-51.91369846564587,sAO LuDGERo,Sc,-28.327530882623098,-49.18050954005345,4.0
mc_ID_9489,"Married Female with two children, education: partial high school working as skilled manual",Income: 10K+,"Electrical from Household department, Ordered Brand : Denny",22.8214,19.7689,recyclable,"['Ready Food', 'Coffee Bar', 'Bar For Salad', 'Florist', 'Video Store']",Save Price,,11.79Ms,5.3055 Millions,2038.11,481.98,321.26,284.3028,"maua
",SP,data: -23.66930462115525,-46.48159847045406,monteiro lobato,SP,-22.957006788724875,-45.83889267359648,10.0/10
mc_ID_9491,"Married Female with three children, education: high school degree working as professional",150K+,"Vegetables from Frozen Foods department, Ordered Brand : Golden",-8.9541,6.0324,recyclable,"['Bar For Salad', 'Ready Food', 'Coffee Bar', 'Video Store', 'Florist']",Dimes Off,Deluxe,11.16 Millions,4.1292 Millions,2038.11,481.98,319.53,602.7575,sao jose dos campos,	SP,-23.204900693029057,-45.950860445467086,SAo pauLo,SP,-23.55684999916328,-46.56941527477062,5.0
mc_ID_9492,"Single Male with three children, education: high school degree working as skilled manual",30K+,"Starchy Foods from Starchy Foods department, Ordered Brand : Colossal",31.8337,data: 28.7811,recyclable,,,Supermarket,13.48 Millions,6.066 Millions,2049.72,457.36,304.91,val: 418.1385,sa0 paulo,SP,-23.624782532892816,-46.7403537732414,lImeir4,Sp,-22.599254430886607,data: -47.37980963550319,5.0
mc_ID_9495,"Single Female with No children, education: high school degree working as skilled manual",30 Thousand,"Kitchen Products from Household department, Ordered Brand : High Quality",13.0969,-11.6433,non recyclable,"['Florist', 'Ready Food', 'Video Store', 'Coffee Bar', 'Bar For Salad']",,	Deluxe,4.3 Millions,1.376 Millions,2038.11,481.98,321.26,478.9634,guarulhos,SP,-23.464392221253405,-46.54273714209829,PIRACICABA,SP,-22.71683928585045,-47.65736585405934,5.0
mc_ID_9496,"Single Female with three children, education: high school degree working as skilled manual",30K+,"Dairy from Dairy department, Ordered Brand : Club",20.9317,17.8792,recyclable,['Florist'],,Supermarket,10.32 Millions,4.644 Millions,1320.15,523.32,348.85,564.2647,sAO PaUlo,SP,val: -23.625482259507177,-46.7214808148768,maringa_, PR ,amount: -23.396179945356447,-51.925220060790366,4.0
mc_ID_9497,"Single Female with one kid, education: partial high school working as manual",10K+,"Breakfast Foods from Breakfast Foods department, Ordered Brand : Radius",17.7338,13.3585,non recyclable,"['Florist', 'Bar For Salad', 'Coffee Bar', 'Ready Food', 'Video Store']",Sale Sale Sale,Deluxe,7.92 Millions,2.6136 Millions,1524.42,373.1,248.79,722.6814,sao paulo,SP,-23.53253894532287,-46.42331708021234, formiga ,Mg,-20.474084262411907,-45.424321458052006,3.0
mc_ID_9498,"Married Female with four children, education: partial high school working as skilled manual",10K+,"Canned Soup from Canned Foods department, Ordered Brand : Blue Label",18.606,15.6988,non recyclable,['Coffee Bar'],Budget Bargains,Supermarket,5.19 Millions,2.3874 Millions,1235.24,440.92,293.95,754.0614,cascavel,PR,-24.94812606272721,-53.45992279514128,sao paulo,$P,-23.58667354731954,-46.61242320483004,1.0
mc_ID_9500,"Married Female with No children, education: bachelors degree working as professional",50K+ annually,"Electrical from Household department, Ordered Brand : Denny",19.3328,16.4256,recyclable,"['Bar For Salad', 'Ready Food', 'Video Store', 'Coffee Bar', 'Florist']",I Cant Believe It Sale,,14.8 Millions,5.328 Millions,1526.69,373.1,248.79,535.9181,samtos,$P,measure: -23.96112504302036,-46.32316061267247,cafelandia,SP,-21.808017,-49.62064949999999,measure: 5.0
mc_ID_9501,"SINGLE FEMALE WITH ONE CHILD, EDUCATION: BACHELORS DEGREE WORKING AS MANAGEMENT",90K+,"Hygiene from Health and Hygiene department, Ordered Brand : Consolidated",15.5534,12.6317,recyclable,"['Ready Food', 'Bar For Salad']",Full Free,supermarket,€6.1M,2.5704 Millions,2265.9,,568.81,736.907,lavras,MG,-21.24898018734491,-44.99817928074323,IBITINGA,SP,data: -21.7664768468313,-48.83154737836604,1.0
mc_ID_9502,"Married Female with one child, education: HS degree working as professional",€93K+,"Snack Foods from Snack Foods department, Ordered Brand : Best Choice",31.3976,28.4904,recyclable,,Sale Winners,Supermarket ,5.36 Millions,2.3584 Millions,1509.29,229.8,151.9,val: 720.171,uba_,	MG,-21.12574332854103,-42.92260482854105,voLTa rEdonDA,SP,amount: -22.498182754371285,measure: -44.12361371579433,3.0
mc_ID_9503,"Single Female with three children, education: partial high school working as skilled manual",30K+,"Vegetables from Produce department, Ordered Brand : Ebony",24.5657,data: 20.0596,non recyclable,"['Ready Food', 'Bar For Salad', 'Florist', 'Coffee Bar', 'Video Store']",Two Day Sale,Deluxe,5.76Ms,2.2464 Millions,1871.16,593.93,395.95,amount: 402.0824,ferraz de vasconcelos,SP_,-23.55390479877663,amount: -46.38258754884873,Sao Paulo,SP,-23.554133203993324,-46.53048959908248,5.0
mc_ID_9504,"Married Female with four kidren, education: high school degree working as professional",130K+,"Paper Products from Household department, Ordered Brand : Denny",-8.7652,5.858,non recyclable,['Florist'],Save It (Sale),SUpeRMarkEt,7.28 Millions,2.6936 Millions,1320.15,525.32,,data: 427.7617,5alvador,BA,-12.969784487650752,-38.49312773397196,videira,SC,-27.00086872288371,-51.14532022116548,measure: 4.0
mc_ID_9505,"Married Female with one child, education: partial high school working as skilled manual",10K or more,"Snack Foods from Snack Foods department, Ordered Brand : Nationeel",19.4781,17.8792,non recyclable,"['Bar For Salad', 'Ready Food', 'Florist', 'Coffee Bar']",Roller Savings (High) ,Gourmet,7.05Ms,2.7495 Millions,1564.34,,256.97,637.6939,ouro fino,MG,-22.28442495858168,-46.37397062423884,jussara,PR,val: -23.62208737103585,val: -52.46578937273949,5.0
mc_ID_9506,"Married Male with one child, education: high school degree working as skilled manual",30K+,"Frozen Desserts from Frozen Foods department, Ordered Brand : PigTail",data: 23.9843,-0.1,non recyclable,,Two Day Sale,Supermarket,2.22 Millions,0.888 Millions,1623.48,341.05,228.81,data: 383.2021,sao p4ulo_,SP,-23.52946681265509,-46.63502230919265,ibitinga,SP,-21.7664768468313,-48.83154737836604,1.0
mc_ID_9507,"Married Male with three children, education: high school degree working as manual",30K+,"Pain Relievers from Health and Hygiene department, Ordered Brand : Faux Products",data: 18.0246,13.6492,non recyclable,"['Video Store', 'Florist', 'Bar For Salad', 'Coffee Bar', 'Ready Food']",Go For It,Deluxe,"11.52 ,000,000illions",5.184 Millions,2038.11,481.98,321.26,455.3761,SAO PEULO,SP,-23.61763890592578,-46.6389807441141,CAMPINAS,SP,-22.943830511384977,measure: -47.11233196480047,5.0
mc_ID_9508,"Single Male with four children, education: Bachelors degree working as professional",130K+ annually,"Specialty from Produce department, Ordered Brand : Ebony",12.0503,10.5822,recyclable,"['Ready Food', 'Florist', 'Video Store', 'Coffee Bar', 'Bar For Salad']",Mystery Sale,GOURMET,2.85 Millions,0.912 Millions,1424.85,465.54,310.3,360.0332,joao pessoa,PB,-7.115545623925199,-34.8557625,mogi das cruzes,5P,-23.551706513599484,-46.260979398542325,5.0
mc_ID_9509,"Single Female with five children, education: partial high school working as manual",10K+,"Baking Goods from Baking Goods department, Ordered Brand : BBB Best",22.5307,19.6235,recyclable,,,Supermarket,6.16 Millions,2.464 Millions,2049.72,457.36,304.91,527.7593,VARZEA PAULISTA,SP,-23.2256361212416,-46.8352505773309,SAO PAULO,sP,-23.667843855675457,-46.66038973120199,5.0
mc_ID_9510,Single Male with No kids; education: bachelors degree working as management,50K+,"Jams and Jellies from Baking Goods department, Ordered Brand : Super",23.9843,21.0771,non recyclable,['Coffee Bar'],Savings Galore,Small Grocery,"7.92 ,000,000illions",3.6432 Millions,1423.37,398.93,265.98,550.5098,cAMPiNaS ,SP,amount: -22.850658848462096,-47.071669269086456,sao paulo,SP,-23.512538179294825,-46.50108112461768,1.0 stars
mc_ID_9513,"Single Female with three kidren, education: high school degree working as manual",$10K+,"Vegetables from Produce department, Ordered Brand : Tell Tale",amount: 21.3678,19.7689,recyclable,"['Ready Food', 'Bar For Salad', 'Coffee Bar', 'Florist']",Promo Big, Deluxe,5.61 Millions,2.6367 Millions,2055.29,654.13,436.09,267.3576,mairipora,SP,-23.32358162262788,-46.571516434161296,sao paulo,Sp,measure: -23.48496374049282,-46.61933914432453,5.0
mc_ID_9514,"Single Female with one child, education: partial high school working as manual",10K+,"Specialty from Carousel department, Ordered Brand : King",17.007,measure: 15.4081,recyclable,"['Video Store', 'Bar For Salad', 'Coffee Bar', 'Ready Food', 'Florist']",Sale Winners,Deluxe ,1.98 Millions,0.6138 Millions,1873.53,593.93,395.95,519.7574,porto alegre,Rs,-30.03663696309648,-51.22367993104038,portao,R5,amount: -29.6960435029035,-51.24351819389478,5.0
mc_ID_9515,"Single Male with four kidren, education: high school degree working as skilled manual",30K+,"Vegetables from Produce department, Ordered Brand : High Top",12.3701,9.4629,recyclable,"['Florist', 'Bar For Salad', 'Ready Food', 'Coffee Bar', 'Video Store']",Tip Top Savings,Deluxe,10.35 Millions,3.2085 Millions,1734.5,503.07,335.71,287.127,goianap0lis,go,amount: -16.503290038437896,-49.02533502330064,campinas,$p,val: -22.895876357204664,-47.0791850342778,5.0
mc_ID_9516,"Married Female with five kids, education: partial college working as skilled manual",30K+,"Snack Foods from Snack Foods department, Ordered Brand : Best Choice",29507.90 grams,27.909,recyclable,"['Ready Food', 'Bar For Salad', 'Coffee Bar', 'Florist', 'Video Store']",Price Slashers,deluxe_,9.57 Millions,3.0624 Millions,1525.28,,248.79,403.9652,fortaleza,CE,-3.7426544213168538,amount: -38.48417765306712,Penapolis,SP,amount: -21.426570046543283,-50.06791761043272,1.0
mc_ID_9518,"Married Male with two children, education: partial college working as professional",30K+,"Meat from Deli department, Ordered Brand : American",20.641,16.1349,recyclable,"['Ready Food', 'Bar For Salad', 'Florist', 'Coffee Bar']",Saving Days,Deluxe,2.34 Millions,1.0062 Millions,2055.29,654.13,,352.0313,gravatal,Rs,-29.927994288910604,-51.02459690676839,"pedreira
",SP,val: -22.73824150585765,-46.8958585777586,5.0
mc_ID_9519,"Married Male w/ one child, education: bachelors degree working as professional",50K or more,"Candy from Snacks department, Ordered Brand : Atomic",data: 15.8442,14.376,recyclable,['Florist'],Roller Savings (High) ,supeRmaRk3T,$1.8 Millions,0.63 Millions,1320.15,523.32,350.06,amount: 532.6232,itu,SP,amount: -23.25803550268717,-47.29417635508712,SAO PAULO,sp,-23.58667354731954,-46.61242320483004,5.0
mc_ID_9520,"Married Female with four children, education: partial high school working as manual",10000,"Hygiene from Health and Hygiene department, Ordered Brand : Faux Products",12.1084,7.7331,recyclable,['Coffee Bar'],Big Time Saving,Small Grocery,"7.94 ,000,000illions",2.4614 Millions,1423.37,398.93,265.98,measure: 631.1041,sao paulo,5P,amount: -23.53047428864907,data: -46.69443415958799,,,,,1.0
mc_ID_9521,"Single Male with one child, education: High School degree working as skilled manual",30 Thousand,"Frozen Entrees from Frozen Foods department, Ordered Brand : Golden",13.7074,9.3466,non recyclable,"['Bar For Salad', 'Florist', 'Ready Food', 'Coffee Bar']",Three for One,DELUX3,5.49 Millions,1.8666 Millions,2055.29,,436.09,640.5181,lavinia,sp,-21.160492166071545,-51.0408840317995,IBITINGA,sp,-21.7664768468313,-48.83154737836604,3.0
mc_ID_9523,"Married Female with three children, education: partial college working as professional",50K+,"Seafood from Seafood department, Ordered Brand : Dual City",18.4606,15.4081,recyclable,"['Coffee Bar', 'Florist', 'Ready Food', 'Bar For Salad']",Save Price,_Deluxe,6.8 Millions,2.176 Millions,2052.39,654.13,434.27,measure: 584.191,belo horizonte,MG,-19.81661762585845,-43.99762518359399,pedreira,SP,-22.73824150585765,-46.8958585777586,data: 2.0
mc_ID_9524,"Married Female with four children, education: high school degree working as manual",10K+,"Dairy from Dairy department, Ordered Brand : Carlson",14.2452,9.8844,recyclable,,Super Savers,Supermarket,3.93 Millions,1.6899 Millions,2049.72,457.36,304.91,339.8977,Di@Dema,SP,-23.72306773765286,-46.63200018050453,sao pauIo,SP,-23.4719444074384,val: -46.59864459256161,5.0
mc_ID_9525,"Single Male with two kidren, education: partial high school working as manual",10K+,"Breakfast Foods from Frozen Foods department, Ordered Brand : Golden",measure: 11.4252,9.9716,recyclable,['Coffee Bar'],Save It (Sale),Small Grocery,0.86 Millions,0.43 Millions,2069.04,,221.48,data: 274.1566,paulo afonso,BA,-9.389995384239766,-38.227672721758765,sao paulo,Sp,-23.746252526227707,-46.677001782820696,5.0
mc_ID_9528,"Single Female with three children, education: partial high school working as manual",10K+,"Bread from Baked Goods department, Ordered Brand : Sphinx",320.98 oz,6.1923,recyclable,"['Bar For Salad', 'Coffee Bar', 'Ready Food', 'Florist']",Saving Days,"GOURMET
",$4.38 Millions,1.4454 Millions,1566.55,385.45,255.74,474.0995,1biam,5C,-27.181010343207944,-51.23837154342321,sao paulo,5P,-23.472335179294816,data: -46.64636526449883,5.0
mc_ID_9529,"Single Male with five children, education: partial college working as skilled manual",50K+,"Hygiene from Health and Hygiene department, Ordered Brand : Faux Products",29.944,-27.0368,recyclable,"['Bar For Salad', 'Florist', 'Coffee Bar', 'Video Store', 'Ready Food']",Lottery Cash Registerion,Deluxa,1.95Ms,0.8775 Millions,1734.5,503.07,335.38,500.9294,maringa ,PR,-23.443459676669885,-51.93287204648106,vo7uporanga,SP,-20.405604560394835,-49.99195266803888,5.0
mc_ID_9530,"Singlee Male wiht five children, education: Bachelors degree working as professional",50K+,"Vegetables from Canned Foods department, Ordered Brand : Better",15.8442,12.9224,recyclable,,Price Slashers,Supermarket,5.22 Millions,2.088 Millions,1623.48,343.05,227.33,277.0331,rio de janeiro,RJ,-22.88071189148247,-43.37148510017898,ibit1nga,SP,-21.7664768468313,-48.83154737836604,3.0
mc_ID_9532,"Single Male with three children, education: partial high school working as manual",$10K+,"Baking Goods from Baking Goods department, Ordered Brand : BBB Best",11.2217,8.3,non recyclable,"['Florist', 'Video Store', 'Ready Food', 'Coffee Bar', 'Bar For Salad']",,Gourmet,1.26Ms,0.3906 Millions,1424.85,465.54,311.23,718.2882,	fortaleza,CE,-3.705046742431358,-38.5827532272941,santo andre,SP,amount: -23.665703457960586,-46.51808196779969,5.0
mc_ID_9534,"Married Male with No children, education: high school degree working as skilled manual",30K or more,"Snack Foods from Snack Foods department, Ordered Brand : Best Choice",val: 23.9843,21.0771,recyclable,['Florist'],Save It (Sale),Supermarket,6.63Ms,2.8509 Millions,1320.15,523.32,350.58,427.7617,JACAREI,SP,,,guarulhos,SP,-23.46530411469876,val: -46.51148732089968,5.0
mc_ID_9536,"Single Female with four children, education: partial high school working as skilled manual",10K+,"Jams and Jellies from Baking Goods department, Ordered Brand : Landslide",val: 16.8617,15.4081,recyclable,"['Bar For Salad', 'Ready Food']",Savings Galore,Supermarket,7.14 Millions,2.6418 Millions,2448.37,470.27,314.11,data: 550.1437, MAUA , Sp,-23.680906533441068,-46.43319342105705,sao bento,pB,-6.494015953708633,-37.44918481392514,5.0
mc_ID_9538,"Married  Male  with  No  children,  education:  partial  high  school  working  as  skilled  manual",10K+,"Fruit from Produce department, Ordered Brand : Hermanos",30.9615,27.909,non recyclable,"['Bar For Salad', 'Ready Food']",,,6.68Ms,2.2712 Millions,2265.9,853.22,568.75,432.0503,rio de janeiro,RJ,-22.829193849010363,-43.408286706907525,pedreira,SP,-22.73824150585765,-46.8958585777586,5.0
mc_ID_9539,"Married Male with five children, education: partial high school working as manual",$10K+,"Canned Soup from Canned Foods department, Ordered Brand : Better",11.5997,-8.6925,recyclable,"['Coffee Bar', 'Florist', 'Bar For Salad', 'Video Store', 'Ready Food']",Discount Frenzy,Gourmet,€5.2M,3.0135 Millions,1422.14,467.54,311.7,504.9565, sao p4ulo ,sp,-23.57716248542904,-46.583508614490135,sao paulo,SP_,-23.549693280599,amount: -46.49264250874256,5.0
mc_ID_9540,"MaRrIeD FeMaLe wItH TwO ChIlDrEn, EdUcAtIoN: pArTiAl cOlLeGe wOrKiNg aS ClErIcAl",30K+,"Snack Foods from Snack Foods department, Ordered Brand : Nationeel",24.7111,21.8039,recyclable,['Coffee Bar'],Double Your Savings,SUPERMARKET,8.48 Millions,3.9008 Millions,1236.07,440.92,,493.8689,SAO PAULO,$P,-23.587259951151253,-46.71949672370017,itaquaquecetuba ,SP,-23.43567309991361,-46.38032799842931,3.0
mc_ID_9541,"Married Female with five kidren, education: high school degree working as skilled manual",30K+,"Vegetables from Produce department, Ordered Brand : Ebony",30.6708,29.2172,non recyclable,,Two Day Sale,Supermarket,7.05 Millions,3.1725 Millions,1626.3,341.05,227.33,data: 383.2021,piata,Be,-13.15200989080445,measure: -41.776627995941126,jacarei,SP,-23.29818595956356,-45.974828011182304,3.0 stars
mc_ID_9545,"Married Female with two children, education: high school degree working as skilled manual",10 Thousand,"Vegetables from Frozen Foods department, Ordered Brand : Imagine",25.7286,22.8214,recyclable,"['Coffee Bar', 'Ready Food', 'Florist', 'Video Store', 'Bar For Salad']",Money Savers,Deluxe,6.88 Millions,2.8896 Millions,1871.16,595.93,,343.611,sao paulo,Sp,-23.56375858312654,-46.63899210115993, jaboticabaI ,SP,-21.250592999999995,-48.31762049999999,4.0
mc_ID_9547,"Single Male with one child, education: partial high school working as skilled manual",$50K+,"Snack Foods from Snack Foods department, Ordered Brand : Horatio",-23.8389,20.7864,recyclable,"['Florist', 'Coffee Bar', 'Bar For Salad', 'Ready Food']",Sale : Double Down,,"2.7 ,000,000illions",1.107 Millions,2055.29,,435.76,500.7202,Serra,ES,-20.1808755,-40.26153600000001,guarulhos,SP,-23.4319484074384,-46.44869453427779,4.0
mc_ID_9548,"Married Female with No children, education: bachelors degree working as professional",130K+,"Vegetables from Produce department, Ordered Brand : High Top",-12.8643,8.5035,recyclable,['Florist'],Roller Savings (High) ,Supermarket,2.52 Millions,1.0332 Millions,1320.15,523.32,348.85,532.6232,brasilia,Df,-15.8184427159618,-47.91715259227622,CAXIAS DO SUL,"RS
",-29.16624369279465,-51.209531752064,4.0
mc_ID_9549,"Single Female with four children, education: bachelors degree working as professional",70k,"Hot Beverages from Beverages department, Ordered Brand : Landslide",21.6585,18.606,non recyclable,,One Day Sale,,$4.26 Millions,1.5762 Millions,2819.7,447.7,298.5,767.3456,	sao bernardo do campo,SP,-23.68518013015762,-46.576104443793646,jaguaruna, $C,-28.621531461000867,amount: -49.023995719014565,2.0
mc_ID_9550,"Single Male with two children, education: graduate degree working as professional",110K+,"Candy from Snacks department, Ordered Brand : Choice",amount: 31.8337,27.3275,non recyclable,['Coffee Bar'],Mystery Sale,Small Grocery,€1.6M,0.552 Millions,,534.29,354.9,val: 686.176,Sao Paulo,SP,-23.555476749379626,-46.67548530850014,sao paulo,SP,-23.485755415382435,-46.70221321730524,data: nan
mc_ID_9551,"Single Male with two children, education: graduate degree working as professional",€59K+,"Canned Tuna from Canned Foods department, Ordered Brand : Pleasant",9.3175,174.33 oz,recyclable,,Big Time Discounts,Supermarket,5.92 Millions,2.7824 Millions,1510.98,227.8,151.9,574.9339,sao paulo,SP,-23.556513287803007,-46.65025319729151,jaboticabal,SP,-21.250592999999995,-48.31762049999999,2.0
mc_ID_9553,"Married Female with five children, education: bachelors degree working as professional",70K+,"Vegetables from Produce department, Ordered Brand : High Top",23.4028,-999.0,non recyclable,,,Supermarket,6.64 Millions,2.5232 Millions,2050.87,,304.91,610.5502,sao paulo,SP,-23.60590732760994,-46.62908109623806,santo andre,SP ,-23.665703457960586,-46.51808196779969,5.0
mc_ID_9555,"Married Female with No kids, education: high school degree working as manual",30K+,"Specialty from Produce department, Ordered Brand : Tell Tale",16.4256,13.5184,non recyclable,,Super Savers,Supermarket,8.55 Millions,4.0185 Millions,2051.02,457.36,303.75,339.8977,ponTA GROSsA,Pr_,measure: -25.084951512349253,-50.1719179396387,porto 4legre,RS,-30.00731246906908,-51.19422244408211,4.0 stars
mc_ID_9556,"Single  Male  with  two  children,  education:  high  school  degree  working  as  skilled  manual",50K+,"Vegetables from Produce department, Ordered Brand : High Top",17.8792,16.4256,non recyclable,"['Florist', 'Bar For Salad', 'Coffee Bar', 'Video Store', 'Ready Food']",Sale : Double Down,,2.07 Millions,0.6831 Millions,1734.5,503.07,336.73,amount: 265.6317,santa cruz do capibaribe ,PE,-7.950454194661508,-36.20022733984541,CAMPINAS,sp,measure: -22.895876357204664,data: -47.0791850342778,3.0
mc_ID_9557,"Married Male with five children, education: high school degree working as skilled manual",Income: 30K+,"Beer and Wine from Alcoholic Beverages department, Ordered Brand : Good",10.2769,8.82 kg,recyclable,###,Shelf Clearing Days, Supermarket,"15.64 ,000,000illions",6.7252 Millions,2449.73,470.27,313.55,363.6942,joao pessoa,PB,data: -7.101960317242725,-34.84236014348782,sao paulo,SP,measure: -23.59798552039933,-46.55547278711988,5.0
mc_ID_9558,"Married Female with four children, education: partial high school working as skilled manual",€8K+,"Dairy from Dairy department, Ordered Brand : Booker",26.8915,22.5307,non recyclable,"['Bar For Salad', 'Coffee Bar', 'Florist', 'Ready Food']",Super Duper Savers,Deluxe,€8.5M,4.5954 Millions,2055.29,,435.62,364.2695,petropolis,Rj,-22.459837563983942,-43.14172200990929,SaLtO,SP,val: -23.19024365306712,-47.291570633360266,4.0
mc_ID_9559,"Singlee Male with two children, education: High School degree working as manual",30K+,"Snack Foods from Snack Foods department, Ordered Brand : Nationeel",22.5307,19.6235,recyclable,"['Coffee Bar', 'Ready Food', 'Bar For Salad', 'Video Store', 'Florist']",Save Price,Deluxe,7.17 Millions,3.3699 Millions,1734.5,503.07,335.38,419.9167,sorocaba,SP,-23.52429559410029,-47.4343524992766,atibaia,SP,-23.112774381969185,-46.5488845105504,data: 4.0
mc_ID_9561,Single Male with No children; education: bachelors degree working as professional,50K+,"Paper Products from Household department, Ordered Brand : High Quality",15.2627,10.9019,non recyclable,,GLD,Superm@rket,10.12Ms,4.8576 Millions,1508,,151.9,amount: 727.9637,Sao Luis,MA,-2.5221512411853046,amount: -44.25581447515726,CAMPIMAS,SP,-22.92991227115403,-47.07189552530681,5.0
mc_ID_9563,"Married Male with four children, education: High School degree working as manual.",30 Thousand,"Bathroom Products from Health and Hygiene department, Ordered Brand : Hilltop",23.6936,19.1874,non recyclable,['Florist'],Two for One,,10.71Ms,4.284 Millions,,523.32,350.48,360.7131,GUAIBA,RS,-30.11082611949453,-51.36376683789562,Brusque,Sc,-27.14105704919435,-48.96146112936535,5.0
mc_ID_9564,"Married Male with two kidren, education: high school degree working as professional",90K+,"Canned Soup from Canned Foods department, Ordered Brand : Just Right",-29.7987,59.29 lbs,recyclable,"['Ready Food', 'Florist', 'Video Store', 'Coffee Bar', 'Bar For Salad']",Save It (Sale),Deluxe,7.2 Millions,unknown,1525.28,373.1,248.51,393.4006,brasilia,DF,-15.78622682820994,val: -48.13030013702988,ribeirao pires, SP,-23.73407261059953,-46.44241000920845,measure: 5.0
mc_ID_9566,"Married Female with No children, education: partial high school working as manual",Income: 10K+,"Frozen Desserts from Frozen Foods department, Ordered Brand : Golden",13.5911,10.6839,non recyclable,['Coffee Bar'],Discount Frenzy,Supermarket,3.39 Millions,1.2204 Millions,1236.07,440.92,293.95,760.4943,guaruja,sp,-23.99755884940916,measure: -46.25926882849049, sao bernardo do campo ,5p,-23.71688471949829,-46.54199108267673,data: 5.0
mc_ID_9569,"Married Male with one child, education: high school degree working as skilled manual",50000,"Starchy Foods from Starchy Foods department, Ordered Brand : Shady Lake",27.0368,data: 24.1296,recyclable,['Coffee Bar'],Two for One,Small Grocery,1.4 Millions,0.518 Millions,1394.66,534.29,357.99,624.2005,jacarei,SP,-23.310016990523582,-45.96143881362631,Praia Grande,SP,-24.011288218359883,-46.41873374429398,4.0
mc_ID_9571,"Single Female with two children, education: partial high school working as skilled manual",10K+ annually,"Dairy from Dairy department, Ordered Brand : Carlson",12.7771,8.4018,recyclable,"['Bar For Salad', 'Ready Food']",Super Savers,	Supermarket,$7.08 Millions,2.5488 Millions,2450.52,470.27,313.55,754.7413,rio de janeiro,RJ,-23.00927096142304,-43.42940927644404,maringa,PR,-23.377396999935016,-51.93100618003307,1.0
mc_ID_9572,"Married Male with four children, education: bachelors degree working as management",$50K+,"Jams and Jellies from Baking Goods department, Ordered Brand : Landslide",13.6056,10.6839,recyclable,['Florist'],Save Price,Supermarket,6.95 Millions,2.502 Millions,,523.32,348.85,670.486, belo horizonte,MG,-19.95954610294896,-43.93549305303234,sao paulo,SP,-23.64645316564389,-46.66995830987091,5.0
mc_ID_9575,"Single Male with No kidren, education: partial college working as clerical",30K+,"Meat from Deli department, Ordered Brand : Moms",25.1472,23.5482,recyclable,"['Coffee Bar', 'Ready Food', 'Florist', 'Bar For Salad', 'Video Store']",Sale Sale Sale,,3.33 Millions,1.5651 Millions,1523.05,373.1,248.79,val: 722.6814,sao paulo,Sp,-23.58762728449414,###,ibitinga,Sp,-21.7664768468313,-48.83154737836604,5.0
mc_ID_9576,"Single_Male_with_three_kids,_education:_bachelors_degree_working_as_professional",130000,"Fruit from Produce department, Ordered Brand : High Top",21.3678,18.3153,non recyclable,"['Florist', 'Video Store', 'Ready Food', 'Coffee Bar', 'Bar For Salad']",Big Time Saving,deluxe,6.75 Millions,2.4975 Millions,1871.16,595.93,394.17,-1,iguaba grande,RJ,-22.83608374688867,data: -42.22525826231049,Jacarei,sp,-23.29818595956356,-45.974828011182304,5.0
mc_ID_9578,"Single Male with three kidren, education: partial high school working as skilled manual",10K+,"Snack Foods from Snack Foods department, Ordered Brand : Nationeel",17.8792,16.4256,recyclable,"['Florist', 'Bar For Salad', 'Coffee Bar', 'Ready Food']",Shelf Emptiers,gourmet,5.64 Millions,2.4816 Millions,1564.86,385.45,257.01,773.0986,santa isabel,SP,-23.313367272379296,-46.23184349266853,sao paul0,SP,-23.554079433810344,-46.53324185942636,data: 3.0
mc_ID_9579,"Married Male with five children, education: high school degree working as skilled manual",$30K+,"Bathroom Products from Health and Hygiene department, Ordered Brand : Steady",16.7163,12.3555,recyclable,,Money Savers,Supermarket,9.0 Millions,3.24 Millions,1507.94,229.8,151.9,277.2423,PORTO A1EGRE,RS,data: -30.04841850983909,-51.20840841355522,salto,_$P,-23.20591698084141,-47.307845865803,5.0
mc_ID_9580,"Single Female with two children, education: partial college working as management",30K+,"Candles from Household department, Ordered Brand : Sunset",17.7338,13.3585,recyclable,"['Florist', 'Ready Food', 'Bar For Salad', 'Coffee Bar']",Promo Big,DELUXE,1.68 Millions,0.6888 Millions,2055.29,654.13,436.09,267.3576,	ereçhim,RS,-27.63476848098565,-52.28029411864509,cAMp1nAS,SP,val: -22.92991227115403,-47.07189552530681,5.0
mc_ID_9582,"Single Female with three kids, education: high school degree working as skilled manual",360+ monthly,"Canned Clams from Canned Foods department, Ordered Brand : Bravo",29.6533,-25.1472,recyclable,"['Florist', 'Ready Food', 'Coffee Bar', 'Bar For Salad']",Tip Top Savings,Deluxe,19.25 Millions,6.16 Millions,2055.29,654.13,436.09,745.6934,Brasilia,DF,-15.848767641268472,-48.03324800952432,tabatinga,SP,-21.72886646318172,-48.68881488220222,5.0
mc_ID_9583,"Married Female wiht three children, education: high school degree working as professional",150K+,"Vegetables from Produce department, Ordered Brand : Tell Tale",24.8564,val: 21.9493,recyclable,"['Coffee Bar', 'Bar For Salad', 'Video Store', 'Ready Food', 'Florist']",Go For It,"Deluxe
",5.8 Millions,2.03 Millions,2039.21,481.98,321.26,data: 455.3761,"jaguariuna
",SP,-22.689712550377955,-46.98249303136359,sao paulo,SP,-23.539446764643067,-46.639378335968615,5.0
mc_ID_9584,"Single Female with No children, education: partial high school working as skilled manual",10K+,"Snack Foods from Snack Foods department, Ordered Brand : Fast",21.37 kg,-18.3153,non recyclable,"['Bar For Salad', 'Video Store', 'Ready Food', 'Florist', 'Coffee Bar']",Discount Frenzy,Gourmet,$8.34 Millions,3.8364 Millions,1423.34,465.54,310.3,555.2168,paracatu,MG,data: -17.211337793818256,-46.886436092783214,san7os,SP,-23.93465945090488,-46.331065142884974,5.0
mc_ID_9585,"Single Male with two children, education: high school degree working as manual",50K+ annually,"Beer and Wine from Alcoholic Beverages department, Ordered Brand : Pearl",14.972,12.0648,non recyclable,"['Bar For Salad', 'Florist', 'Video Store', 'Coffee Bar', 'Ready Food']",Lottery Cash Registerion,Deluxe,3.72 Millions,1.5252 Millions,1734.5,503.07,334.2,646.4803,santana de parnaiba,SP,amount: -23.45958665954217,-46.81783648621917,cur1tiba,PR,-25.46921399278664,-49.29393514695028,5.0
mc_ID_9586,"Single Female with No children, education: bachelors degree working as management",840+ monthly,"Kitchen Products from Household department, Ordered Brand : Denny",29.944,-999.0,recyclable,"['Bar For Salad', 'Ready Food', 'Coffee Bar', 'Video Store', 'Florist']",Two Day Sale,_Deluxe,15.24 Millions,5.6388 Millions,2038.11,481.98,321.57,495.7517,unai_,mg,-16.362606334443775,-46.89279560165654,sao paulo,5P,-23.65122827692988,-46.639731778343,3.0
mc_ID_9587,"Married Female with four kidren, education: partial HS working as skilled manual",Income: 10K+,"Snack Foods from Snack Foods department, Ordered Brand : Nationeel",15.4081,12.5009,non recyclable,"['Ready Food', 'Coffee Bar', 'Bar For Salad', 'Florist']",Two Day Sale,Deluxe,11.64 Millions,4.4232 Millions,2053.71,654.13,437.45,542.0895,flurianopolis,sç,-27.595379158751264,-48.55382695683541,belo horizonte,MG,-19.921126734952896,-43.94119674937962,5.0
mc_ID_9588,"Married Male with three children, education: bachelors degree working as professional",50K+,"Jams and Jellies from Baking Goods department, Ordered Brand : Super",data: 19.7689,16.8617,recyclable,['Florist'],Price Winners,Supermarket,7.74Ms,2.9412 Millions,1320.15,523.32,348.85,640.7273,CURITIBA,_PR,-25.4046727705902,data: -49.19971258303454,portoalegre,Rs,-30.03215040714993,-51.2325516998384,1.0
mc_ID_9589,"Married Male with three children, education: partial college working as skilled manual",30k,"Snack Foods from Snack Foods department, Ordered Brand : Nationeel",20.9317,16.4256,non recyclable,,GLD,supermarket,"1.32 ,000,000illions",0.4884 Millions,1508,227.8,151.9,727.9637,CORUMBA,MS,val: -19.00261905751808,-57.64860664773547,SaltO,SP,-23.198860047870664,-47.29334560811024,val: 5.0
mc_ID_9591,"Single Female with four children, education: high school degree working as professional",70K+,"Snack Foods from Snack Foods department, Ordered Brand : Best Choice",29071.90 grams,26.1647,non recyclable,['Coffee Bar'],Price Slashers,Supermarket,6.36 Millions,3.1164 Millions,1236.07,440.92,,measure: 402.6054,sao jose dos campos,Sp,-23.22917289647413,-45.925893267413024,santo andre,SP,-23.665703457960586,-46.51808196779969,4.0
mc_ID_9592,"Single Female with one child, education: partial high school working as manual",10K+,"Kitchen Products from Household department, Ordered Brand : High Quality",30.0894,-28.6358,recyclable,"['Video Store', 'Bar For Salad', 'Florist', 'Coffee Bar', 'Ready Food']",,Deluxe,$5.62 Millions,2.4166 Millions,1736.2,,335.38,646.4803,campo grende,mS,-20.45701824063706,-54.60285131989711, pedreira ,SP,-22.73824150585765,-46.8958585777586,3.0
mc_ID_9593,Married Male with three children - education: partial high school working as management,$150K+,"Specialty from Produce department, Ordered Brand : Hermanos",18.0246,13.6492,recyclable,['Florist'],Super Savers,SUPERMARKET,5.94 Millions,2.3166 Millions,1320.15,523.32,347.98,338.6948,bonfim paulista,sp,val: -21.185944576067463,-47.81498292186677,sumare,SP,-22.828654864562257,amount: -47.267296160568925,5.0
mc_ID_9595,"Married Male with two children, education: high school degree working as manual",$30K+,"Cleaning Supplies from Household department, Ordered Brand : Denny",13.6492,10.7421,non recyclable,"['Coffee Bar', 'Florist', 'Bar For Salad', 'Ready Food']",Best Price Savers,Gourme7,7.38 Millions,2.952 Millions,,385.45,255.73,amount: 558.1979,"sao joao da barra
",RJ,-21.635803004926267,-41.05005765980928,SAO PAULO,5P,-23.59798552039933,-46.55547278711988,4.0
mc_ID_9598,"Married Male with two children, education: batchelors degree working as management",70K+,"Candy from Snacks department, Ordered Brand : Choice",-1.0,24.1296,recyclable,,Mystery Sale,,5.16 Millions,2.0124 Millions,1623.48,341.05,227.13,718.9681,niteroi,RJ,measure: -22.90581654870452,amount: -43.106988856771984,Campo Limpo Paulista,SP,-23.20706431353269,measure: -46.760735214610754,4.0
mc_ID_9599,"Single Male with three children, education: bachelors degree working as professional",70K+,"Frozen Entrees from Frozen Foods department, Ordered Brand : Big Time",val: 15.8442,12.9224,recyclable,,,...,$19.55 Millions,9.1885 Millions,,227.8,151.9,660.2352,sao paulo,sp,-23.53845497307979,-46.5185546194818,,,,,2.0
mc_ID_9600,"Single Male with No children, education: high school degree working as manual",30K+,"Snack Foods from Snack Foods department, Ordered Brand : Fast",31.6883,30.0894,recyclable,"['Florist', 'Ready Food', 'Bar For Salad', 'Coffee Bar', 'Video Store']",Price Slashers, DELUXE,5.46 Millions,2.2386 Millions,1734.5,503.07,,282.9953,sao mateus,ES,-18.72283980576108,-39.845949230284674,Rio De Janeiro,Rj,amount: -22.907300762421368,val: -43.18372964446876,5.0
mc_ID_9603,"Married  Male  with  No  children,  education:  bachelors  degree  working  as  professional",50K+,"Magazines from Periodicals department, Ordered Brand : Gauss",22.676,19.7689,non recyclable,"['Ready Food', 'Video Store', 'Florist', 'Coffee Bar', 'Bar For Salad']",Money Savers,Deluxe,10.83 Millions,4.2237 Millions,1525.28,,249.66,560.656,tres lagoas,MS,-20.791662981624533,-51.70549511800999,barra mansa,RJ,-22.54303759117662,data: -44.17532044976627,5.0
mc_ID_9604,"Married Female with four children, education: high school degree working as professional",150K+,"Fruit from Produce department, Ordered Brand : Tell Tale",30.3801,27.3275,recyclable,,,Supermarket,7.6 Millions,2.508 Millions,2050.32,,304.91,data: 610.5502,Guaranesia, Mg ,-21.301371432971965,-46.798887440229024,santo andre,_sp,-23.665703457960586,-46.51808196779969,amount: 2.0
mc_ID_9605,"Married Female with two children, education: bachelors degree working as professional",70K+,"Snack Foods from Snack Foods department, Ordered Brand : Best Choice",30.0894,25.7286,non recyclable,,Price Cutters,Mid-Size,5.42 Millions,2.2764 Millions,2087.63,785.64,,,limeira,SP,-22.568907864569766,-47.37619564683011,itatiba,5P,-22.99567770323237,-46.857106243157794,5.0
mc_ID_9606,"Single Female with one child, education: partial high school working as skilled manual",10K+,"Snack Foods from Snack Foods department, Ordered Brand : Best Choice",29.944,amount: 27.0368,recyclable,,,5upermarket,"5.04 ,000,000illions",2.3688 Millions,2049.72,457.36,304.91,310.662,NITEROI,rj,data: -22.901004172835204,-43.037358284719815,Sao Paulo,SP,-23.58316603052688,-46.76124388343237,5.0
mc_ID_9607,"Married Male with three children, education: high school degree working as skilled manual",30K+,"Electrical from Household department, Ordered Brand : Cormorant",31.543,27.1822,non recyclable,"['Bar For Salad', 'Ready Food']",Super Duper Savers,,"3.74 ,000,000illions",1.3464 Millions,2264.63,853.22,568.75,677.285,sao paulo,5P,-23.43235638273989,measure: -46.75211054954124,santo  andre,SP,-23.665703457960586,-46.51808196779969,5.0
mc_ID_9608,"Married Female with two kids, education: partial college working as professional",360+ monthly,"Snack Foods from Snack Foods department, Ordered Brand : Fort West",23.2575,21.8039,recyclable,"['Coffee Bar', 'Ready Food', 'Bar For Salad', 'Florist']",Bag Stuffer,Deluxe,4.3 Millions,1.72 Millions,2055.29,654.13,,367.7736,sao paulo,SP,-23.652801714124177,-46.7682836429379,baependi,MG,data: -21.956309999999995,-44.882378788136165,5.0
mc_ID_9609,Married Male with five children; education: partial college working as professional,30K+,"Canned Tuna from Canned Foods department, Ordered Brand : Just Right",13.7801,measure: 12.3119,non recyclable,"['Bar For Salad', 'Ready Food', 'Video Store', 'Florist', 'Coffee Bar']",Save It (Sale), gourmet,5.12 Millions,1.8432 Millions,,465.54,310.3,amount: 427.7617,francisco badaro,MG,-16.994232405539073,-42.34866556026387,nova iguacu,Rj,-22.74138956806041,-43.447926628659445,100%
mc_ID_9611,"Married Female with two children, education: partial high school working as manual",10K+,"Seafood from Seafood department, Ordered Brand : Kiwi",17.2978,12.9224,non recyclable,['Coffee Bar'],Best Price Savers,Supermarket,€6.1M,2.5704 Millions,1236.07,440.92,293.95,amount: 720.5371,SAO PAULO,$P,-23.604641391626693,measure: -46.67157071328416,sao paulo,sp,-23.612052666446743,-46.60783466642034,1.0
mc_ID_9612,"Singlee Male with three children, education: Bachelors degree working as management",70K+ annually,"Dairy from Dairy department, Ordered Brand : Even Better",25.0018,23.5482,Not Specified,['Coffee Bar'],Pick Your Savings,,6.5 Millions,2.73 Millions,1423.37,398.93,,300.7773,sao paulo,5P,data: -23.61974408381903,-46.67587258673322,rio claro,SP,amount: -22.402133192076768,-47.56233402025511,5.0
mc_ID_9614,"Marriied Male with two children, education: bachelors degree working as professional",50K or more,"Frozen Desserts from Frozen Foods department, Ordered Brand : Golden",-17.8792,14.972,non recyclable,"['Ready Food', 'Video Store', 'Bar For Salad', 'Florist', 'Coffee Bar']",Discount Frenzy,gourmet,"15.56 ,000,000illions",5.2904 Millions,1424.85,,309.3,504.9565,aragarcas,GO,-15.898984403886615,measure: -52.24964617962207,sao jose dos pinhais,PR,-25.550486998908475,-49.18996687114555,5.0
mc_ID_9616,"Single Female with four children, education: bachelors degree working as professional",70K+,"Hot Beverages from Beverages department, Ordered Brand : CDR",-24.275,21.3678,recyclable,['Florist'],Two for One,Supermarket,5.46 Millions,1.8564 Millions,,525.32,348.85,360.7131,sao pau1o,SP_,-23.71300796869756,-46.69256515971141,_sao jose do rio preto,SP,measure: -20.80243626346376,-49.39562406741489,3.0
mc_ID_9617,"Married Female with three children, education: graduate degree working as management",110K+,"Paper Products from Household department, Ordered Brand : Cormorant",1117.77 oz,-27.1822,non recyclable,['Coffee Bar'],Weekend Discount,,"14.8 ,000,000illions",6.364 Millions,1236.07,440.92,293.95,364.1649,rio de janeiro,Rj,-22.917041999999995,-43.18825317816965,sao paulo,SP,-23.59272363197529,-46.6315844403312,5.0
mc_ID_9618,"Single Male with four children, education: high school degree working as management",110K+,"Fruit from Produce department, Ordered Brand : High Top",21.3678,18.3153,non recyclable,"['Coffee Bar', 'Bar For Salad', 'Video Store', 'Florist', 'Ready Food']",,DELuXE,4.5 Millions,1.935 Millions,1525.28,,249.11,amount: 499.2035,rIo de JANeiRo,Rj,-22.98474248211083,val: -43.19586486663974,Aracatuba,sp,-21.21832154593456,-50.400362346932894,5.0
mc_ID_9619,"Married Female with one child, education: partial high school working as manual",50K+,"Starchy Foods from Starchy Foods department, Ordered Brand : Discover",-21.0771,19.6235,recyclable,"['Ready Food', 'Bar For Salad']",Price Destroyers,Supermarket,8.19 Millions,2.9484 Millions,2265.64,853.22,,304.7521,passos,mg,-20.72937959864741,-46.59305737288995,itaquaquecetuba,SP,-23.464295023583936,data: -46.32874959104104,5.0
mc_ID_9620,"Married Male with five kidren, education: partial high school working as management",70000,"Canned Soup from Canned Foods department, Ordered Brand : Pleasant",29.3626,data: 27.909,recyclable,,One Day Sale,sUPErmaRkeT,$5.24 Millions,1.6768 Millions,2048.45,,304.95,486.7561,vitoria,ES,-20.296512281724183,-40.29620870064644,hortolandia,SP,-22.887514996879027,data: -47.19573904628551,4.0
mc_ID_9621,"Married Male with one child, education: partial high school working as skilled manual",10K+,"Vegetables from Produce department, Ordered Brand : High Top",13.5184,10.6112,recyclable,['Coffee Bar'],Price Cutters,small grocery,1.14 Millions,0.5016 Millions,,398.93,265.98,363.0666,carazinho,R$_,-28.28944621405989,-52.79412331824494,santo andre,	SP,-23.66033225007211,-46.52820295475792,4.0
mc_ID_9622,"Single Male with one child, education: bachelors degree working as professional",50K+,"Canned Clams from Canned Foods department, Ordered Brand : Blue Label",24.275,21.3678,recyclable,"['Florist', 'Ready Food', 'Bar For Salad', 'Coffee Bar']",, Deluxe,"3.38 ,000,000illions",1.2168 Millions,2055.29,654.13,436.09,382.0515,sao paulo,	SP,-23.60663166028048,-46.66806552178432,santo andre,SP,data: -23.61571809769749,-46.53118432278263,10.0/10
mc_ID_9625,Married Male with three children | education: high school degree working as manual,10K+,"Specialty from Produce department, Ordered Brand : Hermanos",25.2925,22.24,recyclable,,Budget Bargains,Supermarket,16.95 Millions,6.9495 Millions,1623.48,341.05,227.33,amount: 623.7298,fortaleza,CE,-3.8206120589999273,-38.56940199999997,dracena,SP,-21.4988715,-51.53786099999999,5.0
mc_ID_9626,"Marrie Male wiht five children, education: High School degree working as manual",30K+,"Dairy from Dairy department, Ordered Brand : Even Better",27.0368,measure: 24.1296,non recyclable,,Full Free,Supermarke7,7.77 Millions,3.3411 Millions,1508,227.8,151.9,272.2738,belo hurizonte, MG ,-19.92214631334759,val: -43.92783530223908,santo andre,$p,-23.665703457960586,-46.51808196779969,5.0
mc_ID_9627,"Single Male with two kids, education: HS degree working as professional",130K+,"Bread from Baked Goods department, Ordered Brand : Fantastic",data: 15.4081,12.5009,non recyclable,"['Bar For Salad', 'Ready Food']",,Supermarket,3.1 Millions,1.457 Millions,2448.37,472.27,314.47,406.4756,sao paulo,SP,-23.58246586372554,data: -46.78823345282468,PIRACICABA,sp,-22.71683928585045,-47.65736585405934,1.0
mc_ID_9632,"Single Female with five children, education: high school degree working as manual",50K+,"Bread from Baked Goods department, Ordered Brand : Sphinx",20.0596,17.1524,non recyclable,"['Bar For Salad', 'Florist', 'Ready Food', 'Coffee Bar']",Full Free,Deluxe,6.33 Millions,2.7852 Millions,2055.29,654.13,436.09,measure: 570.3838,ituiu7aba,MG,-18.99000618922864,-49.4801259100208,Ibiting@,SP,-21.7664768468313,amount: -48.83154737836604,5.0
mc_ID_9633,"Married Male with two children, education: bachelor'ss degree working as management",50K+,"Canned Soup from Canned Foods department, Ordered Brand : Better",12.123,10.6694,recyclable,['Coffee Bar'],Best Price Savers,Supermarket,2.25 Millions,0.9225 Millions,1236.07,440.92,293.95,720.5371,rio de janeiro,RJ,-22.933875887039065,-43.68870134055625,sao p@ulo, SP,-23.554079433810344,-46.53324185942636,5.0
mc_ID_9637,"Single Male with two children, education: partial high school working as manual",30K+,"Meat from Frozen Foods department, Ordered Brand : Carrington",13.6638,-12.1956,non recyclable,"['Coffee Bar', 'Bar For Salad', 'Ready Food', 'Florist', 'Video Store']",Pick Your Savings,Deluxe,9.68 Millions,4.356 Millions,1873.68,593.93,395.95,data: 295.4427,vila velha,ES,-20.33161263550869,-40.27958609200332,Mogi Das Cruzes,SP_,-23.512628393866617,-46.15269778088044,5.0
mc_ID_9638,"Single Female with two children, education: high school degree working as professional",110K+,"Magazines from Periodicals department, Ordered Brand : Mighty Good",9.4484,6.5412,non recyclable,"['Ready Food', 'Florist', 'Bar For Salad', 'Coffee Bar']",Promo Big,DEluXE,6.08 Millions,2.9792 Millions,2053.39,,437.5,267.3576,nova iguacu,RJ,-22.75888594494502,-43.43567173236048,petropolis,Rj,-22.549033360244323,-43.210094724044055,5.0
mc_ID_9640,"Married Male with four children, education: high school degree working as skilled manual",30K+,"Specialty from Produce department, Ordered Brand : High Top",amount: 20.2049,17.1524,recyclable,,Sales Days,Supermarket,13.55 Millions,5.691 Millions,2049.72,Not Available,303.21,610.5502,sao paul0,sp,-23.558232237030367,-46.70226234638461,sao paulo,$P,-23.48029674271453,-46.71122495337295,2.0
mc_ID_9641,"Singlee Female with two children, education: graduate degree working as management.",130K+,"Dairy from Dairy department, Ordered Brand : Club",15.5534,14.0853,non recyclable,"['Video Store', 'Florist', 'Coffee Bar', 'Bar For Salad', 'Ready Food']",,,$8.79 Millions,4.0434 Millions,1526.56,373.1,248.79,393.4006,marica,RJ,-22.909403191706595,-42.82352014957612, iIicinea ,Mg,val: -20.944705621834668,measure: -45.82709818233235,4.0
mc_ID_9642,"sINGLE fEMALE WITH THREE CHILDREN, EDUCATION: BACHELORS DEGREE WORKING AS PROFESSIONAL",50K+,"Jams and Jellies from Baking Goods department, Ordered Brand : CDR",30.5255,27.6183,recyclable,"['Ready Food', 'Bar For Salad']",,SUPERMARKET,7.62 Millions,2.9718 Millions,2448.37,470.27,,val: 402.7623,rio de janeiro,rj,-22.88894389508913,-43.28086938426911,joinville,SC,-26.28314924562872,-48.85128463059032,5.0
mc_ID_9643,"Single Female with No children, education: high school degree working as skilled manual",30 Thousand,"Bathroom Products from Health and Hygiene department, Ordered Brand : Consolidated",17.007,15.4081,non recyclable,,,Mid-Size ,7.41 Millions,2.2971 Millions,2819.7,447.7,298.5,478.9634,sao paulo,5P,-23.657006211754563,-46.69464166351906,bumbinhas,SC,-27.14294161449014,-48.50728684609616,5.0
mc_ID_9644,Single Female with two children - education: bachelors degree working as professional,90K+,"Specialty from Produce department, Ordered Brand : Ebony",30.3801,-25.874,recyclable,,Savings Galore,"Supermarket
",4.72 Millions,2.0296 Millions,2048.73,457.36,304.76,714.2611,brasilia,DF,amount: nan,,sorocaba, SP,-23.489741556206333,amount: -47.509921178602326,1.0
mc_ID_9645,"Single Female with four childran, education: high school degree working as skilled manual",30K or more,"Hygiene from Health and Hygiene department, Ordered Brand : Faux Products",29.944,27.0368,recyclable,"['Video Store', 'Florist', 'Ready Food', 'Coffee Bar', 'Bar For Salad']",Sale Winners,Deluxe,2.6 Millions,1.248 Millions,1871.16,593.93,395.95,519.7574,santana de parnaiba,SP,-23.425262099277223,-46.92677819317873,laranjal paulista,5P,data: -23.03582473318652,measure: -47.8363026594829,
mc_ID_9646,"Married Female with five children, education: bachelors degree working as professional",70 Thousand,"Frozen Entrees from Frozen Foods department, Ordered Brand : Golden",measure: 15.5534,14.0853,recyclable,,Big Time Discounts,,"8.44 ,000,000illions",2.954 Millions,2048.64,457.36,306.69,310.662,sao vicente,$P,-23.97242519856393,-46.371264531333615,ibitinge,SP,-21.7664768468313,-48.83154737836604,5.0
mc_ID_9647,"Single Male with four children, education: partial high school working as skilled manual",10K+ annually,"Snack Foods from Snack Foods department, Ordered Brand : Nationeel",18.1699,15.2627,recyclable,,Shelf Clearing Days,Supermarket,3.26Ms,1.3692 Millions,1508,,,399.6243,sao karlos,_SP,-22.01139055955482,-47.886487092764376,sao paulo,Sp,-23.5839881312828,-46.7600579372728,5.0
mc_ID_9648,"Maried Female with three children, education: High School degree working as manual",50K or more,"Candy from Snacks department, Ordered Brand : Choice",-10.0153,8.5471,non recyclable,"['Bar For Salad', 'Coffee Bar', 'Ready Food', 'Video Store', 'Florist']",Save Price,DeIuxe,1.06 Millions,0.477 Millions,2035.95,,321.26,284.3028,goiana, pe ,-7.559924763060348,val: -34.99311916917845,sao paulo, SP,val: -23.62358155176294,-46.61056007369148,4.0
mc_ID_9650,"Single Female with four children, education: bachelors degree working as professional",600+ monthly,"Pizza from Frozen Foods department, Ordered Brand : Big Time",-0.1,5.7853,recyclable,,Go For It,Supermarket,5.0 Millions,2.15 Millions,2049.22,,304.91,525.8765,jundiai,SP,-23.192759454717024,-46.87833704570238,santa rita do sapucai,MG,-22.243203015748463,-45.71330344759827,4.0
mc_ID_9652,"Married Male with one child, education: partial high school working as manual",10K+,"Baking Goods from Baking Goods department, Ordered Brand : Plato",-17.1524,15.6988,non recyclable,,Go For It,Supermarket,$7.42 Millions,3.1164 Millions,2049.72,457.36,304.91,525.8765,sao paulo,Sp,-23.58406691212703,-46.66998067037748,uberlandia,MG,val: -18.91595976602804,-48.278974174995646,5.0
mc_ID_9655,"Married Male with three children, education: bachelors degree working as management",70K+,"Fruit from Produce department, Ordered Brand : Ebony",12.7771,9.8554,non recyclable,"['Ready Food', 'Coffee Bar', 'Bar For Salad', 'Florist']",Discount Frenzy,	Deluxe,4.74 Millions,1.8486 Millions,2055.29,654.13,437.22,779.6884,sao paulo,5P,-23.57383841548848,-46.53324511296094,ribeirao preto,SP,-21.17121748495008,-47.81941847157649,5.0
mc_ID_9656,"Married Female with two kidren, education: high school degree working as skilled manual",50K+,"Meat from Deli department, Ordered Brand : Red Spade",-8.9105,7.4569,non recyclable,"['Ready Food', 'Florist', 'Video Store', 'Bar For Salad', 'Coffee Bar']",Price Winners,DelUxe,3.14 Millions,1.5072 Millions,,481.98,321.26,453.9117,rio de janeiro,rJ,-22.97823619758802,-43.2372780819727,PEDREIRA,SP,-22.73824150585765,val: -46.8958585777586,5.0
mc_ID_9657,Married Female with three children; education: high school degree working as manual,50000,"Fruit from Produce department, Ordered Brand : Ebony",14.2307,11.309,recyclable,"['Ready Food', 'Bar For Salad', 'Video Store', 'Florist', 'Coffee Bar']",Two Day Sale,deiuxe,5.49 Millions,1.7568 Millions,2038.11,481.98,320.33,495.7517,Sao Paulo,SP,-23.593395634841325,-46.757875363396,campinas,SP,-22.895876357204664,-47.0791850342778,2.0
mc_ID_9659,"Single Male with three children, education: high school degree working as professional",110K+,"Jams and Jellies from Baking Goods department, Ordered Brand : Super",9.7681,8.3,non recyclable,"['Coffee Bar', 'Video Store', 'Florist', 'Ready Food', 'Bar For Salad']",Save It (Sale),Gourmet,13.56 Millions,6.6444 Millions,1424.85,,310.3,427.7617,sao paulo,$P,-23.62628751373424,-46.70726773535694,sao jose dos campos,$P,val: -23.221431461827063,-45.888163895493165,5.0
mc_ID_9661,"Married Female with five kids, education: bachelor'ss degree working as professional",€59K+,"Beer and Wine from Alcoholic Beverages department, Ordered Brand : Portsmouth",19.0421,data: 16.1349,recyclable,,Super Savers,sUPErmArkeT,$10.8 Millions,4.86 Millions,2049.72,457.36,302.97,339.8977,penha,SC,-26.773764104374084,-48.63953711236351,guariba,sp,-21.36235769739203,-48.232975701561735,2.0
mc_ID_9662,"Married Female with three kids, education: partial HS working as professional",130K+,"Jams and Jellies from Baking Goods department, Ordered Brand : CDR",-11.0909,8.1837,recyclable,"['Florist', 'Coffee Bar', 'Bar For Salad', 'Ready Food']",Weekend Discount,_Gourmet,$7.5 Millions,3.375 Millions,1564.86,385.45,258.16,470.177,sao paulo,SP,-23.57593730169082,data: -46.75524860046745,sao paulo,"$P
",-23.49086602208629,-46.706045409257214,data: 4.0
mc_ID_9663,"Married Female with two children, education: bachelors degree working as professional",50K+,"Pain Relievers from Health and Hygiene department, Ordered Brand : Faux Products",19.3328,14.972,recyclable,"['Video Store', 'Ready Food', 'Florist', 'Coffee Bar', 'Bar For Salad']",Price Winners,,3.63 Millions,1.452 Millions,1871.16,595.93,395.95,436.9665,"5Ao PAULO
",Sp,-23.54305760866176,-46.5278614730798,sao joaquim da barra, SP ,-20.58117744270148,-47.858931261277824,5.0
mc_ID_9665,Single Male with two children; education: partial college working as clerical,Income: 50K+,"Eggs from Eggs department, Ordered Brand : Blue Medal",24.7111,21.8039,non recyclable,,Money Savers,supermaRkEt,6.39 Millions,3.0033 Millions,1508.51,227.8,151.9,277.2423,sao paulo,SP,-23.569179969298748,-46.41940490115958,Rio Do Sul,SC,-27.20981137280685,-49.63292048422235,2.0
mc_ID_9668,"Married Male with No children, education: partial college working as professional",110K+,"Snack Foods from Snack Foods department, Ordered Brand : Horatio",27.1822,24.275,non recyclable,['Florist'],Save Price,SUPERMARKET,11.08 Millions,5.4292 Millions,1320.15,523.32,,data: 670.486,sao paulo,SP_,-23.632233590339897,-46.70564659325408,vicente de carvalho,SP,-23.939318620030072,-46.30539278864907,5.0
mc_ID_9669,"Married Female with five children, education: bachelors degree working as management",70K+,"Frozen Desserts from Frozen Foods department, Ordered Brand : PigTail",29.0719,26.1647,non recyclable,['Florist'],Saving Days, Supermarket,2.13Ms,0.9585 Millions,1320.15,523.32,348.85,data: 435.4498,sao paulo,_SP,-23.74981810254469,data: -46.69876375197105,"piracicaba
",SP,-22.71683928585045,-47.65736585405934,4.0
mc_ID_9670,"Single Female with two children, education: bachelors degree working as professional",50K+,unknown,12.8207,11.3526,non recyclable,"['Ready Food', 'Bar For Salad']",Save Price,Supermarket,$4.36 Millions,1.7876 Millions,2448.37,470.27,,406.4756,SAO PAULO,SP,-23.54324816985976,-46.48879160352587,treze tilias,SC,val: -26.99928007635342,-51.41862192626861,10.0/10
mc_ID_9672,"Single Female with three children, education: high school degree working as manual",30K+ annually,"Dairy from Dairy department, Ordered Brand : Booker",17.7338,14681.30 grams,non recyclable,"['Bar For Salad', 'Video Store', 'Ready Food', 'Florist', 'Coffee Bar']",Sale Sale Sale,Deluxe,2.04Ms,0.9996 Millions,1525.28,373.1,,722.6814,bacuri, MA ,-1.7278829589999705,val: -45.14684444337454,sao paulo,$P,data: -23.537511255832708,-46.63705730743676,3.0
mc_ID_9674,Married Female with two children - education: bachelors degree working as professional,50 Thousand,"Vegetables from Canned Foods department, Ordered Brand : Blue Label",30.8162,26.4554,non recyclable,,Mystery Sale,Supermarket,11.49 Millions,4.0215 Millions,1625.57,341.05,,718.9681,Belford Roxo,RJ,-22.762690324780937,-43.40500890843466,maringa,PR,-23.437975269077903,-51.91385959802448,5.0
mc_ID_9678,"Single Female with three children, education: graduate degree working as professional",110K or more,"Vegetables from Frozen Foods department, Ordered Brand : Imagine",24.8564,measure: 21.9493,non recyclable,"['Bar For Salad', 'Ready Food', 'Florist', 'Video Store', 'Coffee Bar']",GLD,Deluxe,7.56 Millions,3.5532 Millions,1871.16,593.93,395.95,484.1411,beLo HorIZONtE,mg,-19.887380574792505,-43.89661243917136, maua ,sp,-23.656676689970634,-46.44420755410021,data: 5.0
mc_ID_9679,"Married Male with four kids, education: bachelors degree working as professional.",50K+,"Vegetables from Produce department, Ordered Brand : Tell Tale",18.8967,-14.5359,recyclable,,Coupon Spectacular,Mid-Size,7.76 Millions,2.4832 Millions,2085.67,783.64,522.49,658.0909,salvador,BA,-12.951849983601576,-38.40262950983905,marilia,sP,-22.210461027738702,-49.93571261075899,1.0
mc_ID_9680,"Married Male with four children, education: high school degree working as manual",30K+,"Vegetables from Produce department, Ordered Brand : Tri-State",20.3503,15.9895,recyclable,"['Coffee Bar', 'Video Store', 'Ready Food', 'Florist', 'Bar For Salad']",One Day Sale,D3luxe,4.65Ms,2.2785 Millions,2038.11,481.98,321.26,767.3456,brasilia,df,-15.769799999999991,-47.89016774999999,guarulhos,SP,-23.45088569608748,data: -46.54498377407813,4.0
mc_ID_9682,SiNgLe fEmAlE WiTh oNe cHiLd; EdUcAtIoN: pArTiAl hIgH ScHoOl wOrKiNg aS SkIlLeD MaNuAl,50K+,"Meat from Deli department, Ordered Brand : Red Spade",19.1874,17.5885,recyclable,"['Ready Food', 'Bar For Salad']",Big Time Discounts,sup3rmarket,"6.44 ,000,000illions",2.1252 Millions,2448.37,470.27,311.67,501.9754,PORTO ALEGRE,RS,val: -30.018454124617698,-51.11764303095958,sao paulo,SP,-23.693985995008337,-46.70188324132953,5.0
mc_ID_9683,"Married Male with three children, education: bachelors degree working as professional",50K+,"Magazines from Periodicals department, Ordered Brand : Mighty Good",-26.6008,25.0018,recyclable,"['Bar For Salad', 'Florist', 'Ready Food', 'Coffee Bar']",Tip Top Savings,Deluxa,"3.28 ,000,000illions",1.476 Millions,2055.29,654.13,436.09,measure: 745.6934,santo amaro da imperatriz,SC,-27.68723126004833,-48.78064877201771,IBITINGA,SP,-21.7664768468313,-48.83154737836604,1.0
mc_ID_9685,Single Female with four children | education: partial high school working as manual,30K+,"Canned Tuna from Canned Foods department, Ordered Brand : Pleasant",data: 12.9515,8.5762,recyclable,['Coffee Bar'],Price Slashers,,4.11 Millions,1.644 Millions,1235.9,440.92,293.95,525.3012,macae, RJ ,-22.39913877640838,-41.79264119818028,ibitinga,sp,-21.7664768468313,-48.83154737836604,5.0
mc_ID_9688,"Single Female with two children, education: partial high school working as manual",30K+,"Canned Soup from Canned Foods department, Ordered Brand : Blue Label",15.4081,13.9545,recyclable,"['Bar For Salad', 'Ready Food']",Save Price,,5.25 Millions,1.68 Millions,2448.37,470.27,313.55,406.4756,valiñhos,SP,-22.94668672817708,measure: -46.9746763873937,votuporanga,sp,val: -20.405604560394835,-49.99195266803888,1.0
mc_ID_9689,"Married Female with one child, education: high school degree working as manual",30K+,"Eggs from Eggs department, Ordered Brand : Blue Medal",18.0246,14.972,non recyclable,"['Florist', 'Video Store', 'Ready Food', 'Coffee Bar', 'Bar For Salad']",Save Price,DEiuxE,5.28 Millions,2.2176 Millions,,503.07,335.38,419.9167,sao paulo,SP,data: -23.447741793784967,-46.70236210698833,santos,SP,-23.96112504302036,-46.32316061267247,5.0
mc_ID_9690,"Single Female with four children, education: high school degree working as management",70K+,"Breakfast Foods from Frozen Foods department, Ordered Brand : Carrington",28.6358,25.7286,recyclable,"['Bar For Salad', 'Ready Food']",Green Light Special,Supermarket,$7.36 Millions,2.3552 Millions,2265.9,853.22,568.75,643.3946,itepira,SP,-22.441689885911977,-46.8296843558603,ViTORiA dE sAnTo aNtaO,PE,-8.117220896762579,-35.29341473604942,5.0
mc_ID_9692,"Married Male with two children, education: partial college working as skilled manual",30K+,"Bathroom Products from Health and Hygiene department, Ordered Brand : Consolidated",23.5482,20.641,non recyclable,['Coffee Bar'],Double Your Savings,Supermarket,2.19 Millions,0.8322 Millions,1236.07,440.92,293.95,493.8689,guarulhos,SP,-23.376380280599,data: -46.451925193865776,ibitinga,sp,data: -21.7664768468313,-48.83154737836604,5.0
mc_ID_9694,"Married Female with four children, education: high school degree working as skilled manual",30K+,"Vegetables from Frozen Foods department, Ordered Brand : Golden",29.944,27.0368,non recyclable,"['Florist', 'Video Store', 'Ready Food', 'Bar For Salad', 'Coffee Bar']",Lottery Cash Registerion,Deluxe,2.16 Millions,0.9072 Millions,1734.5,503.07,335.38,313.0678,guacul,_es,amount: -20.7749205,-41.67766799999998,itaquaquecetuba,$P,-23.48262344063541,amount: -46.37448952833195,5.0
mc_ID_9696,"Married Male with one child, education: batchelors degree working as professional",70K+,"Jams and Jellies from Baking Goods department, Ordered Brand : Plato",28.9265,amount: 25.874,non recyclable,"['Ready Food', 'Bar For Salad']",Big Time Discounts,,"5.94 ,000,000illions",2.1384 Millions,2450.83,470.27,,501.9754,s@o leopoldo,"RS
",amount: -29.796679498470787,amount: -51.1497622797336,sAo PaULo,SP,-23.537511255832708,-46.63705730743676,4.0
mc_ID_9697,"Married Male with five children, education: high school degree working as skilled manual",30K or more,"Pain Relievers from Health and Hygiene department, Ordered Brand : Steady",17.1524,14.2452,recyclable,"['Video Store', 'Florist', 'Coffee Bar', 'Bar For Salad', 'Ready Food']",,	dElUXE,11.32 Millions,4.528 Millions,,481.98,321.26,measure: 550.6144,BELo HOrIZOnTE,MG,-19.941373330284467,-43.93759243297362,sao paulo,Sp,-23.65250284762537,-46.66809535567546,5.0
mc_ID_9698,"Married Male with one child, education: partial high school working as professional",110K+,"Vegetables from Produce department, Ordered Brand : Hermanos",16.4256,12.0648,non recyclable,"['Ready Food', 'Bar For Salad', 'Coffee Bar', 'Florist']",Shelf Emptiers,Gourmet,3.48 Millions,1.3224 Millions,1566.86,385.45,258.8,773.0986,osasco,SP,measure: -23.574366,-46.8042525,guarulho5,sp,-23.44549010713256,data: -46.45827561587512,measure: 5.0
mc_ID_9699,"Single Female with one child, education: bachelors degree working as professional",110K+,"Candy from Snacks department, Ordered Brand : Choice",10.0153,8.5471,non recyclable,"['Coffee Bar', 'Ready Food', 'Bar For Salad', 'Florist']",Shelf Emptiers,Gourmet,2.12 Millions,0.9752 Millions,1564.86,385.45,256.97,773.0986,salv4dor,"B4
",-12.88663419642636,-38.47086785365416,RECLfE,PE,-8.138173275583135,measure: -34.9322264583223,5.0
mc_ID_9700,"Married Male with three children, education: bachelors degree working as professional",50K+,"Vegetables from Canned Foods department, Ordered Brand : Pleasant",14.1144,11.2072,recyclable,['Florist'],Big Time Discounts,Supermarket,2.16Ms,0.8856 Millions,,523.32,348.85,765.7243,sao paulo,	SP,-23.50663459838998,-46.442126210658415,saopaulo,SP,-23.50869470774424,-46.48672956633388,5.0
mc_ID_9703,"Married Male with three children, education: partial high school working as skilled manual",10K+,"Carbonated Beverages from Beverages department, Ordered Brand : Washington",26.1647,24.7111,recyclable,"['Ready Food', 'Coffee Bar', 'Florist', 'Video Store', 'Bar For Salad']",Bag Stuffer,Deluxe,7.83 Millions,3.8367 Millions,1734.5,,335.38,662.2226,jundiai,SP,-23.249726298084145,-46.85297986568742,curitiba,PR,-25.44384908076061,-49.25520561183576,5.0
mc_ID_9704,"Married Male with three children, education: bachelors degree working as professional",50K+,"Vegetables from Frozen Foods department, Ordered Brand : Big Time",10.4659,amount: 8.9977,recyclable,"['Ready Food', 'Bar For Salad', 'Coffee Bar', 'Florist']",Price Winners,Gourmet,13.28 Millions,6.5072 Millions,1564.86,385.45,256.97,769.7514,manhuacu,MG,-20.265441566422545,-42.044386189900685,belo horizonte,,-19.892338512349244,-43.9326199797449,5.0
mc_ID_9705,"Married Female with three children, education: bachelors degree working as professional",50K+,"Breakfast Foods from Frozen Foods department, Ordered Brand : Imagine",val: 22.24,-19.3328,recyclable,"['Video Store', 'Florist', 'Coffee Bar', 'Bar For Salad', 'Ready Food']",Tip Top Savings,Deluxe,3.57Ms,1.6065 Millions,2039.39,481.98,321.34,416.2557,sao caetamo do sul,SP,data: -23.6198894454671,-46.554964747302144,IbItINGA,SP,measure: -21.7664768468313,-48.83154737836604,2.0
mc_ID_9709,"Married Female with five children, education: partial college working as management",30K+,"Eggs from Eggs department, Ordered Brand : Jumbo",31.8337,27.3275,non recyclable,['Coffee Bar'],,Supermarket,"15.36 ,000,000illions",7.0656 Millions,1236.07,440.92,294.29,647.8924,SAO LuiS,MA,-2.5360433844930297,-44.28431732067596,	gama,df,amount: -16.02294658397918,-48.05071815778448,5.0
mc_ID_9711,"Single Male with one child, education: HS degree working as manual",30K+,"Pizza from Frozen Foods department, Ordered Brand : Big Time",10.1461,-5.7853,recyclable,"['Ready Food', 'Florist', 'Video Store', 'Bar For Salad', 'Coffee Bar']",,Deluxe,2.5 Millions,1.0 Millions,2036.81,481.98,321.26,284.3028,pindamonhangaba,SP,-22.94775990806028,-45.49172108176731,ibitinga,sp,data: -21.7664768468313,-48.83154737836604,5.0
mc_ID_9713,"Married Male with three children, education: partial high school working as skilled manual",10K+,"Meat from Deli department, Ordered Brand : Red Spade",8.9105,7.4569,non recyclable,,Big Time Discounts,Supermarket,4.71 Millions,1.6956 Millions,2049.72,457.36,,310.662,londrina,PR,-23.280367482796247,-51.188884291727966,pinhais,PR,-25.44071444991049,amount: -49.188443906024766,5.0
mc_ID_9715,"Married Female with two children, education: partial high school working as skilled manual",$10K+,"Dairy from Dairy department, Ordered Brand : Gorilla",15.1174,10.7421,recyclable,['Coffee Bar'],Weekend Discount,SuPErmARKet,"1.83 ,000,000illions",0.7869 Millions,1236.07,440.92,293.95,364.1649,sao paulo,Sp,-23.627568018033404,val: -46.66308094157195,CURIT1BA,PR,-25.45385542382702,-49.286168717179294,5.0
mc_ID_9716,"Married Female with three children, education: partial high school working as skilled manual",€8K+,"Jams and Jellies from Baking Goods department, Ordered Brand : Plato",28.0543,23.5482,recyclable,"['Bar For Salad', 'Ready Food', 'Florist', 'Coffee Bar']",Weekend Discount,Deluxe,"5.04 ,000,000illions",2.1168 Millions,2055.29,654.13,436.09,382.0515,Aracoiaba Da Serra,SP,-23.511645,-47.567511,Sorocaba,sp,-23.49636707533955,-47.43890030979464,amount: 5.0
mc_ID_9717,"Single Male with two children, education: bachelors degree working as management",110K+,"Dairy from Dairy department, Ordered Brand : Even Better",17.8792,13.5184,non recyclable,"['Florist', 'Bar For Salad', 'Ready Food', 'Coffee Bar']",Super Duper Savers,,"8.64 ,000,000illions",2.7648 Millions,2055.29,654.13,436.09,measure: 475.93,campinas,SP,-22.842987053003093,-47.15550209256197,jussara,PR,-23.62208737103585,-52.46578937273949,3.0
mc_ID_9721,"Single Male with two children, education: partial high school working as skilled manual",10K+,"Vegetables from Produce department, Ordered Brand : Tri-State",17.4431,data: 14.5359,recyclable,,,,€6.2M,2.4024 Millions,1508,227.8,151.9,325.6721,caraguatatuba, SP,-23.622152560194245,-45.41471769806336,s4o paulo,SP,-23.59272363197529,-46.6315844403312,1.0
mc_ID_9722,"Single Male with two children, education: graduate degree working as professional",Income: 70K+,"Breakfast Foods from Frozen Foods department, Ordered Brand : Big Time",amount: 23.6936,20.641,recyclable,"['Video Store', 'Ready Food', 'Bar For Salad', 'Florist', 'Coffee Bar']",GLD,Deluxe,9.72 Millions,4.0824 Millions,1734.5,503.07,333.81,346.5921,sao paulo,SP,-23.48850962531019,-46.714606281435714,barueri,SP,-23.491756697843805,-46.89634269921673,4.0
mc_ID_9723,"Married Male with four children, education: partial high school working as manual",10K+,"Bathroom Products from Health and Hygiene department, Ordered Brand : Steady",14.0272,11.1054,recyclable,,Wallet Savers,SUPERMARKET,$4.35 Millions,1.653 Millions,1509.87,227.8,151.9,277.8699,saopaulo,Sp,-23.70288935568095,-46.78277476116848,Campo Limpo Paulista,SP ,-23.20706431353269,-46.760735214610754,5.0
mc_ID_9724,"Married Female with one kid, education: graduate degree working as professional",110K+,"Vegetables from Produce department, Ordered Brand : Tri-State",27.909,25.0018,non recyclable,['Florist'],You Save Days,,€1.9M,1.012 Millions,1320.15,523.32,348.85,689.3663,uberaba,Mg,-19.73619047100233,-47.902259823619374,itajai,SP,val: -26.91626999999994,-48.65245999999996,5.0
mc_ID_9725,"Married Male with two children, education: high school degree working as professional",70K+,"Canned Soup from Canned Foods department, Ordered Brand : Better",unknown,8.6925,recyclable,,Two Day Sale,Mid-Siz3,3.69 Millions,1.845 Millions,2087.85,783.64,522.49,509.0882,sao jose dos campos,sp,amount: -23.263007134052764,-45.90311760421835,jau,$P,val: -22.27568678711987,-48.542599749927895,5.0
mc_ID_9726,"Married Male with four children, education: high school degree working as manual",30K+,"Fruit from Produce department, Ordered Brand : High Top",27.909,26.4554,recyclable,"['Video Store', 'Ready Food', 'Coffee Bar', 'Bar For Salad', 'Florist']",Big Time Saving,"delUXe
",€4.3M,1.9539 Millions,1871.16,595.93,395.95,676.6574,sao paulo ,$P,-23.577327765191324,-46.52552687454557,IBItINGa,"SP
",-21.7664768468313,-48.83154737836604,5.0
mc_ID_9729,"Single Female with three children, education: partial high school working as skilled manual",30K+,"Vegetables from Produce department, Ordered Brand : High Top",13.5184,10.6112,recyclable,"['Florist', 'Ready Food', 'Bar For Salad', 'Coffee Bar', 'Video Store']",Super Savers,,1.71 Millions,0.7524 Millions,1525.28,373.1,248.79,755.9442,	votorantim,_SP,-23.57105743712856,-47.45745448568884,santo andre,Sp,-23.665703457960586,-46.51808196779969,5.0
mc_ID_9730,"Married Male with three children, education: high school degree working as manual",30K+,"Fruit from Produce department, Ordered Brand : Ebony",19.4781,17.8792,non recyclable,,Full Free,supermarket,10.47 Millions,3.2457 Millions,1508,227.8,152.87,272.2738,SaO PAuLo,"SP
",-23.60520201165676,-46.61844120275258,osasko,SP_,-23.528128203061986,-46.77680754732808,4.0
mc_ID_9731,"married female with four children, education: high school degree working as skilled manual, education: high school degree working as skilled manual",30K+,"Vegetables from Canned Foods department, Ordered Brand : Just Right",-1.0,measure: 27.1822,recyclable,,Big Time Discounts,supermarket,"5.44 ,000,000illions",1.7952 Millions,2047.27,457.36,304.91,310.662,unai,Mg,data: -16.362606334443775,-46.89279560165654,mineiros do t1ete,SP,-22.40983742501461,val: -48.45042421567509,5.0
mc_ID_9734,"Married Male with five children, education: High School degree working as manual",30K+,"Fruit from Produce department, Ordered Brand : High Top",17.5885,32.37 lbs,recyclable,"['Bar For Salad', 'Ready Food', 'Coffee Bar', 'Florist']",Budget Bargains,Deluxe,€8.4M,4.1496 Millions,,656.13,436.09,val: 715.1502,SaO beRnaRDO do Campo,Sp,measure: -23.706697401869818,-46.54569149027648,sao paulo,SP,-23.56625832001269,-46.51841724632121,4.0
mc_ID_9735,"Married Female with two children, education: partial high school working as manual",10 Thousand,"Meat from Deli department, Ordered Brand : Moms",16.4256,-14.972,recyclable,['Florist'],Weekend Discount,Supermarket,$2.98 Millions,1.0728 Millions,1317.5,523.32,348.85,279.1251,itatiba,SP,-22.988874545477703,-46.84197558882967,sao paulo,SP,-23.746252526227707,-46.677001782820696,4.0
mc_ID_9739,"sINGLE fEMALE WITH nO CHILDREN, EDUCATION: HIGH SCHOOL DEGREE WORKING AS PROFESSIONAL",90K+,"Hot Beverages from Beverages department, Ordered Brand : Super",11.5706,measure: 8.6634,non recyclable,"['Bar For Salad', 'Ready Food', 'Coffee Bar', 'Florist', 'Video Store']",,gOURMeT,4.11 Millions,1.233 Millions,1424.85,465.54,311.09,718.9158,sao paulo,SP,-23.5706181335045,data: -46.50933181986844,LIMEIRA,5P,-22.599254430886607,-47.37980963550319,5.0
mc_ID_9745,###,30K+ annually,"Bathroom Products from Health and Hygiene department, Ordered Brand : Faux Products",30.9615,29.3626,recyclable,['Florist'],Best Savings,SUPERMARKET,€5.7M,2.4753 Millions,1320.15,523.32,348.85,281.4786,rio de janeiro,RJ,-22.972496751601327,-43.18950774937962,maringa,PR,-23.41848622413047,val: -51.92625934548862,1.0
mc_ID_9746,"Married Female with one child, education: bachelors degree working as professional",130K+,"Frozen Desserts from Frozen Foods department, Ordered Brand : Carrington",29.3626,26.4554,non recyclable,"['Coffee Bar', 'Florist']",Shelf Clearing Days,Mid-Size,5.01 Millions,1.6533 Millions,,391.54,260.43,data: 267.5668,senhor do bonfim,Ba,-10.466645277324735,amount: -40.1859028071156,sao paulo,SP,-23.584614569248075,-46.60193214931619,5.0
mc_ID_9747,"Single Female with four children, education: high school degree working as management",110K+,"Bathroom Products from Health and Hygiene department, Ordered Brand : Hilltop",-28.0543,23.5482,non recyclable,,You Save Days,Supermarket,18.1 Millions,6.335 Millions,,227.8,152.05,565.9906,matinhos,pr,-25.758995329617274,-48.508339282916765,uberlandia,	MG,-18.94141413405276,-48.33714543949449,measure: 4.0
mc_ID_9748,"Single Male with four children, education: partial high school working as skilled manual",10K+,"Dairy from Dairy department, Ordered Brand : Booker",26.8915,22.5307,non recyclable,,Save It (Sale),Supermarket,13.32 Millions,5.994 Millions,1623.48,341.05,227.33,$353.70,ipumirim,$C,-27.07363800594624,-52.135406462424655,itajai,SP,measure: -26.91626999999994,-48.65245999999996,5.0
mc_ID_9749,"Married Male with two kidren, education: bachelors degree working as professional",$50K+,"Pizza from Frozen Foods department, Ordered Brand : Imagine",15.9895,13.0823,non recyclable,"['Video Store', 'Ready Food', 'Florist', 'Coffee Bar', 'Bar For Salad']",Price Slashers,Deluxe,$10.38 Millions,3.5292 Millions,1524.96,373.1,,403.9652,piranga_,"MG
",-20.68861625257022,amount: -43.29907349334553,santo andre,SP ,amount: -23.70007597807146,-46.512702481822366,4.0
mc_ID_9750,"Single Male with five children, education: partial high school working as manual",10K+,"Snack Foods from Snack Foods department, Ordered Brand : Fast",31.6883,30.0894,recyclable,"['Ready Food', 'Bar For Salad', 'Coffee Bar', 'Video Store', 'Florist']",Price Slashers,Deluxe,$5.46 Millions,2.4024 Millions,1525.28,373.1,248.79,403.9652,casa nova,BA,-9.179158499999993,-40.97013075,borda  da  mata,MG,-22.264093569966427,-46.15856420525942,5.0
mc_ID_9752,"Married Female with one child, education: bachelors degree working as management",110K+,"Fruit from Produce department, Ordered Brand : Ebony",17.007,14.0853,non recyclable,['Coffee Bar'],Big Time Saving,supermarket,2.76 Millions,1.2972 Millions,1237.55,440.92,293.45,710.234,sao caetano do sul,	SP,-23.625774,-46.56855299278663,Jaboticabal,SP,-21.253339982915808,-48.32841354256132,5.0
mc_ID_9753,"Married Female with two children, education: graduate degree working as professional",90000,"Bathroom Products from Health and Hygiene department, Ordered Brand : Steady",-16.7163,data: 12.3555,recyclable,"['Florist', 'Ready Food', 'Coffee Bar', 'Bar For Salad']",Saving Days,_Deluxe,3.6 Millions,1.584 Millions,2055.52,656.13,436.55,352.0313,"curitiba
",PR,-25.45385542382702,-49.286168717179294,PRAIA GRANDE_,SP,-24.011288218359883,data: -46.41873374429398,4.0
mc_ID_9756,"Single Female with one child, education: bachelors degree working as professional",110K or more,"Snack Foods from Snack Foods department, Ordered Brand : Horatio",24.275,47.11 lbs,recyclable,"['Coffee Bar', 'Florist', 'Ready Food', 'Bar For Salad']",,,15.12 Millions,7.1064 Millions,1564.86,385.45,256.97,773.0986,cambara,PR,-23.040032113250348,-50.07998674547623,cOtia,SP,-23.6150603215516,measure: -46.837480828765536,5.0
mc_ID_9757,"Single Female with two children,education: partial high school working as skilled manual",30K+,"Candy from Snacks department, Ordered Brand : Gulf Coast",10.335,8.8815,recyclable,"['Florist', 'Coffee Bar', 'Video Store', 'Ready Food', 'Bar For Salad']",Big Time Saving,Deluxe,€7.2M,3.0348 Millions,,593.93,,676.6574,sao bernardo do campo,Sp,val: -23.71933860892157,measure: -46.5517479343586,ibitinga,$P,-21.7664768468313,-48.83154737836604,4.0
mc_ID_9758,"Single Female with No children , education: bachelors degree working as management",70K+,"Starchy Foods from Starchy Foods department, Ordered Brand : Colossal",21.3678,data: 19.7689,recyclable,"['Coffee Bar', 'Florist', 'Video Store', 'Ready Food', 'Bar For Salad']",Price Winners,Deluxe,€4.8M,1.7952 Millions,2038.11,481.98,322.15,data: 478.9634,rio grande,Rs ,-32.03094717184131,-52.08162508196311,sao paulo,SP,-23.554133203993324,-46.53048959908248,measure: 5.0
mc_ID_9759,"Married Male wiht three children , education: partial high school working as management",150K+,"Canned Tuna from Canned Foods department, Ordered Brand : Bravo",-15.5534,14.0853,recyclable,['Coffee Bar'],Budget Bargains,Small  Grocery,$3.34 Millions,1.6032 Millions,2069.04,,221.12,578.0196,lagoa vermelha,RS,-28.21842769786725,-51.53643410117896,SAo PAuLO,SP,-23.61411790980433,-46.60034800222169,5.0
mc_ID_9760,"Married Male with three children, education: bachelors degree working as professional",70K+,"Snack Foods from Snack Foods department, Ordered Brand : Horatio",-20.641,measure: 17.5885,non recyclable,,Shelf Clearing Days,Supermarket,€3.4M,1.3068 Millions,,227.8,151.19,399.6243,sorocaba,$P,-23.47779747737896,-47.48145219317328,sao paul0,SP,-23.537511255832708,-46.63705730743676,1.0
mc_ID_9766,"Married Male with three children, education: partial high school working as manual",10K+,"Dairy from Dairy department, Ordered Brand : Gorilla",19.3328,-14.972,recyclable,"['Florist', 'Ready Food', 'Coffee Bar', 'Video Store', 'Bar For Salad']",Discount Frenzy,Deluxe,-999,4.509 Millions,1873.89,593.93,,326.352,sarzedo,MG,val: -20.042973537462803,data: -44.14431790817472,SAo pAuLO,sp,-23.512538179294825,-46.50108112461768,5.0
mc_ID_9767,"Married Female with one child, education: partial college working as professional",30K+,"Breakfast Foods from Frozen Foods department, Ordered Brand : Imagine",10.4659,6.0906,recyclable,"['Coffee Bar', 'Ready Food', 'Florist', 'Video Store', 'Bar For Salad']",Save Price,,7.74 Millions,2.3994 Millions,2040.86,481.98,321.26,284.3028,cerrito,rS,-31.85235366363681,-52.816389108312585,sao jose do rio preto,SP,-20.80243626346376,-49.39562406741489,5.0
mc_ID_9768,"Married Female with one child, education: bachelors degree working as professional",90K or more,"Snack Foods from Snack Foods department, Ordered Brand : Nationeel",20.9317,17.8792,recyclable,"['Coffee Bar', 'Florist', 'Bar For Salad', 'Ready Food', 'Video Store']",Full Free,deluxe,€9.1M,3.6516 Millions,1734.5,503.07,335.38,752.2309,rio de janeir0,RJ,-22.87413918818163,-43.264163954757926,jaragua do sul,sc,-26.46850294670808,data: -49.109883098307336,1.0
mc_ID_9769,"Married Male with three children, education: bachelors degree working as management",600+ monthly,"Fruit from Canned Products department, Ordered Brand : Applause",10.117,measure: 5.7562,recyclable,"['Video Store', 'Ready Food', 'Coffee Bar', 'Bar For Salad', 'Florist']",,Gourmet,"11.2 ,000,000illions",4.592 Millions,1426.34,465.54,310.3,564.2647,_cansançao,BA,-10.668966503041071,Not Available,sao paulo,$P,-23.48535959449485,-46.624283978908174,amount: 5.0
mc_ID_9770,"SiNgLe mAlE WiTh oNe cHiLd, EdUcAtIoN: hIgH ScHoOl dEgReE WoRkInG As sKiLlEd mAnUaL",30K+,"Snack Foods from Snack Foods department, Ordered Brand : Fast",27.7636,23.4028,recyclable,"['Bar For Salad', 'Florist', 'Ready Food', 'Coffee Bar']",,Deluxe,2.9 Millions,1.421 Millions,2055.29,654.13,436.13,779.6884,belo horizonte,Mg,-19.941422270327216,-43.932338543308816,sao p@ulo,sP,-23.54052887362136,-46.44848419206763,5.0
mc_ID_9771,"Single Male with three children, education: high school degree working as skilled manual",30K+,"Vegetables from Produce department, Ordered Brand : Tell Tale",val: 27.1822,24.275,non recyclable,,Big Time Discounts,Supermarket,$1.46 Millions,0.584 Millions,1508,227.8,151.31,574.9339,Sao Paulo,SP,-23.532734734664448,-46.654324449073776,Ouro Preto,MG,amount: -20.38523748903572,-43.50551302553521,5.0
mc_ID_9773,"Married Male with two children, education: bachelors degree working as professional.",70K+,"Candles from Household department, Ordered Brand : Cormorant",11.7596,7.3988,non recyclable,,Super Savers,SUPERMARKET,7.24 Millions,3.0408 Millions,2051.16,459.36,305.27,339.8977,blumenau,sc,-26.88088214922204,-49.14153434581907,navegantes,Sc,-26.85907968190116,-48.63953562951828,amount: 5.0
mc_ID_9775,"Single Male with two children, education: high school degree working as skilled manual",30K+,"Vegetables from Produce department, Ordered Brand : Tri-State",11.8759,8968.70 grams,non recyclable,['Coffee Bar'],,Small Grocery,1.96 Millions,0.8232 Millions,,,265.98,500.2495,Barbacena,MG,-21.23092748776845,-43.79341425698508,SAO PAULO,SP,-23.693985995008337,-46.70188324132953,4.0
mc_ID_9776,"mARRIED mALE WITH THREE CHILDREN, EDUCATION: PARTIAL HIGH SCHOOL WORKING AS SKILLED MANUAL, mARRIED mALE WITH THREE CHILDREN",10K+,"Jams and Jellies from Baking Goods department, Ordered Brand : Landslide",16.8617,15.4081,recyclable,,Price Winners,Supermarket,9.52 Millions,3.7128 Millions,1623.48,,227.33,val: 543.397,RIO DE JANEIRO,RJ,-23.01333894087947,data: -43.30183519386577,campo limpo paulis7a,SP,-23.20706431353269,-46.760735214610754,5.0
mc_ID_9777,"Married Male with No children, education: high school degree working as manual",30K+,"Snack Foods from Snack Foods department, Ordered Brand : Fort West",10.4368,8.9687,non recyclable,['Coffee Bar'],,Supermarket,4.17 Millions,1.8765 Millions,1236.07,440.92,293.95,720.5371,sao paulu,Sp,measure: -23.5944875783294,-46.679788357589,hortolandia,SP,-22.887514996879027,-47.19573904628551,5.0
mc_ID_9778,"Single Male with four children, education: graduate degree working as professional",150K+,"Snack Foods from Snack Foods department, Ordered Brand : Fort West",28.0543,25.0018,non recyclable,"['Florist', 'Coffee Bar']",,_MiD-sIZe,$6.39 Millions,2.3004 Millions,2551.4,389.54,,680.2138,sao paulo,SP,-23.70346053289281,-46.64984527324141,itapecerica da serra,SP,-23.72033746105922,-46.85362208015704,data: 5.0
mc_ID_9779,"Married Female with five children, education: partial high school working as skilled manual",10K+,"Dairy from Dairy department, Ordered Brand : Gorilla",26.4554,25.0018,non recyclable,"['Bar For Salad', 'Video Store', 'Ready Food', 'Coffee Bar', 'Florist']",One Day Sale,Deluxe,5.48Ms,2.3016 Millions,2035.49,481.98,321.26,767.3456,Sao Paulo,SP,-23.47846082653355,measure: -46.74780027254892,SAO PAULO,"SP
",-23.541941545934563,-46.49095488842404,5.0
mc_ID_9783,"Married Female with two childern, education: partial high school working as manual",Income: 30K+,"Fruit from Produce department, Ordered Brand : Tri-State",22.0946,measure: 19.0421,non recyclable,"['Bar For Salad', 'Ready Food', 'Coffee Bar', 'Florist']",Sale : Double Down,DELUXE,11.8 Millions,4.838 Millions,2052.85,654.13,436.09,500.7202,praia grande, SP ,-24.04753355037796,-46.52251294310117,poa,5P,data: -23.522975748542905,-46.33702048557326,5.0
mc_ID_9784,"Married Male with one child, education: partial high school working as management",$130K+,"Bread from Baked Goods department, Ordered Brand : Fantastic",16.8617,13.9545,non recyclable,"['Florist', 'Bar For Salad', 'Ready Food', 'Coffee Bar', 'Video Store']",,Deluxe,1.89 Millions,0.9072 Millions,2035.46,481.98,,767.3456,$ao paulo ,sp,-23.55990858451152,-46.56932063336026,valinhos, SP,-22.976619071841363,-47.01071509319301,5.0
mc_ID_9785,"Married Male with No children, education: HS degree working as skilled manual",30K+ annually,"Bread from Baked Goods department, Ordered Brand : Fantastic",19.6235,16.7163,recyclable,"['Coffee Bar', 'Video Store', 'Ready Food', 'Florist', 'Bar For Salad']",Big Time Saving,Deluxe,11.96 Millions,###,1871.16,,395.95,676.6574,santana do livramento,RS,-30.89313313850788,-55.53526684015964,PEDRE1RA,$P,val: -22.73824150585765,-46.8958585777586,5.0
mc_ID_9789,"Single Male with one child, education: bachelors degree working as professional",50K+,"Vegetables from Produce department, Ordered Brand : Hermanos",-25.0018,-23.5482,non recyclable,,GLD,Supermarket,8.16Ms,3.5088 Millions,2049.72,Not Available,304.91,697.7866,sao paulo,SP,-23.50081050929084,-46.60427196058632,santo añdre,SP,measure: -23.624784000000005,-46.53954225000001,amount: 5.0
mc_ID_9790,"Married Female with four children, education: high school degree working as skilled manual",30K+,"Bathroom Products from Health and Hygiene department, Ordered Brand : Steady",28.9265,27.3275,non recyclable,,Price Winners,Supermarket,"1.92 ,000,000illions",0.672 Millions,2052.64,457.36,304.91,599.358,mogi das cruzes,SP,-23.50854636251683,-46.210603960401286,rio de janeiro,RJ,-22.972956517889177,val: -43.39706327699233,4.0
mc_ID_9791,"Single Male with five children, education: high school degree working as manual",30K+,"Pizza from Frozen Foods department, Ordered Brand : PigTail",8.81 kg,4.4335,non recyclable,"['Coffee Bar', 'Florist', 'Ready Food', 'Bar For Salad']",,Deluxe,6.72 Millions,2.2176 Millions,2055.29,656.13,436.21,267.3576,recife,PE,-8.044149991949912,-34.940436810433404,PENAPOLIS,Sp,-21.426570046543283,amount: -50.06791761043272,5.0
mc_ID_9792,"Single Female with one child, education: high school degree working as management",130K+ annually,"Dairy from Dairy department, Ordered Brand : Carlson",17.7338,16.1349,non recyclable,['Florist'],You Save Days,Supermerket,1.62 Millions,0.5346 Millions,1320.15,523.32,348.31,689.3663,sao joao de meriti,RJ,-22.78817662899172,-43.35700065106447,ribeirao preto,SP,-21.17121748495008,-47.81941847157649,4.0
mc_ID_9794,"Single Female with No children, education: bachelors degree working as management",150000,"Breakfast Foods from Frozen Foods department, Ordered Brand : Big Time",28.7811,27.1822,non recyclable,"['Bar For Salad', 'Ready Food']",Green Light Special,Supermarket,$3.78 Millions,1.512 Millions,2265.9,853.22,569.89,643.3946,gravatai,R5,,-51.01198560367011,SALTO_,SP,-23.20591698084141,-47.307845865803,5.0
mc_ID_9795,Single Female with one child + education: bachelors degree working as professional,70K+,"Canned Anchovies from Canned Foods department, Ordered Brand : Bravo",measure: 12.1084,7.7331,non recyclable,,Price Slashers,Supermarket,4.62 Millions,1.386 Millions,1506.78,227.8,152.93,351.456,carapicuiba,SP,amount: -23.5215728152839,-46.8470896586926,ribeirao pretu,SP,-21.179578055269594,-47.81126902131619,3.0
mc_ID_9796,"Single Male wiht one child, education: partial college working as manual",30000,"Bathroom Products from Household department, Ordered Brand : Cormorant",13.1114,-10.2042,recyclable,['Coffee Bar'],Discount Frenzy,Supermarket,€6.0M,3.2994 Millions,1238.75,440.92,292.72,760.4943,ituverava,sp,amount: -20.317321012349943,-47.78078066138952,CAMPINAS,_SP,-22.88255076242137,-47.04691965736627,5.0
mc_ID_9799,"Married Female with No kids, education: bachelors degree working as professional",50 Thousand,"Breakfast Foods from Breakfast Foods department, Ordered Brand : Best",12.8934,9.9716,recyclable,"['Florist', 'Ready Food', 'Coffee Bar', 'Bar For Salad', 'Video Store']",,GOURMET,9.88 Millions,3.8532 Millions,1424.85,467.54,310.1,532.6232,vila velha,Es,-20.349365400463803,-40.34007979259316,sao paulo,$P,-23.65111484251016,amount: -46.75521082321932,5.0
mc_ID_9801,"Married Male with two children, education: bachelors degree working as professional",50K+,"Canned Clams from Canned Foods department, Ordered Brand : Blue Label",24.275,21.3678,recyclable,,,Supermarket,5.07 Millions,2.2815 Millions,2049.72,459.36,303.42,714.2611,sao carlos,SP,-22.064437791015006,-47.89639950819431,sao paulo,SP,-23.693985995008337,-46.70188324132953,4.0
mc_ID_9802,"Married Male with five children, education: high school degree working as manual",$30K+,"Baking Goods from Baking Goods department, Ordered Brand : Super",13.4312,10.5095,non recyclable,"['Bar For Salad', 'Florist', 'Coffee Bar', 'Ready Food']",Saving Days,,8.88 Millions,3.9072 Millions,2055.29,654.13,437.74,352.0313,limeira,$P,-22.541719708891844,-47.427681190013296,maua,SP ,-23.656676689970634,-46.44420755410021,1.0
mc_ID_9803,"Married Male with three children, education: bachelors degree working as professional",110K+ annually,"Snack Foods from Snack Foods department, Ordered Brand : Nationeel",20.9317,16.4256,non recyclable,,Sale : Double Down,supermarket,$1.32 Millions,0.6468 Millions,2049.72,457.36,305.6,327.7641,itatim,BA,-12.708027425783014,-39.69774092157547,SAo pAU1O,SP,-23.60932765805877,-46.48329014195862,5.0
mc_ID_9804,"Single Male with No children, education: bachelors degree working as professional",70K+,"Fruit from Produce department, Ordered Brand : Ebony",amount: 10.5822,322.00 oz,recyclable,,One Day Sale, Supermarket ,"10.29 ,000,000illions",4.9392 Millions,2049.72,457.36,,486.7561,SAO PAULO,SP,-23.4823915320561,-46.64281243352188,RECIFE,PE,-8.138173275583135,val: -34.9322264583223,measure: 4.0
mc_ID_9805,"Married Male with three children, education: bachelors degree working as management",50K+,"Vegetables from Produce department, Ordered Brand : Tri-State",-28.4904,27.0368,recyclable,"['Ready Food', 'Bar For Salad', 'Coffee Bar', 'Florist', 'Video Store']",Big Time Discounts,Deluxe,"6.63 ,000,000illions",2.2542 Millions,2038.11,481.98,321.26,328.1302,mogi mir1m,sp,-22.438121280598992,-46.973524736049406,ibitinga,SP,-21.7664768468313,-48.83154737836604,1.0
mc_ID_9806,"Married Female with one child, education: partial high school working as skilled manual",120+ monthly,"Vegetables from Canned Foods department, Ordered Brand : Just Right",-1.0,7.297,recyclable,"['Florist', 'Ready Food', 'Bar For Salad', 'Coffee Bar']",Discount Frenzy,Deluxe,$4.98 Millions,1.5936 Millions,2055.28,654.13,436.09,val: 779.6884,guaruja,SP,-23.97246741001993,-46.27561287112176,sao paulo,SP,-23.667843855675457,-46.66038973120199,100%
mc_ID_9807,"Single Male with five children, education: partial college working as manual",30K+,"Baking Goods from Baking Goods department, Ordered Brand : BBB Best",19.6235,measure: 16.7163,non recyclable,"['Bar For Salad', 'Ready Food']",Super Wallet Savers,"Supermarket
",14.85 Millions,6.3855 Millions,,853.22,568.75,570.8022,buritis,MG_,-15.630952013404428,-46.423522051644674,m@ringa_,	PR,-23.437975269077903,-51.91385959802448,5.0
mc_ID_9808,"Single Female with five children, education: high school degree working as manual",10K+,"Bathroom Products from Health and Hygiene department, Ordered Brand : Bird Call",20.9317,16.4256,recyclable,['Coffee Bar'],Price Smashers, Supermarket,8.28Ms,2.5668 Millions,1236.07,440.92,293.95,722.9429,Paracatu,MG,-17.211337793818256,-46.886436092783214,joinville,SC,data: -26.28314924562872,-48.85128463059032,4.0
mc_ID_9809,"Married Male with four children, education: graduate degree working as professional",70K+,"Candy from Snacks department, Ordered Brand : Gulf Coast",-21.3678,16.8617,non recyclable,"['Coffee Bar', 'Ready Food', 'Bar For Salad', 'Video Store', 'Florist']",Lottery Cash Registerion,Deluxe,8.25 Millions,2.8875 Millions,,503.07,,646.4803,xanxere,Sc,-26.87062454886829,val: -52.40448790429404,sao paulo,SP,-23.667843855675457,data: -46.66038973120199,data: 3.0
mc_ID_9810,Married Female with three children - education: high school degree working as skilled manual,Income: 30K+,"Vegetables from Produce department, Ordered Brand : Hermanos",31.24 lbs,11.2653,recyclable,,Weekend Discount,Supermarket,8.46Ms,2.961 Millions,1510.54,229.8,150.66,735.1811,jandira,SP,data: -23.531476079445984,-46.90740942248553,Sao Paulo,$P,-23.55684999916328,-46.56941527477062,3.0
mc_ID_9813,"Marrie Male with four children, education: High School degree working as professional",1080+ monthly,"Jams and Jellies from Baking Goods department, Ordered Brand : Super",27.1822,-25.7286,recyclable,"['Florist', 'Coffee Bar', 'Ready Food', 'Bar For Salad']",Save It (Sale),"Deluxe
",14.48Ms,6.9504 Millions,,654.13,436.09,amount: 728.9051,itapacerica da serra,SP_,-23.70404669608747,-46.851423799613336,mogi das cruzes,SP,-23.551706513599484,-46.260979398542325,3.0
mc_ID_9814,"Married Female with four children, education: bachelors degree working as professional",50K+,"Specialty from Produce department, Ordered Brand : High Top",31.3976,28.4904,recyclable,"['Coffee Bar', 'Bar For Salad', 'Florist', 'Video Store', 'Ready Food']",unknown,,8.46 Millions,3.2148 Millions,,593.93,394.1,402.0824,venancio a1res,RS,measure: -29.616140787882497,-52.17587557262544,Santo Andre,SP,-23.7622680628159,-46.46728047262276,4.0
mc_ID_9818,"Single Female with three children, education: high school degree working as skilled manual",30K+,"Baking Goods from Baking Goods department, Ordered Brand : Landslide",16.4256,-13.5184,non recyclable,"['Florist', 'Bar For Salad', 'Coffee Bar', 'Ready Food']",Budget Bargains,Deluxe,"5.18 ,000,000illions",2.5382 Millions,2055.29,654.13,434.42,715.1502,Salvadur,BE,-12.9350011688768,-38.37343053154256,sao paulo,SP,-23.472335179294816,-46.64636526449883,10.0/10
mc_ID_9821,"Single Male with two children, education: partial high school working as manual, education: partial high school working as manual",10K+,"Jams and Jellies from Baking Goods department, Ordered Brand : CDR",measure: 19.6235,15.2627,recyclable,,Saving Days,Supermarket,5.58 Millions,1.8972 Millions,1508,227.8,151.66,£451.89,palotlna,PR,-24.2874063973452,-53.83883336666032,PoRtO AlEGrE,RS,-30.03215040714993,-51.2325516998384,5.0
mc_ID_9822,"Married Female with two children, education: bachelors degree working as professional",50k,"Plastic Products from Household department, Ordered Brand : Denny",11.2508,6.8755,non recyclable,"['Bar For Salad', 'Ready Food']",Shelf Clearing Days,supErmaRKet,11.67Ms,5.3682 Millions,2448.37,470.27,313.55,data: 363.6942,sao paulo,sp,-23.584168436997302,-46.53066136149352,ibiting4,SP,-21.7664768468313,measure: -48.83154737836604,1.0
mc_ID_9823,"Single Male with four children, education: high school degree working as skilled manual",$30K+,"Candy from Snacks department, Ordered Brand : Choice",26.4554,22.0946,non recyclable,"['Coffee Bar', 'Florist']",Green Light Special,mid-size,"4.45 ,000,000illions",1.78 Millions,2551.4,,259.66,769.6991,sao paulo,SP,-23.5300706924808,-46.56414335887811,belo horizonte,MG,-19.875867454065443,-43.98278199806675,5.0
mc_ID_9824,"Married Male with two children, education: partial high school working as skilled manual",10k,"Jams and Jellies from Baking Goods department, Ordered Brand : BBB Best",19.1874,14.6813,non recyclable,"['Coffee Bar', 'Ready Food', 'Video Store', 'Florist', 'Bar For Salad']",,,5.18 Millions,1.6576 Millions,1424.85,,310.3,670.486,rio de janeiro,Rj,-22.869890328899483,-43.26506321065844,rio de janeiro,RJ,-22.920104850395337,-43.22138202997862,4.0
mc_ID_9829,"Married Male with two children, education: bachelors degree working as professional.",50K+ annually,"Vegetables from Produce department, Ordered Brand : Tell Tale",data: 10.8002,data: 7.8785,recyclable,"['Coffee Bar', 'Ready Food', 'Video Store', 'Bar For Salad', 'Florist']",,Deluxe,7.92 Millions,3.7224 Millions,,593.93,395.95,436.9665, PALHOCA,"SC
",-27.666286906608608,-48.65481338508792,ATIBAIA,SP,-23.112774381969185,-46.5488845105504,4.0
mc_ID_9830,"Single Male with five children, education: high school degree working as manual",30k,"Canned Soup from Canned Foods department, Ordered Brand : Bravo",26.8915,22.5307,recyclable,['Coffee Bar'],missing, Supermarket,$15.92 Millions,6.2088 Millions,,440.92,295.05,596.2723,CAMPinAs,$P,-22.854651104564187,-47.160697766786136,sao paulo,"SP
",-23.54478975206393,-46.495489292925285,3.0
mc_ID_9831,"Single Female with four children, education: bachelors degree working as professional",110K+,"Bread from Baked Goods department, Ordered Brand : Colony",-17.4431,val: 14.5359,recyclable,,Wallet Savers,Supermarket,9.35Ms,2.992 Millions,1508,227.8,152.38,277.8699,baixo guandu,E$,-19.51628953795144,-41.00621706648061,ribeirao preto,SP,-21.17121748495008,-47.81941847157649,3.0
mc_ID_9832,"Married Female with two children, education: partial high school working as skilled manual",Income: 10K+,"Vegetables from Produce department, Ordered Brand : Ebony",val: 30.2347,27.1822,recyclable,"['Bar For Salad', 'Coffee Bar', 'Florist', 'Ready Food']",Shelf Emptiers,Gourmet ,$8.52 Millions,3.5784 Millions,1564.86,385.45,256.97,773.0986,belo h0rizonte,MG,val: -19.86716607218064,-43.93513434043602,SAO PAULO,Sp,-23.65250284762537,-46.66809535567546,1.0
mc_ID_9833,"Single Male with two children, education: partial high school working as manual",30k,"Jams and Jellies from Baking Goods department, Ordered Brand : Plato",13518.40 grams,10.6112,recyclable,"['Ready Food', 'Video Store', 'Bar For Salad', 'Coffee Bar', 'Florist']",Sale Winners, Deluxe,5.92 Millions,2.4864 Millions,1871.16,593.93,397.39,measure: 519.7574,juiz de fora,MG,-21.76194279575198,-43.36958064085459,barueri,5P,-23.491791912543025,-46.94733309700014,Rating: 5.0
mc_ID_9835,"Married Female with three children, education: partial high school working as management",$70K+,"Snack Foods from Snack Foods department, Ordered Brand : Fort West",17.007,-12.6317,recyclable,"['Florist', 'Coffee Bar', 'Bar For Salad', 'Ready Food']",Roller Savings (High) ,GOURMET,3.6 Millions,1.224 Millions,1564.86,385.45,256.97,637.6939,valinhos,SP,-22.94668672817708,-46.9746763873937,guarulho$,SP,-23.42207596280801,-46.49318406994056,measure: 5.0
mc_ID_9836,"Single Female with four children, education: high school degree working as skilled manual",30K+,"Snack Foods from Snack Foods department, Ordered Brand : Horatio",23.8389,20.7864,recyclable,"['Coffee Bar', 'Florist', 'Bar For Salad', 'Ready Food', 'Video Store']",Lottery Cash Registerion,Deluxe,5.4 Millions,1.782 Millions,1734.5,503.07,335.21,313.0678,breganca paulista ,SP,-22.92600310699993,-46.53286499999996,sao jose do rio preto,Sp,-20.80243626346376,-49.39562406741489,5.0
mc_ID_9839,"Married Male with four children, education: high school degree working as manual",30K+,"Paper Products from Household department, Ordered Brand : Denny",17.8792,14.972,recyclable,"['Ready Food', 'Coffee Bar', 'Video Store', 'Bar For Salad', 'Florist']",Super Duper Savers,Deluxe,$11.64 Millions,5.1216 Millions,1525.28,373.1,248.79,measure: 266.73, santo antonio de posse,"SP
",val: -22.607003040200272,-46.91414970477579,lbitinga,Sp,-21.7664768468313,-48.83154737836604,5.0
mc_ID_9840,"single female with one child, education: graduate degree working as professional",150K+,"Bathroom Products from Health and Hygiene department, Ordered Brand : Consolidated",18.1699,-15.2627,non recyclable,"['Ready Food', 'Florist', 'Coffee Bar', 'Bar For Salad']",Sale : Double Down,Deluxe,$3.94 Millions,1.773 Millions,,654.13,437.74,500.7202,AngRa dOs ReIS,RJ,-22.94918406150652,data: -44.323550804155055,SAO josE Do rIO PretO,SP,-20.80243626346376,-49.39562406741489,5.0
mc_ID_9841,"Single Male with five children, education: partial college working as clerical",50 Thousand,"Snack Foods from Snack Foods department, Ordered Brand : Best Choice",29.0719,26.1647,non recyclable,['Florist'],Save It (Sale),,4.77 Millions,1.7649 Millions,1320.14,523.32,348.85,data: 427.7617,"eunapulis
",BA,-16.36031750905469,-39.59120263500393,sao bernardo do campo,SP,-23.71688471949829,-46.54199108267673,4.0
mc_ID_9844,"Married Male with three children, education: bachelors degree working as professional",70000,"Vegetables from Produce department, Ordered Brand : Hermanos",20.0596,18.606,recyclable,"['Coffee Bar', 'Video Store', 'Bar For Salad', 'Florist', 'Ready Food']",Money Savers,Delux3,3.68Ms,1.5456 Millions,1873.85,,,343.611,vitoria da conquista,bA,-14.846698538003023,-40.8478507013786,beLO hORiZonTE,MG,-19.809042328611024,-43.99006964195861,3.0
mc_ID_9845,"Married Male with three children, education: bachelors degree working as professional",50K+,"Dairy from Dairy department, Ordered Brand : Gorilla",12.7771,9.8554,non recyclable,"['Ready Food', 'Bar For Salad', 'Florist', 'Video Store', 'Coffee Bar']",Roller Savings (High) ,delUxe,6.28 Millions,2.2608 Millions,1731.82,503.07,335.38,440.1568,uberlandia,mg,data: -18.875795091869104,-48.27553126672053, taubate,SP,-23.0160027253675,-45.582021391676,4.0
mc_ID_9846,"Single Female with two kidren, education: bachelors degree working as management",50K+,"Meat from Deli department, Ordered Brand : American",31.8337,27.3275,recyclable,"['Coffee Bar', 'Ready Food', 'Florist', 'Video Store', 'Bar For Salad']",Lottery Cash Registerion,Deluxe,5.48 Millions,1.918 Millions,1734.5,503.07,335.38,313.0678,braganca paulista,SP,-22.97993113988114,-46.54209659755325,Lundrina,Pr,-23.331043778111702,-51.17743350000001,5.0
mc_ID_9847,"Married Male with three children, education: high school degree working as skilled manual",30K+,"Vegetables from Produce department, Ordered Brand : Hermanos",14.1144,amount: 12.6608,recyclable,"['Ready Food', 'Coffee Bar', 'Florist', 'Bar For Salad']",Saving Days,Gourmet,7.32Ms,3.0744 Millions,1564.86,385.45,255.82,amount: 474.0995,Sao Jose Dos Campos,sp,-23.243634071378583,-45.91101044314284,sAo PaULo,SP,-23.57282057729816,-46.52329640383172,measure: 5.0
mc_ID_9849,"Married Female with one kid, education: high school degree working as professional",70K+,"Meat from Deli department, Ordered Brand : American",31.8337,27.3275,recyclable,"['Florist', 'Coffee Bar', 'Video Store', 'Bar For Salad', 'Ready Food']",Price Slashers,DELUxE,10.96 Millions,3.9456 Millions,1732.86,505.07,,282.9953,colina,SP,-20.724127725272936,-48.52733120722506,cariacica,e$,-20.29753657631548,measure: -40.40086853731229,4.0
mc_ID_9852,"Married__Female__with__five__childran,__education:__partial__high__school__working__as__management",90K+,"Dairy from Dairy department, Ordered Brand : Carlson",20.9317,17.8792,non recyclable,"['Ready Food', 'Coffee Bar', 'Bar For Salad', 'Video Store', 'Florist']",Price Winners,Deluxe,"3.42 ,000,000illions",1.368 Millions,2038.11,,,453.9117,Pontal,SP,-21.03378129083121,data: -48.0321875274595,curitiba,PR,-25.44384908076061,-49.25520561183576,5.0
mc_ID_9853,"Single Male with three children, education: bachelors degree working as professional",130K+,"Starchy Foods from Starchy Foods department, Ordered Brand : Colossal",21.3678,19.7689,recyclable,"['Florist', 'Bar For Salad', 'Coffee Bar', 'Video Store', 'Ready Food']",GLD,DELuxe,5.61 Millions,2.7489 Millions,1871.16,,395.95,484.1411,recife,PE,-8.066088565641405,-34.88166075437127,sao paulo,sp,-23.57282057729816,-46.52329640383172,amount: 5.0
mc_ID_9855,"Married Female with four children, education: bachelors degree working as professional",50K+,"Bathroom Products from Health and Hygiene department, Ordered Brand : Faux Products",27.7636,23.4028,non recyclable,"['Florist', 'Video Store', 'Coffee Bar', 'Ready Food', 'Bar For Salad']",Sale : Double Down,,€10.2M,3.72 Millions,1522.71,,248.74,278.2883,campinas,sP,-22.91020501748514,amount: -47.0569966187893,caMPinas ,sp,-22.88857483236194,-47.04416083236194,5.0
mc_ID_9856,"Single Female with two children, education: partial high school working as skilled manual",30K+,"Hygiene from Health and Hygiene department, Ordered Brand : Steady",val: 16.7163,15.2627,non recyclable,"['Video Store', 'Bar For Salad', 'Coffee Bar', 'Florist', 'Ready Food']",Two for One,Deluxe,2.4 Millions,1.176 Millions,,481.98,321.26,358.9349,belohorizonte,MG ,data: -19.8379260903476,-44.00705499636726,Sao Jose Dos Campos,$P,-23.20178111878932,-45.89567007799064,5.0
mc_ID_9857,Married Female with three children / education: graduate degree working as management,1560+ monthly,"Baking Goods from Baking Goods department, Ordered Brand : CDR",9.3466,6.4249,non recyclable,,One Day Sale,sUperMArkEt,3.99 Millions,1.8354 Millions,2049.72,457.36,,486.7561,guanhaes,Mg,-18.78496774943796,-42.944086961896645,Sao Paulo,sp,measure: -23.65111484251016,-46.75521082321932,5.0
mc_ID_9858,"Married Male with four children, education: partial high school working as skilled manual",10K+,"Electrical from Household department, Ordered Brand : Red Wing",14.972,12.0648,recyclable,,Super Savers,Mid-Size,14.76 Millions,4.8708 Millions,2085.67,785.64,524.31,531.4203,Guarulhos,$P,-23.43615246572221,-46.51710112461768,maringa,pr,-23.42880633856904,-51.97183135000928,measure: 1.0
mc_ID_9860,"Single Female with two children, education: partial high school working as professional",150K+,"Bread from Baked Goods department, Ordered Brand : Colony",measure: 11.745,7.3697,non recyclable,"['Video Store', 'Florist', 'Coffee Bar', 'Ready Food', 'Bar For Salad']",I Cant Believe It Sale,Deluxe,8.72 Millions,3.488 Millions,1525.28,375.1,,535.9181,"BELEM
",PA,-1.339795897022389,-48.457778448237065,"sumare
",SP,-22.828654864562257,-47.267296160568925,5.0
mc_ID_9861,"mARRIED fEMALE WITH TWO CHILDREN, EDUCATION: HIGH SCHOOL DEGREE WORKING AS SKILLED MANUAL",30K+,"Vegetables from Produce department, Ordered Brand : High Top",12.3701,9.4629,recyclable,,Save It (Sale),Supermarket_,13.8 Millions,6.762 Millions,2049.72,457.36,,467.4051,recife,PE,-8.026644268942235,-34.90776042423104,vila velha,ES,amount: -20.33579451826222,-40.29815848246219,5.0
mc_ID_9862,"Marriied Male with four children, education: partial college working as clerical",30K+,"Snack Foods from Snack Foods department, Ordered Brand : Fort West",13.2858,data: 8.9251,non recyclable,,Shelf Clearing Days,Supermarket,5.6 Millions,2.408 Millions,1507.38,227.8,151.9,399.6243,sao paulo,SP,-23.44337350375091,-46.70672341326679,praia grande,sp ,-24.026786758814687,-46.49304889148245,measure: 1.0
mc_ID_9863,"Single Female with two children, education: high school degree working as manual",360+ monthly,"Bathroom Products from Health and Hygiene department, Ordered Brand : Faux Products",27.7636,23.4028,non recyclable,"['Bar For Salad', 'Video Store', 'Florist', 'Ready Food', 'Coffee Bar']",Roller Savings (High) ,Deluxe,"7.2 ,000,000illions",3.096 Millions,1734.5,503.07,335.38,440.1568,sao paulo,$p,-23.590774173466443,-46.67100192576026,RIO DO SUL,SC,-27.20981137280685,-49.63292048422235,2.0
mc_ID_9864,"Single Female with one child, education: bachelors degree working as management",70K+,"Snack Foods from Snack Foods department, Ordered Brand : Horatio",-999.0,6.0615,recyclable,"['Coffee Bar', 'Florist', 'Video Store', 'Ready Food', 'Bar For Salad']",Lottery Cash Registerion,Deluxe,€5.4M,2.6712 Millions,1734.5,503.07,333.4,313.0678,bataipora,MS,-22.297625865019285,-53.2686313802315,	brejao,PE,-9.024839005157318,-36.57020044972058,5.0
mc_ID_9869,"Single Male with five children, education: bachelors degree working as professional",50K+,"Paper Products from Household department, Ordered Brand : Sunset",14.8266,10.4513,non recyclable,"['Ready Food', 'Bar For Salad']",Save It (Sale),Supermarket,"2.86 ,000,000illions",1.4014 Millions,2264.32,855.22,568.75,339.1132,Palmitinho,RS,-27.355516828844653,amount: -53.55674486170852,sal7o,SP,-23.20591698084141,-47.307845865803,5.0
mc_ID_9871,"MARRIED MALE WITH FIVE CHILDREN, EDUCATION: HIGH SCHOOL DEGREE WORKING AS MANUAL",30K+,"Pizza from Frozen Foods department, Ordered Brand : PigTail",27.1822,24.275,non recyclable,,Shelf Clearing Days,Supermarket,"5.8 ,000,000illions",2.552 Millions,1623.48,341.05,228.84,288.8006,pato bragado,Pr,-24.62607449710844,-54.230496748554216,PENAPOLIS,SP,-21.442124375537592,-50.07351408965658,3.0
mc_ID_9872,"Single Male with No children, education: partial high school working as manual",$10K+,"Fruit from Produce department, Ordered Brand : Tri-State",-30.5255,29.0719,recyclable,"['Ready Food', 'Bar For Salad', 'Video Store', 'Coffee Bar', 'Florist']",Two Day Sale,Deluxe,###,2.0202 Millions,,593.93,397.08,402.0824,sao luis,MA,data: -2.5545282652192807,-44.21309341470791,betim,Mg,val: -19.95866259017359,-44.19878943272789,5.0
mc_ID_9873,"Married Male with three kids, education: partial high school working as manual",10K+,"Dairy from Dairy department, Ordered Brand : Carlson",14.2161,val: 11.2944,recyclable,['Florist'],Save It (Sale),,2.64 Millions,0.8712 Millions,1320.15,523.32,347.8,427.7617,montenegro,RS,-29.67034898140752,amount: -51.46146829327502, ribeirao preto ,-999,-21.17121748495008,-47.81941847157649,4.0
mc_ID_9874,"Married Female with one child, education: bachelors degree working as professional",50K+,"Dairy from Dairy department, Ordered Brand : Gorilla",26.4554,25.0018,non recyclable,['Coffee Bar'],Three for One,SMALL GROCERY,2.74 Millions,1.1234 Millions,1423.37,398.93,,713.5289,registro,SP,-24.49203032806276,-47.83413137913321,jussara,PR,-23.62208737103585,-52.46578937273949,5.0
mc_ID_9875,"Single Male with one child, education: high school degree working as manual",30K+,"Snack Foods from Snack Foods department, Ordered Brand : Horatio",13.0969,measure: 8.7361,recyclable,"['Florist', 'Bar For Salad', 'Video Store', 'Ready Food', 'Coffee Bar']",Lottery Cash Registerion,Deluxe,6.72 Millions,3.024 Millions,1734.5,503.07,335.38,500.9294,barueri,SP,-23.50924262107987,-46.88666937892011,SaO paUlO,"SP
",-23.693985995008337,-46.70188324132953,4.0
mc_ID_9877,"Married Female with four children, education: high school degree working as skilled manual",30K+,"Side Dishes from Deli department, Ordered Brand : Moms",14.972,12.0648,recyclable,,Price Winners,Supermarket,6.99 Millions,2.3766 Millions,2049.72,457.36,304.91,599.358,ponte nova,MG,-20.415339248383304,-42.89153741877715,SAO PAUIO,SP,-23.51845531779098,-46.53268368206479,4.0
mc_ID_9880,"Married Male with five children, education: high school degree working as manual",30K+,"Pizza from Frozen Foods department, Ordered Brand : Imagine",-10.0007,-7.0935,recyclable,"['Coffee Bar', 'Bar For Salad', 'Florist', 'Video Store', 'Ready Food']",Two Day Sale,Gourmet,"6.2 ,000,000illions",2.542 Millions,1424.85,467.54,310.3,588.4796,r1o do antonio,BA,-14.406974523732506,-42.07954972491689,salvador,BA,-12.9018594223365,-38.404765463046026,val: 4.0
mc_ID_9881,"Married Male with five children, education: high school degree working as skilled manual",360+ monthly,"Bread from Baked Goods department, Ordered Brand : Modell",22.5307,19.6235,recyclable,"['Bar For Salad', 'Ready Food']",Mystery Sale,Supermarket,"15.72 ,000,000illions",7.3884 Millions,2265.9,853.22,568.75,444.3931,maringa,Pr,-23.40870190356673,val: -51.94097450684423,ilicine4,MG,-20.944705621834668,-45.82709818233235,5.0
mc_ID_9883,"Single Female with four kids, education: HS degree working as skilled manual",30K+,"Dairy from Dairy department, Ordered Brand : Carlson",21.5132,18.606,non recyclable,['Coffee Bar'],Super Duper Savers,supermarket,11.94 Millions,3.9402 Millions,1236.07,442.92,293.95,418.4,Rio De Janeiro,RJ,-22.913297402446734,-43.20920670635925,rio de jane1ro,RJ,-22.93125598447676,-43.17881321481337,10.0/10
mc_ID_9884,"Single Male w/ four children, education: bachelors degree working as management",50K+,"Snack Foods from Snack Foods department, Ordered Brand : Fast",15.2627,-13.8091,recyclable,,Weekend Discount,"Supermarket
",6.72 Millions,2.4864 Millions,,227.8,149.92,735.1811,belo horizonte,MG,-19.935201059120523,-43.9567957307693,itaquaquecetuba,Sp,val: -23.48262344063541,-46.37448952833195,5.0
mc_ID_9886,"Single Female with two children, education: high school degree working as manual",30K+,"Starchy Foods from Starchy Foods department, Ordered Brand : Colossal",21.3678,19.7689,recyclable,"['Ready Food', 'Bar For Salad']",Super Duper Savers,Supermarket,€3.2M,1.6082 Millions,2265.9,853.22,570.14,677.285,Juquitiba,sp ,-23.931406546387684,-47.07199584429756,sao paulo,SP,-23.50751845268047,-46.6174707485429,Rating: 5.0
mc_ID_9888,"Single Male with No children, education: partial college working as clerical",30000,"Dairy from Dairy department, Ordered Brand : Carlson",-999.0,17.5885,recyclable,"['Ready Food', 'Bar For Salad']",Coupon Spectacular,suPerMArkeT,$4.52 Millions,1.9888 Millions,2265.93,,568.75,269.1881,escada,PE,-8.364231345619059,-35.24154113882144,Itaquaquecetuba,sp,-23.48262344063541,-46.37448952833195,5.0
mc_ID_9889,"Single Male with four children, education: partial high school working as skilled manual",10k,"Snack Foods from Snack Foods department, Ordered Brand : Nationeel",27.4729,-1.0,recyclable,['Florist'],Save It (Sale),supermarket,9.6 Millions,4.608 Millions,1321.3,,348.85,427.7617,DUQUE DE CAXIAS,Rj ,-22.76533474882392,measure: -43.30808280493542,sao paulo,SP_,-23.612052666446743,-46.60783466642034,5.0
mc_ID_9890,Single Male with No children | education: bachelors degree working as management,50K+,"Hygiene from Health and Hygiene department, Ordered Brand : Bird Call",-26.8915,22.5307,non recyclable,"['Florist', 'Video Store', 'Ready Food', 'Coffee Bar', 'Bar For Salad']",Lottery Cash Registerion,delux3,€3.1M,1.739 Millions,1736.59,503.07,336.27,500.9294,erechim,RS,-27.629151734056546,-52.248574632425616,sao paulo,SP,-23.55487039661836,-46.5943762934965,5.0
mc_ID_9891,"Married Female with three children, education: high school degree working as manual",50000,"Kitchen Products from Household department, Ordered Brand : Sunset",14.4196,11.5125,non recyclable,"['Florist', 'Coffee Bar']",Green Light Special,Mid-Size,$7.95 Millions,2.385 Millions,2551.4,389.54,259.66,769.6991,CARLOS BARBOSA,Rs,-29.291861569560297,-51.51138872368569,teresupolis,RJ,-22.428725888669057,-42.97556752642736,4.0
mc_ID_9892,"Single Female with two children, education: partial high school working as skilled manual",50K+,"Paper Products from Household department, Ordered Brand : Red Wing",27.4729,val: 25.874,non recyclable,['Florist'],Save It (Sale),Supermarket,6.74 Millions,2.6286 Millions,1320.15,523.32,347.61,427.7617,goianinha,rn,data: -6.268264659883578,-35.208638083748546,bras1lia,DF,-15.84494561197996,data: -47.98527498130505,5.0
mc_ID_9893,"Single Female with four kidren, education: HS degree working as skilled manual",30K+,"Vegetables from Produce department, Ordered Brand : Tri-State",17.4431,14.5359,recyclable,,Mystery Sale,,10.92 Millions,4.8048 Millions,1623.48,341.05,229.08,718.9681,belo horizonte,MG,-19.90514649708581,-43.95631225047614,sao paulo,SP,-23.49788624202203,-46.37201669248079,3.0
mc_ID_9894,"Married Female with two children, education: bachelors degree working as management",50 Thousand,"Snack Foods from Snack Foods department, Ordered Brand : Fast",48.07 lbs,val: 17.4431,non recyclable,['Florist'],Weekend Discount,Superm@rket ,4.8 Millions,1.536 Millions,1320.15,,350.61,measure: 279.1251,cAMpInAS,Sp,-22.895876357204664,-47.0791850342778,sao paulo,SP,amount: -23.57203616319466,-46.61521226741304,5.0
mc_ID_9896,"Single Male with No children, education: partial college working as clerical.",30K or more,"Jams and Jellies from Baking Goods department, Ordered Brand : BBB Best",-19.1874,data: 14.6813,non recyclable,['Florist'],,	Supermarket,5.18 Millions,2.072 Millions,1320.15,523.32,348.85,670.486,sao paulo,SP,-23.595156305009034,-46.67617027782903,sao paulo,5P,-23.593755572854764,data: -46.61713462101102,5.0
mc_ID_9898,"Married Male with one child, education: bachelors degree working as professional",50K+,"Snack Foods from Snack Foods department, Ordered Brand : Horatio",27.0368,amount: 24.1296,recyclable,"['Ready Food', 'Coffee Bar', 'Video Store', 'Bar For Salad', 'Florist']",missing,Gourmet,5.37 Millions,2.2554 Millions,1424.85,,310.3,555.2168,teofilo otoni,MG,-17.851690337506167,val: -41.49361034261445,maringa,pr,-23.437975269077903,-51.91385959802448,5.0
mc_ID_9901,"Maried Female with four children, education: partial High School working as professional.",110K+,"Eggs from Eggs department, Ordered Brand : National",30.9615,27.909,non recyclable,"['Florist', 'Video Store', 'Coffee Bar', 'Bar For Salad', 'Ready Food']",Go For It,Deluxe,"11.56 ,000,000illions",4.1616 Millions,2038.11,481.98,321.97,455.3761,sao paulo ,$P,-23.72742535151227,-46.755968900415255,santo$,SP,measure: -23.944502325841068,-46.33124278031053,5.0
mc_ID_9902,"Single Male with three children, education: graduate degree working as professional",130K+,"Candy from Snacks department, Ordered Brand : Thresher",27.3275,-0.1,recyclable,"['Florist', 'Ready Food', 'Bar For Salad', 'Coffee Bar', 'Video Store']",Full Free,_Deluxe,3.74 Millions,1.6456 Millions,1736.52,503.07,333.78,752.2309,caxias do sul,RS,-29.17272910016604,-51.20046833219573,garca,SP,-22.218988944556266,-49.64362334020589,4.0
mc_ID_9903,"Single Male with one child, education: high school degree working as professional",70K+,"Breakfast Foods from Breakfast Foods department, Ordered Brand : Best",10.8002,measure: 7.8785,non recyclable,"['Coffee Bar', 'Bar For Salad', 'Florist', 'Ready Food', 'Video Store']",GLD,_Deluxa,5.91Ms,2.3049 Millions,1871.16,593.93,395.95,484.1411,peruibe,5p ,-24.30942886354128,-46.991091315656,SaO PAULo,SP,-23.667843855675457,-46.66038973120199,3.0
mc_ID_9904,"Married Female with four children, education: partial high school working as skilled manual",10K+,"Hot Beverages from Beverages department, Ordered Brand : CDR",15.1174,12.1956,non recyclable,,GLD,Supermarket,10.2 Millions,3.06 Millions,2049.72,457.36,304.91,697.7866,feira de santana,Ba,val: -12.263456068378396,-38.9293114047869,porto alegre,RS,val: -30.03215040714993,-51.2325516998384,3.0
mc_ID_9905,"Single Female with one child, education: high school degree working as skilled manual",30K+,"Candy from Snacks department, Ordered Brand : Musial",20.0596,measure: 15.6988,non recyclable,"['Bar For Salad', 'Florist', 'Video Store', 'Coffee Bar', 'Ready Food']",Discount Frenzy,	Gourmet,1.78 Millions,0.623 Millions,1424.85,465.54,310.16,555.2168,ferraz de vasconcelos,SP,-23.55830999999999,val: -46.385185500000006,sao paulo,SP,-23.59798552039933,-46.55547278711988,data: 5.0
mc_ID_9906,"Single Male with three children, education: partial high school working as manual",10K+,"Plastic Products from Household department, Ordered Brand : High Quality",26.7461,23.6936,non recyclable,"['Florist', 'Ready Food', 'Bar For Salad', 'Coffee Bar']",Super Savers,Deluxe,7.92Ms,3.6432 Millions,2055.29,656.13,436.09,373.9973,s@o carlos,SP,-22.01401696225976,-47.87496317485142,rio de jameiro,Rj,-22.87063440440864,-43.29503637633458,data: 5.0
mc_ID_9907,"Single Female with two kidren, education: partial HS working as skilled manual",30K+,"Bathroom Products from Health and Hygiene department, Ordered Brand : Bird Call",26.1647,21.8039,non recyclable,"['Bar For Salad', 'Coffee Bar', 'Video Store', 'Florist', 'Ready Food']",Sale Winners,Deluxe,1.71 Millions,0.513 Millions,1871.16,595.93,395.95,519.7574,praia grande,SP,-24.011288218359883,-46.41873374429398,sao paulo,$P,-23.54029947071385,-46.66278360519932,5.0
mc_ID_9908,"Married Female with three children, education: bachelors degree working as professional",50K+,"Bread from Baked Goods department, Ordered Brand : Modell",22.5307,19.6235,recyclable,"['Coffee Bar', 'Bar For Salad', 'Florist', 'Ready Food', 'Video Store']",,Gourmet,11.79 Millions,5.6592 Millions,1424.85,465.54,310.3,564.2647,itaperuna,RJ,-21.20851525964521,-41.87484723167247,ube,MG,measure: -21.12574332854103,-42.92260482854105,1.0
mc_ID_9909,"Married Female with four children, education: partial high school working as skilled manual",10K+,"Snack Foods from Snack Foods department, Ordered Brand : Nationeel",24.7111,21.8039,recyclable,"['Ready Food', 'Florist', 'Bar For Salad', 'Coffee Bar', 'Video Store']",Promo Big,Deluxe,9.36 Millions,3.6504 Millions,1871.16,593.93,395.95,data: 578.2288,sao 	paulo,SP,-23.56370226740048,-46.67529085698279,pirituba,5p,-23.49065997530149,-46.7284764394945,4.0
mc_ID_9910,"Married Female with four children, education: partial high school working as skilled manual",10K+,"Snack Foods from Snack Foods department, Ordered Brand : Best Choice",11.8759,7.5151,non recyclable,"['Coffee Bar', 'Video Store', 'Florist', 'Ready Food', 'Bar For Salad']",Big Time Discounts,,5.91 Millions,2.5413 Millions,1733.54,503.07,,583.1973,rio de janeiro,rj,-22.95124560421836,-43.3592714074384,sao paulo,SP,-23.65111484251016,-46.75521082321932,1.0
mc_ID_9912,Married Female with four children + education: bachelors degree working as professional,70K+,"Dairy from Dairy department, Ordered Brand : Club",24.7111,21.8039,non recyclable,"['Florist', 'Ready Food', 'Coffee Bar', 'Video Store', 'Bar For Salad']",,Daluxe,13.52 Millions,6.6248 Millions,1871.16,593.93,395.95,484.1411,COLATINA,3S,-19.528550536262948,-40.63635035492862,SA0 PAULO,SP,-23.667843855675457,measure: -46.66038973120199,1.0
mc_ID_9913,"Single Male with four children, education: high school degree working as skilled manual",30K+,"Snack Foods from Snack Foods department, Ordered Brand : Nationeel",15.4081,12.5009,non recyclable,"['Video Store', 'Florist', 'Coffee Bar', 'Bar For Salad', 'Ready Food']",Dimes Off,Deluxe,15.52 Millions,5.5872 Millions,1871.16,593.93,,data: 474.7271,ItapeCeRICA da $eRRA,SP,-23.72033746105922,-46.85362208015704, brasilia ,df,-15.805754999999998,-47.96828099999999,5.0
mc_ID_9914,"Single Male with one child, education: high school degree working as professional",70000,"Snack Foods from Snack Foods department, Ordered Brand : Horatio",27.1822,val: 24.275,non recyclable,"['Video Store', 'Florist', 'Coffee Bar', 'Bar For Salad', 'Ready Food']",Shelf Clearing Days,,"8.31 ,000,000illions",3.4902 Millions,1871.16,593.93,395.95,516.7763,aparecida do taboado, MS,-20.075907019101248,-51.099754197904936,suMARE,SP,-22.828654864562257,-47.267296160568925,2.0
mc_ID_9915,"Single Male with one child, education: high school degree working as manual",30K+,"Pizza from Frozen Foods department, Ordered Brand : PigTail",18.3153,13.9545,recyclable,"['Bar For Salad', 'Video Store', 'Ready Food', 'Coffee Bar', 'Florist']",You Save Days,Gourmet,7.92 Millions,3.0096 Millions,1424.17,465.54,310.3,689.3663,medeiros neto,Be,-17.371889587494103,val: -40.22622090938798,sAO PaULO,sp,-23.62358155176294,-46.61056007369148,1.0
mc_ID_9919,"Married Male with two children, education: high school degree working as skilled manual",30K+,"Pizza from Frozen Foods department, Ordered Brand : Big Time",22.5307,18.1699,recyclable,"['Bar For Salad', 'Coffee Bar', 'Video Store', 'Florist', 'Ready Food']",Discount Frenzy,Deluxe,"3.2 ,000,000illions",1.056 Millions,1871.16,593.93,395.95,326.352,ind@iatuba,SP,-23.11095082431186,-47.21624859616828,dracena,SP,-21.4988715,-51.53786099999999,5.0
mc_ID_9920,"Married Female with three children, education: partial college working as professional",30k,"Jams and Jellies from Baking Goods department, Ordered Brand : BBB Best",-999.0,27.1822,recyclable,"['Ready Food', 'Florist', 'Coffee Bar', 'Bar For Salad']",Dollar Days,	Deluxe,10.83 Millions,3.4656 Millions,2055.29,654.13,437.08,725.9763,pelotas,	RS,-31.77452642353856,-52.33668313682272,joinville,sc,-26.270134671231133,-48.80876106346335,5.0
mc_ID_9921,"Married Female with one child, education: high school degree working as skilled manual",30K+,"Beer and Wine from Alcoholic Beverages department, Ordered Brand : Pearl",13.0969,10.1897,non recyclable,"['Bar For Salad', 'Video Store', 'Coffee Bar', 'Ready Food', 'Florist']",GLD,Deluxe,1.62 Millions,0.6966 Millions,1737.11,505.07,335.38,346.5921,SAO JOAO NEPOMUCENO, MG,-21.53684106547488,data: -43.0121739022556,sao  paulo,5P,-23.526508568411355,-46.731702782676464,80%
mc_ID_9922,"Married Female with two kidren, education: bachelor'ss degree working as professional",30K+,"Frozen Desserts from Frozen Foods department, Ordered Brand : Imagine",data: 10.6548,7.7331,non recyclable,['Coffee Bar'],Two Day Sale,Supermarket,2.98 Millions,0.894 Millions,1236.07,440.92,293.95,477.3944,santa luzia_,MG,amount: -19.78407691318338,-43.92964052626267,ibitinga,Sp,-21.7664768468313,-48.83154737836604,3.0
mc_ID_9923,"Single Male with two children, education: partial high school working as skilled manual",10 Thousand,"Vegetables from Produce department, Ordered Brand : Ebony",amount: 30.6708,29.2172,non recyclable,,Price Destroyers,,2.82 Millions,0.9024 Millions,1508,227.8,151.9,588.3227,guARUlhoS,SP,-23.46499917346644,data: -46.42743250582837,taboao da serra,SP,-23.61030541993188,-46.78378189508913,4.0 stars
mc_ID_9924,"Single Female with four children, education: partial college working as professional",30K+,"Meat from Deli department, Ordered Brand : Lake",28.1997,23.6936,recyclable,"['Ready Food', 'Coffee Bar', 'Florist', 'Bar For Salad']",Save It (Sale),"Deluxe
",11.76 Millions,4.2336 Millions,,654.13,,728.9051,VIAMAO,RS,-30.08061351221984,amount: -51.0272582031978,pedreira,sp,-22.73824150585765,-46.8958585777586,measure: 5.0
mc_ID_9925,"Married Female with four children, education: bachelors degree working as professional",50K+,"Vegetables from Frozen Foods department, Ordered Brand : Imagine",25.7286,-22.8214,recyclable,"['Ready Food', 'Bar For Salad']",Go For It, Supermarket,"5.16 ,000,000illions",1.806 Millions,2448.37,,314.86,347.1151, sa0 paulo ,SP,-23.51867680707737,data: -46.6531159131789,5antos,SP,-23.93465945090488,-46.331065142884974,4.0
mc_ID_9926,"Single Female with No children, education: bachelors degree working as management",$70K+,"Dairy from Dairy department, Ordered Brand : Carlson",20.9317,17.8792,non recyclable,,,Mid-Size,$2.28 Millions,0.7296 Millions,2818.19,447.7,,478.9634,imhumas, GO,-16.33868934903781,-49.51475360384877,ibitinga,SP,measure: -21.7664768468313,-48.83154737836604,1.0
mc_ID_9927,"Married Female with four children, education: high school degree working as management",Income: 130K+,"Frozen Desserts from Frozen Foods department, Ordered Brand : Big Time",25.2925,23.6936,recyclable,"['Coffee Bar', 'Ready Food', 'Bar For Salad', 'Florist', 'Video Store']",Save Price,,11.64 Millions,4.074 Millions,1424.85,465.54,309.71,670.486,assis,Sp,-22.651747459893823,measure: -50.38975850805008,ribeirao pret0,SP,-21.174925033585303,val: -47.7686162776848,5.0
mc_ID_9928,"Married Female with four children, education: bachelors degree working as professional",70K or more,"Snack Foods from Snack Foods department, Ordered Brand : Horatio",10.2333,257.91 oz,non recyclable,['Coffee Bar'],Two Day Sale,Sup3rmarket,6.93 Millions,2.1483 Millions,1236.07,440.92,295.46,477.3944,ibiruba,Rs,-28.628697110459715,-53.09667830334719,Caxias Do Sul,RS,-29.178365921096788,-51.17747690331007,3.0
mc_ID_9932,"Married Male with one child, education: bachelor'ss degree working as professional",840+ monthly,"Pure Juice Beverages from Beverages department, Ordered Brand : Excellent",To Be Determined,17588.50 grams,recyclable,['Florist'],Sale : Double Down,,7.23 Millions,2.6028 Millions,1320.15,523.32,350.79,measure: 292.6708,joinv1lle,SC,-26.365439325841063,-48.82646121189918, rio de janeiro ,RJ,-22.8860986389002,-43.3108898963299,3.0
mc_ID_9934,Married Male with No children; education: bachelors degree working as professional,70K+,"Bread from Baked Goods department, Ordered Brand : Great",9.1431,4.7678,non recyclable,,Budget Bargains,Supermarket_,5.43Ms,2.6064 Millions,1623.48,341.05,,623.7298,sao bernardo do c@mpo,SP,val: -23.705450443973447,-46.58385800553772,sao paulo,SP,-23.57282057729816,-46.52329640383172,1.0
mc_ID_9937,"Single Male with two children, education: high school degree working as skilled manual",€25K+,"Jams and Jellies from Baking Goods department, Ordered Brand : CDR",11.0909,8.1837,recyclable,['Coffee Bar'],Discount Frenzy,Small Grocery,2.5 Millions,1.025 Millions,1423.37,398.93,265.98,500.2495,sao  miguel  do  oeste,SÇ,data: -26.7286991677439,-53.51449582910278,campo limpo paulista,SP,-23.20706431353269,-46.760735214610754,5.0
mc_ID_9938,"Married Male with No children, education: partial high school working as manual",10K+,"Hot Beverages from Beverages department, Ordered Brand : Landslide",19.3328,14.972,non recyclable,"['Bar For Salad', 'Video Store', 'Coffee Bar', 'Ready Food', 'Florist']",,Deluxe,5.56 Millions,1.8348 Millions,1734.5,503.07,335.38,646.4803,S@O 	PAULO,SP,-23.60174689148247,data: -46.51318792131687,cariacica,ES,-20.29753657631548,-40.40086853731229,val: 4.0
mc_ID_9940,"single male wiht two children, education: high school degree working as manual",30 Thousand,"Breakfast Foods from Breakfast Foods department, Ordered Brand : Special",23.4028,21.9493,recyclable,"['Ready Food', 'Video Store', 'Bar For Salad', 'Coffee Bar', 'Florist']",Price Smashers,Deluxe,5.79 Millions,2.7213 Millions,1526.05,375.1,248.79,499.2035,TIETE, SP,-23.112239657852275,-47.71121420729847,caxias do sul,Rs,-29.15431985306487,-51.18599374251306,5.0
mc_ID_9941,"MARRIED FEMALE WITH NO KIDREN, EDUCATION: HIGH SCHOOL DEGREE WORKING AS MANUAL",30K+,"Meat from Frozen Foods department, Ordered Brand : Big Time",11.4398,8.5181,non recyclable,['Florist'],You Save Days,Supermarket,€12.5M,5.138 Millions,1320.15,523.32,348.85,689.3663,americo braslliense,"SP
",-21.73266611611225,-48.111971166222745,Piracicaba,SP,-22.71683928585045,-47.65736585405934,val: 4.0
mc_ID_9942,"Married Male with three children, education: partial high school working as skilled manual",10K+,"Plastic Products from Household department, Ordered Brand : Denny",9.928,7.0063,recyclable,['Coffee Bar'],Weekend Discount,supermarke7,9.72Ms,2.916 Millions,1236.07,440.92,293.95,364.1649,sao paulo,SP,data: -23.619501000000003,-46.67681249999998,sao paulu,SP,-23.571257720785987,-46.69633123175024,5.0
mc_ID_9943,"Single Male with three children, education: partial high school working as skilled manual",120+ monthly,"Decongestants from Health and Hygiene department, Ordered Brand : Consolidated",measure: 18.606,15.6988,recyclable,"['Bar For Salad', 'Florist', 'Ready Food', 'Coffee Bar', 'Video Store']",Discount Frenzy,Deluxe,13.35 Millions,6.675 Millions,1871.16,595.93,396.55,326.352,campos sales,Ce,-7.08022859231703,-40.360595170994856,Sao PAuLo,SP,-23.71992046378896,-46.693208556754605,5.0
mc_ID_9945,"Single Female with two children, education: partial high school working as manual",$10K+,"Baking Goods from Baking Goods department, Ordered Brand : CDR",-26.0193,24.4204,non recyclable,"['Bar For Salad', 'Ready Food']",,Supermarket,6.08 Millions,2.5536 Millions,2446.62,470.27,313.55,406.4756,cae7ite,BA,-14.066621759983953,-42.49104721619407,jau,5P_,data: -22.27568678711987,-48.542599749927895,4.0
mc_ID_9947,"Married Female with three children, education: bachelors degree working as management",70K+,"Dairy from Dairy department, Ordered Brand : Booker",31.543,28.6358,non recyclable,"['Florist', 'Ready Food', 'Coffee Bar', 'Video Store', 'Bar For Salad']",Lottery Cash Registerion,d3lUxE,9.66 Millions,4.347 Millions,1737.16,503.07,336.98,313.0678,goiania,GO,-16.657373999999948,-49.23936799999996,rio de janeiro,rj,-22.842290284753936,-43.29762071175495,3.0
mc_ID_9948,"Married Male with three children, education: high school degree working as skilled manual",30K+,"Vegetables from Produce department, Ordered Brand : Hermanos",25.0018,amount: 22.0946,recyclable,"['Ready Food', 'Bar For Salad']",,supermarket,11.73 Millions,5.6304 Millions,2265.9,853.22,568.75,444.3931,jagUArE,ES,-18.903935314300668,-40.0750198607037,rio de janeiro, RJ,-22.972956517889177,-43.39706327699233,5.0
mc_ID_9949,"Single Male with one child, education: high school degree working as skilled manual",30K+,"Eggs from Eggs department, Ordered Brand : National",30.9615,27.909,non recyclable,"['Coffee Bar', 'Bar For Salad', 'Ready Food', 'Video Store', 'Florist']",You Save Days,Gourmet,"11.22 ,000,000illions",5.1612 Millions,1427.43,465.54,,689.3663,petropolis,RJ,-22.389386316926604,data: -43.131794488742194,araguari,MG,measure: -18.643784093954583,-48.20804381879092,5.0
mc_ID_9952,"Single Male with two children, education: partial high school working as skilled manual",10K+,"Carbonated Beverages from Beverages department, Ordered Brand : Token",14.5359,11.6287,non recyclable,"['Florist', 'Coffee Bar', 'Ready Food', 'Bar For Salad']",Best Price Savers,Gourmet,2.2 Millions,0.748 Millions,1564.86,385.45,,558.1979,c0calinho,Mt,-14.393058069400425,-51.00008027836111,	sao paulo,SP,-23.62358155176294,-46.61056007369148,4.0
mc_ID_9954,"Married Female with three children, education: bachelors degree working as management",50K+,"Vegetables from Canned Foods department, Ordered Brand : Better",15.8442,-12.9224,recyclable,"['Ready Food', 'Bar For Salad', 'Coffee Bar', 'Florist', 'Video Store']",Tip Top Savings,,5.22 Millions,2.1924 Millions,1734.5,503.07,336.66,287.127,Sao Leopoldo_,RS,-29.72751166708342,-51.17677291132294,ibitinga,$P,amount: -21.7664768468313,-48.83154737836604,5.0
mc_ID_9955,"Married Female with one child, education: bachelor'ss degree working as professional",130K+,"Hardware from Checkout department, Ordered Brand : Akron",-16.571,measure: 14.972,recyclable,"['Coffee Bar', 'Florist', 'Video Store', 'Bar For Salad', 'Ready Food']",Price Slashers,Deluxe,5.28 Millions,2.2176 Millions,1734.5,503.07,335.38,282.9953,campinas,SP,-22.933200411915568,-47.04106490766075,Santo Andre,SP,measure: -23.665703457960586,-46.51808196779969,5.0
mc_ID_9956,"Married Female with four children, education: partial high school working as manual, Married Female with four children",10K+,"Side Dishes from Deli department, Ordered Brand : Lake",19.1874,14.6813,non recyclable,['Coffee Bar'],Weekend Discount,SUPERMARKET,$5.04 Millions,2.016 Millions,1236.07,440.92,293.17,364.1649,ribelrao preto,$P,-21.17251937246812,-47.83483973397196,jundiai,SP,data: -23.211714582578274,-46.8753760355472,5.0
mc_ID_9958,"Single Male with four children, education: partial college working as professional",30K+,"Electrical from Household department, Ordered Brand : Denny",amount: 20.3503,17.4431,recyclable,,One Day Sale,Supermarket,"11.49 ,000,000illions",4.9407 Millions,,227.8,151.9,613.4267,Lages,SC,-27.80074660444224,-50.29979761692014,	brasilia,Df ,-15.769799999999991,-47.89016774999999,4.0
mc_ID_9959,"Single Male with No children, education: high school degree working as management",110K+,"Plastic Products from Household department, Ordered Brand : High Quality",-11.4252,8.5181,recyclable,"['Coffee Bar', 'Ready Food', 'Florist', 'Bar For Salad']",Discount Frenzy,D3LUXE,6.9 Millions,3.381 Millions,2055.29,654.13,436.09,779.6884,Brasilia,df,-15.664849890577589,-48.19369272261167,duque de caxias,RJ,-22.653103179770355,-43.270073693010815,2.0
mc_ID_9960,"Single Female with one child, education: partial college working as management",110000,"Snack Foods from Snack Foods department, Ordered Brand : Nationeel",-24.7111,21.8039,recyclable,,Go For It,Supermarket,€4.0M,2.1528 Millions,1508,227.8,152.93,350.4623,sumare,5P,amount: -22.811418577663336,-47.24177202124911,PORTO FERREIRA,SP,-21.858555070695942,data: -47.48403458197557,5.0
mc_ID_9962,"Single Female with one child, education: high school degree working as skilled manual",30K+,"Bread from Baked Goods department, Ordered Brand : Modell",-31.8337,28.7811,recyclable,"['Ready Food', 'Coffee Bar', 'Florist', 'Video Store', 'Bar For Salad']",Roller Savings (High) ,,4.68 Millions,2.1996 Millions,1424.85,465.54,310.3,499.7265,rio de janeiro,RJ,-22.89344332944775,-43.22413070370488,ribeirao preto,5P,-21.174925033585303,-47.7686162776848,amount: 1.0
mc_ID_9966,"Married Female with two children, education: bachelors degree working as professional",70K+,"Dairy from Dairy department, Ordered Brand : Even Better",24.8564,21.9493,recyclable,['Coffee Bar'],Double Your Savings,sUpermARkE7,8.13 Millions,2.9268 Millions,1236.07,440.92,292.99,493.8689,canoinhas,SC,-26.16862248406491,data: -50.392861528512256,BELO HORIZONTE,MG,-19.921126734952896,-43.94119674937962,data: 4.0
mc_ID_9967,"Married Male with one child, education: partial high school working as skilled manual",10 Thousand,"Snack Foods from Snack Foods department, Ordered Brand : Fort West",27.6183,26.1647,recyclable,"['Bar For Salad', 'Ready Food', 'Florist', 'Coffee Bar']",Super Duper Savers,DELUXE,5.34 Millions,2.2962 Millions,2055.29,654.13,436.72,364.2695,juiz de fora,MG,-21.76282506633389,-43.34295644532287,MOG1  GUACU,SP,-22.382941116125448,-46.94664125419024,measure: 5.0
mc_ID_9968,"Single_Female_with_two_children,_education:_bachelors_degree_working_as_management",70K+,"Kitchen Products from Household department, Ordered Brand : Denny",-999.0,-11.7741,non recyclable,,Saving Days,Supermarket,5.13 Millions,1.539 Millions,1508,227.8,150.27,619.0228,brasilia,DF,measure: -15.800587776316478,-48.12119762231989,sao paulo,SP,-23.59272363197529,-46.6315844403312,5.0
mc_ID_9970,"Single Male with three kids, education: partial HS working as skilled manual",10K+,"Bread from Baked Goods department, Ordered Brand : Fantastic",-11.5415,7.1807,recyclable,"['Ready Food', 'Bar For Salad']",Sales Days,Supermarket,3.0 Millions,1.11 Millions,2264.53,853.22,570.51,327.9733,missing,sP,val: -23.58454739993657,-46.67456147821567,CoTIA ,Sp,-23.6051651312828,-46.92504614654623,5.0
mc_ID_9971,"Married Female with four children, education: partial high school working as professional",70K+,"Jams and Jellies from Baking Goods department, Ordered Brand : Super",15.6988,12.7916,recyclable,['Coffee Bar'],Sale Sale Sale,,€2.6M,1.2464 Millions,1236.07,440.92,293.95,473.7334,SAo gaBRieL DO OeSTE,ms,-19.39474338733581,amount: -54.56736123542357,Palhoca,SC,-27.675399941807463,-48.68445574523188,val: 5.0
mc_ID_9972,"sINGLE mALE WITH TWO CHILDREN, EDUCATION: HIGH SCHOOL DEGREE WORKING AS SKILLED MANUAL",$50K+,"Cleaning Supplies from Household department, Ordered Brand : High Quality",-11.5851,8.6634,recyclable,"['Bar For Salad', 'Ready Food']",Go For It,,9.52 Millions,4.1888 Millions,2265.9,853.22,568.97,553.0202,CORDEIROPOLIS,5p,-22.47209221623169,-47.459789454545096,jaragua do sul,	SC,-26.491731442148883,-49.07562289508913,5.0
mc_ID_9973,"Single Male with one child, education: bachelors degree working as professional",50k,"Starchy Foods from Starchy Foods department, Ordered Brand : Jardon",16.7163,13.8091,recyclable,"['Bar For Salad', 'Ready Food', 'Coffee Bar', 'Florist', 'Video Store']",Promo Big,Deluxe,4.8 Millions,1.728 Millions,1871.84,593.93,395.95,578.2288,SANT@ MARIA,Rs,-29.689198816146927,-53.8064289212743,ibitinga,SP,-21.7664768468313,-48.83154737836604,5.0
mc_ID_9977,"Married Female with two children, education: partial high school working as manual",$10K+,"Meat from Meat department, Ordered Brand : Ship Shape",val: 19.4781,16.4256,recyclable,"['Ready Food', 'Florist', 'Video Store', 'Coffee Bar', 'Bar For Salad']",Two Day Sale,Gourmet,8.91 Millions,3.6531 Millions,1424.85,465.54,310.3,663.5824,campina5,SP,-22.85275770752771,-47.05510214136723,ibitinga,SP,-21.7664768468313,-48.83154737836604,4.0
mc_ID_9978,"MARRIED_MALE_WITH_THREE_KIDREN,_EDUCATION:_PARTIAL_HIGH_SCHOOL_WORKING_AS_SKILLED_MANUAL",10K+,"Kitchen Products from Household department, Ordered Brand : Red Wing",20.3503,17.4431,non recyclable,,One Day Sale,Supermarket,2.19 Millions,0.9855 Millions,2048.86,459.36,304.91,486.7561,salvador,ba,-12.93145544768877,-38.40926859627693,Ribeirao Preto,$P,amount: -21.17121748495008,-47.81941847157649,1.0
mc_ID_9980,"Married Male with four children, education: bachelors degree working as professional",70K+,"Canned Soup from Canned Foods department, Ordered Brand : Pleasant",26.4554,23.5482,non recyclable,"['Bar For Salad', 'Coffee Bar', 'Video Store', 'Florist', 'Ready Food']",Super Duper Savers,,€10.5M,4.092 Millions,1525.28,373.1,248.79,266.73,ri0 de janeiro,RJ,-22.88712561471496,-43.59933516863879,maringa,PR,measure: -23.41848622413047,-51.92625934548862,4.0
mc_ID_9981,"Single Male with No children, education: bachelors degree working as professional",110K+,"Snack Foods from Snack Foods department, Ordered Brand : Fast",26.7461,22.24,non recyclable,"['Ready Food', 'Bar For Salad']",Shelf Clearing Days,sUpErmARkET,$4.08 Millions,1.224 Millions,2265.9,853.22,568.22,571.1683,OEIR4S,pi,-7.0111733473162925,-42.12194744401073,SAO PAULO,SP,-23.65111484251016,data: -46.75521082321932,1.0
mc_ID_9982,"Single Male with No children, education: partial high school working as manual",30K+,"Dairy from Dairy department, Ordered Brand : Carlson",measure: 21.5132,-18.606,non recyclable,"['Ready Food', 'Florist', 'Bar For Salad', 'Coffee Bar']",Sale : Double Down, Deluxe ,11.94 Millions,4.6566 Millions,2055.29,654.13,436.09,500.7202,brasilia,dF,measure: -15.854833991567038,-48.03333984926204,campina$,sp,-22.895876357204664,-47.0791850342778,4.0
mc_ID_9983,"education: bachelors degree working as professional, Single Female with four children",50000,"Electrical from Household department, Ordered Brand : High Quality",measure: 14.6813,10.3205,recyclable,"['Bar For Salad', 'Video Store', 'Coffee Bar', 'Florist', 'Ready Food']",Price Winners,Deluxe,€4.7M,1.644 Millions,2038.11,481.98,321.26,453.9117,medina,MG,-16.221089452445266,-41.47478396144617,ibitinga,SP,-21.7664768468313,-48.83154737836604,3.0
mc_ID_9985,"Single Female with four children, education: high school degree working as skilled manual",30K+,"Candy from Snacks department, Ordered Brand : Thresher",-14.972,12.0648,recyclable,,Two Day Sale,Supermarket,4.74 Millions,1.9908 Millions,,,227.55,383.2021,selvador,"BA
",-12.982290246945407,-38.49254168799179,itatib@, sp ,-22.99567770323237,-46.857106243157794,2.0
mc_ID_9986,"Married Female with one child, education: bachelor'ss degree working as professional",70K+,"Candles from Household department, Ordered Brand : Cormorant",11.7596,7.3988,non recyclable,,Full Free,Supermarket,5.43 Millions,1.9548 Millions,1508,,151.9,660.2352,sao paulo,SP,-23.591501276992314,measure: -46.5324646537596,RIO DE JANEIRO,"RJ
",-22.87471779793991,-43.348188021524514,5.0
mc_ID_9989,"Single Male with one child, education: high school degree working as skilled manual",30K+,"Pizza from Frozen Foods department, Ordered Brand : Big Time",19.7689,-16.8617,recyclable,"['Video Store', 'Florist', 'Coffee Bar', 'Ready Food', 'Bar For Salad']",You Save Days,Gourmet,€5.3M,2.48 Millions,1427.8,465.54,309.07,689.3663,rio branco,M7,data: -15.24110304559625,-58.11199041076361,sao paulo,$P,-23.554079433810344,amount: -46.53324185942636,3.0
mc_ID_9992,"Single Male with one child, education: bachelors degree working as professional",Income: 150K+,"Vegetables from Produce department, Ordered Brand : Tri-State",amount: 23.4028,21.9493,non recyclable,['Coffee Bar'],,Small Grocary,1.71 Millions,0.8037 Millions,2069.04,330.83,,578.0196,pelotas,R$,-31.77452642353856,-52.33668313682272,pedreira,sp,-22.73824150585765,measure: -46.8958585777586,5.0
mc_ID_9993,"Married Female with two kids, education: partial college working as management",70K+,"Bread from Baked Goods department, Ordered Brand : Fantastic",8.7797,5.858,recyclable,"['Bar For Salad', 'Coffee Bar', 'Ready Food', 'Florist']",,Deluxe,"10.26 ,000,000illions",4.7196 Millions,2055.29,654.13,434.36,364.2695,porto alagre,rs,-30.0671587507646,-51.1688040863292,ribeirao prato,5p,-21.185944576067463,-47.81498292186677,2.0
mc_ID_9995,"married male with one child, education: high school degree working as professional",130k,"Snack Foods from Snack Foods department, Ordered Brand : Nationeel",15.8442,11.4688,recyclable,,Budget Bargains,Mid-Size,4.8 Millions,1.776 Millions,2085.67,783.64,522.67,546.0643,FERRAZ DE VASCONCELOS,Sp,amount: -23.539697096584906,-46.37400201180102,uberlandia,MG,-18.94141413405276,-48.33714543949449,5.0
mc_ID_9996,"Single Male with one kid, education: partial college working as professional.",30K+,"Plastic Products from Household department, Ordered Brand : Red Wing",23.9843,22.5307,recyclable,['Florist'],Dollar Days,,10.38 Millions,4.9824 Millions,1320.15,523.32,348.41,748.0992,cruzairo da fortaleza,MG,-18.964748999999948,measure: -46.67578549999996,santo andre,SP,-23.7622680628159,-46.46728047262276,4.0
mc_ID_9997,"Single Female with four children, education: partial high school working as manual",10K+,"Pure Juice Beverages from Beverages department, Ordered Brand : Washington",22.88 lbs,7.4569,non recyclable,"['Ready Food', 'Bar For Salad', 'Coffee Bar', 'Video Store', 'Florist']",I Cant Believe It Sale,To Be Determined,7.26 Millions,2.8314 Millions,1734.5,503.07,333.79,363.3281,_piracicaba,SP,val: -22.734190708292505,-47.65736922147847,sao paulo,5P,-23.55770667499565,-46.61476439993657,3.0
mc_ID_9999,"Single Male with one child, education: partial college working as professional",110K+,"Carbonated Beverages from Beverages department, Ordered Brand : Excellent",19.0421,16.1349,recyclable,['Coffee Bar'],,Smal1 Grocery,€1.9M,1.0246 Millions,1426.03,400.93,266.63,700.7677,sao paulo,SP,val: -23.58677108062952,-46.7489837393856,ibitlnga,SP,-21.7664768468313,-48.83154737836604,5.0
mc_ID_10000,"Married Male with three children, education: bachelors degree working as professional",30K+,"Cleaning Supplies from Household department, Ordered Brand : Denny",13.6492,10.7421,non recyclable,,Best Price Savers,Supermarket,7.38 Millions,3.3948 Millions,1510.58,227.8,151.9,650.4028,porto alegre,RS,-30.024479620030064,-51.14424295628714,vidaira,Sc,-27.00086872288371,-51.14532022116548,Rating: 5.0
mc_ID_10001,"Single Female with three children, education: partial High School working as skilled manual",10K+,"Kitchen Products from Household department, Ordered Brand : High Quality",19.6235,16.7163,recyclable,['Florist'],Roller Savings (High) , Supermarket,10.24 Millions,4.9152 Millions,1320.15,523.32,347.9,532.6232,Belo Horizon7E,MG,-19.950113421576656,-43.95583838718328,santa barbara d'oeste,sp,-22.75967282783305,-47.364736674563375,5.0
mc_ID_10002,"Marriied Male with two childern, education: high school degree working as manual",360+ monthly,"Snack Foods from Snack Foods department, Ordered Brand : Fort West",17.7338,13.3585,non recyclable,,Go For It,Supermarket,7.02Ms,3.4398 Millions,1505.2,227.8,151.9,350.4623,sao bernardo do campo,sp,-23.7911076994057,-46.54055014389185,ribEIraO pretO,$P,-21.17121748495008,-47.81941847157649,5.0
mc_ID_10005,"Married Male with one child, education: partial high school working as skilled manual",Income: 30K+,"Breakfast Foods from Frozen Foods department, Ordered Brand : Carrington",11.1054,8.1837,non recyclable,,,,"1.71 ,000,000illions",0.7182 Millions,2049.72,457.36,304.91,525.8765,sao roque,$P,-23.56096330427244,val: -47.14802654049926,SALtO,5P,-23.20591698084141,measure: -47.307845865803,5.0
mc_ID_10007,"Married Female with four children, education: partial college working as professional",€93K+,"Hardware from Household department, Ordered Brand : Red Wing",13.7655,12.3119,recyclable,"['Coffee Bar', 'Ready Food', 'Bar For Salad', 'Video Store', 'Florist']",Promo Big,Deluxe,1.64 Millions,0.7544 Millions,1871.16,593.93,395.95,578.2288,porto alegre,RS,-30.04888496808813,-51.196545051358896,JACAREI,"SP
",-23.30139631473257,-45.96172658840667,5.0
mc_ID_10012,"SINGLE MALE W/ TWO CHILDREN, EDUCATION: PARTIAL COLLEGE WORKING AS SKILLED MANUAL",30K+ annually,"Dairy from Dairy department, Ordered Brand : Carlson",-28.1997,-25.1472,non recyclable,"['Ready Food', 'Bar For Salad']",Price Slashers,SUPERMARKET,6.9Ms,2.07 Millions,2448.37,,313.55,402.7623,	salvador,BA,val: -12.995484212331869,measure: -38.50170886733221,BraSilIa,DF,-15.840667480274698,-48.051942900348365,5.0
mc_ID_10014,"Married Male with two children, education: high school degree working as professional",Income: 150K+,"Vegetables from Produce department, Ordered Brand : Ebony",21.2225,-16.8617,non recyclable,['Coffee Bar'],Big Time Saving,,8.13 Millions,2.7642 Millions,,440.92,293.95,710.234,Cabo Frio,RJ,-22.899295443931194,-42.04634624285419,rio de jAnEiro, RJ ,data: -22.93125598447676,-43.17881321481337,3.0
mc_ID_10015,"Married Male with four kids, education: bachelors degree working as professional",50 Thousand,"Hygiene from Health and Hygiene department, Ordered Brand : Hilltop",8.9832,6.0615,recyclable,['Florist'],Save It (Sale),supermarket,"1.59 ,000,000illions",0.5247 Millions,1318.32,525.32,348.85,427.7617,t@ubate,sp,-23.00417696397416,-45.53103723525249,Maringa,PR,-23.38658309441508,-51.905343129948655,5.0
mc_ID_10016,"Single Male wiht three children, education: high school degree working as professional",130K or more,"Eggs from Eggs department, Ordered Brand : Jumbo",31.543,28.6358,non recyclable,"['Ready Food', 'Coffee Bar', 'Bar For Salad', 'Video Store', 'Florist']",Roller Savings (High) ,Gourmet,4.26 Millions,1.3632 Millions,1424.56,465.54,310.3,499.7265,niteroi,RJ,-22.944019808500155,-43.06302670148316,"NOVA IGUACU
",_RJ,-22.74138956806041,-43.447926628659445,5.0
mc_ID_10017,"Single Female with one child, education: high school degree working as skilled manual",10K+,"Hot Beverages from Beverages department, Ordered Brand : Super",15.9895,11.6287,recyclable,"['Coffee Bar', 'Ready Food', 'Video Store', 'Bar For Salad', 'Florist']",Price Cutters,DELUXE,1.0Ms,0.39 Millions,1525.28,373.1,248.79,642.0871,sao paulo_,SP,-23.5784800999192,-46.67516750652087,sao paulo,SP,-23.45543839716661,-46.74349258148175,3.0
mc_ID_10019,"Married Female with one child, education: partial high school working as manual",30K+,"Cleaning Supplies from Household department, Ordered Brand : Cormorant",29.2172,26.31,recyclable,"['Ready Food', 'Florist', 'Bar For Salad', 'Coffee Bar', 'Video Store']",Two Day Sale,GOURMET,2.48 Millions,0.8184 Millions,,465.54,311.91,663.5824,Guarulhos,$P,-23.48378507576896,-46.54155402025511,sao paulo,SP,-23.58343069747245,-46.50203424424373,5.0
mc_ID_10020,"Single Male with two children, education: high school degree working as skilled manual",50K+,"Beer and Wine from Alcoholic Beverages department, Ordered Brand : Pearl",14.972,-12.0648,non recyclable,"['Ready Food', 'Bar For Salad']",Super Duper Savers,supermarket,5.58 Millions,2.3436 Millions,2264.07,853.22,568.75,677.285,jeborandi,SP,amount: -20.68783876701268,-48.41546620561777,sao paulo,SP,,amount: nan,val: 5.0
mc_ID_10022,"Single Female with four children, education: partial high school working as skilled manual",50K+,"Snack Foods from Snack Foods department, Ordered Brand : Nationeel",-14.8266,11.90 kg,non recyclable,"['Bar For Salad', 'Ready Food', 'Florist', 'Coffee Bar']",Weekend Discount,Gourmet,"9.64 ,000,000illions",4.4344 Millions,1564.86,,256.97,£343.23,Barreiros,"P3
",-8.815640338548715,-35.19146664451371,sAO paULo,	SP,-23.65281620260835,-46.59941026824976,data: 5.0
mc_ID_10023,"Married Male with five children, education: bachelors degree working as management",50K+,"Vegetables from Frozen Foods department, Ordered Brand : PigTail",val: 11.2944,8.3727,non recyclable,"['Coffee Bar', 'Bar For Salad', 'Florist', 'Ready Food']",,Deluxe,6.28 Millions,2.4492 Millions,2055.29,654.13,436.29,312.9109,varginha,MG,-21.557266810298533,-45.460675602985326,belohorizonte,	MG,-19.921126734952896,-43.94119674937962,4.0
mc_ID_10024,"mARRIED mALE WITH TWO CHILDREN, EDUCATION: PARTIAL HIGH SCHOOL WORKING AS SKILLED MANUAL",30K+,"Vegetables from Produce department, Ordered Brand : Ebony",24.5657,-20.0596,non recyclable,"['Coffee Bar', 'Florist', 'Video Store', 'Bar For Salad', 'Ready Food']",Full Free,Deluxe,8.64 Millions,3.9744 Millions,1733.26,503.07,335.1,752.2309,caXiaS,MA,-4.831655565592919,-43.36002571260347,Jau,SP,-22.27568678711987,data: -48.542599749927895,4.0
mc_ID_10025,"Married Female with three children, education: partial college working as skilled manual",30K+,"Fruit from Produce department, Ordered Brand : Tri-State",22.0946,19.0421,non recyclable,"['Ready Food', 'Florist', 'Bar For Salad', 'Coffee Bar', 'Video Store']",Go For It,,8.85 Millions,3.009 Millions,2038.11,481.98,321.26,455.3761,Sao Luis,MA,-2.576632840960272,data: -44.2395996386404,SAO PAULO,SP,-23.53108125950717,-46.51791357132556,5.0
mc_ID_10026,"Married Male with five children, education: bachelors degree working as professional",600+ monthly,"Vegetables from Frozen Foods department, Ordered Brand : Carrington",23.4028,20.4957,recyclable,"['Coffee Bar', 'Video Store', 'Florist', 'Bar For Salad', 'Ready Food']",Super Duper Savers,,6.66 Millions,3.2634 Millions,1525.28,373.1,250.32,266.73,"curi7iba
","PR
",measure: -25.50714419618402,-49.27207460483913,sao pau1o, sP ,-23.532447184574945,-46.61401961463438,data: 5.0
mc_ID_10027,"Single Female with two children, education: Bachelors degree working as management",50K+,"Frozen Desserts from Frozen Foods department, Ordered Brand : Big Time",25.0018,22.0946,non recyclable,"['Bar For Salad', 'Ready Food', 'Florist', 'Video Store', 'Coffee Bar']",Shelf Clearing Days,Deluxe,4.41 Millions,2.205 Millions,1874.16,,396.77,amount: 516.7763,campinas,SP,-22.92841942957608,-47.03706900304376,jUssARA,PR,val: -23.62208737103585,-52.46578937273949,4.0
mc_ID_10028,"Single Female with two children, education: bachelors degree working as professional",50000,"Cleaning Supplies from Household department, Ordered Brand : Denny",29.5079,26.4554,recyclable,"['Bar For Salad', 'Florist', 'Ready Food', 'Coffee Bar']",,DELUXe,1.53 Millions,0.6732 Millions,2055.29,656.13,436.09,267.3576,serra do ramalho,ba,val: -13.497194999999945,-43.65124999999995,_sao paulo, SP ,-23.62358155176294,-46.61056007369148,5.0
mc_ID_10029,"Single Male with three children, education: bachelors degree working as management",10K+,"Canned Soup from Canned Foods department, Ordered Brand : Blue Label",data: 15.4081,-999.0,recyclable,"['Ready Food', 'Coffee Bar', 'Florist', 'Bar For Salad', 'Video Store']",,Gourmet,"7.0 ,000,000illions",2.87 Millions,1424.85,465.54,310.36,449.1524,praia  grande,SP,-24.011288218359883,-46.41873374429398,lencois paulista,$P,-22.6025864711492,-48.81247149518349,3.0
mc_ID_10031,"Single Female with No children, education: bachelors degree working as management",150K+,"Snack Foods from Snack Foods department, Ordered Brand : Fort West",15.2627,13.8091,recyclable,"['Ready Food', 'Bar For Salad']",,Supermarket,3.86 Millions,1.6984 Millions,2265.9,855.22,,736.907,coromandel,MG,-18.47534184940673,-47.21120486285433,assis,Sp,-22.6796532539352,-50.44287891853987,amount: 4.0
mc_ID_10033,"Single Male with No children, education: partial high school working as professional",70K+,"Canned Soup from Canned Foods department, Ordered Brand : Just Right",25.0018,measure: 22.0946,non recyclable,"['Bar For Salad', 'Video Store', 'Ready Food', 'Coffee Bar', 'Florist']",Two Day Sale,Deluxe,€5.1M,1.92 Millions,1871.16,,395.95,402.0824,colombo,pr,-25.388481651539166,-49.16616839347383,ibitinga,SP,-21.7664768468313,-48.83154737836604,amount: 4.0
mc_ID_10034,"Single Male with two children, education: high school degree working as manual",30K+,"Snack Foods from Snack Foods department, Ordered Brand : Best Choice",27.0368,851.15 oz,non recyclable,"['Ready Food', 'Bar For Salad']",Sales Days,Supermarket,7.32 Millions,2.2692 Millions,2265.9,855.22,568.75,327.9733,ribeirao preto,SP,-21.194323097917405,-47.74678872433223,sao paulo,SP,-23.46824404524207,-46.585030834727874,4.0
mc_ID_10035,"Single Male with two children, education: partial college working as professional",90K+,"Fruit from Produce department, Ordered Brand : Ebony",17.007,14.0853,non recyclable,,Full Free,Supermarket,$2.76 Millions,1.0212 Millions,,227.8,151.72,660.2352,$ANTOS,SP,To Be Determined,-46.302225428386,5ao paulo,SP,-23.4719444074384,-46.59864459256161,1.0
mc_ID_10036,"Single Female with four children, education: partial high school working as manual",10k,"Snack Foods from Snack Foods department, Ordered Brand : Best Choice",31.2522,29.7987,recyclable,"['Coffee Bar', 'Bar For Salad', 'Florist', 'Video Store', 'Ready Food']",Sale Winners,,11.64 Millions,5.7036 Millions,1871.16,595.93,394.99,data: 519.7574,be1o horizonte,mg,-19.87553457706714,-43.94176194140331,ribeirao preto,sP,-21.17121748495008,-47.81941847157649,3.0
mc_ID_10038,"Married Male with three children, education: partial High School working as management",110K+,"Candy from Snacks department, Ordered Brand : Gulf Coast",27.4729,24.4204,recyclable,,Price Winners,Mid-S1ze,5.52Ms,2.6496 Millions,,447.7,298.5,453.9117,AraXa,MG,-19.571949757891144,Not Available,"londrina
",Pr,-23.32532644463037,-51.15843393839796,5.0
mc_ID_10039,"sINGLE fEMALE WITH THREE CHILDREN,EDUCATION: hIGH sCHOOL DEGREE WORKING AS SKILLED MANUAL",360+ monthly,"Frozen Entrees from Frozen Foods department, Ordered Brand : Big Time",15.8442,12.9224,recyclable,"['Florist', 'Bar For Salad', 'Coffee Bar', 'Ready Food']",Budget Bargains,DELUXE,11.73 Millions,5.865 Millions,,654.13,436.09,715.1502,_curitiba,PR,-25.49503825145709,-49.29960146295223,ITAJAI,SC,-26.912428672061186,-48.6773810666573,3.0
mc_ID_10040,"Married Female with five kidren, education: partial HS working as skilled manual",10K or more,"Meat from Deli department, Ordered Brand : Red Spade",8.9105,data: 7.4569,non recyclable,"['Ready Food', 'Coffee Bar', 'Bar For Salad', 'Florist', 'Video Store']",Big Time Discounts,,3.14 Millions,1.3816 Millions,2038.11,481.98,322.71,328.1302,belo horizonte,MG,-19.92416706994057,-43.91647950666509,Not Specified,sp,-23.71992046378896,-46.693208556754605,5.0
mc_ID_10041,"Single Male with four children, education: high school degree working as skilled manual",30K+,"Kitchen Products from Household department, Ordered Brand : Cormorant",25.7286,22.8214,recyclable,"['Florist', 'Ready Food', 'Bar For Salad', 'Coffee Bar']",,Deluxe,7.44Ms,2.3808 Millions,2053.45,656.13,435.33,500.7202,Florianopolis,sc,-27.44750424718865,-48.39733340340489,maringa,PR,-23.41848622413047,-51.92625934548862,4.0
mc_ID_10042,"Married Female with No children, education: partial high school working as manual",10K+,"Paper Products from Household department, Ordered Brand : High Quality",10.5531,7.6459,non recyclable,"['Ready Food', 'Bar For Salad']",Shelf Clearing Days,supermarket,4.98Ms,1.9422 Millions,2265.9,853.22,568.75,554.903,sao paul0,Sp,val: -23.611643043137203,-46.69323847711993,sao paulo,Sp,amount: -23.56168119891244,-46.50627110555333,measure: 5.0
mc_ID_10043,"Single Female with four children , education: High School degree working as skilled manual",30K+,"Breakfast Foods from Frozen Foods department, Ordered Brand : Imagine",21.5132,17.1524,recyclable,"['Coffee Bar', 'Ready Food', 'Florist', 'Video Store', 'Bar For Salad']",Best Savings,Gourmet,11.3 Millions,4.972 Millions,1424.88,,310.3,281.4786,brasilia,DF,-15.777074739737486,-47.875398856324736,ibitinga,5p_,-21.7664768468313,-48.83154737836604,1.0
mc_ID_10044,"Single Female with one child, education: high school degree working as manual",$30K+,"Baking Goods from Baking Goods department, Ordered Brand : BBB Best",-11.7596,8.8524,recyclable,"['Florist', 'Ready Food', 'Coffee Bar', 'Bar For Salad', 'Video Store']",You Save Days,Gourmet,1.46 Millions,0.4818 Millions,,465.54,310.3,689.3663,belo hor1zonte_,mg,data: -19.93440497198328,-43.95139830183506,piracicaba,SP,-22.71683928585045,-47.65736585405934,4.0
mc_ID_10045,"Married Female with two children, education: High School degree working as skilled manual",10K+,"Pain Relievers from Health and Hygiene department, Ordered Brand : Bird Call",29.7987,25.4379,recyclable,"['Bar For Salad', 'Ready Food', 'Video Store', 'Coffee Bar', 'Florist']",GLD,Deluxe,9.54 Millions,4.1022 Millions,1871.16,593.93,397.51,484.1411,Sao Paulo,SP,-23.549693280599,-46.49264250874256,rio de janeiro, rj,-22.842290284753936,-43.29762071175495,5.0
mc_ID_10046,"Single Female with three children, education: bachelors degree working as management",50K+,"Snack Foods from Snack Foods department, Ordered Brand : Fort West",13.53 kg,10.6258,non recyclable,"['Ready Food', 'Bar For Salad', 'Coffee Bar', 'Video Store', 'Florist']",,gourmet,7.98 Millions,3.5112 Millions,1424.85,467.54,310.3,amount: 670.486,santo endre,Sp,-23.674454445015115,-46.50700299500791,ribeirao preto,SP_,val: -21.17121748495008,-47.81941847157649,3.0
mc_ID_10047,"MARRIED MALE WITH THREE CHILDREN, EDUCATION: BACHELORS DEGREE WORKING AS PROFESSIONAL",50K+,"Pure Juice Beverages from Beverages department, Ordered Brand : Excellent",13.9254,24.26 lbs,non recyclable,"['Ready Food', 'Florist', 'Coffee Bar', 'Video Store', 'Bar For Salad']",Roller Savings (High) ,gourmet,3.2 Millions,1.344 Millions,1425.49,465.54,310.35,measure: 532.6232,ubaporanga,Mg,-19.63724698139444,-42.10762849313846,sao paulo,SP,-23.472335179294816,-46.64636526449883,5.0
mc_ID_10050,"Single Male with two children, education: partial high school working as skilled manual",10K+ annually,"Hygiene from Health and Hygiene department, Ordered Brand : Hilltop",12.3555,-9.4484,non recyclable,,Full Free,,7.98Ms,3.9102 Millions,1507.4,227.8,153.61,272.2738,barreiras, BA,-12.147030551377815,-44.99609163741842,	saO jose dO Rio PrETO,sP,-20.80243626346376,-49.39562406741489,5.0
mc_ID_10051,"Single Female with two children, education: partial college working as management",30K+ annually,"Snack Foods from Snack Foods department, Ordered Brand : Nationeel",24.8564,20.4957,recyclable,"['Ready Food', 'Bar For Salad', 'Coffee Bar', 'Florist']",Two Day Sale,GoURme7,13.24 Millions,6.4876 Millions,1564.86,385.45,256.97,486.9653,nova igu4cu,rj,-22.73706624932038,-43.44059210509271,ilicinea,MG,-20.944705621834668,-45.82709818233235,5.0
mc_ID_10052,"single male with four children, education: high school degree working as skilled manual",30K+,"Electrical from Household department, Ordered Brand : Sunset",-24.275,19.9142,recyclable,"['Video Store', 'Florist', 'Coffee Bar', 'Bar For Salad', 'Ready Food']",Sale Winners,Deluxe,6.56 Millions,2.7552 Millions,1871.45,593.93,397.53,519.7574,sao paulo,$P,-23.44337350375091,-46.70672341326679,sao paulo,SP,-23.58620844962204,-46.53589144310119,1.0
mc_ID_10053,"Married Male with three children, education: high school degree working as skilled manual",30K+,"Vegetables from Produce department, Ordered Brand : Ebony",-20.7864,-16.4256,recyclable,"['Video Store', 'Ready Food', 'Coffee Bar', 'Bar For Salad', 'Florist']",Price Cutters,,4.35 Millions,1.566 Millions,1422.05,465.54,310.3,data: 675.716,recife,Pe,-8.066088565641405,-34.88166075437127,sau paulo,SP ,-23.57282057729816,-46.52329640383172,5.0
mc_ID_10054,"Single Female with one child, education: high school degree working as management",110000,"Jams and Jellies from Baking Goods department, Ordered Brand : BBB Best",14.8266,data: 13.3585,recyclable,"['Ready Food', 'Bar For Salad', 'Florist', 'Coffee Bar']",Dollar Days,,$13.52 Millions,4.4616 Millions,2056,654.13,436.53,725.9763,belo horizonte,mg,-19.935201059120523,-43.9567957307693,SANTO ANDRE,SP,-23.665703457960586,-46.51808196779969,5.0
mc_ID_10055,Married Female with four children; education: high school degree working as manual,50K+,"Dairy from Dairy department, Ordered Brand : Carlson",val: 14.2161,-11.2944,recyclable,"['Florist', 'Bar For Salad', 'Video Store', 'Coffee Bar', 'Ready Food']",Price Slashers,Delux3,3.3 Millions,1.155 Millions,,503.07,336.12,282.9953,salvador,Be,-12.979645413776984,-38.44513962533874,SAO PAULO,sp,-23.49517247515727,-46.50119464071786,4.0
mc_ID_10057,"Married Female with four children, education: partial high school working as skilled manual",10K+,"Pure Juice Beverages from Beverages department, Ordered Brand : Skinner",-13.3294,11.8759,non recyclable,,Best Price Savers,Supermarket,6.48 Millions,2.916 Millions,1508,,151.9,650.4028,Senhor Do Bonfim,Be,-10.466645277324735,amount: -40.1859028071156,sao paulo,SP,amount: -23.52761504385709,-46.5492905723065,val: 3.0
mc_ID_10058,"Married Male with two children, education: partial college working as professional",€93K+,"Pain Relievers from Health and Hygiene department, Ordered Brand : Hilltop",27.4729,25.874,recyclable,['Coffee Bar'],Dimes Off,5Mall Grocery,€2.5M,0.9826 Millions,1423.37,398.93,265.98,531.6295,sao paulo,Sp,-23.636429014715176,-46.640920992642414,hortolandia,SP,-22.887514996879027,-47.19573904628551,5.0
mc_ID_10060,"SiNgLeE FeMaLe wItH FiVe cHiLdReN, eDuCaTiOn: PaRtIaL HiGh sChOoL WoRkInG As mAnUaL",30K+,"Dairy from Dairy department, Ordered Brand : Even Better",17.8792,13.5184,non recyclable,"['Ready Food', 'Video Store', 'Coffee Bar', 'Bar For Salad', 'Florist']",Price Winners,Deluxe,11.52 Millions,5.184 Millions,1872.04,593.93,397.44,436.9665,ConTagem,mg,-19.88575709625392,measure: -44.01809003760589,pinhais,	PR,-25.44071444991049,-49.188443906024766,5.0
mc_ID_10062,"Single Female with three children, education: bachelors degree working as professional",50K+,"Snack Foods from Snack Foods department, Ordered Brand : Best Choice",21.3678,18.3153,recyclable,,Three for One,MID-SIZE,$4.76 Millions,1.4756 Millions,2085.67,,522.49,570.5407,santa mariana,PR,-23.147830686777,-50.52125010192194,Navegante$,Sc,val: -26.85907968190116,-48.63953562951828,5.0
mc_ID_10063,"Married Female with five children, education: bachelors degree working as professional",70K+,"Bread from Baked Goods department, Ordered Brand : Modell",-21.3678,-18.3153,non recyclable,['Coffee Bar'],Dimes Off,Small Grocery,6.92 Millions,2.3528 Millions,1425.3,398.93,265.98,444.3931,sao paulo,SP,-23.44697897307979,data: -46.7472294060534,SaO pauLO,$p,-23.547285965837776,-46.56940937552652,5.0
mc_ID_10064,"Married Female with four children, education: bachelors degree working as professional",70K+,"Candy from Snacks department, Ordered Brand : Choice",31.543,30.0894,recyclable,['Coffee Bar'],,Supermarket,10.6 Millions,4.346 Millions,1236.07,440.92,295.74,760.4943,pindamonhangaba,SP,-22.946777999999995,-45.49869899999999,porto alegre,R$,measure: -30.00731246906908,-51.19422244408211,5.0
mc_ID_10065,"Married Male with one child, education: bachelors degree working as professional",50K+,"Meat from Deli department, Ordered Brand : Lake",17.8792,16.4256,non recyclable,,Best Price Savers,Supermarket,4.59Ms,2.0655 Millions,1505.31,227.8,152.85,£474.79,rio de janeiro,RJ,val: -22.91880981294356,-43.26535370468581,SAO PAULO,SP,-23.65111484251016,-46.75521082321932,5.0
mc_ID_10066,"Single Male with No children, education: partial high school working as skilled manual",10K+,"Canned Soup from Canned Foods department, Ordered Brand : Better",12.123,10.6694,recyclable,"['Bar For Salad', 'Ready Food']",,Supermarket,3.0 Millions,1.26 Millions,2265.9,853.22,567.7,571.1683,patrocinio,mG ,-18.9460898157912,amount: -46.98595529644953,_MaRiNgA,PR,-23.41848622413047,-51.92625934548862,data: 3.0
mc_ID_10068,"Married Male with four children, education: partial high school working as manual",30K+,"Baking Goods from Baking Goods department, Ordered Brand : Plato",11.5561,10.0879,non recyclable,['Coffee Bar'],Promo Big,Supermarket,€2.9M,1.356 Millions,1236.07,440.92,293.95,£472.96,GUaRULHos,$P,data: -23.401157533417454,val: -46.430387580925895,poRtO ALeGRe,Rs,-30.00731246906908,-51.19422244408211,4.0
mc_ID_10069,"Single Female with one child, education: partial high school working as manual",120+ monthly,"Dairy from Dairy department, Ordered Brand : Even Better",17.4431,measure: 13.0823,recyclable,"['Video Store', 'Bar For Salad', 'Ready Food', 'Coffee Bar', 'Florist']",Lottery Cash Registerion,Deluxe,1.44 Millions,0.6768 Millions,1734.5,503.07,335.38,313.0678,rio de jañeiro,RJ ,-22.927194377459763,val: -43.68254521510183,PEDREIRA,SP,-22.73824150585765,-46.8958585777586,3.0
mc_ID_10070,"Married Female with one child, education: partial college working as clerical",30k,"Fruit from Produce department, Ordered Brand : Tri-State",measure: 26.1647,23.2575,recyclable,"['Coffee Bar', 'Ready Food', 'Florist', 'Video Store', 'Bar For Salad']",Price Destroyers,daluxe,7.71 Millions,3.3924 Millions,2038.11,481.98,321.26,777.2826,camPo GRaNDe,Ms,-20.45701824063706,-54.60285131989711,SANTOS,TBD,-23.96112504302036,-46.32316061267247,5.0
mc_ID_10071,"Married Female with one child, education: partial HS working as skilled manual",10K+,"Candy from Snacks department, Ordered Brand : Choice",31.543,30.0894,recyclable,"['Bar For Salad', 'Ready Food']",Super Savers,Supermarke7,5.3 Millions,1.961 Millions,2448.37,470.27,,719.3865,grav4tai,RS,-29.92480530030584,-51.05765008465576,sao paulo,SP,-23.667843855675457,-46.66038973120199,5.0
mc_ID_10072,"single female with three children, education: partial high school working as professional",110K or more,"Meat from Deli department, Ordered Brand : Red Spade",23.2575,20.3503,recyclable,"['Florist', 'Ready Food', 'Video Store', 'Bar For Salad', 'Coffee Bar']",Green Light Special,Deluxe,"14.24 ,000,000illions",4.4144 Millions,1525.28,373.1,246.89,507.9899,mata,	RS,-29.56590353709264,-54.45754366121784,braganca paulista,SP,-23.01778836599993,-46.52244499999995,5.0
mc_ID_10074,"Single Female w/ three children, education: High School degree working as professional",130K+,"Baking Goods from Baking Goods department, Ordered Brand : Super",val: 24.4204,21.3678,recyclable,"['Ready Food', 'Bar For Salad']",Three for One,Supermarket,8.82 Millions,3.528 Millions,2265.9,853.22,568.75,618.4475,maringa,pR,amount: -23.42880633856904,-51.97183135000928,SAO PAULO,sp,-23.693985995008337,-46.70188324132953,val: 3.0
mc_ID_10075,"Married Male with two children, education: partial high school working as manual, education: partial high school working as manual",10K+,"Fruit from Canned Products department, Ordered Brand : Swell",12.53,11.0618,non recyclable,['Coffee Bar'],Two Day Sale,,11.7 Millions,5.031 Millions,1236.07,440.92,293.95,477.3944,NOVU HAMBURGO,RS,-29.684009472963563,-51.128338877236175,maringa,PR,-23.437975269077903,-51.91385959802448,3.0
mc_ID_10077,"Married Male with No children, education: partial high school working as skilled manual",10 Thousand,"Canned Soup from Canned Foods department, Ordered Brand : Pleasant",19.6235,18.1699,recyclable,['Coffee Bar'],Two Day Sale,Supermarket,2.34 Millions,1.1232 Millions,1236.07,440.92,293.48,477.3944,sao paulo,SP,-23.536840620318525,-46.640393035807016,JaBotICaBAL,SP,-21.250592999999995,-48.31762049999999,5.0/5.0
mc_ID_10078,"Married Female with five children, education: bachelors degree working as management",50k,"Beer and Wine from Alcoholic Beverages department, Ordered Brand : Pearl",15.5534,12.6317,non recyclable,"['Ready Food', 'Bar For Salad']",Super Duper Savers,Supermarket,10.72 Millions,4.7168 Millions,2265.9,,568.75,677.285,sao 	paulo,SP,-23.59899552233257,-46.68358067332223,DIADEMA,SP,-23.68008452677597,-46.62410537301638,amount: 4.0
mc_ID_10079,"Married Female with one child, education: partial college working as professional",30K+,"Vegetables from Produce department, Ordered Brand : Ebony",10.8729,6.5121,non recyclable,"['Florist', 'Ready Food', 'Bar For Salad', 'Video Store', 'Coffee Bar']",One Day Sale,Deluxe,€7.5M,3.3592 Millions,2038.11,481.98,321.26,data: 767.3456,rio grande,RS,val: -32.03094717184131,-52.08162508196311,jacarei,SP,-23.29818595956356,measure: -45.974828011182304,5.0
mc_ID_10080,"Married Female with No children, education: bachelors degree working as professional",50K+,"Vegetables from Frozen Foods department, Ordered Brand : Big Time",13.9109,12.4428,recyclable,"['Bar For Salad', 'Florist', 'Ready Food', 'Coffee Bar']",Sale : Double Down,deluxe,2.86 Millions,1.2298 Millions,2055.29,654.13,434.09,500.7202,rio de janeiro,rJ,-22.94391056014081,-43.254772993992525,piracicaba,SP,-22.726257875353635,-47.63781138952056,1.0
mc_ID_10081,"Single Female with one child, education: bachelors degree working as professional",50K+,"Dairy from Dairy department, Ordered Brand : Gorilla",28.1997,26.6008,recyclable,"['Bar For Salad', 'Ready Food', 'Florist', 'Coffee Bar', 'Video Store']",Pick Your Savings,Deluxe,€4.6M,2.268 Millions,2040.15,481.98,321.26,739.4174,sao paulo,SP,-23.59120154177962,-46.68781889731084,ibitinga,SP,-21.7664768468313,-48.83154737836604,measure: nan
mc_ID_10083,"sINGLE fEMALE WITH ONE CHILD, EDUCATION: HIGH SCHOOL DEGREE WORKING AS MANUAL",30K+,"Starchy Foods from Starchy Foods department, Ordered Brand : Shady Lake",-28.6358,27.1822,recyclable,,,Mid-Size,13.56 Millions,6.2376 Millions,,783.64,522.49,734.9719,buritis,MG,-15.630952013404428,-46.423522051644674,campinas,Sp,-22.895876357204664,-47.0791850342778,1.0
mc_ID_10084,"Single Female with one child, education: partial high school working as manual",10K+,"Specialty from Produce department, Ordered Brand : Tri-State",12.6317,11.1636,non recyclable,,,Mid-Size,3.52 Millions,1.2672 Millions,2085.67,783.64,522.49,val: 546.0643,porto segur0,BA,-16.44446967266491,-39.06166956260506,PORTO ALEGRE,RS,-30.013169904996133,-51.19853892141162,data: 5.0
mc_ID_10085,"mARRIED fEMALE WITH nO CHILDREN,EDUCATION: hIGH sCHOOL DEGREE WORKING AS SKILLED MANUAL.",30K+,"Cleaning Supplies from Household department, Ordered Brand : Red Wing",28.1997,26.6008,recyclable,,Price Winners,suPERMaRket,11.68 Millions,5.6064 Millions,2048.37,457.36,306.06,599.358,belem,PA,-1.4351686532623154,amount: -48.46701297918873,5ao paulo,SP,-23.459346031363605,val: -46.60929309103239,5.0
mc_ID_10087,Married Female with four children - education: partial high school working as skilled manual,10K+,"Jams and Jellies from Baking Goods department, Ordered Brand : Landslide",10.3787,7.4569,recyclable,,Saving Days,supermarket,$6.81 Millions,2.6559 Millions,1508,227.8,151.9,619.0228,curitiba,PR,measure: -25.39226795392121,data: -49.2963977839172,piracicaba,Sp,-22.71683928585045,-47.65736585405934,5.0
mc_ID_10090,"Single Male with four children, education: high school degree working as manual",30K+,"Snack Foods from Snack Foods department, Ordered Brand : Nationeel",measure: 20.2049,18.606,non recyclable,"['Video Store', 'Florist', 'Coffee Bar', 'Ready Food', 'Bar For Salad']",Full Free,Deluxe,"9.04 ,000,000illions",2.8024 Millions,1734.63,,335.38,752.2309,"Engenheiro Beltrao
",PR,-23.79880831580239,amount: -52.25403419932261,CURITIBA,PR,-25.44041155231119,-49.27281542157665,1.0
mc_ID_10092,"Maried Male with No children,education: High School degree working as skilled manual",30K+,"Fruit from Produce department, Ordered Brand : Hermanos",27.7636,24.8564,recyclable,"['Coffee Bar', 'Ready Food', 'Video Store', 'Florist', 'Bar For Salad']",Price Slashers,Deluxe,5.72 Millions,2.1736 Millions,1525.28,373.1,248.79,403.9652,Sao  Paulo,SP,-23.58453047821569,-46.62637174854291,sao paulo,SP,measure: -23.680178204541587,-46.69191023495291,4.0
mc_ID_10094,"Single Male with five children, education: bachelors degree working as management",€25K+,"Cleaning Supplies from Household department, Ordered Brand : High Quality",31.8337,27.3275,recyclable,['Florist'],Sale : Double Down,Supermarket,7.64 Millions,2.8268 Millions,1319.89,523.32,346.96,292.6708,SAO JOAO DA BOA VISTA,"Sp
",-21.97841480270819,-46.79561480625737,concordia,SC,-27.211807695727405,-52.0209908478637,data: 5.0
mc_ID_10096,"education: bachelors degree working as management, Married Female with No children",70K+,"Dairy from Dairy department, Ordered Brand : Even Better",11.6578,-8.7506,non recyclable,"['Florist', 'Coffee Bar', 'Ready Food', 'Bar For Salad']",Price Winners,Gourmet,2.5 Millions,1.05 Millions,,385.45,,769.7514,mogi das cruzes,5P,-23.516579606826944,measure: -46.13731417572359,belo horizonte,MG,-19.809042328611024,val: -43.99006964195861,3.0
mc_ID_10097,"SiNgLe fEmAlE WiTh fOuR KiDs, EdUcAtIoN: hIgH ScHoOl dEgReE WoRkInG As mAnAgEmEnT",110K+,"Snack Foods from Snack Foods department, Ordered Brand : Horatio",26.6008,-22.0946,recyclable,,Full Free,supermarket,"11.28 ,000,000illions",3.7224 Millions,1508,227.8,151.9,272.2738,sorocaba,$P,-23.47175350328484,-47.50644372342474,Presidemte Prudente,SP,val: -22.13392715785725,-51.36875322173029,5.0
mc_ID_10098,"single male with five children, education: high school degree working as skilled manual",30K+,"Beer and Wine from Alcoholic Beverages department, Ordered Brand : Good",13.5911,20.35 lbs,missing,"['Florist', 'Ready Food', 'Bar For Salad', 'Coffee Bar']",Discount Frenzy,Deluxe,6.54 Millions,3.0084 Millions,2055.29,,436.16,val: 779.6884,JUAZEIRO DO NORTE,Ce,-7.223170450943757,-39.32587932878771,sao bernardo do campo,SP,data: -23.699353075768943,-46.5600310818858,4.0
mc_ID_10100,"Married Male with one child, education: high school degree working as skilled manual",30K+,"Snack Foods from Snack Foods department, Ordered Brand : Nationeel",10.1461,8.6925,non recyclable,,Best Price Savers,,€5.7M,3.2634 Millions,1505.52,,151.9,650.4028,Curltiba,PR,-25.43328294393789,-49.28042347446478,padreira,SP,-22.73824150585765,-46.8958585777586,2.0
mc_ID_10102,"Married Female with one child, education: high school degree working as manual",30K+,"Paper Products from Household department, Ordered Brand : Cormorant",-15.4081,11.0473,recyclable,"['Bar For Salad', 'Ready Food']",Wallet Savers,Supermarket,$2.84 Millions,1.3916 Millions,2448.37,470.27,313.55,324.8876,vaLinhOs, SP,-22.983092033963143,-46.99579127087601,sao paulo,sp,-23.50126797890817,-46.73964800083672,5.0
mc_ID_10103,"Single Male with three children, education: high school degree working as skilled manual",30K+ annually,"Candy from Snacks department, Ordered Brand : Choice",27.0368,-24.1296,recyclable,,Price Destroyers,Supermarket,5.16 Millions,2.3736 Millions,2050.54,457.36,305.38,325.6198,londrina, PR ,-23.30857924701369,amount: -51.196409511945205,apucarana,PR,-23.552512530494816,-51.46349357996916,4.0
mc_ID_10104,"Married Female with three children, education: partial high school working as professional",150K+ annually,"Canned Soup from Canned Foods department, Ordered Brand : Blue Label",18.606,15.6988,non recyclable,['Coffee Bar'],,Supermarket,3.46Ms,1.211 Millions,1236.07,440.92,292.82,720.5371,Cidreira,RS,-30.17105570679884,-50.201594169231335,sarandi,PR,-23.431481257369107,-51.85490851643521,4.0
mc_ID_10105,"Married Male with one child, education: partial high school working as skilled manual",10K or more,"Canned Soup from Canned Foods department, Ordered Brand : Pleasant",29.3626,-0.1,recyclable,"['Ready Food', 'Coffee Bar', 'Video Store', 'Bar For Salad', 'Florist']",Price Slashers,,8.46 Millions,3.9762 Millions,1525.2,373.1,248.79,$403.97,belo horizonte, Mg ,-20.00554148626576,-44.01389665445209,sao paulo,5P,-23.58343069747245,-46.50203424424373,5.0
mc_ID_10106,"education: partial college working as skilled manual, Married Male with two children",50k,"Vegetables from Produce department, Ordered Brand : Hermanos",14.1725,11.2653,recyclable,"['Bar For Salad', 'Ready Food']",Big Time Discounts,SUPERMARKET,11.28 Millions,3.384 Millions,2448.37,470.27,313.39,501.9754,betim_,MG,-19.93876718595992,-44.14012235068381,belo horizonte,MG,-19.878513898894187,measure: -43.95694702879617,4.0
mc_ID_10107,"Single Male with two kids, education: partial college working as professional.",90K+,"Canned Soup from Canned Foods department, Ordered Brand : Bravo",25.0018,20.641,non recyclable,,Saving Days,SUPERMARKET,7.65 Millions,3.2895 Millions,1508,227.8,152.4,619.0228,rio de janeiro,RJ,data: -22.884745903139223,-43.31832426351789,fortaleza ,CE,-3.75920950735759,-38.56668586011886,5.0
mc_ID_10111,"Married Male with one child, education: graduate degree working as professional",70K+,"Plastic Products from Household department, Ordered Brand : Sunset",amount: 27.6183,24.7111,non recyclable,"['Florist', 'Ready Food', 'Video Store', 'Coffee Bar', 'Bar For Salad']",Sale : Double Down,Gourmet,"5.18 ,000,000illions",1.9166 Millions,1424.85,465.54,310.3,R$1609.69,sau paulo,5P,-23.59978147599399,-46.73530029378497,belo horizunte,MG,-19.892338512349244,-43.9326199797449,5.0
mc_ID_10112,"Married Male with five children, education: high school degree working as manual, Married Male with five children",$30K+,"Packaged Vegetables from Produce department, Ordered Brand : Tri-State",19.7689,16.8617,non recyclable,"['Video Store', 'Bar For Salad', 'Coffee Bar', 'Ready Food', 'Florist']",GLD,,€4.2M,2.1414 Millions,1868.4,593.93,396.54,484.1411,Betim,MG,-19.92491906303673,measure: -44.16694140448337,Petropolis ,RJ,-22.549033360244323,-43.210094724044055,5.0
mc_ID_10114,"Married Female with three children, education: high school degree working as manual",30K+,"Pure Juice Beverages from Beverages department, Ordered Brand : Fabulous",data: 24.5657,20.0596,non recyclable,,Price Cutters,Mid-Siz3,8.88 Millions,3.0192 Millions,2085.67,783.64,522.49,324.7307,praia grande,SP,-24.00146687705574,measure: -46.446355136966936,belo horizonte,MG,-19.892338512349244,-43.9326199797449,1.0
mc_ID_10116,"Married Male with five children, education: bachelor'ss degree working as management",50K+,"Frozen Desserts from Frozen Foods department, Ordered Brand : Golden",13.5911,data: 10.6839,non recyclable,"['Florist', 'Ready Food', 'Bar For Salad', 'Coffee Bar']",Discount Frenzy,Deluxe,4.52 Millions,1.7176 Millions,2055.29,654.13,436.09,779.6884,batatais,Sp,-20.886174694700312,-47.59434113509063,sao paul0,SP,-23.65111484251016,-46.75521082321932,1.0
mc_ID_10117,"Single Female with two children, education: partial college working as manual",50K+,"Vegetables from Frozen Foods department, Ordered Brand : Imagine",24.8564,21.9493,non recyclable,"['Bar For Salad', 'Video Store', 'Coffee Bar', 'Ready Food', 'Florist']",Tip Top Savings,,7.56 Millions,2.3436 Millions,1734.5,503.07,335.38,287.127,CHAPECO,SC,-27.09823746094856,amount: -52.66935995046094,praia grande,SP,-24.026786758814687,-46.49304889148245,5.0
mc_ID_10118,"Married Female with four children, education: high school degree working as skilled manual",30K+,"Cleaning Supplies from Household department, Ordered Brand : Denny",29.5079,26.4554,recyclable,"['Florist', 'Bar For Salad', 'Ready Food', 'Video Store', 'Coffee Bar']",Big Time Discounts,Deluxe,"1.53 ,000,000illions",0.7497 Millions,1734.5,503.07,335.38,£425.73,cacHoEiRO dE itapEMiRim,ES,-20.855567929891905,-41.11471169782581,piracicaba,SP,-22.726257875353635,-47.63781138952056,5.0
mc_ID_10119,"Marriied Female with four children, education: partial high school working as skilled manual",$10K+,"Canned Tuna from Canned Foods department, Ordered Brand : Better",data: 20.641,19.0421,recyclable,"['Ready Food', 'Video Store', 'Florist', 'Coffee Bar', 'Bar For Salad']",Go For It,Deluxe,4.5 Millions,1.8 Millions,2038.11,481.98,322.95,455.3761,belo horizonte,MG,-19.90767006939231,-44.00748306939231,guarulhos,$P,-23.44007914793122,-46.51144923980033,measure: 5.0
mc_ID_10120,"Married Female with five children, education: partial high school working as manual",10K+,"Meat from Frozen Foods department, Ordered Brand : Carrington",508.64 oz,12.966,recyclable,"['Coffee Bar', 'Florist']",Save It (Sale),Mid-Size,3.72 Millions,1.5624 Millions,2549.89,389.54,258.22,394.5512,sao paUlo,SP,-23.532711024698507,-46.5329695022217,_sao paulo,SP,-23.57282057729816,-46.52329640383172,data: 3.0
mc_ID_10121,"Married Female with two children, education: partial high school working as skilled manual",10 Thousand,"Meat from Meat department, Ordered Brand : Ship Shape",-0.1,-9.0995,non recyclable,"['Bar For Salad', 'Video Store', 'Ready Food', 'Florist', 'Coffee Bar']",Sale Winners,Deluxa,5.25Ms,1.68 Millions,,593.93,395.95,519.7574,l1meira,	SP,-22.56835042131686,-47.44743947974489, Sao Paulo ,SP,-23.4719444074384,-46.59864459256161,5.0
mc_ID_10126,"sINGLEE fEMALE WITH THREE CHILDREN , EDUCATION: HIGH SCHOOL DEGREE WORKING AS SKILLED MANUAL",30K+,"Snack Foods from Snack Foods department, Ordered Brand : Nationeel",18.1699,15.2627,recyclable,"['Coffee Bar', 'Video Store', 'Bar For Salad', 'Florist', 'Ready Food']",Save Price,DELUXE,6.52Ms,2.5428 Millions,2038.11,481.98,319.46,284.3028,rio De jaNeIro,RJ,-22.878476937821056,-43.31517005147447,echapora,SP,-22.42925217631197,-50.20413759688468,amount: 4.0
mc_ID_10127,"Single Male with one child, education: graduate degree working as professional",90K+,"Dairy from Dairy department, Ordered Brand : Booker",9.8118,6.9046,recyclable,"['Ready Food', 'Video Store', 'Bar For Salad', 'Florist', 'Coffee Bar']",Price Winners,deluxe,5.16 Millions,2.5284 Millions,1871.16,593.93,395.95,436.9665,manhuaçu,MG,-20.265441566422545,val: -42.044386189900685,sao paulo,Sp_,-23.61411790980433,measure: -46.60034800222169,measure: 5.0
mc_ID_10128,"Married Female with No children, education: Bachelors degree working as professional",-1,"Meat from Deli department, Ordered Brand : Red Spade",8.9105,7.4569,non recyclable,['Coffee Bar'],I Cant Believe It Sale,Small Grocery,3.14 Millions,1.099 Millions,1423.37,398.93,264.39,605.8955,CAMPINAS,$P,-22.908292093622787,-47.09417761615002,praia grande,SP,-24.011288218359883,measure: -46.41873374429398,5.0
mc_ID_10129,"Married Male with one child, education: high school degree working as skilled manual",50K+,"Specialty from Produce department, Ordered Brand : Tell Tale",22.676,19.7689,recyclable,"['Florist', 'Bar For Salad', 'Coffee Bar', 'Ready Food']",Price Destroyers,Gourmet,€2.8M,1.4018 Millions,1564.86,385.45,257.67,343.5064,campos dos goytacazes,RJ,-21.758075963712617,-41.31263336665773,"p1RacIcAba
",5P,-22.71683928585045,-47.65736585405934,2.0
mc_ID_10130,"Married Male with two children, education: high school degree working as skilled manual",30K+,"Frozen Entrees from Frozen Foods department, Ordered Brand : Carrington",30.8162,29.3626,recyclable,"['Ready Food', 'Bar For Salad']",Two for One,Supermarket,5.31 Millions,2.4426 Millions,2265.17,853.22,568.75,555.426,guarulhos,SP,-23.464638461278803,-46.46461494240867, Cariacica,Es,-20.29753657631548,-40.40086853731229,5.0
mc_ID_10131,"Single Male with two children, education: partial high school working as skilled manual",10K+,"Baking Goods from Baking Goods department, Ordered Brand : Super",24.4204,-21.3678,recyclable,"['Bar For Salad', 'Florist', 'Video Store', 'Ready Food', 'Coffee Bar']",Discount Frenzy,Gourmet,5.88 Millions,2.8812 Millions,1424.85,465.54,310.45,555.2168,peruibe,Sp,-24.30942886354128,-46.991091315656,sao paulo,$P,-23.65111484251016,-46.75521082321932,2.0
mc_ID_10136,"Single Female with five children, education: high school degree working as skilled manual",30000,"Snack Foods from Snack Foods department, Ordered Brand : Nationeel",13.9981,11.0909,recyclable,,Save Price,sUPerMaRKeT,11.16 Millions,4.6872 Millions,1507.14,,151.9,325.6721,rio de janeiro,RJ,-22.92531913366395,-43.25369631041029,ribeirao preto,Sp,-21.1575781634253,-47.81743621509692,5.0
mc_ID_10138,"married male with no children, education: partial high school working as management",$90K+,"Beer and Wine from Alcoholic Beverages department, Ordered Brand : Good",17.4431,13.0823,recyclable,"['Ready Food', 'Coffee Bar', 'Florist', 'Bar For Salad']",,Deluxe,7.11 Millions,3.1995 Millions,2055.29,,436.09,267.3576,barra mansa,RJ,-22.529842003911803,-44.1884923751778,SA0 PAULO,Sp,-23.554079433810344,-46.53324185942636,4.0
mc_ID_10139,"Married Male with four children, education: partial college working as management",30K+,"Jams and Jellies from Baking Goods department, Ordered Brand : CDR",30.5255,27.6183,recyclable,"['Bar For Salad', 'Coffee Bar', 'Ready Food', 'Video Store', 'Florist']",Bag Stuffer,DelUXe,$2.68 Millions,0.9112 Millions,,503.07,335.38,662.2226,francisco morat0,SP,-23.283867902927923,-46.75166223035057,sumare,SP,-22.828654864562257,measure: -47.267296160568925,5.0
mc_ID_10140,"Singlee Male wiht three children, education: partial high school working as manual",10K+,"Fruit from Canned Products department, Ordered Brand : Big City",16.8617,12.5009,recyclable,"['Coffee Bar', 'Florist', 'Video Store', 'Bar For Salad', 'Ready Food']",Money Savers,Deluxe,2.28 Millions,0.8208 Millions,1871.16,593.93,395.95,343.611,sau 	paulo,5P,data: -23.51230673515488,-46.40716603503311,lencois paulista,Sp,-22.6025864711492,-48.81247149518349,5.0
mc_ID_10141,"Single Male with one child, education: partial high school working as skilled manual",120+ monthly,"Breakfast Foods from Breakfast Foods department, Ordered Brand : Special",val: 24.7111,23.2575,recyclable,"['Bar For Salad', 'Ready Food']",Price Cutters,Suparmarket,$8.22 Millions,4.0278 Millions,2265.9,853.22,568.75,761.0696,sao paulo,SP ,-23.68354915724768,-46.63434401577974,sao paulo,sp,-23.554079433810344,-46.53324185942636,5.0
mc_ID_10142,"single male with four childran, education: high school degree working as skilled manual",30K+,"Vegetables from Produce department, Ordered Brand : Ebony",18.0246,-1.0,recyclable,"['Ready Food', 'Florist', 'Bar For Salad', 'Video Store', 'Coffee Bar']",GLD,deluxe,11.96 Millions,5.6212 Millions,1871.16,,395.95,484.1411,francisco sa, mg ,-16.479423908199745,-43.49472432889091,Montenegro,Rs ,amount: -29.67034898140752,-51.46146829327502,5.0
mc_ID_10143,"Married Female with four childern, education: graduate degree working as professional",150K or more,"Snack Foods from Snack Foods department, Ordered Brand : Best Choice",15.6988,12.7916,non recyclable,,Weekend Discount,Supermarket,5.43 Millions,2.172 Millions,1508,227.8,151.9,735.1811,ribeirao  preto,SP,-21.18002440882337,-47.81386413405276,ibitinga,SP,-21.7664768468313,-48.83154737836604,5.0
mc_ID_10144,"Married Female with two children, education: partial college working as clerical",30K+,"Bathroom Products from Health and Hygiene department, Ordered Brand : Bird Call",26.1647,data: 21.8039,non recyclable,,Savings Galore,,"1.71 ,000,000illions",0.6669 Millions,2819.7,,297.8,708.8742,Coluna,	MG,-18.23319939915599,-42.84092955088922,beTIm,mG,-19.95866259017359,-44.19878943272789,4.0
mc_ID_10145,"Single Male with two children, education: partial college working as clerical",360+ monthly,"Baking Goods from Baking Goods department, Ordered Brand : Landslide",23.1121,20.0596,recyclable,['Coffee Bar'],Two Day Sale,Supermarket,4.28 Millions,1.498 Millions,1236.07,442.92,,477.3944,carapicuiba,Sp,-23.543716852784645,val: -46.856436747034856,carapicuiba,SP,-23.527097594125784,-46.831472720216745,1.0
mc_ID_10146,"Married Female with one child, education: partial college working as clerical",30K+,"Specialty from Produce department, Ordered Brand : High Top",20.2049,17.1524,recyclable,,Price Winners,Mid-Size,5.42 Millions,2.0054 Millions,2819.7,447.7,298.5,478.9634,itatiba,SP,-23.005474434298936,-46.84112811740003,sete lagoas, Mg ,measure: -19.46361254830593,-44.24441403023008,5.0
mc_ID_10148,"Single Male with four children, education: partial college working as clerical",360+ monthly,"Meat from Deli department, Ordered Brand : American",17.8792,14.972,recyclable,"['Ready Food', 'Coffee Bar', 'Florist', 'Bar For Salad', 'Video Store']",Roller Savings (High) ,gourme7,11.88 Millions,4.158 Millions,1424.85,465.54,310.3,499.7265,"beTim
",mg,-19.94861206494891,,ferrazdevasconcelos,SP,-23.52145430890418,amount: -46.37456588259565,amount: 3.0
mc_ID_10150,"Married Female with two children, education: bachelors degree working as professional",Income: 50K+,"Kitchen Products from Household department, Ordered Brand : Denny",29.944,27.0368,recyclable,,GLD,supermarket,11.43 Millions,4.8006 Millions,1508,227.8,151.9,727.9637,nuporanga,SP,amount: -20.728680116837992,amount: -47.74940802015743,sao paulu,"Sp
",-23.65111484251016,-46.75521082321932,5.0
mc_ID_10152,"Married Male with three children, education: partial high school working as skilled manual",10K+,"Fruit from Produce department, Ordered Brand : Tri-State",19.9142,-18.3153,non recyclable,['Coffee Bar'],Fantastic Discounts,Small Grocery,2.4 Millions,1.056 Millions,1423.37,398.93,265.98,700.8723,_SAO PAULO,SP,-23.502803731057767,-46.43356278420567,sao jose dos pinhais,sp,-25.550486998908475,-49.18996687114555,4.0
mc_ID_10154,"Single Male with one kid, education: graduate degree working as professional",70K+,"Jams and Jellies from Baking Goods department, Ordered Brand : BBB Best",measure: 10.1315,data: 5.7562,non recyclable,['Coffee Bar'],Promo Big,SUPeRmArKet,5.91 Millions,2.4822 Millions,1236.07,440.92,295.71,647.8924,guarulhus,SP,-23.41183006532724,-46.500920821017104,ibitinga,SP,-21.7664768468313,-48.83154737836604,4.0
mc_ID_10156,"Married Female with five children, education: high school degree working as professional, Married Female with five children",130K+,"Snack Foods from Snack Foods department, Ordered Brand : Best Choice",19.7689,15.4081,non recyclable,,Wallet Savers,Supermarket,6.69 Millions,3.345 Millions,2051.58,457.36,304.91,418.1385,porto alegre,Rs,-30.049304469328888,-51.213159697876485,londrina,PR,-23.30663451154119,-51.16454999999999,5.0
mc_ID_10158,"Single Male with one child, education: bachelors degree working as professional",130K+,"Meat from Deli department, Ordered Brand : American",28.9265,27.3275,non recyclable,,GLD,Supermarket,10.08 Millions,5.04 Millions,2049.72,457.36,305.6,697.7866,"itap3vi
",$P,-23.538289102900915,-46.9265911416677,itatiba,SP,-22.99567770323237,-46.857106243157794,1.0
mc_ID_10159,"Married Male with two children, education: partial college working as management",€76K+,"Hygiene from Health and Hygiene department, Ordered Brand : Bird Call",24.7111,-23.2575,non recyclable,"['Coffee Bar', 'Florist', 'Ready Food', 'Bar For Salad', 'Video Store']",One Day Sale,D3luxe,4.2 Millions,1.764 Millions,2038.11,481.98,320.25,767.3456,s@o paulo,SP,-23.503585725229385,-46.49214314501703,,,,val: nan,1.0
mc_ID_10160,"sINGLE mALE WITH FOUR CHILDREN, EDUCATION: PARTIAL COLLEGE WORKING AS SKILLED MANUAL",30K+,"Dairy from Dairy department, Ordered Brand : Gorilla",31.8337,27.3275,recyclable,"['Ready Food', 'Bar For Salad']",Go For It,Supermarket,7.86 Millions,2.751 Millions,2447.03,470.27,311.83,measure: 347.1151,cacoal,R0,data: -11.434213945940844,-61.462924297325365,porto alegre,RS,-30.01895817707312,-51.16296204564608,5.0
mc_ID_10162,"Married Female with two children, education: high school degree working as manual",30K+,"Jams and Jellies from Baking Goods department, Ordered Brand : Landslide",14.8266,-11.9049,recyclable,['Coffee Bar'],Big Time Saving,Supermarket,2.72 Millions,1.36 Millions,1236.07,,293.95,710.234,uberlandia,Mg,-18.882476025535222,-48.2792850313636, laranjal paulista,_SP,-23.03582473318652,-47.8363026594829,5.0
mc_ID_10163,"Married Male with one child, education: bachelors degree working as professional",50K+,"Vegetables from Canned Foods department, Ordered Brand : Blue Label",31.8337,30.2347,recyclable,"['Ready Food', 'Bar For Salad', 'Coffee Bar', 'Florist']",Weekend Discount,Guurmet,11.73 Millions,5.865 Millions,1565.86,385.45,256.3,470.177,SAO BERNARDO DO CAMPO,SP,-23.7911076994057,-46.54055014389185,poa,Sp,-23.522975748542905,-46.33702048557326,3.0
mc_ID_10164,"Single Male with one child, education: high school degree working as manual",30k,"Hardware from Household department, Ordered Brand : Red Wing",13.7655,12.3119,recyclable,"['Bar For Salad', 'Ready Food', 'Coffee Bar', 'Video Store', 'Florist']",Sale : Double Down,Deluxe,2.46 Millions,1.1808 Millions,1525.28,373.1,250.72,746.3733,Sao Paulo_,SP,-23.58705433389114,-46.64555835443469,maringa,PR,-23.41848622413047,-51.92625934548862,5.0
mc_ID_10166,"single male with three kids, education: partial hs working as manual",€8K+,"Fruit from Produce department, Ordered Brand : Tell Tale",-20.0596,17.1524,non recyclable,"['Ready Food', 'Florist', 'Bar For Salad', 'Video Store', 'Coffee Bar']",Price Cutters,Gourmet,5.22 Millions,1.7748 Millions,1424.85,465.54,311.67,675.716,sao pauLo,SP,-23.505250557591324,-46.53434593658031,sao paulo,SP,-23.485253731057767,-46.73312974854289,3.0
mc_ID_10168,"Single Male with four children, education: bachelors degree working as professional",50K+,"Canned Soup from Canned Foods department, Ordered Brand : Blue Label",23.9843,19.6235,recyclable,,, Supermarket ,€3.0M,1.584 Millions,1508,227.8,151.9,R$2088.63,_marica,RJ,data: -22.90733509351059,-42.82510433851007,sao pauIo,SP,-23.62358155176294,data: -46.61056007369148,4.0
mc_ID_10170,"Single Female with three children, education: high school degree working as professional",90K+,"Snack Foods from Snack Foods department, Ordered Brand : Fast",measure: 28.0543,26.46 kg,recyclable,['Coffee Bar'],Double Your Savings,Supermarket,8.64 Millions,3.1104 Millions,1236.07,,293.95,493.8689,guaretingueta,SP,-22.8102557858096,-45.18353140514958,parai, R5,-28.599674794891307,-51.78893967854048,val: 5.0
mc_ID_10172,"Married Female with five children, education: partial college working as professional",50K+,"Dairy from Dairy department, Ordered Brand : Club",27.3275,22.8214,non recyclable,"['Coffee Bar', 'Video Store', 'Ready Food', 'Florist', 'Bar For Salad']",Super Duper Savers,Deluxe,4.2 Millions,2.016 Millions,1525.28,373.1,248.79,266.73,Araraquara,$P,-21.778926590339896,-48.15890478322473,s jose do rio preto,sp,-20.81734497064537,-49.38133679126948,
mc_ID_10174,"Married Male with four children, education: high school degree working as professional",90 Thousand,"Jams and Jellies from Baking Goods department, Ordered Brand : Plato",26.6008,25.0018,non recyclable,"['Ready Food', 'Coffee Bar', 'Bar For Salad', 'Florist']",Save It (Sale), Deluxe ,9.28 Millions,3.8048 Millions,,654.13,437.53,728.9051,tauba7e,5P,-23.01639938574233,-45.57743387347865,videira,SC,-27.00086872288371,-51.14532022116548,5.0
mc_ID_10175,"Married Male with two children, education: high school degree working as professional",70K+,"Specialty from Produce department, Ordered Brand : Tri-State",30.8162,26.4554,recyclable,,Two Day Sale,,3.4Ms,1.054 Millions,2083.99,783.64,520.76,data: 509.0882,$aO CarLOs,SP,data: -22.00000224424374,-47.87647347792721,saopaulo,SP,-23.539824031911863,data: -46.434679443937874,3.0
mc_ID_10176,"Married Male with one child, education: bachelors degree working as professional",50K+,"Kitchen Products from Household department, Ordered Brand : High Quality",13.0969,11.6433,non recyclable,['Coffee Bar'],Weekend Discount,Supermarket_,"8.6 ,000,000illions",2.752 Millions,1238.17,440.92,293.95,698.728,rio de janeiro,RJ,-22.887010089099142,-43.437039538432735,mage,RJ,-22.65894387253605,-43.03681018346885,5.0
mc_ID_10177,"Married Female with two children, education: partial high school working as skilled manual",10K+,"Snack Foods from Snack Foods department, Ordered Brand : Fast",25.7286,22.8214,non recyclable,"['Bar For Salad', 'Video Store', 'Florist', 'Coffee Bar', 'Ready Food']",Go For It,Deluxe,8.76 Millions,3.1536 Millions,2037.94,481.98,,455.3761,saogoncalo,RJ,-22.8494025,data: -42.99899624999999,petropolis,RJ,val: -22.549033360244323,data: -43.210094724044055,1.0
mc_ID_10178,"Single Female with three children, education: partial college working as management",70K+,"Vegetables from Frozen Foods department, Ordered Brand : Carrington",17.2978,14.376,non recyclable,"['Bar For Salad', 'Ready Food']",Big Time Discounts,Supermarket,€4.1M,2.112 Millions,2449.98,470.27,313.55,measure: 501.9754,uberaba,	Mg,measure: -19.73715956924808,-47.9403436851232,Ibitinga,sP,-21.7664768468313,-48.83154737836604,5.0
mc_ID_10179,"Married Male with three children, education: high school degree working as manual",360+ monthly,"Hot Beverages from Beverages department, Ordered Brand : BBB Best",24.8564,48.39 lbs,non recyclable,"['Florist', 'Bar For Salad', 'Video Store', 'Ready Food', 'Coffee Bar']",I Cant Believe It Sale,Deluxe,5.74 Millions,2.4682 Millions,1524.33,373.1,248.79,535.9181,saLVADor,bA,-12.928924638300462,-38.47814511865296, Ribeirao Preto,SP,-21.174925033585303,-47.7686162776848,Rating: 4.0
mc_ID_10181,"Married Male with one kid, education: partial HS working as skilled manual",10K+,"Candy from Snacks department, Ordered Brand : Gulf Coast",19.1874,14.6813,non recyclable,"['Florist', 'Video Store', 'Ready Food', 'Bar For Salad', 'Coffee Bar']",Bag Stuffer,Deluxe,6.86 Millions,3.1556 Millions,1734.5,503.07,335.38,432.1026,araruama,RJ,-22.871874606599256,-42.26921988909431,CAMPOS DOS GOYTACAZES,_RJ,-21.753758653386228,val: -41.33389901937112,5.0
mc_ID_10182,"Single Female with one child, education: partial high school working as manual",10 Thousand,"Meat from Deli department, Ordered Brand : American",12.2102,7.8349,non recyclable,"['Bar For Salad', 'Florist', 'Coffee Bar', 'Video Store', 'Ready Food']",Lottery Cash Registerion,,6.42Ms,2.1828 Millions,1734.5,503.07,335.38,646.4803,sao paulo,SP,-23.44917893415549,-46.57435094932181,5ao paulo,SP,-23.65111484251016,-46.75521082321932,1.0
mc_ID_10184,"Married Female with four children, education: high school degree working as professional",150K+,"Snack Foods from Snack Foods department, Ordered Brand : Best Choice",11.9776,9.0559,non recyclable,,One Day Sale,Supermarket ,6.92 Millions,2.2836 Millions,2049.72,457.36,306.88,486.7561,Ferraz De Vasconcelos,5p,-23.54278837385309,-46.36699847002138,ibitinga,Sp,-21.7664768468313,-48.83154737836604,data: 4.0
mc_ID_10186,"Single Male with one child, education: partial HS working as manual",10K+,"Paper Products from Household department, Ordered Brand : High Quality",11.0909,amount: 6.7301,non recyclable,"['Video Store', 'Bar For Salad', 'Coffee Bar', 'Florist', 'Ready Food']",One Day Sale,Gourmet,4.92 Millions,2.214 Millions,1422.14,465.54,308.89,449.1524,Sao CaRlOS,SP,amount: -21.998509608817056,-47.898880140508304,Sao Paulo,sp,-23.48618566157444,amount: -46.46171801285908,1.0
mc_ID_10187,"Single Male with five children, education: high school degree working as skilled manual",30K+,"Snack Foods from Snack Foods department, Ordered Brand : Nationeel",20.9317,17.8792,recyclable,,,MID-SIZE,$17.9 Millions,8.234 Millions,2085.67,783.64,,531.4203,sento andre,SP,-23.696333654452097,-46.5268662352127,Rolandia,PR,-23.31259824896755,-51.36894941889966,5.0
mc_ID_10190,"Single_Male_with_three_children,_education:_graduate_degree_working_as_professional",110K+,"Electrical from Household department, Ordered Brand : Sunset",15.8442,val: 12.9224,recyclable,,Price Cutters,Mid-Size,10.47 Millions,3.9786 Millions,2085.67,783.64,522.49,324.7307,curitiba,PR,-25.397971942264448,-49.24103753690352,Ibitinga,Sp,-21.7664768468313,-48.83154737836604,4.0
mc_ID_10191,"education: partial high school working as skilled manual, Married Female with one child",Income: 10K+,"Jams and Jellies from Baking Goods department, Ordered Brand : Landslide",16.8617,-15.4081,recyclable,,Saving Days,,$7.14 Millions,2.5704 Millions,,227.8,,619.0228,montes claros,MG,measure: -16.717108517212292,-43.8071416039463,RIO D3 JANEIRO,Rj,-22.93781597002137,-43.17619884430715,5.0
mc_ID_10192,"Single Female with three children, education: partial high school working as skilled manual",10K+,"Vegetables from Frozen Foods department, Ordered Brand : Big Time",-20.641,17.5885,recyclable,"['Bar For Salad', 'Ready Food']",Save Price,Supermarket,8.16 Millions,3.5904 Millions,2447.18,470.27,314.76,406.4756,patrocinlo,MG,-18.940462271669293,-47.00087784470037,joinville,SC,data: -26.28314924562872,data: -48.85128463059032,5.0
mc_ID_10193,"Single Male with No children, education: bachelors degree working as management",50K+,"Hardware from Household department, Ordered Brand : Denny",21.3678,16.8617,non recyclable,['Coffee Bar'],,,7.14 Millions,3.57 Millions,1236.07,440.92,293.95,477.3944,sao paulo,SP,-23.475976973628047,amount: -46.69210708312653,sao paulo,sp,-23.681542547319527,-46.70780575451552,data: 4.0
mc_ID_10194,"Single Female with five children, education: partial high school working as manual, education: partial high school working as manual",10K or more,"Dairy from Dairy department, Ordered Brand : Booker",707.58 oz,17.1524,recyclable,,Price Slashers,supermarket,11.04 Millions,4.5264 Millions,1623.48,341.05,228,277.0331,teodoro sampaio,5P,-22.53111320382709,-52.16524105190012,SAO PAULO,SP,-23.54250072967277,-46.57631077214489,5.0
mc_ID_10195,"Single Female with one child, education: high school degree working as management",150K+,"Electrical from Household department, Ordered Brand : Cormorant",17.4431,13.0823,recyclable,"['Ready Food', 'Bar For Salad', 'Florist', 'Coffee Bar', 'Video Store']",Two Day Sale,Gourmet,"5.14 ,000,000illions",2.1588 Millions,1424.85,467.54,311.54,amount: 783.1925,sao paulo,SP,-23.5829031448728,-46.583914925875824,sao paulo,SP,-23.693985995008337,amount: -46.70188324132953,5.0
mc_ID_10196,"Single Male with four children, education: high school degree working as skilled manual",360+ monthly,"Electrical from Household department, Ordered Brand : Cormorant",26.1647,23.2575,non recyclable,['Florist'],Save It (Sale),Supermarket,5.67 Millions,1.9278 Millions,1320.15,523.32,348.85,427.7617,Rio De Janeiro,RJ,-22.8961084117468,data: -43.18164216911137, sao paulo ,SP,-23.65111484251016,amount: -46.75521082321932,5.0
mc_ID_10198,"Single Female with four children, education: partial high school working as manual",€25K+,"Jams and Jellies from Baking Goods department, Ordered Brand : Super",12.8207,-11.3526,non recyclable,,One Day Sale,Supermarket,10.9 Millions,4.796 Millions,1508,227.8,151.9,613.4267,delfinopolis, mg ,-20.344204633701,-46.85209050278068,pocOs DE calDAS,MG,,,5.0
mc_ID_10199,"Single Male with one child, education: Bachelors degree working as professional",50K or more,"Magazines from Periodicals department, Ordered Brand : Robust",20.9317,19.3328,non recyclable,['Coffee Bar'],Price Cutters,Small Grocery,$0.6 Millions,0.228 Millions,1423.52,,265.04,measure: 700.7677,palmas,TO,-10.210712512888769,-48.33509036451172,itapecerica da serra,sp,-23.68913659838998,-46.85084778934157,4.0
mc_ID_10201,"Single Female with two kids, education: high school degree working as professional",90K+,"Jams and Jellies from Baking Goods department, Ordered Brand : CDR",30.5255,27.6183,recyclable,"['Video Store', 'Bar For Salad', 'Ready Food', 'Florist', 'Coffee Bar']",Save Price,Deluxe,2.68 Millions,0.938 Millions,2038.11,481.98,323.17,284.3028,tres coracoes,MG,-21.69216794221008,measure: -45.25804903964345,barueri,SP,-23.491791912543025,-46.94733309700014,5.0
mc_ID_10202,"Single Female with one child, education: high school degree working as skilled manual",30K+,"Hardware from Household department, Ordered Brand : Denny",21.3678,-16.8617,non recyclable,"['Bar For Salad', 'Florist', 'Coffee Bar', 'Video Store', 'Ready Food']",One Day Sale,###,7.14 Millions,3.2844 Millions,1734.5,503.07,336.98,689.0525,LONDRIMA,pr,-23.309902583386343,-51.172848272548926,coronel fabriciano,mg,-19.50664329902649,-42.630873484496206,5.0
mc_ID_10203,Single Male with one child; education: high school degree working as manual,30k,"Jams and Jellies from Baking Goods department, Ordered Brand : BBB Best",19.1874,14.6813,non recyclable,"['Ready Food', 'Florist', 'Video Store', 'Bar For Salad', 'Coffee Bar']",Two Day Sale,GOURMET,"7.77 ,000,000illions",2.4864 Millions,1424.28,465.54,310.3,663.5824,BRA$ILIA,DF,-15.863133388660309,-48.08595097165081,Porto Alagre,RS,-30.00731246906908,val: -51.19422244408211,4.0
mc_ID_10204,"Married  Female  with  three  children,  education:  bachelors  degree  working  as  professional",50K or more,"Vegetables from Frozen Foods department, Ordered Brand : Big Time",10.4659,8.9977,recyclable,,Savings Galore,Mid-Size,13.28 Millions,6.5072 Millions,2819.7,,298.5,708.8742,MACHADO,mg,-21.680839261430663,-45.923257870066,SAO JOSE DO RIO PRETO,SP,val: -20.80243626346376,-49.39562406741489,5.0
mc_ID_10207,"Single Female with two children, education: partial college working as management",30K or more,"Snack Foods from Snack Foods department, Ordered Brand : Horatio",17.1524,measure: 14.2452,non recyclable,['Coffee Bar'],,Supermarket,14.36 Millions,6.6056 Millions,1236.07,440.92,,724.5119,rio de janeiro,RJ,-22.954859287264107,measure: -43.18091709714924,SaoPaulo-Sp,Sp,-23.57828270774424,-46.65102362378097,4.0
mc_ID_10209,"Single Female with three children, education: partial college working as professional",Income: 30K+,"Canned Soup from Canned Foods department, Ordered Brand : Pleasant",19.6235,18.1699,recyclable,,,supermarket,3.51 Millions,1.6146 Millions,,341.05,228.28,data: 383.2021,vespasiano, MG ,-19.755283922647653,amount: -43.94895032392866,Capivari,5p,measure: -23.0122137105142,-47.52203973160603,3.0
mc_ID_10210,"Married Male with three children, education: partial high school working as manual",10K+,"Carbonated Beverages from Beverages department, Ordered Brand : Excellent",25.874,24.275,recyclable,,Savings Galore,,7.41Ms,3.1863 Millions,2051.93,457.36,304.91,714.2611,Guapiacu,SP,-20.788349306054016,-49.22697732034519,###,SP,-23.58374909221269,-46.73472062372479,5.0
mc_ID_10212,"Single Female with one child, education: high school degree working as manual",30K+,"Bathroom Products from Health and Hygiene department, Ordered Brand : Steady",30.6708,29.2172,non recyclable,"['Florist', 'Bar For Salad', 'Video Store', 'Ready Food', 'Coffee Bar']",Lottery Cash Registerion,Deluxe,$6.72 Millions,2.9568 Millions,1734.5,503.07,,290.7357,FOrTAlEZA,CE,-3.7714253019960218,-38.4991709711858,Brasilia,DF,-15.840667480274698,-48.051942900348365,5.0
mc_ID_10213,"Single Female with two children, education: partial high school working as manual",10K or more,"Dairy from Dairy department, Ordered Brand : Even Better",29.5079,26.4554,non recyclable,['Coffee Bar'],Coupon Spectacular,Small Grocery,1.64 Millions,0.656 Millions,2069.04,330.83,220.55,measure: 473.7334,niteroi,RJ,-22.883862923138043,measure: -43.11562368659535,RIO DE JANEIRO,RJ,amount: -22.93125598447676,-43.17881321481337,measure: 5.0
mc_ID_10214,"Single Female with three children, education: partial college working as management",30K+,"Snack Foods from Snack Foods department, Ordered Brand : Best Choice",10.3641,8.9105,non recyclable,"['Video Store', 'Bar For Salad', 'Ready Food', 'Coffee Bar', 'Florist']",Discount Frenzy,Gourmet,2.58 Millions,0.8514 Millions,1424.85,467.54,309.11,504.9565,	itupeva,SP,-23.15915219401001,-47.05820782584106,maua,$P,-23.68011442853022,-46.4524537436668,5.0
mc_ID_10215,"Married Male with four kidren, education: high school degree working as manual",30K+,"Bathroom Products from Health and Hygiene department, Ordered Brand : Steady",16.7163,12355.50 grams,recyclable,,Big Time Discounts,"Supermarket
",€4.6M,1.674 Millions,1508,227.8,150.05,761.488,governad0r valadares,MG,amount: -18.91074643471513,-41.99272812082771,IBITINGA,SP,-21.7664768468313,amount: -48.83154737836604,3.0
mc_ID_10217,"Single Female with four kids, education: partial high school working as manual",10K+,"Jams and Jellies from Baking Goods department, Ordered Brand : CDR",-30.5255,1025.48 oz,non recyclable,"['Coffee Bar', 'Ready Food', 'Video Store', 'Bar For Salad', 'Florist']",Price Cutters,,3.24 Millions,1.4256 Millions,1422.28,465.54,310.3,675.716,rio de janeiro_,RJ,-22.89838745195309,-43.61308366857508,Santo Andre,SP,-23.665703457960586,-46.51808196779969,1.0
mc_ID_10218,"Single Female with five kidren, education: high school degree working as professional",70K+,"Plastic Products from Household department, Ordered Brand : Denny",9.928,val: 7.0063,recyclable,"['Ready Food', 'Bar For Salad']",Go For It,_supermarket,7.29Ms,3.1347 Millions,2265.9,853.22,568.75,553.0202,bra5ilia,DF,-15.769799999999991,amount: -47.89016774999999,guarulhos,sp,-23.45088569608748,-46.54498377407813,4.0
mc_ID_10219,"single female with two children, education: partial high school working as professional",90K+,"Canned Soup from Canned Foods department, Ordered Brand : Pleasant",29.7987,26.8915,recyclable,"['Bar For Salad', 'Ready Food', 'Coffee Bar', 'Florist']",Sale : Double Down,,13.45 Millions,4.842 Millions,2055.29,654.13,436.09,500.7202,sao paulo,SP_,-23.69324449624909,-46.66778111518264,campinas,Sp,-22.90081444463038,-46.99864279239999,data: 3.0
mc_ID_10221,"Single Female with two children, education: partial high school working as skilled manual",10k,"Snack Foods from Snack Foods department, Ordered Brand : Fort West",26.7461,val: 22.24,non recyclable,['Florist'],Super Savers,supermarket,5.04 Millions,1.9152 Millions,1320.15,523.32,348.85,€287.89,pitangui,MG,-19.68475338758687,-44.88441675374985,pedreira,SP,-22.73824150585765,-46.8958585777586,4.0
mc_ID_10222,"Single Male with one child, education: bachelors degree working as professional",50K+,"Bread from Baked Goods department, Ordered Brand : Sphinx",-0.1,-8.0674,recyclable,,Best Price Savers,"Superm4rket
",7.08 Millions,2.9736 Millions,1508,227.8,153.13,650.4028,praia grande,SP,-23.996570041378703,-46.4134035157446,sao paulo,SP,-23.65111484251016,-46.75521082321932,5.0
mc_ID_10223,"Married Female with two children, education: bachelors degree working as professional",10K+,"Bathroom Products from Health and Hygiene department, Ordered Brand : Faux Products",18.7513,val: 14.376,non recyclable,['Florist'],Super Savers,supermarket,"4.52 ,000,000illions",1.808 Millions,1320.15,523.32,348.85,338.6948,marilia,SP,-22.210461027738702,-49.93571261075899,sp / sp,Sp,-23.56109093672453,-46.53888007660566,3.0
mc_ID_10224,"married female with four kids, education: high school degree working as professional",Income: 150K+,"Canned Soup from Canned Foods department, Ordered Brand : Better",23.2575,18.8967,recyclable,,Promo Big,SUPERMARKET,1.89 Millions,0.756 Millions,2049.72,457.36,304.91,515.2596,"rio de janeiro
",Rj,-22.93276755785112,measure: -43.17834623036526,	sao paulo,SP,-23.4719444074384,-46.59864459256161,5.0
mc_ID_10225,"Married Female with two children, education: bachelors degree working as management",90K+,"Beer and Wine from Alcoholic Beverages department, Ordered Brand : Top Measure",data: 17.7338,16.1349,recyclable,"['Florist', 'Ready Food', 'Coffee Bar', 'Bar For Salad', 'Video Store']",Price Slashers,Deluxe,1.74Ms,0.5568 Millions,1525.28,373.1,247.29,403.9652,CrAvINhoS, SP,--,,sao pAuLO,$p,-23.554079433810344,-46.53324185942636,5.0
mc_ID_10226,"Single Male with two childern , education: High School degree working as manual",30K+,"Frozen Desserts from Frozen Foods department, Ordered Brand : Imagine",27.7636,23.4028,non recyclable,,Coupon Spectacular,MId-SIzE,1.26 Millions,0.441 Millions,2085.67,783.64,523.89,658.0909,EsPiriTO sAntO Do PINHal,SP,val: -22.18081673466526,-46.75045932004407,	sao paulo,$P,-23.554597380692613,-46.57370400298258,5.0
mc_ID_10227,"Single Male with five children, education: high school degree working as professional",1560+ monthly,"Electrical from Household department, Ordered Brand : High Quality",-14.6813,amount: 10.3205,recyclable,"['Ready Food', 'Bar For Salad']",Green Light Special,Supermarket,5.48 Millions,2.0824 Millions,2265.9,853.22,568.75,643.3946,sao pau1o,sp,-23.634371993697386,-46.69705973760974,borda da mata, MG ,-22.264093569966427,-46.15856420525942,5.0
mc_ID_10229,"education: partial high school working as manual, Single Male with one child",10K+,"Fruit from Canned Products department, Ordered Brand : Toucan",-24.4204,data: 22.8214,non recyclable,,Two Day Sale,Mid-Size,4.14 Millions,1.2834 Millions,,783.64,522.49,734.9719,"belo horizonte
",Mg,-19.8530362758958,-43.95277064446877,sao paulo,5P,val: -23.62358155176294,-46.61056007369148,5.0
mc_ID_10230,"Married Male with one kid, education: partial college working as professional",€25K+,"Fruit from Produce department, Ordered Brand : Ebony",21.8039,18.8967,non recyclable,['Coffee Bar'],Best Price Savers,Supermarket,6.48 Millions,2.3976 Millions,1236.07,440.92,294.31,349.2594, samtos,	SP,-23.95613021065843,measure: -46.32888160545911,brusque,SC,-27.14105704919435,-48.96146112936535,5.0
mc_ID_10231,"Married Male with No children, education: high school degree working as skilled manual",30K+,"Hot Beverages from Beverages department, Ordered Brand : Landslide",27.4729,24.4204,recyclable,"['Video Store', 'Coffee Bar', 'Ready Food', 'Florist', 'Bar For Salad']",Promo Big,deluxe,$6.93 Millions,2.772 Millions,1870.95,593.93,395.95,578.2288,sao goncalo,rj,-22.81726742662304,-43.03948051450261,viamao, RS ,-30.15946930410813,-50.832839089335735,5.0
mc_ID_10232,"Single Female with four children, education: high school degree working as manual",30K+,"Jams and Jellies from Baking Goods department, Ordered Brand : BBB Best",11.12,amount: 6.7592,recyclable,['Coffee Bar'],Super Savers,Sup3rmarket,4.44 Millions,1.6428 Millions,1236.07,440.92,292.63,704.2718,RiO De janEIRo,RJ,-22.954859287264107,-43.18091709714924,mogi guacu_,SP,-22.382941116125448,-46.94664125419024,1.0
mc_ID_10233,"education: partial college working as management, Married Female with two children",360+ monthly,"Hardware from Checkout department, Ordered Brand : Black Tie",15.4081,12.5009,non recyclable,"['Ready Food', 'Bar For Salad']",Price Destroyers,Supermarke7,2.01 Millions,0.6834 Millions,2266.89,,568.75,304.7521, sao paulo,sp,-23.58759692255761,-46.58181527338564,cascevel,PR ,-24.961400882504734,amount: -53.45816618100577,measure: 5.0
mc_ID_10234,Married Male with No children and education: high school degree working as manual,30K+,"Magazines from Periodicals department, Ordered Brand : Dollar",15.6988,-12.7916,non recyclable,,Price Slashers,Supermarket,$5.82 Millions,2.5026 Millions,1623.48,341.05,229.33,277.0331,nova iguacu,RJ,measure: -22.74930359589252,amount: -43.46580105821496,sAo paUlo,"SP
",-23.479316999999995,-46.5904340471753,5.0
mc_ID_10235,"Married Female with two children, education: high school degree working as skilled manual",30K+,"Dairy from Dairy department, Ordered Brand : Club",-20.4957,16134.90 grams,non recyclable,,One Day Sale,supermarket ,11.46 Millions,4.8132 Millions,2049.72,457.36,304.91,486.7561,praia grande,SP,val: -24.041642464583017,measure: -46.528276284964335,sao paulo,SP,-23.49266694338963,-46.649278230509495,1.0
mc_ID_10236,"Single Male with No children, education: partial HS working as skilled manual",€8K+,"Vegetables from Produce department, Ordered Brand : Hermanos",26600.80 grams,25.0018,,"['Ready Food', 'Bar For Salad']",Super Duper Savers,,6.54 Millions,2.0274 Millions,2265.9,,568.75,measure: 677.285,sao joao da boa vista,5P,-21.951603059791644,-46.7973683734107,ibitinga,SP,data: -21.7664768468313,-48.83154737836604,4.0
mc_ID_10237,"Single Male with two children, education: partial high school working as manual",€8K+,"Dairy from Dairy department, Ordered Brand : Carlson",16.8617,13.9545,recyclable,['Coffee Bar'],,Small Grocery,$3.49 Millions,1.3262 Millions,2069.04,330.83,220.55,amount: 274.1566,belo horizonte,_MG,-19.84506185844542,-43.98466346448144,sao paulo,sp,-23.48934571357261,-46.47738070858095,5.0
mc_ID_10238,"Single Female with three children, education: partial college working as professional",$50K+,"Snack Foods from Snack Foods department, Ordered Brand : Horatio",17.4431,13.0823,non recyclable,"['Coffee Bar', 'Video Store', 'Florist', 'Ready Food', 'Bar For Salad']",Shelf Emptiers,,$9.54 Millions,3.0528 Millions,1424.85,465.54,,718.2882,praia  grande,SP,-24.041642464583017,-46.528276284964335,maringa,PR,val: -23.377396999935016,-51.93100618003307,1.0
mc_ID_10239,"Married Male with five children, education: high school degree working as skilled manual",30K+ annually,"Vegetables from Produce department, Ordered Brand : High Top",29.0719,-26.1647,recyclable,"['Ready Food', 'Bar For Salad']",Price Cutters,Supermarket,$13.6 Millions,6.8 Millions,,,,761.0696,RIO CLARO,SP,-22.392256145058425,-47.55944968375016,,,,amount: nan,5.0
mc_ID_10240,"Single_Male_with_four_children,_education:_Bachelors_degree_working_as_professional",$150K+,"Baking Goods from Baking Goods department, Ordered Brand : Plato",22.8214,21.2225,recyclable,,Price Destroyers,,"6.78 ,000,000illions",2.9154 Millions,1508,227.8,150.18,val: 635.1312,vicosa,MG,-20.721937677884224,-42.86601159708953,presidente prudente,SP,-22.11414425309672,data: -51.42129393535142,4.0
mc_ID_10241,"Married Female with three children,education: partial High School working as manual",10K+,"Meat from Meat department, Ordered Brand : Gerolli",20.0596,17.1524,recyclable,['Coffee Bar'],Best Price Savers,Small Grocery,6.76 Millions,2.2984 Millions,2069.04,330.83,,495.2287,Santa Mar1A,RS,-29.686905199001668,-53.86708236358132,sao paulo,5P,-23.541941545934563,-46.49095488842404,Rating: 5.0
mc_ID_10242,"Single Male wiht five children, education: high school degree working as skilled manual",30K+,"Vegetables from Frozen Foods department, Ordered Brand : Golden",-21.2225,16.8617,recyclable,"['Ready Food', 'Bar For Salad', 'Coffee Bar', 'Florist']",Price Winners,Gourmet,€7.5M,3.4632 Millions,1564.86,385.45,255.33,769.7514,serra,ES,-20.134885860724868,-40.31449949264024,santa rita do sapuc4i,Mg,-22.243203015748463,-45.71330344759827,4.0
mc_ID_10243,"education: high school degree working as skilled manual, Married Female with four children",360+ monthly,"Drinks from Beverages department, Ordered Brand : Fabulous",21.0771,18.1699,non recyclable,['Florist'],Budget Bargains,SUPERMARKET,11.36 Millions,4.4304 Millions,1320.15,523.32,,738.7898,sao bernardo do campo,sp,data: -23.734683000000004,-46.5836445,echapora,5P,data: -22.42925217631197,val: -50.20413759688468,4.0
mc_ID_10245,"Single Male with four children, education: bachelors degree working as professional",50K+,"Canned Soup from Canned Foods department, Ordered Brand : Blue Label",18.606,15.6988,non recyclable,['Coffee Bar'],Double Your Savings,,6.92 Millions,3.3908 Millions,,442.92,293.95,493.8689,itamonte,MG,amount: -22.276708065385453,-44.87393415721582,ibitinga,SP,-21.7664768468313,-48.83154737836604,4.0
mc_ID_10246,"married_male_with_one_child,_education:_partial_high_school_working_as_manual",10K+,"Vegetables from Frozen Foods department, Ordered Brand : Imagine",22.0946,17.5885,recyclable,"['Bar For Salad', 'Ready Food']",Coupon Spectacular,Supermarket,11.76 Millions,4.8216 Millions,2268.7,853.22,568.75,269.1881,rio de janeiro,RJ,-23.0043086872296,-43.32450783783356,umuarama,PR,-23.748416432474365,-53.29690112215509,5.0
mc_ID_10249,"Married Female with four children, education: partial college working as professional",70000,"Jams and Jellies from Baking Goods department, Ordered Brand : BBB Best",30.8162,26.4554,non recyclable,"['Florist', 'Bar For Salad', 'Coffee Bar', 'Ready Food']",Save Price,Deluxe,10.8 Millions,4.536 Millions,,654.13,436.08,584.191,GUANHAES,MG,-18.78496774943796,data: -42.944086961896645,ibitinga,Sp,-21.7664768468313,-48.83154737836604,3.0
mc_ID_10250,"Single Male with one child, education: high school degree working as manual",30K or more,"Starchy Foods from Starchy Foods department, Ordered Brand : Jardon",data: 19.9142,15.4081,recyclable,,Full Free,mid-size,1.62 Millions,0.6966 Millions,2085.67,783.64,522.49,778.5901,itapecerica da serra,SP,-23.71199903862156,data: -46.85931236190325,praia 	grande, 5P ,-24.04895262488876,-46.53411148239479,5.0
mc_ID_10253,"Married Female with one child, education: partial college working as professional",30K+ annually,"Jams and Jellies from Baking Goods department, Ordered Brand : Super",15.6988,12.7916,recyclable,"['Florist', 'Bar For Salad', 'Video Store', 'Coffee Bar', 'Ready Food']",One Day Sale,De1uxe,3.04 Millions,0.9728 Millions,2038.11,481.98,320.61,767.3456,sao paulo,SP,-23.498191006376647,-46.404315749235394,Rio De Janeiro,rJ,-22.87459850346245,amount: -43.477731000000006,5.0
mc_ID_10254,"Married_Female_with_three_children,_education:_partial_college_working_as_professional",30000,"Vegetables from Produce department, Ordered Brand : Tri-State",13.8818,9.521,recyclable,"['Florist', 'Ready Food', 'Video Store', 'Coffee Bar', 'Bar For Salad']",Sale : Double Down,	Deluxe,11.61 Millions,4.0635 Millions,1523.03,373.1,248.79,746.3733,sao paulo, Sp ,-23.536185192336568,-46.67656522468111,SAO P@ULO,SP,-23.646246311207523,-46.66349868836885,5.0
mc_ID_10255,"Married Female with two children, education: partial college working as clerical",30K or more,"Fruit from Produce department, Ordered Brand : Ebony",12.7771,9.8554,non recyclable,"['Coffee Bar', 'Bar For Salad', 'Video Store', 'Ready Food', 'Florist']",One Day Sale,,"3.16 ,000,000illions",1.0112 Millions,2040.03,481.98,322.77,767.3456,RiO De janeIRO,RJ,-22.83586646404876,-43.322162133504506, sAo P@Ulo,SP,-23.512538179294825,-46.50108112461768,5.0
mc_ID_10257,"Married Male with one kid, education: high school degree working as skilled manual",$30K+,"Snack Foods from Snack Foods department, Ordered Brand : Horatio",31.6883,30.0894,recyclable,"['Video Store', 'Coffee Bar', 'Florist', 'Ready Food', 'Bar For Salad']",Promo Big,Gourmet,10.6 Millions,4.558 Millions,1424.85,465.54,310.05,612.1192,sao paulo,SP,-23.67181032001268,-46.69295810713254,ITAQUAQUECETUBA,5P,-23.48262344063541,-46.37448952833195,3.0
mc_ID_10258,"Married Female with four children, education: partial high school working as professional",90K+,"Vegetables from Produce department, Ordered Brand : Hermanos",10.2624,7.3406,recyclable,"['Ready Food', 'Video Store', 'Coffee Bar', 'Bar For Salad', 'Florist']",Price Smashers,Deluxe,9.6 Millions,3.648 Millions,1525.28,375.1,248.79,499.2035,feira de santana,BA,-12.229823999999947,-38.97430549999996,penapolis,sp,-21.442124375537592,-50.07351408965658,3.0
mc_ID_10259,"Married Male with three children, education: partial high school working as manual",10K+,"Frozen Desserts from Frozen Foods department, Ordered Brand : Big Time",amount: 28.9265,24.4204,recyclable,"['Video Store', 'Ready Food', 'Florist', 'Bar For Salad', 'Coffee Bar']",Sale Winners,Deluxe,8.31 Millions,3.8226 Millions,1871.16,593.93,395.95,519.7574,ARROIO DO 5AL,rs,-29.48380099178912,amount: -49.83993538512621,IBITINGA,SP,-21.7664768468313,measure: -48.83154737836604,5.0
mc_ID_10261,"Single Male with three children, education: partial high school working as management",70K+,"Pizza from Frozen Foods department, Ordered Brand : Imagine",10.0007,7.0935,recyclable,['Coffee Bar'],Price Slashers,	supermarket,"4.65 ,000,000illions",1.4415 Millions,1236.07,,293.95,402.6054,ribeiraopreto,SP,-21.135911060505503,-47.83943588412487,"belo horizonte
",MG,-19.92468463835193,-43.90432264946042,5.0
mc_ID_10262,"Married Female with one kid, education: bachelor'ss degree working as management",50K+,"Frozen Entrees from Frozen Foods department, Ordered Brand : Big Time",15.8442,12.9224,recyclable,['Florist'],You Save Days,supermarket,11.73 Millions,3.6363 Millions,1320.15,523.32,348.85,val: 689.3663,tuparece,MG,-19.89323733483254,-43.9863046834627,sao paulo,SP,-23.539824031911863,measure: -46.434679443937874,3.0
mc_ID_10263,"Married Male with No children, education: high school degree working as professional",90 Thousand,"Snack Foods from Snack Foods department, Ordered Brand : Horatio",15.9895,11.6287,recyclable,['Coffee Bar'],You Save Days,_SmaLL grOCERy,$2.76 Millions,0.8556 Millions,1423.37,,265.98,498.1575,Sao Joao Da Boa Vista,SP,-21.98736396522239,-46.79543086278632,campo limp0 paulista,SP,-23.20706431353269,-46.760735214610754,4.0
mc_ID_10264,"Single Female with No children, education: high school degree working as skilled manual",30K+,"Carbonated Beverages from Beverages department, Ordered Brand : Skinner",measure: 12.0794,10.6258,recyclable,"['Ready Food', 'Bar For Salad']",Price Slashers,supermarket,€9.4M,4.8444 Millions,,853.22,568.75,450.8783,sao paulo,SP,-23.54946977906979,-46.65509829793992,guariba,sp,-21.36235769739203,-48.232975701561735,5.0
mc_ID_10265,"Single Female with one child, education: partial high school working as skilled manual",10K+,"Snack Foods from Snack Foods department, Ordered Brand : Nationeel",28.6358,25.7286,recyclable,"['Coffee Bar', 'Bar For Salad', 'Florist', 'Video Store', 'Ready Food']",Super Duper Savers,Deluxe,11.52 Millions,4.2624 Millions,1527.18,373.1,248.79,318.3501,Brasilia,DF,-15.820058428124945,-47.91267951309377,sao paulo,SP,measure: -23.55684999916328,-46.56941527477062,5.0
mc_ID_10267,"Married Male with No kids, education: high school degree working as management",150K+,"Frozen Entrees from Frozen Foods department, Ordered Brand : Imagine",21.8039,18.8967,recyclable,['Coffee Bar'],Best Price Savers,Supermarket,"4.64 ,000,000illions",1.4384 Millions,1236.07,440.92,293.95,349.2594,Santa Cruz Do Rio Pardo,$P,-22.883610865880744,-49.61785424118465,santos,SP,-23.93465945090488,amount: -46.331065142884974,4.0
mc_ID_10269,"Married Male with four children, education: bachelors degree working as management",50K+,"Baking Goods from Baking Goods department, Ordered Brand : BBB Best",11.2217,8.3,non recyclable,['Florist'],Pick Your Savings,Supermarket,2.52 Millions,1.2348 Millions,,,348.85,769.6991,paranagua,PR,-25.547635663426608,amount: -48.52779305562683,sao p@ulo,SP,-23.554079433810344,-46.53324185942636,5.0
mc_ID_10271,"Single Female with one child, education: graduate degree working as professional",110 Thousand,"Snack Foods from Snack Foods department, Ordered Brand : Best Choice",-10.3641,8.9105,non recyclable,"['Coffee Bar', 'Video Store', 'Florist', 'Bar For Salad', 'Ready Food']",Two for One,gourmet,3.44 Millions,1.6856 Millions,1424.85,465.54,309.94,360.7131,santo andre,SP,val: -23.639620380229736,-46.50604149140166,sao paulo,$P,,data: nan,5.0
mc_ID_10272,"Married Female with five children, education: graduate degree working as management",70K+,"Canned Soup from Canned Foods department, Ordered Brand : Blue Label",24.8564,23.4028,non recyclable,"['Bar For Salad', 'Florist', 'Video Store', 'Ready Food', 'Coffee Bar']",Price Winners,,"7.12 ,000,000illions",3.4888 Millions,2038.11,481.98,321.26,453.9117,tres pontas,MG,amount: -21.37265818200068,-45.51500579722833,duque de caxias,	rj,-22.76533474882392,val: -43.30808280493542,5.0
mc_ID_10273,"Married Female with two children, education: bachelors degree working as professional",50k,"Fruit from Produce department, Ordered Brand : Tell Tale",19.7689,-16.8617,recyclable,"['Ready Food', 'Bar For Salad', 'Coffee Bar', 'Florist']",Super Duper Savers,Deluxe,5.52 Millions,1.7112 Millions,2055.29,654.13,436.09,475.93,Sao Paulo,SP,-23.54487359810152,-46.64030309449483,,,,,1.0
mc_ID_10274,"Married Male with one child, education: high school degree working as skilled manual",50K+,"Hygiene from Health and Hygiene department, Ordered Brand : Steady",12.2538,10.8002,non recyclable,"['Florist', 'Coffee Bar', 'Bar For Salad', 'Ready Food']",Saving Days,gourmet,€2.3M,0.8844 Millions,1564.86,385.45,256.97,474.0995,	m@ge,RJ,-22.62755625299997,-43.159941619999984,SAO PAULU,"Sp
",-23.59798552039933,data: -46.55547278711988,5.0
mc_ID_10276,"Married Female with two children, education: partial college working as clerical",30 Thousand,"Beer and Wine from Alcoholic Beverages department, Ordered Brand : Good",10.1461,7.2389,non recyclable,,,,2.49Ms,0.996 Millions,1508,,151.9,660.2352,sao paulo,sp,-23.57716248542904,-46.583508614490135,SaO PAuLO,SP,-23.549693280599,-46.49264250874256,val: 5.0
mc_ID_10277,"Single Male with four children, education: partial HS working as skilled manual",10K+,"Cold Remedies from Health and Hygiene department, Ordered Brand : Steady",31.6883,30.0894,recyclable,['Florist'],Save It (Sale),Supermarket,7.0 Millions,3.43 Millions,1320.15,523.32,349.05,427.7617,Itapecerica Da Serra,SP,amount: -23.6870235,-46.86083774999999,sao paulo,SP,-23.495750203445063,-46.56850788842403,4.0
mc_ID_10278,"Single Female with one child, education: partial high school working as manual",10000,"Dairy from Dairy department, Ordered Brand : Booker",27.0368,24.1296,recyclable,"['Bar For Salad', 'Ready Food']",Price Cutters,Supermarket,3.96 Millions,1.9008 Millions,2265.9,853.22,568.75,amount: 761.0696,lontras,SC,-27.17742018417554,-49.54348284272245,curitiba,PR,-25.464029318048183,-49.30472794690424,5.0
mc_ID_10281,"Single Male with No children, education: bachelors degree working as professional",50K+ annually,"Bathroom Products from Health and Hygiene department, Ordered Brand : Steady",28.9265,27.3275,non recyclable,,Best Price Savers,	Supermarket,1.92 Millions,0.6144 Millions,1508,227.8,151.55,650.4028,SALVADOR,BA,-12.893840999999991,-38.43390375,sao paulo,SP,-23.54029947071385,-46.66278360519932,5.0
mc_ID_10282,"Single Male with four children, education: bachelors degree working as management",50K+,"Frozen Entrees from Frozen Foods department, Ordered Brand : Big Time",-15.8442,amount: 12.9224,recyclable,"['Ready Food', 'Coffee Bar', 'Bar For Salad', 'Florist', 'Video Store']",Two for One,Gourmet,$15.64 Millions,7.5072 Millions,1424.85,,311.72,360.7131,RIO DAS OSTRAS,RJ,-22.51755137231119,-41.94630600778242,sao paulo,Sp,-23.554079433810344,-46.53324185942636,5.0
mc_ID_10283,"Single Male with five children, education: bachelors degree working as professional",50K+ annually,"Vegetables from Produce department, Ordered Brand : Tell Tale",14.2016,11.2944,recyclable,,Sale Sale Sale,_Mid-Size,5.18Ms,2.2792 Millions,2083.72,783.64,,739.4697,guarulho$,SP,measure: -23.450562303912523,measure: -46.537281282820686,sorocaba,$p,-23.520480249006216,-47.44649732938174,5.0
mc_ID_10284,"Married Male with five children, education: partial high school working as skilled manual",10K+,"Frozen Entrees from Frozen Foods department, Ordered Brand : Golden",13.7074,9.3466,non recyclable,,Two Day Sale,Superm@rket,5.49 Millions,1.7019 Millions,1625.92,,227.33,383.2021,taboao da serra ,SP,-23.612294462020333,-46.76578686529368,braganca paulista,SP,-23.01778836599993,-46.52244499999995,4.0
mc_ID_10287,"Single Male with three kids, education: partial HS working as skilled manual",10K or more,"Canned Soup from Canned Foods department, Ordered Brand : Just Right",19.6235,18.1699,recyclable,['Florist'],Pick Your Savings,Supermarket,8.91 Millions,4.2768 Millions,1320.15,523.32,,$769.70,joinville,Sç,-26.2278201895666,-48.900538550377966,araraquara,sp,-21.760806096824155,-48.17228519205648,1.0
mc_ID_10288,"Single Male with one child, education: Bachelors degree working as management",50K+,"Dairy from Dairy department, Ordered Brand : Carlson",28.1997,25.1472,non recyclable,"['Bar For Salad', 'Ready Food']",Shelf Clearing Days,Supermarket,6.9 Millions,3.105 Millions,,853.22,567.06,554.903,ITATIBA,sp,-22.962507150351165,-46.79794228444784,ibitinga,$P,-21.7664768468313,-48.83154737836604,measure: 4.0
mc_ID_10289,"Single Female with one child, education: partial high school working as manual",10 Thousand,"Fruit from Produce department, Ordered Brand : Tell Tale",15.9895,measure: 14.5359,recyclable,,Full Free,SUPERMARKET,1.16 Millions,0.464 Millions,1508,227.8,151.9,660.2352,belford roxo ,_RJ,-22.72378363153526,-43.33936505617715,SAO PAULU,5P,-23.554079433810344,-46.53324185942636,1.0
mc_ID_10290,Married Male with three children; education: partial high school working as manual,10K+,"Snack Foods from Snack Foods department, Ordered Brand : Fast",15.2627,val: 13.8091,recyclable,"['Coffee Bar', 'Bar For Salad', 'Florist', 'Video Store', 'Ready Food']",Save It (Sale),Deluxe_,6.72 Millions,3.2256 Millions,1526.55,373.1,248.79,393.4006,SalveDOr ,BA,-12.973746698857436,-38.43905887177561,nit3roi,Rj,-22.939452538175548,measure: -43.04198995476519,5.0
mc_ID_10291,"Single Female with three children, education: high school degree working as manual, education: high school degree working as manual",30K+ annually,"Snack Foods from Snack Foods department, Ordered Brand : Best Choice",29.944,59.61 lbs,recyclable,"['Bar For Salad', 'Coffee Bar', 'Video Store', 'Ready Food', 'Florist']",Super Savers,Deluxe,10.08 Millions,4.536 Millions,1525.28,373.1,,755.9442,sao  luis,MA,-2.572329289004968,-44.19951421099502,sao paulo,"Sp
",-23.65111484251016,-46.75521082321932,amount: 4.0
mc_ID_10292,"Single Female with three children, education: partial high school working as management",70K+,"Breakfast Foods from Breakfast Foods department, Ordered Brand : Jeffers",30.9615,29.3626,non recyclable,,Three for One,Mid-Size,$6.87 Millions,2.4732 Millions,2085.67,783.64,522.49,570.5407,sao paulo,"Sp
",-23.605385475361963,measure: -46.501887524638015,sao roque,SP,-23.53626695697963,-47.13489184347044,5.0
mc_ID_10294,"Married Female with four children, education: partial college working as professional",30K or more,"Dairy from Dairy department, Ordered Brand : Booker",-30.3801,27.3275,non recyclable,"['Coffee Bar', 'Bar For Salad', 'Ready Food', 'Florist']",Promo Big,dEluxe,7.96Ms,2.5472 Millions,2055.29,,435.88,amount: 267.3576,FoR7ALEza,CE,-3.811709996393315,-38.49416225728547,guarulhos, SP,-23.453200132516344,-46.484469408993874,4.0
mc_ID_10295,nil,30K or more,"Meat from Deli department, Ordered Brand : Moms",25.7286,24.275,recyclable,"['Ready Food', 'Bar For Salad']",Big Time Discounts,,9.64 Millions,4.5308 Millions,2448.37,470.27,313.55,data: 501.9754,rIbEiraO PiReS,SP,-23.71326793505109,-46.40026264224706,IBITINGA,SP,-21.7664768468313,-48.83154737836604,4.0
mc_ID_10296,"Married Male with five children, education: high school degree working as skilled manual",€25K+,"Jams and Jellies from Baking Goods department, Ordered Brand : BBB Best",14.8266,13.3585,recyclable,,Money Savers,Supermarket,13.52Ms,5.408 Millions,1508,227.8,151.9,data: 277.2423,niteroi,RJ,data: -22.89428279372572,amount: -43.12073703239408,jaragua do sul, SC ,-26.491731442148883,-49.07562289508913,5.0
mc_ID_10297,"Married Male with No children, education: high school degree working as manual",30K+,"Breakfast Foods from Breakfast Foods department, Ordered Brand : Special",13.8963,9.54 kg,non recyclable,"['Bar For Salad', 'Ready Food']",Savings Galore,Supermarket,€8.8M,3.2271 Millions,2448.37,470.27,,550.1437,ponta grossa,PR,-25.11916694993584,-50.15360461736411,amerikana,_$P,-22.72893170107914,-47.301322143632056,5.0
mc_ID_10299,"Single Female with two children, education: partial high school working as skilled manual",30K+,"Fruit from Canned Products department, Ordered Brand : Swell",12.53,11.0618,non recyclable,"['Ready Food', 'Coffee Bar', 'Video Store', 'Florist', 'Bar For Salad']",Two Day Sale,Deluxe,9.36 Millions,3.9312 Millions,1871.16,593.93,395.95,402.0824,rio de janeiro,RJ,-22.916702672883986,-43.57893967565988,sao paulo,$P,-23.615020791563268,-46.47934165652957,5.0
mc_ID_10302,"Married Female with one kid, education: partial high school working as manual",120+ monthly,"Electrical from Household department, Ordered Brand : Red Wing",14.972,12.0648,recyclable,"['Coffee Bar', 'Florist', 'Bar For Salad', 'Ready Food']",Weekend Discount,GOURMET,7.38 Millions,3.0996 Millions,1564.86,385.45,,470.177,guaxupe,MG,-21.309842064487707,-46.7248749153552,PRAIA GRANDE,"SP
",-24.026786758814687,-46.49304889148245,5.0
mc_ID_10304,Single Male with four children; education: bachelors degree working as management,50K+,"Baking Goods from Baking Goods department, Ordered Brand : Super",-1.0,21.0771,recyclable,"['Florist', 'Video Store', 'Bar For Salad', 'Ready Food', 'Coffee Bar']",You Save Days,Gourmet_,8.19 Millions,2.457 Millions,1424.85,465.54,311.41,measure: 689.3663,jundiai,_SP,-23.179889672043977,-46.928510109318665,colombo,Pr,-25.371298736141743,-49.18823376385825,4.0
mc_ID_10305,Married Female with four children; education: high school degree working as skilled manual,30K+,"Plastic Products from Household department, Ordered Brand : Sunset",27.6183,24.7111,non recyclable,"['Coffee Bar', 'Bar For Salad', 'Video Store', 'Florist', 'Ready Food']",,Deluxe,7.77 Millions,3.108 Millions,1872.67,,395.95,402.0824,sao paulo,SP,measure: -23.57714001165677,-46.48276229003407,GUARULHOS,SP,-23.46530411469876,-46.51148732089968,4.0
mc_ID_10308,"Married Female with four children, education: partial high school working as skilled manual",120+ monthly,"Meat from Meat department, Ordered Brand : Quick",30.3801,25.874,,,Price Destroyers,Supermarket,10.44 Millions,4.698 Millions,1510.59,227.8,151.9,588.3227,rio de janeiro,RJ,-22.83586646404876,-43.322162133504506,ribeirao preto,SP,-21.17121748495008,-47.81941847157649,5.0
mc_ID_10309,"single male with one child, education: high school degree working as skilled manual",30K+ annually,"Meat from Deli department, Ordered Brand : Cutting Edge",-999.0,25.0018,non recyclable,"['Ready Food', 'Video Store', 'Coffee Bar', 'Florist', 'Bar For Salad']",Price Winners,,6.12 Millions,2.0808 Millions,2038.11,481.98,321.26,453.9117,sao paulo,Sp,data: -23.524074769667923,-46.45826882323692,sorocaba,SP,-23.53401196947312,-47.46735238343239,2.0
mc_ID_10311,"Single Male with two children, education: high school degree working as professional",130K+,"Eggs from Eggs department, Ordered Brand : National",26.1647,24.7111,recyclable,"['Florist', 'Ready Food', 'Coffee Bar', 'Bar For Salad']",Promo Big,,"6.57 ,000,000illions",2.6937 Millions,2055.29,656.13,436.23,val: 267.3576,itamhaem,SP,-24.149651009642906,-46.7480979001278,barueri,SP,-23.491791912543025,amount: -46.94733309700014,4.0
mc_ID_10312,"Married Female with three children, education: partial High School working as professional",90K+,"Side Dishes from Deli department, Ordered Brand : Red Spade",24.275,21.3678,recyclable,"['Video Store', 'Coffee Bar', 'Ready Food', 'Bar For Salad', 'Florist']",I Cant Believe It Sale, Deluxe ,9.3 Millions,4.464 Millions,1525.28,373.1,248.79,535.9181,sao paulo ,SP,-23.6119461648681,-46.68121078074323,limeira,sp,data: -22.56835042131686,-47.44743947974489,5.0
mc_ID_10313,"Single Male with No childern, education: gradute degree working as professional",130K+,"Pizza from Frozen Foods department, Ordered Brand : Golden",24.8564,23.4028,recyclable,['Coffee Bar'],,Supermarket,1.66 Millions,0.5312 Millions,1236.07,440.92,292.31,,contagem,MG_,-19.91863353103488,-44.12676179965647,MURIAE,MG,-21.131371560317195,-42.39574909877045,1.0
mc_ID_10314,"Single Female with three children, education: partial high school working as manual",10k,"Canned Soup from Canned Foods department, Ordered Brand : Blue Label",data: 23.9843,19.6235,recyclable,"['Ready Food', 'Bar For Salad']",,Supermarket,1.76 Millions,0.7568 Millions,2265.9,853.22,568.75,444.3931,JARAGUA DO SUL,Sc,-26.46850294670808,-49.109883098307336,Cariaclca,ES,-20.29753657631548,measure: -40.40086853731229,5.0
mc_ID_10315,"Married Male with No children, education: partial high school working as skilled manual, Married Male with No children",10K+,"Carbonated Beverages from Beverages department, Ordered Brand : Washington",9.6809,6.7592,recyclable,"['Ready Food', 'Bar For Salad', 'Video Store', 'Florist', 'Coffee Bar']",Bag Stuffer,,4.38 Millions,1.533 Millions,1734.5,505.07,335.38,662.2226,fortaleza,çe,-3.7807715492527767,-38.58557485414625,ibitinga ,SP,-21.7664768468313,-48.83154737836604,5.0
mc_ID_10316,"Single Male with one child, education: high school degree working as manual",30k,"Baking Goods from Baking Goods department, Ordered Brand : Landslide",16.4256,13.5184,non recyclable,"['Bar For Salad', 'Video Store', 'Ready Food', 'Florist', 'Coffee Bar']",Big Time Discounts,,7.77 Millions,3.8073 Millions,2036.67,,319.67,328.1302,mesquita,Rj,-22.781636805753173,-43.42729289041388,SaO beRNArdo DO CamPO,SP,-23.71933860892157,-46.5517479343586,4.0
mc_ID_10320,"Married Female with four children, education: high school degree working as skilled manual, education: high school degree working as skilled manual",30K+,"Vegetables from Produce department, Ordered Brand : High Top",10.2624,7.3406,recyclable,['Coffee Bar'],Weekend Discount,Supermarket,4.82 Millions,1.8798 Millions,1236.07,440.92,292.7,364.1649,rio de janeiro, rj,data: -22.88236910768082,-43.56762626325808,Guarulhos,SP,-23.422313378296494,-46.520062240348594,1.0
mc_ID_10321,"Married Male with No children, education: partial college working as clerical, Married Male with No children",30K+,"Dairy from Dairy department, Ordered Brand : Carlson",14.2016,val: 12.748,non recyclable,"['Video Store', 'Florist', 'Bar For Salad', 'Ready Food', 'Coffee Bar']",Two for One,"Gourmet
",6.75 Millions,2.3625 Millions,1424.85,465.54,312.22,360.7131,brasilia,dF,-15.803168148998855,-48.1347903719042,sao jose do rio prato,SP,amount: -20.80243626346376,-49.39562406741489,5.0
mc_ID_10322,"Single Female with three children, education: partial high school working as skilled manual",10K+,"Specialty from Produce department, Ordered Brand : Hermanos",16.1349,11.7741,recyclable,"['Bar For Salad', 'Ready Food']",Save Price,SUPERMARKET,6.39 Millions,2.0448 Millions,2448.37,470.27,311.93,406.4756,vianopolis,go,-16.74633718068107,-48.51462382317262,guariba,SP,-21.36235769739203,-48.232975701561735,5.0
mc_ID_10323,"Married Male with No children, education: partial high school working as manual",30K+,"Candy from Snacks department, Ordered Brand : Thresher",16.7163,13.8091,recyclable,,Full Free,miD-SIzE,9.96 Millions,3.984 Millions,2084.31,783.64,522.49,778.5901,sao paulo,SP,-23.494859518177623,-46.44089971663105,VIAMAO ,RS,-30.15946930410813,-50.832839089335735,3.0
mc_ID_10324,"mARRIED fEMALE WITH ONE CHILD, EDUCATION: hIGH sCHOOL DEGREE WORKING AS MANUAL",30K+ annually,"Candy from Snacks department, Ordered Brand : Gulf Coast",31.6883,28.6358,recyclable,"['Ready Food', 'Bar For Salad']",Wallet Savers,sUpERmARKeT,4.77 Millions,2.2896 Millions,,470.27,313.55,data: 324.8876,goiania,g0,-16.698923923627095,data: -49.2738436400366,sao j0se do rio preto,sp,-20.80243626346376,-49.39562406741489,measure: 5.0
mc_ID_10325,"Married Male with two children, education: partial high school working as manual",€8K+,"Vegetables from Canned Foods department, Ordered Brand : Just Right",22.0946,19.0421,non recyclable,"['Video Store', 'Ready Food', 'Coffee Bar', 'Florist', 'Bar For Salad']",Price Slashers,Deluxe,7.66 Millions,2.9108 Millions,1525.28,373.1,248.68,403.9652,saNTA MarIa mADalENA,RJ,-21.95976220264771,-42.01238047476166,	Sao Paulo,SP,-23.59798552039933,-46.55547278711988,1.0
mc_ID_10326,"Married Female with five children, education: bachelors degree working as management",50K+,"Dairy from Dairy department, Ordered Brand : Club",measure: 22.5307,19.6235,non recyclable,['Coffee Bar'],Saving Days,Small Grocery,$2.31 Millions,0.8316 Millions,1396.99,534.29,358.06,453.6502,feira de santana_,	BA,-12.221791826533549,val: -38.96251667277394,laranjal paulis7a,$p,-23.03582473318652,data: -47.8363026594829,4.0
mc_ID_10327,"Married Female with four children, education: graduate degree working as management",70K+,"Vegetables from Produce department, Ordered Brand : Ebony",15.6988,12.7916,non recyclable,"['Bar For Salad', 'Ready Food']",Full Free,SUPERMARKET,10.6 Millions,4.24 Millions,2265.9,853.22,568.75,736.907,camp1nas,SP,-22.820080499999992,-47.03556149999999,sao jose do rio preto,SP,data: -20.80243626346376,amount: -49.39562406741489,5.0
mc_ID_10329,"Single Male with one child, education: partial high school working as manual",10K+,"Snack Foods from Snack Foods department, Ordered Brand : Fast",23.4028,20.4957,recyclable,,Go For It,Supermarket,€7.5M,3.0975 Millions,1505.6,229.8,,623.939,PORTO ALEGRE,RS,-30.04758119296532,-51.13461203217546,petropo1is,RJ,-22.549033360244323,-43.210094724044055,5.0
mc_ID_10334,"Single Female with No children, education: graduate degree working as professional",840+ monthly,"Vegetables from Produce department, Ordered Brand : Hermanos",12.6172,data: 9.71,non recyclable,"['Ready Food', 'Bar For Salad']",,sUPERmArKeT,8.67 Millions,2.7744 Millions,2265.9,855.22,568.75,601.7115,bebedouro, 5P,-20.94532771847446,-48.48643976387547,sao paul0,	SP,-23.612052666446743,-46.60783466642034,4.0
mc_ID_10335,"Married Male with two kidren, education: partial college working as management",90K+ annually,"Meat from Deli department, Ordered Brand : Moms",21.3678,18.3153,recyclable,,Savings Galore,Mid-Size,1.08 Millions,0.4212 Millions,2819.7,447.7,298.5,708.8742,curitiba,PR,-25.43328294393789,-49.28042347446478,_Queimados,RJ,-22.75207045168108,-43.57632171567059,amount: 5.0
mc_ID_10336,"Single Male with five children, education: high school degree working as skilled manual",30K+,"Jams and Jellies from Baking Goods department, Ordered Brand : Plato",val: 21.0771,19.6235,recyclable,"['Bar For Salad', 'Coffee Bar', 'Video Store', 'Florist', 'Ready Food']",Go For It,dElUXe,6.16 Millions,2.2792 Millions,2038.11,,321.26,455.3761,conselheiro lafaiete,mg,data: -20.653541574550808,-43.79083732604181,"Canoinhas
",SC,-26.16862248406491,-50.392861528512256,4.0
mc_ID_10337,"Married Male with three children, education: partial high school working as skilled manual",10 Thousand,"Vegetables from Produce department, Ordered Brand : Tri-State",22.0946,20.4957,recyclable,"['Ready Food', 'Florist', 'Coffee Bar', 'Bar For Salad']",Three for One, Deluxe,2.22 Millions,0.9768 Millions,,654.13,,640.5181,GUARUJA,SP,-23.9868178398992,-46.2684461778621,IBITIMGA,SP,data: -21.7664768468313,-48.83154737836604,5.0
mc_ID_10338,"Single Female with four kidren, education: partial high school working as skilled manual",€8K+,"Jams and Jellies from Baking Goods department, Ordered Brand : Super",27.1822,25.7286,recyclable,['Coffee Bar'],Price Winners,,7.24Ms,2.7512 Millions,1394.66,534.29,356.19,$647.06,teresopolis,rj,-22.41615207847892,-42.96901641569299,sAo pAulO,SP,-23.67774108964741,-46.66864662392521,4.0
mc_ID_10340,"married female with five children, education: partial high school working as manual",30K+,"Hardware from Household department, Ordered Brand : Sunset",28.4904,25.5832,recyclable,,You Save Days,Supermarket,7.32 Millions,3.3672 Millions,1508,227.8,151.9,565.9906, campinas ,SP,-22.926904742714527,-47.067241683593984,piracikaba,SP,-22.726257875353635,-47.63781138952056,4.0
mc_ID_10341,"Married Female with five childern, education: partial college working as professional",$130K+,"Canned Shrimp from Canned Foods department, Ordered Brand : Blue Label",data: 12.8788,-9.9571,non recyclable,"['Florist', 'Bar For Salad', 'Coffee Bar', 'Ready Food']",GLD,Gourmet,"11.44 ,000,000illions",4.8048 Millions,1564.86,385.45,257.1,396.2248,AMPERE,	PR,-25.90304171673461,-53.46746806886998,Sorocaba,$P,-23.520480249006216,-47.44649732938174,5.0
mc_ID_10342,"Single Male with two children, education: high school degree working as professional",130K+,"Vegetables from Canned Foods department, Ordered Brand : Pleasant",16.7163,12.3555,non recyclable,"['Ready Food', 'Bar For Salad']",Savings Galore,Supermarket,11.91 Millions,5.5977 Millions,2447.29,470.27,313.55,550.1437,sao paulo,sp,-23.60520201165676,-46.61844120275258,Sao Bernardo Do Campo,SP,-23.71457923606073,-46.54581156219319,1.0
mc_ID_10344,"Married Male with four kidren, education: high school degree working as manual",30K+,"Snack Foods from Snack Foods department, Ordered Brand : Fast",19.0421,17.5885,recyclable,"['Ready Food', 'Florist', 'Bar For Salad', 'Coffee Bar']",Three for One,Deluxe,12.56 Millions,5.2752 Millions,,654.13,436.09,640.5181,rio de janeiro,rj,-22.93276755785112,-43.17834623036526,porto alegre,RS,-30.04841850983909,val: -51.20840841355522,5.0
mc_ID_10345,"Married Female with three children, education: partial college working as professional",€25K+,"Vegetables from Frozen Foods department, Ordered Brand : Carrington",amount: 11.8468,8.9251,non recyclable,"['Bar For Salad', 'Video Store', 'Coffee Bar', 'Ready Food', 'Florist']",Shelf Emptiers,Gourmet,To Be Determined,3.0848 Millions,1426.91,465.54,310.3,$564.26,caratinga,MG,-19.79022694508355,-42.14210229958086,sao paulo,SP,-23.61411790980433,-46.60034800222169,5.0
mc_ID_10346,"Married Male with five children, education: high school degree working as professional",110K+,"Bathroom Products from Health and Hygiene department, Ordered Brand : Hilltop",19.9142,15.4081,recyclable,['Florist'],,Supermark3t,10.14 Millions,3.9546 Millions,1320.15,523.32,,670.486,brusque, SC,-27.09960944237496,-48.910555294766944,franCa,5P_,-20.506793628480604,-47.40773763671002,5.0
mc_ID_10348,"SINGLE MALE W/ TWO CHILDREN, EDUCATION: HIGH SCHOOL DEGREE WORKING AS MANUAL",50K+,"Snack Foods from Snack Foods department, Ordered Brand : Nationeel",-12.0794,9.1722,non recyclable,"['Florist', 'Coffee Bar', 'Ready Food', 'Video Store', 'Bar For Salad']",Lottery Cash Registerion,DELUXE,6.6 Millions,2.376 Millions,1734.3,503.07,335.38,313.0678,salvador,BA,-12.973746698857436,-38.43905887177561,s4ntos,SP,amount: -23.93465945090488,measure: -46.331065142884974,4.0
mc_ID_10349,"Married Female with two children, education: HS degree working as skilled manual",30K+,"Jams and Jellies from Baking Goods department, Ordered Brand : CDR",24.71 kg,-23.2575,recyclable,['Coffee Bar'],Weekend Discount,,4.38 Millions,2.0586 Millions,1236.07,440.92,293.95,amount: 364.1649,SAO PAULO,SP,-23.56314574493621,-46.64661879892085,	goiania,GO,-16.69955774566663,-49.31646534449651,5.0
mc_ID_10351,"Single Male with three kids, education: graduate degree working as professional",90K+,"Jams and Jellies from Baking Goods department, Ordered Brand : BBB Best",29.3626,val: 25.0018,non recyclable,"['Ready Food', 'Bar For Salad', 'Coffee Bar', 'Florist']",Two for One,Deluxe,5.7 Millions,2.679 Millions,2057.56,654.13,436.09,312.9109,parnamirim,RN,-5.877772274940695,-35.21715973245594,belo horizonte,MG,-19.907108245080448,-43.91966546502971,5.0
mc_ID_10352,"Single Female with five children, education: partial HS working as manual",10K+,"Pizza from Frozen Foods department, Ordered Brand : Imagine",23.5482,22.0946,recyclable,['Coffee Bar'],Weekend Discount,SUPERMARKET,€4.6M,2.43 Millions,1236.07,440.92,293.76,364.1649,maua,SP,-23.68011442853022,-46.4524537436668,rio de janeiro,RJ,val: -22.83586646404876,-43.322162133504506,1.0
mc_ID_10353,"education: partial high school working as manual, Married Male with two children",10 Thousand,"Pizza from Frozen Foods department, Ordered Brand : Golden",23838.90 grams,20.7864,recyclable,,Super Savers,,2.88 Millions,1.2672 Millions,2050.87,457.36,304.42,339.8977,bElO HorIzoNTe,_MG,-19.939688821541896,-43.97533764669048,sao paulo,SP,-23.537511255832708,-46.63705730743676,data: 1.0
mc_ID_10356,"Single Male with one child, education: partial college working as management",30K or more,"Meat from Deli department, Ordered Brand : Moms",16.4256,14.972,recyclable,"['Bar For Salad', 'Ready Food', 'Florist', 'Coffee Bar']",Two for One,Deluxe,4.47Ms,1.5198 Millions,2055.29,654.13,436.09,312.9109,COTIA,$p,-23.618364275958324,-46.94004136202083,sao leopoldo,RS_,measure: -29.77065486733257,val: -51.13215300635966,4.0
mc_ID_10357,"Single Female with No children, education: partial high school working as management",90K+ annually,"Canned Soup from Canned Foods department, Ordered Brand : Pleasant",-24.5657,21.5132,recyclable,"['Coffee Bar', 'Bar For Salad', 'Florist', 'Ready Food']",Tip Top Savings,Deluxe,4.29 Millions,1.5873 Millions,2055.29,654.13,436.09,745.6934,Guaruja,-999,-23.98788982791853,-46.24777699362336,tres coracoes,mg,-21.69216794221008,-45.25804903964345,5.0
mc_ID_10359,"MARRIED MALE WITH TWO CHILDREN, EDUCATION: PARTIAL HIGH SCHOOL WORKING AS MANUAL",10K+,"Hot Beverages from Beverages department, Ordered Brand : Plato",24.275,-0.1,non recyclable,,Super Savers,Mid-Size,"1.68 ,000,000illions",0.756 Millions,2083.01,783.64,522.49,measure: 531.4203,Fortaleza,CE,-3.8258585145426167,-38.51554133075649,RIBEIRAO PRETO,SP,-21.17121748495008,-47.81941847157649,5.0
mc_ID_10361,"Single Male with five children, education: bachelors degree working as management",70K+,"Vegetables from Produce department, Ordered Brand : Hermanos",12.1084,-9.1867,non recyclable,['Coffee Bar'],Two Day Sale,,"4.11 ,000,000illions",1.5207 Millions,1236.07,440.92,293.95,477.3944,rio de janeiro,RJ,-22.805776179896323,-43.20393517954484,rio de janeiro,RJ,-22.83586646404876,-43.322162133504506,5.0
mc_ID_10362,"Married Female with four children, education: high school degree working as manual",30K+,"Snack Foods from Snack Foods department, Ordered Brand : Horatio",-999.0,19.0421,non recyclable,"['Ready Food', 'Video Store', 'Florist', 'Coffee Bar', 'Bar For Salad']",,	DELUXE,11.92 Millions,5.8408 Millions,,,249.85,560.656,lorana,sP,-22.736729744936223,-45.1156566895666,ribeirao preto,"sp
",-21.116471333054424,-47.79073400291418,5.0
mc_ID_10363,"Single Male with one child, education: partial high school working as skilled manual",10K+,"Dairy from Dairy department, Ordered Brand : Booker",17.7338,14.6813,non recyclable,,Wallet Savers,supermarket,2.72 Millions,0.9792 Millions,2049.72,457.36,304.91,418.1385,itu,SP,-23.277113936724533,-47.27658838802001,Sao Paulo,SP,-23.65111484251016,-46.75521082321932,5.0
mc_ID_10364,"Single Female with three children, education: partial high school working as skilled manual",10k,"Kitchen Products from Household department, Ordered Brand : Sunset",25.0018,-20.641,non recyclable,"['Bar For Salad', 'Ready Food', 'Florist', 'Coffee Bar']",Sale : Double Down,Deluxe,$2.67 Millions,1.0146 Millions,2055.96,656.13,436.09,measure: 500.7202,osasco,SP,-23.532421040994027,-46.79702878957672,limeira,5P,-22.599254430886607,amount: -47.37980963550319,5.0
mc_ID_10367,"Married Female with four kidren, education: partial high school working as skilled manual",€8K+,"Beer and Wine from Alcoholic Beverages department, Ordered Brand : Top Measure",23.9843,43.26 lbs,recyclable,,Weekend Discount,Supermarket,2.8 Millions,1.12 Millions,1508,227.8,151.9,735.1811,dom basilio,BA,data: -13.764008037115811,-41.766685333010486,sao p@ulo,SP,-23.58067325143878,-46.591568341608856,5.0
mc_ID_10371,"SINGLE FEMALE WITH ONE CHILD, EDUCATION: PARTIAL HIGH SCHOOL WORKING AS PROFESSIONAL",90K+,"Vegetables from Produce department, Ordered Brand : Tell Tale",data: 18.8967,14.5359,recyclable,"['Bar For Salad', 'Coffee Bar', 'Ready Food', 'Video Store', 'Florist']",Dimes Off,,5.82 Millions,2.91 Millions,1868.87,593.93,395.95,474.7271,VOLTA REDONDA,rj,-22.4993604343586,-44.10694753358529,sau paulo,sp,-23.48029674271453,-46.71122495337295,5.0
mc_ID_10372,"Single Female with three children, education: high school degree working as skilled manual",30K+,"Snack Foods from Snack Foods department, Ordered Brand : Fort West",12.7335,9.8263,recyclable,"['Ready Food', 'Coffee Bar', 'Florist', 'Video Store', 'Bar For Salad']",Two for One,Deluxe,6.0 Millions,2.28 Millions,2038.11,,322.67,358.9349,Porto Alegre,RS,amount: -30.025506635033704,-51.203962949477805,LIMEIRA,$P,-22.599254430886607,-47.37980963550319,5.0
mc_ID_10374,"Single Female with three children, education: High School degree working as manual",30000,"Vegetables from Produce department, Ordered Brand : High Top",31.8337,30234.70 grams,non recyclable,['Florist'],Budget Bargains,Supermarket,4.29Ms,1.5873 Millions,,523.32,347.05,738.7898,cabo frio,RJ,measure: -22.881855573704115,-42.02408274181585,p1racicaba,SP,amount: -22.71683928585045,measure: -47.65736585405934,5.0
mc_ID_10375,"Married Male with one child, education: partial college working as professional",50k,"Fruit from Produce department, Ordered Brand : Hermanos",21.8039,20.3503,recyclable,"['Bar For Salad', 'Ready Food']",Price Destroyers,Supermarket,7.68 Millions,3.456 Millions,2266.2,853.22,568.75,304.7521,franclsco morato,SP,-23.26560490851674,val: -46.72576029282588,curitiba,PR,-25.464029318048183,-49.30472794690424,4.0
mc_ID_10376,"Married Male with three kidren, education: partial high school working as skilled manual",10K+,"Fruit from Produce department, Ordered Brand : Hermanos",-9.8699,6.9482,non recyclable,"['Ready Food', 'Bar For Salad', 'Coffee Bar', 'Florist']",,Deluxe,"15.76 ,000,000illions",5.2008 Millions,2054.69,654.13,436.09,val: 584.191,congonhas,MG,measure: -20.50410692238407,-43.858586415220174,rio de j4neiro,RJ,-22.842290284753936,-43.29762071175495,val: 5.0
mc_ID_10377,"Married Male with three children, education: bachelors degree working as professional, Married Male with three children",50K+,"Vegetables from Produce department, Ordered Brand : Hermanos",26.6008,25.0018,non recyclable,['Coffee Bar'],Discount Frenzy,,4.36 Millions,1.9184 Millions,1237.17,440.92,294.46,745.0135,viscONDe DO Rio branCo,MG,measure: -21.00842860029707,-42.83922849851464,ARAPONGAs,PR,-23.422194813273112,-51.43376667120238,5.0
mc_ID_10378,"Single Male with three children, education: bachelors degree working as management, education: bachelors degree working as management",50K+,"Fruit from Produce department, Ordered Brand : High Top",21.3678,-18.3153,non recyclable,"['Bar For Salad', 'Ready Food']",Save Price,Supermarket,6.75 Millions,2.6325 Millions,2447.32,470.27,313.05,406.4756,caieiras,Sp,-23.36233213890305,-46.74058494125767,ibi7inga,SP,-21.7664768468313,-48.83154737836604,5.0
mc_ID_10379,"Single Female with one child, education: bachelors degree working as professional",50K+,"Magazines from Periodicals department, Ordered Brand : Robust",-15.1174,12.1956,non recyclable,"['Ready Food', 'Florist', 'Bar For Salad', 'Coffee Bar', 'Video Store']",Dimes Off,Deluxe,5.04Ms,2.52 Millions,2039.13,481.98,321.26,602.7575,itariri,SP,val: -24.28999207181857,-47.175537103122046,echapora,SP,-22.42925217631197,-50.20413759688468,5.0
mc_ID_10381,"Single Female with three kidren, education: bachelor'ss degree working as professional",50K+,"Cleaning Supplies from Household department, Ordered Brand : Red Wing",-15.1174,10.7421,recyclable,,Go For It,Supermarket ,5.04 Millions,1.8144 Millions,1508,227.8,151.9,623.939,conceicao do para,MG,measure: -19.7534115,-44.89628400000001,cascavel,Pr,measure: -24.9409988170985,-53.4931867821282,4.0
mc_ID_10382,"Single Male with two children, education: high school degree working as manual",30K+,"Seafood from Seafood department, Ordered Brand : Dual City",18.4606,15.4081,recyclable,"['Ready Food', 'Bar For Salad', 'Florist', 'Coffee Bar']",Bag Stuffer,dELUXE,€4.3M,1.836 Millions,2055.29,,436.47,367.7736,sao paulo,SP,-23.53594113405276,-46.68319567361068,s jose do rio preto,SP_,-20.81734497064537,-49.38133679126948,4.0
mc_ID_10386,"Married Female with one child, education: bachelors degree working as professional",$50K+,"Vegetables from Produce department, Ordered Brand : Tri-State",27.3275,25.7286,recyclable,['Florist'],You Save Days,SUPERMARKET,"7.29 ,000,000illions",2.9889 Millions,,523.32,348.85,689.3663,salto,$P,data: -23.198860047870664,-47.29334560811024,sao pau1o,sp,-23.693985995008337,-46.70188324132953,5.0
mc_ID_10388,"SiNgLe fEmAlE WiTh fOuR ChIlDrEn, EdUcAtIoN: hIgH ScHoOl dEgReE WoRkInG As sKiLlEd mAnUaL",360+ monthly,"Kitchen Products from Household department, Ordered Brand : High Quality",-19.6235,16.7163,recyclable,"['Ready Food', 'Bar For Salad']",Big Time Discounts,Supermarket,7.68 Millions,3.7632 Millions,2448.37,470.27,313.55,,piracicaba,SP ,-22.734190708292505,measure: -47.65736922147847,teresopo1is,RJ,-22.41614982008496,-42.97702251227752,5.0
mc_ID_10389,"Married Female with four children, education: high school degree working as skilled manual",360+ monthly,"Meat from Deli department, Ordered Brand : Moms",-26.7461,25.1472,recyclable,"['Video Store', 'Bar For Salad', 'Ready Food', 'Florist', 'Coffee Bar']",Save Price,,6.87 Millions,3.1602 Millions,1734.5,503.07,335.38,419.9167,marAnguaPe,kE,-3.871438127414178,-38.67251822977551,Santo Andre,_sp,-23.665703457960586,-46.51808196779969,amount: 5.0
mc_ID_10391,"Married Male with three kids, education: partial HS working as manual",10k,"Electrical from Household department, Ordered Brand : Sunset",31.3976,29.944,non recyclable,"['Video Store', 'Florist', 'Ready Food', 'Bar For Salad', 'Coffee Bar']",Fantastic Discounts,Gourmet,6.51 Millions,2.7993 Millions,1426.33,465.54,310.3,718.9158,feira de sañtana, ba ,-12.225319704968523,-38.94806634596223, MaUa,SP,-23.656676689970634,-46.44420755410021,4.0
mc_ID_10392,"Married Female with five children, education: high school degree working as skilled manual",30K+,"Hot Beverages from Beverages department, Ordered Brand : BBB Best",25.0018,22.0946,non recyclable,['Florist'],Save It (Sale), Supermark3t ,3.36 Millions,1.4784 Millions,1320.15,,348.85,427.7617,CAMPINAS,SP,-22.92991227115403,data: -47.07189552530681,PIRACICABA,$P,-22.71683928585045,-47.65736585405934,5.0
mc_ID_10393,"Married Female with three children, education: partial high school working as skilled manual",10000,"Electrical from Household department, Ordered Brand : Sunset",-24.275,19.9142,recyclable,"['Bar For Salad', 'Coffee Bar', 'Ready Food', 'Video Store', 'Florist']",Two Day Sale,gOURMeT,"4.92 ,000,000illions",1.968 Millions,1424.85,465.54,310.3,663.5824,sao paulo,SP,-23.61662227782904,-46.515106571469765,ribeir4o preto,5P,-21.17121748495008,-47.81941847157649,3.0
mc_ID_10394,"Married Female with two kidren, education: bachelors degree working as management",50K+,"Beer and Wine from Alcoholic Beverages department, Ordered Brand : Pearl",13.0969,10.1897,non recyclable,['Florist'],,,1.62 Millions,0.6966 Millions,unknown,523.32,349.1,279.1251,livramento de nossa senhora,BA,-13.649606510639636,-41.84169289659037,sao paulo,	SP,-23.627894217323533,-46.642414903687474,5.0
